#TITLE:17才;
#SUBTITLE:;
#ARTIST:BAMBEE;
#TITLETRANSLIT:17SAI;
#SUBTITLETRANSLIT:;
#ARTISTTRANSLIT:;
#CREDIT:;
#BANNER:17SAI.png;
#BACKGROUND:17SAI-bg.png;
#LYRICSPATH:;
#CDTITLE:./CDTITLES/DANCEMANIA J-PARADISE.PNG;
#MUSIC:17SAI.ogg;
#OFFSET:0.000;
#SAMPLESTART:15.836;
#SAMPLELENGTH:15.000;
#SELECTABLE:YES;
#DISPLAYBPM:142.000;
#BPMS:0.000=142.022,4.000=141.990,108.000=142.194,116.000=141.917,128.000=141.053,132.000=141.972;
#STOPS:;
#BGCHANGES:;

//---------------dance-single - ----------------
#NOTES:
     dance-single:
     :
     Easy:
     2:
     0.170,0.168,0.000,0.000,0.000:
0000
0000
0000
0000
,
0000
0000
0000
0000
,
0000
0000
0000
0000
,
0000
0001
0000
0001
,
0000
1000
0000
1000
,
0000
0001
0000
0001
,
0000
1000
0000
1000
,
0000
0001
0000
0100
,
0000
1000
0000
0100
,
0000
0001
1000
0100
,
0000
0010
0000
0100
,
0000
1000
0000
1000
,
0000
0001
0000
0001
,
0000
0100
0000
0100
,
0000
0010
0000
0010
,
0000
0001
0000
0100
,
0000
1000
0000
0100
,
0000
0010
0000
0010
,
0000
1000
0001
0100
,
0000
0100
0000
0100
,
0000
1000
0000
0001
,
0000
0010
0000
0010
,
0000
0100
0000
0100
,
0000
0001
0000
0001
,
0000
1000
0000
1000
,
0000
0010
0000
0100
,
0000
1000
0000
0001
,
0000
0100
0000
0100
,
0000
0001
0000
0001
,
0000
1000
0001
0100
,
0000
0010
0000
0010
,
0000
0001
0000
0001
,
0000
1000
0001
0100
,
0000
0001
1000
0100
,
0000
0100
0000
0100
,
0000
0001
0000
0001
,
0000
1000
1000
0100
,
0000
0001
1000
0100
,
0000
0001
0000
0001
,
0000
1000
0000
0010
,
0000
0100
0100
0001
,
0000
1000
0010
0100
,
0000
0010
0000
0010
,
0000
0100
0000
0001
,
0000
1000
1000
0100
,
0000
0001
0010
0100
,
0000
0001
0000
0001
,
0000
1000
0000
1000
,
0000
0001
0000
0010
,
0100
0000
0000
0100
0000
0000
0000
0000
;

//---------------dance-single - ----------------
#NOTES:
     dance-single:
     :
     Medium:
     5:
     0.346,0.365,0.125,0.000,0.000:
0000
0000
0000
0000
,
0000
0000
0000
0000
,
0000
0000
0000
0000
,
0000
0001
0000
0100
,
0000
0100
0000
1000
,
0001
0100
1000
0100
,
0001
0000
1000
0100
1000
0000
0101
0000
,
1000
0000
0001
0100
0001
0000
1100
0000
,
0001
0001
1000
0100
,
1001
0000
0100
0000
0100
0000
0001
1000
,
0100
0001
0001
1000
,
0100
0001
0001
0100
,
0001
0010
0100
1000
,
0010
0100
0001
1000
,
1001
0100
0100
0100
,
0001
0100
1000
0010
,
0100
0001
1000
0100
,
0010
0001
1000
0100
,
1001
0010
0010
0010
,
1000
0100
1000
0100
1000
0000
0001
0000
,
0100
1000
0001
0100
,
0001
0100
0001
0100
0001
0000
1000
0000
,
0100
0000
0001
0000
0100
0000
0010
0100
,
0010
0000
1000
0000
0001
0000
0010
0100
,
0010
0001
0001
1000
,
0100
0001
0100
1000
,
0010
0100
0001
1000
,
0100
1000
0001
0010
,
0001
1000
0100
0000
0100
0000
0100
0000
,
0001
0100
0001
0001
,
0001
1000
0001
0010
,
0100
0000
1000
0000
0001
0000
1000
0010
,
0100
0001
1000
0100
,
0010
0000
0100
0000
0001
0000
0001
0100
,
0001
1000
0001
0101
,
0010
0000
1100
0000
1000
0000
0100
0010
,
0001
0100
0100
1000
,
0001
0000
0100
0000
0001
0000
0001
0100
,
0001
1100
0001
0101
,
1000
0000
0100
0000
0010
0000
0100
1000
,
0001
0100
1000
0100
,
0001
0000
0100
0000
0001
0000
0001
0100
,
0001
1000
0100
0001
,
1000
0000
0010
0000
0100
0000
0001
1000
,
0100
1000
0101
1000
,
0011
0000
0100
0000
0001
0000
0001
1000
,
0100
1000
0001
0100
,
1000
0000
0100
0000
0001
0000
0100
0010
,
1000
0000
0100
0000
0100
0000
0001
1000
,
0100
0000
0000
0100
0000
0000
0000
0000
;

//---------------dance-single - ----------------
#NOTES:
     dance-single:
     :
     Hard:
     6:
     0.433,0.421,0.011,0.000,0.000:
0000
0000
0000
0000
,
0000
0000
0000
0000
,
0000
0000
0000
0000
,
0001
0100
0000
0001
1000
0100
0000
1000
,
0010
0100
0000
0010
1000
0001
0000
1000
,
0001
0100
0000
0010
0000
0100
0000
0001
,
1000
0001
0000
0010
0001
0010
0000
0100
,
1000
0100
0000
1000
0001
0100
0000
0010
,
1000
0100
0000
0010
0001
0100
0000
1000
,
0100
0000
0000
0010
0000
0000
0100
0010
,
0100
0010
0001
0000
0001
0100
0000
0010
,
0000
0000
1000
0100
1000
0100
0010
0001
,
0100
0000
0010
1000
0100
1000
0000
0001
,
0000
0000
0000
0100
0001
0100
0001
1000
,
0010
0000
1000
0100
1000
0100
0010
0000
,
0010
0001
0100
0000
0001
1000
0000
0100
,
0000
0000
0001
0010
0001
0010
0001
1000
,
0100
0010
0001
0100
0001
0100
0010
1000
,
0100
1000
1000
1000
,
0001
0100
0010
1000
0001
0100
0001
1000
,
0000
0100
0000
0001
0000
0001
1000
0100
,
0010
0001
1000
0100
0010
0001
1000
0010
,
0000
0100
0000
0000
0000
0000
1000
0001
,
0100
0001
0000
0100
0010
1000
0000
0010
,
1000
0100
0000
1000
0001
0010
0000
0001
,
0000
1000
0000
0100
0000
0100
0000
0001
,
0000
0010
0000
0100
0000
1000
0000
0001
,
0000
0100
0000
1000
0000
0100
0000
0001
,
0010
0001
1000
0000
0100
0001
0010
0000
,
0100
0000
0000
1000
0000
0001
1000
0000
,
1000
0100
0000
0001
0100
0001
0000
1000
,
0010
1000
0000
0001
0010
0001
0000
1000
,
0100
1000
0000
0001
0100
0001
0000
1000
,
0100
0010
0000
0001
0000
0001
1000
0100
,
1000
0100
0000
0001
0100
0001
0000
1000
,
0010
1000
0000
0010
0100
0010
0000
1000
,
0001
0100
0000
0010
0100
0001
0000
1000
,
0001
0100
0000
1000
0001
0100
0001
1000
,
0100
0000
0001
0000
0001
0100
0000
0001
,
1000
0100
0000
1000
0010
0100
0000
0010
,
1000
0001
0000
0100
0001
0100
0000
0001
,
1000
0100
0000
0001
0000
0100
0010
1000
,
0010
0000
0100
0000
0001
0010
0000
0100
,
1000
0100
0000
1000
0001
0100
0000
0001
,
1000
0010
0000
0100
0001
1000
0000
0000
,
0001
0100
0000
0001
0000
1000
0010
1000
,
0100
1000
0001
0000
0010
0100
0000
1000
,
0000
0001
0000
1000
0100
0010
0001
1000
,
0100
1000
0001
0100
0010
1000
0001
0010
,
0100
0000
0000
1001
0000
0000
0000
0000
;

//---------------dance-double - ----------------
#NOTES:
     dance-double:
     :
     Easy:
     2:
     0.164,0.140,0.000,0.000,0.000:
00000000
00000000
00000000
00000000
,
00000000
00000000
00000000
00000000
,
00000000
00000000
00000000
00000000
,
00000000
00001000
00000000
00001000
,
00000000
00000001
00000000
00000010
,
00000000
00000100
00000000
00010000
,
00000000
00001000
00000000
01000000
,
00000000
00010000
00000000
10000000
,
00000000
00010000
00000000
01000000
,
00000000
10000000
00010000
01000000
,
00000000
00010000
00000000
01000000
,
00000000
00001000
00000000
00010000
,
00000010
00000000
00001000
00000000
,
00000000
00000001
00000000
00000100
,
00000000
00000001
00000000
00000010
,
00000000
00000100
00000000
00010000
,
00000000
00001000
00000000
00010000
,
00000000
00000100
00000000
00001000
,
00000000
00000100
00010000
00001000
,
00000000
01000000
00000000
00100000
,
00000000
10000000
00000000
00010000
,
00000000
00100000
00000000
00100000
,
00000000
01000000
00000000
01000000
,
00000000
00010000
00000000
00010000
,
00000000
10000000
00000000
01000000
,
00000000
00010000
00000000
01000000
,
00000000
00001000
00000000
00010000
,
00000000
00000100
00000000
00001000
,
00000000
00000001
00000000
00000001
,
00000000
00001000
00000001
00000100
,
00000000
00000010
00000000
00000010
,
00000000
00000001
00000000
00000001
,
00000000
00000010
00000000
00000100
,
00000000
00010000
00001000
01000000
,
00000000
00010000
00000000
01000000
,
00000000
10000000
00000000
01000000
,
00000000
10000000
00000000
10000000
,
00000000
00010000
10000000
01000000
,
00000000
00010000
00000000
01000000
,
00000000
00001000
00000000
00010000
,
00000000
00000010
00000000
00000100
,
00000000
00000001
00001000
00000100
,
00000000
00000010
00000000
00000100
,
00000000
00000001
00000000
00000100
,
00000000
00001000
00000000
00000100
,
00000000
00010000
00001000
01000000
,
00000000
00010000
00000000
01000000
,
00000000
00100000
00000000
00010000
,
00000000
10000000
00000000
00100000
,
01000000
00000000
00000000
01000000
00000000
00000000
00000000
00000000
;

//---------------dance-double - ----------------
#NOTES:
     dance-double:
     :
     Medium:
     4:
     0.339,0.337,0.148,0.000,0.000:
00000000
00000000
00000000
00000000
,
00000000
00000000
00000000
00000000
,
00000000
00000000
00000000
00000000
,
00000000
00001000
00000000
00010000
,
00000000
00000100
00000000
00001000
,
00000001
00000100
00000010
00001000
,
00000100
00000000
00010000
00001000
00010000
00000000
01000000
00000000
,
10000000
00000000
00010000
10000000
01000000
00000000
01000000
00000000
,
00100000
00100000
00001000
00010000
,
00011000
00000000
00000100
00000000
00000100
00000000
00000100
00001000
,
00000001
00000100
00000100
00000100
,
00000010
00000010
00010000
00001000
,
01000000
00010000
10000000
00100000
,
01000000
00010000
01000000
00001000
,
00011000
00000000
00000100
00000000
00000100
00000000
00000100
00001000
,
00000001
00000001
00000100
00000010
,
00010000
00001000
00100000
01000000
,
10000000
00010000
10000000
01000000
,
10010000
00100000
00100000
00100000
,
10000000
01000000
10000000
00000000
00010000
01000000
00010000
00000000
,
01000000
00001000
00010000
00000100
,
00001000
00000100
00001000
00000000
00000001
00000100
00000001
00000000
,
00001000
00000100
00010000
00001000
,
00010000
00010000
00010000
01000000
,
10000000
10000000
10000000
00100000
,
01000000
00001000
00010000
00000010
,
00000100
00000001
00001000
00000100
,
00010000
00001000
01000000
00010000
,
10010000
01000000
01000000
01000000
,
00100000
00000000
01000000
00000000
00001000
00000000
00001000
00010000
,
00001000
00010000
00000010
00000100
,
00000001
00000000
00001000
00000000
00000001
00000000
00000100
00000001
,
00001000
00000100
00000010
00000001
,
00001000
00000000
00000100
00000000
00010000
00000000
00010000
00001000
,
00010000
00001000
00100000
01010000
,
10000000
01000000
00010000
11000000
,
00100000
00100000
00100000
01000000
,
00001000
00000000
00010000
00000000
00000100
00000000
00000100
00001000
,
00000100
00001000
00000001
00000100
,
00001000
00001100
00000010
00000010
,
00010000
00011000
01000000
00010000
,
10000000
00000000
00100000
00000000
01000000
00000000
01000000
10000000
,
01000000
10000000
00010000
01010000
,
00001000
00011000
00000100
00001100
,
00000001
00000101
00000010
00000010
,
00001000
00000000
00001000
00000000
00000100
00000000
00000100
00010000
,
00001000
01000000
00010000
10000000
,
00100000
01000000
00010000
01000000
,
00001000
00010000
00000100
00001000
,
00001001
00000000
00000000
00000100
00000000
00000000
00000000
00000000
;

//---------------dance-double - ----------------
#NOTES:
     dance-double:
     :
     Hard:
     6:
     0.407,0.421,0.011,0.000,0.000:
00000000
00000000
00000000
00000000
,
00000000
00000000
00000000
00000000
,
00000000
00000000
00000000
00000000
,
00000000
00000000
00000010
00001000
00000001
00000100
00000000
00000001
,
00000000
00001000
00000100
00010000
00000000
00001000
00100000
00000000
,
01000000
00000000
00010000
00000000
,
10000000
00000000
00010000
01000000
00010000
01000000
00000000
00001000
,
00000000
00010000
00000100
00001000
00000100
00001000
00000000
00000001
,
00000000
00001000
00000100
00001000
00000000
00000001
00000010
00000000
,
00000100
00000000
00000000
00010000
00000000
00000000
00001000
00010000
,
00001000
00010000
01000000
00000000
10000000
00010000
00000000
01000000
,
00000000
00000000
10000000
01000000
00100000
00010000
10000000
01000000
,
00100000
00000000
00010000
01000000
00010000
01000000
00000000
00010000
,
00000000
00000000
00000000
00001000
00010000
00000100
00001000
00000010
,
00000100
00000000
00000001
00000100
00000001
00000010
00000001
00001000
,
00000100
00001000
00000001
00000000
00000010
00000100
00000000
00010000
,
00000000
00000000
00001000
00010000
00001000
00010000
01000000
10000000
,
00010000
00100000
00010000
01000000
00100000
10000000
01000000
10000000
,
01000000
00010000
00001000
00000010
,
00000001
00000100
00000010
00000100
00000001
00001000
00000100
00001000
,
00000000
00000100
00000000
00000001
00000000
00001000
00000100
00000010
,
00000001
00001000
00000100
00001000
00000010
00010000
00001000
00010000
,
00000000
00001000
00000000
00000000
00000000
00000000
01000000
10000000
,
00010000
01000000
00000000
01000000
00000000
01000000
00001000
00010000
,
00000100
00001000
00000000
00001000
00000000
00001000
00000001
00000100
,
00000001
00000100
00000000
00000100
00000000
00000100
00000001
00000010
,
00000100
00001000
00000001
00000100
00000000
00000100
00000001
00000000
,
00000010
00000100
00000000
00001000
00000000
00001000
00000000
00000001
,
00001000
00000100
00001000
00000100
00000000
00010000
00001000
00000000
,
00001000
00000000
00000000
01000000
00000000
00010000
01000000
00010000
,
10000000
01000000
00100000
00000000
00010000
01000000
00000000
00010000
,
00000000
00000000
00000000
10000000
00000000
00010000
01000000
00010000
,
01000000
00000000
00001000
00000010
,
00000001
00000000
00000000
00000001
00000000
00000001
00000100
00000001
,
00000010
00000100
00001000
00000000
00001000
00000001
00000000
00000100
,
00000000
00000000
00000000
00001000
00000100
00010000
00001000
00010000
,
00001000
00010000
01000000
10000000
,
00010000
00000000
00000000
00100000
10000000
00010000
01000000
00100000
,
01000000
00000000
00010000
00000000
00010000
00100000
00000000
00010000
,
00000000
00000000
00000000
10000000
01000000
10000000
00010000
01000000
,
00010000
00001000
00000010
00000001
,
00000100
00000000
00000000
00001000
00000000
00000100
00010000
00001000
,
00010000
00000000
00010000
00000000
01000000
10000000
00000000
00010000
,
00000000
00000000
00000000
00100000
10000000
00010000
01000000
00100000
,
01000000
00001000
00000010
00000001
,
00000100
00000000
00000000
00001000
00000000
00000100
00001000
00000100
,
00010000
00001000
00010000
00000000
01000000
10000000
00000000
00010000
,
00000000
10000000
00000000
00100000
00010000
00001000
00000010
00000001
,
00000100
00001000
00010000
01000000
10000000
00100000
01000000
00010000
,
10000000
00000000
00000000
10010000
00000000
00000000
00000000
00000000
;
