#TITLE:1998;
#SUBTITLE:;
#ARTIST:NAOKI;
#TITLETRANSLIT:;
#SUBTITLETRANSLIT:;
#ARTISTTRANSLIT:;
#CREDIT:;
#BANNER:1998.png;
#BACKGROUND:1998-bg.png;
#LYRICSPATH:;
#CDTITLE:./CDTITLES/DANCE DANCE REVOLUTION EXTREME.PNG;
#MUSIC:1998.ogg;
#OFFSET:0.000;
#SAMPLESTART:28.009;
#SAMPLELENGTH:15.000;
#SELECTABLE:YES;
#DISPLAYBPM:150.000;
#BPMS:0.000=150.000,4.000=150.000;
#STOPS:;
#BGCHANGES:;

//---------------dance-single - ----------------
#NOTES:
     dance-single:
     :
     Beginner:
     3:
     0.188,0.210,0.139,0.000,0.000:
0000
0000
0000
0000
,
0000
0000
0000
0000
,
0000
0000
0000
0000
,
1000
0000
0001
0000
,
0100
0000
0010
0010
,
0010
0000
0001
0000
,
1000
0000
0001
0000
,
1000
0000
0001
0000
,
0100
0000
0010
0010
,
0000
0001
0000
0001
,
0000
1000
0000
1000
,
0000
0110
0000
1000
,
0000
0110
0000
0001
,
0000
0001
0001
0000
,
0000
1000
1000
0000
,
1000
0000
0001
0000
,
0100
0100
0000
0010
,
0000
0000
0000
0000
,
0001
0000
0001
0000
,
0100
0000
0100
0000
,
0010
0000
0010
0000
,
1000
0000
1000
0000
,
0100
0000
0010
0000
,
0001
0000
1000
0000
,
0100
0000
0010
0000
,
0100
0000
1001
0000
,
1000
0000
0010
0000
,
0001
0000
0010
0000
,
0001
0000
0100
0000
,
1000
0000
0100
0000
,
1000
0000
1001
0000
,
0001
0000
1001
0000
,
0100
0000
0110
0000
,
0010
0000
0110
0000
,
0000
1000
0000
0001
,
0000
0100
0000
1000
,
0000
0001
0000
1000
,
0000
0100
0000
0001
,
0000
0010
0000
1000
,
0000
0010
0000
0001
,
0000
0100
0000
0010
,
0000
0001
0000
1001
,
0000
0000
0000
0000
,
1000
1000
0000
0001
,
0000
0001
0000
1000
,
0000
0100
0000
0010
,
0000
0100
0100
0100
,
0100
0000
0110
0000
,
0001
0000
1001
0000
,
0010
0000
0110
0000
,
1000
0000
1001
0000
,
0100
0100
0000
0010
,
0000
1000
0000
0001
,
0000
0100
0000
0010
,
0000
0001
0000
1000
,
0000
0010
0000
0100
,
0000
1000
0000
0100
,
0000
0001
0000
0100
,
0000
0010
0010
0010
,
0010
0000
0100
0000
,
1001
0000
0110
0000
,
0000
0000
0000
0000
;

//---------------dance-single - ----------------
#NOTES:
     dance-single:
     :
     Easy:
     4:
     0.258,0.271,0.030,0.020,0.000:
0000
0000
0000
0000
,
0000
0000
0000
0000
,
0000
0000
0000
0000
,
1000
0000
0001
0000
,
0100
0000
0010
0010
,
1000
0000
0001
0000
,
1000
0000
0001
0000
,
1000
0000
0001
0000
,
0100
0000
0010
0010
,
1000
0000
0001
0001
,
0001
0000
1000
1000
,
0001
0000
0110
1000
,
1000
0000
0110
0001
,
1000
0100
0001
0100
,
1000
0100
0001
0100
,
1000
0100
0001
0100
,
1000
1000
0100
0001
,
1000
0000
0000
0000
,
0001
1000
0001
1000
,
0100
0010
0100
0010
,
0001
0000
0100
0000
,
1000
0000
0100
0000
,
0100
0000
0010
0010
,
0001
0000
1000
0010
,
1000
0000
0001
0010
,
1000
0001
1000
0000
,
1000
0100
0010
0001
,
0001
0100
0010
1000
,
0001
0000
1000
0000
,
0010
0000
0100
0000
,
0100
0000
0001
0001
,
0100
0000
1000
1000
,
0001
0000
1000
0010
,
1000
0000
0001
0010
,
1000
0000
0001
0000
,
0100
0010
1000
0001
,
0001
0000
1000
0000
,
0100
0010
0001
0001
,
1000
0010
1000
1000
,
0001
0010
0001
0001
,
1000
0001
0100
0100
,
0001
0001
1000
1000
,
0100
0000
0000
0000
,
0100
0000
0010
0000
,
1000
0000
0001
0000
,
1000
0000
0001
0000
,
1000
0001
1000
0001
,
0100
0100
1000
1000
,
0100
0100
0001
0001
,
0001
0010
0001
0010
,
1000
0010
1000
0010
,
0001
0010
1000
0010
,
0001
0010
1000
0010
,
1000
0001
1000
0001
,
0100
0100
1000
1000
,
1000
0000
0001
0000
,
0001
0000
1000
0000
,
0100
0100
0010
0010
,
1000
0001
0100
0010
,
1000
0000
0001
0000
,
2002
0000
0000
3003
,
0000
0000
0000
0000
;

//---------------dance-single - ----------------
#NOTES:
     dance-single:
     :
     Medium:
     6:
     0.350,0.389,0.149,0.010,0.005:
0000
0000
0000
0000
,
0000
0000
0000
0000
,
0000
0000
0000
0000
,
0001
0000
1000
0000
,
0010
0010
0100
0100
,
0001
1000
0001
1000
,
0001
1000
0001
1000
,
0001
0000
1000
0000
,
0010
0010
0100
1001
,
0010
0010
1000
1000
,
0010
0010
0001
0001
,
1000
1000
0110
0001
,
0001
0001
0110
1000
,
0001
0100
1000
0100
,
0010
0001
1000
0100
,
0001
0100
1000
0100
,
0001
0001
0110
1000
,
0002
0000
0000
0003
,
1000
0001
0010
0100
,
0001
0100
1000
0100
,
0010
0100
0001
1000
,
0010
0000
0100
0000
0001
1000
0001
0000
,
0010
0010
0100
0100
,
1000
1000
0001
0100
,
0001
0001
1000
0100
,
0001
1000
0001
0101
,
0001
0010
0100
1000
,
1000
0010
0100
0001
,
1000
0100
0001
0100
,
0001
0000
1000
0000
0001
1000
0001
0000
,
0010
0010
1000
0100
,
0010
0010
0001
0100
,
1000
1000
0001
0100
,
0001
0001
1000
0100
,
0001
0100
1000
0100
,
0010
0000
0100
0000
0001
1000
0100
0000
,
1000
0100
0001
0100
,
0010
0000
0100
0000
1000
0001
0100
0000
,
1001
0000
0100
0000
0001
0100
0001
0000
,
1001
0000
0100
0000
1000
0100
1000
0000
,
0001
0000
1000
0000
0010
0100
0010
0000
,
1001
0000
1000
0000
0001
0100
0001
0000
,
0010
1000
0100
0001
,
0010
0000
0100
0000
,
0001
0000
1000
0000
,
0001
0000
1000
0000
,
0001
1000
0001
1001
,
0010
1000
0010
0000
0001
0000
0101
0000
,
0010
0001
0010
0000
1000
0000
1100
0000
,
1000
0010
0100
0000
1000
0000
1100
0000
,
0001
0010
0100
0000
0001
0000
0101
0000
,
1000
0100
0001
0100
,
1000
0100
0001
0100
,
0001
1000
0001
1000
,
0010
0000
0100
0000
0001
1000
0001
0000
,
0001
0100
1000
1000
,
1000
0100
0001
0001
,
0010
0010
0100
0100
,
0001
1000
0010
0100
,
0001
0001
1000
1000
,
1001
0000
0000
0010
0000
0000
1001
0000
0000
0000
0000
0000
0000
0000
0000
0000
,
0000
0000
0000
0000
;

//---------------dance-single - ----------------
#NOTES:
     dance-single:
     :
     Hard:
     9:
     0.520,0.512,0.446,0.109,0.030:
0000
0000
0000
0000
,
0000
0000
0000
0000
,
0000
0000
0000
0000
,
0001
1000
0000
0000
0100
0000
0000
0000
0001
0000
0000
0000
0100
0000
0000
0000
,
1000
0001
0000
0000
0100
0000
0000
0000
1000
0000
0000
0000
0100
0000
0000
0000
,
0001
1000
0000
0000
0100
0000
0000
0000
0001
0000
0000
0000
0100
0000
0000
0000
,
1000
0001
0000
0000
0100
0000
0000
0000
1000
0000
0000
0000
0100
0000
0000
0000
,
0001
1000
0000
0000
0100
0000
0000
0000
0001
0000
0000
0000
1000
0000
0000
0000
,
0001
0000
0001
0000
0001
0010
0100
0000
,
1100
0000
0001
0000
0001
0010
0100
0000
,
0011
0000
1100
0000
1000
0010
0101
0000
,
1001
0000
0100
0000
1000
0001
0100
0000
,
0010
1000
0100
0010
0001
1000
1100
0000
,
0011
0000
0100
0000
1000
0010
0100
0000
,
0001
0010
0100
1000
0010
0100
0001
0000
,
0220
0000
0330
0000
1001
0000
0000
0010
,
1000
0100
1000
0001
0010
0100
1000
0000
,
2002
3000
0010
0013
,
0010
0100
1000
0100
,
0010
0100
0001
0100
,
0010
1000
0100
0000
0010
0001
0100
0000
,
0010
1000
0100
0010
0001
0100
0101
0000
,
1010
0000
0101
0000
0010
1000
0100
0000
,
1000
0001
0100
0000
0010
0001
0100
0000
,
0001
0100
1000
0000
1000
0100
0001
0000
,
1000
0010
0001
0010
0001
0010
0110
0000
,
0110
0000
1010
0000
0001
1000
0100
0000
,
1001
0000
0101
0000
1000
0010
0100
0000
,
0001
1000
0100
0000
1000
0001
0100
0000
,
0010
0001
0100
1000
0100
0001
0011
0000
,
1001
0100
1000
0100
,
0001
0100
0001
0100
,
1000
0100
1000
0000
0001
0100
0001
0000
,
1000
0010
0100
0001
0010
0100
1000
0000
,
0001
0000
1000
0000
0010
0100
0001
0000
,
0010
0100
0001
0010
0001
1000
0100
0000
,
1001
0000
0101
0000
0010
1000
0100
1000
,
0001
0000
1001
0000
0010
1000
0100
0000
,
0001
0100
0001
0000
1000
0100
1000
0000
,
0101
0000
0010
1000
0100
0010
0001
0000
,
0100
0010
1000
0100
0010
0001
0100
0000
,
1010
0000
0001
1000
0100
0000
0101
0000
,
0010
1000
0100
0001
,
0010
0000
1000
0000
0001
1000
0100
0000
,
0010
0001
2000
3000
,
0202
0303
2002
3003
,
0010
0001
0100
0010
1000
0001
0100
0000
,
1001
0000
1100
0000
0010
0001
0100
0000
,
0101
0000
1010
0000
0001
0010
0100
0000
,
0001
0100
0001
0000
1000
0100
1000
0000
,
0001
0010
0100
1000
0010
0100
0101
0000
,
1001
0000
1100
0000
0010
0001
0100
0000
,
0101
0000
1010
0000
0010
0100
0001
0000
,
1000
0100
1000
0000
0001
0100
0001
0000
,
1000
0100
0010
0001
1000
0001
0101
0000
,
0010
1000
0100
0000
0010
0001
0100
0000
,
0110
0000
0101
0000
1000
0100
0010
0000
,
0001
1000
0100
0000
1000
0001
0100
0000
,
0001
1000
0010
0100
0001
0010
0100
0000
,
1010
0100
0101
0010
,
1010
0000
0000
1001
0000
0000
0202
0000
0000
0000
0000
0000
0303
0000
0000
0000
,
0000
0000
0000
0000
;

//---------------dance-double - ----------------
#NOTES:
     dance-double:
     :
     Easy:
     5:
     0.262,0.271,0.030,0.020,0.000:
00000000
00000000
00000000
00000000
,
00000000
00000000
00000000
00000000
,
00000000
00000000
00000000
00000000
,
00001000
00000000
00010000
00000000
,
00000010
00000000
00000100
00001000
,
00010000
00000000
00001000
00000000
,
00010000
00000000
00001000
00000000
,
00100000
00000000
10000000
00000000
,
01000000
00000000
00010000
00001000
,
00000010
00000001
00000100
00000100
,
00001000
00010000
01000000
01000000
,
10000000
00000000
01100000
00001000
,
00010000
00000000
00000110
00000001
,
00000001
00000100
00001000
00000100
,
00010000
00001000
00100000
01000000
,
10000000
01000000
00010000
01000000
,
00001000
00010000
00000010
00000100
,
00000001
00000000
00000000
00000000
,
00000001
00001000
00000001
00001000
,
00000100
00010000
00000100
00010000
,
00001000
00000000
01000000
00000000
,
00010000
00000000
10000000
00000000
,
00100000
00000000
00001000
00010000
,
00000010
00000000
00000100
00000001
,
00000010
00000000
00000100
00001000
,
00010000
00001000
00010000
00001000
,
00010000
00100000
10000000
01000000
,
00010000
00001000
00000010
00000001
,
00000100
00000000
00010000
00000000
,
00100000
00000000
01000000
00000000
,
00010000
00000000
00001000
00001000
,
00000100
00000000
00000001
00000001
,
00000010
00000000
00001000
00010000
,
00100000
00000000
10000000
01000000
,
00010000
00000000
00001000
00000000
,
00000010
00000100
00000001
00000100
,
00001000
00000000
00010000
00000000
,
01000000
00100000
00001000
00010000
,
00000010
00000100
00000001
00000001
,
00000010
00000100
00010000
00001000
,
00010000
00100000
01000000
01000000
,
00001000
00010000
00001000
00001000
,
00000100
00000000
00000000
00000000
,
00000001
00000000
00000100
00000000
,
00001000
00000000
00010000
00000000
,
00010000
00000000
10000000
00000000
,
00100000
00001000
00010000
00000100
,
00000010
00000010
00000001
00000001
,
00000100
00000100
00001000
00001000
,
00010000
00100000
00010000
00100000
,
10000000
01000000
10000000
01000000
,
00010000
00001000
00010000
00001000
,
00000010
00000001
00000100
00001000
,
00010000
00001000
00010000
00001000
,
01000000
01000000
00100000
00100000
,
10000000
00000000
01000000
00000000
,
00010000
00000000
00001000
00000000
,
00000100
00000100
00000001
00000001
,
00000010
00001000
00010000
01000000
,
10000000
00000000
00010000
00000000
,
00022000
00000000
00000000
00033000
,
00000000
00000000
00000000
00000000
;

//---------------dance-double - ----------------
#NOTES:
     dance-double:
     :
     Medium:
     6:
     0.367,0.389,0.218,0.020,0.005:
00000000
00000000
00000000
00000000
,
00000000
00000000
00000000
00000000
,
00000000
00000000
00000000
00000000
,
00001000
00000000
00010000
00000000
,
00100000
10000000
01000000
00010000
,
00001000
00010000
00001000
00010000
,
00000010
00000100
00000001
00000100
,
00001000
00000000
01000000
00000000
,
00100000
10000000
01000000
01001000
,
00100000
00001000
01000000
00001000
,
00100000
00001000
00000100
00000001
,
00000001
00000010
00000110
00010000
,
00001000
00010000
01100000
10000000
,
10000000
00100000
01100000
00001000
,
00010000
00001000
00000110
00000001
,
00000001
00000110
00010000
00011000
,
00001000
00010000
01100000
10000000
,
00020000
00000000
00000000
00030000
,
00010000
00001000
00000100
00000001
,
00000010
00000100
00010000
00001000
,
00100000
01000000
00010000
00001000
,
00000010
00000000
00000001
00000000
00000100
00001000
00000100
00000000
,
00001000
00001000
00010000
00010000
,
01000000
01000000
00010000
00001000
,
00010000
00010000
00000010
00000100
,
00000001
00001000
00000100
00010100
,
00001000
00100000
01000000
10000000
,
00100000
00010000
00001000
00000010
,
00000001
00000100
00001000
00010000
,
00100000
00000000
10000000
00000000
01000000
00010000
00001000
00000000
,
00010000
00010000
00001000
00000100
,
00000001
00000001
00000010
00000100
,
00010000
00010000
00001000
01000000
,
00100000
00100000
10000000
01000000
,
00010000
00001000
00000010
00000001
,
00001000
00000000
00000010
00000000
00000100
00001000
00010000
00000000
,
00001000
00010000
01000000
10000000
,
00100000
00000000
01000000
00000000
00001000
00010000
00001000
00000000
,
00010010
00000000
00001000
00000000
00000010
00000100
00000001
00000000
,
00001001
00000000
00000100
00000000
00010000
00001000
00010000
00000000
,
00010000
00000000
00100000
00000000
00100000
01000000
00100000
00000000
,
01010000
00000000
00100000
00000000
00001000
00010000
00002000
00000000
,
00000010
00000001
00003100
00010000
,
00001000
00000000
00010000
00000000
,
00001000
00000010
00000001
00000100
,
00011000
00000100
00011000
01000000
,
00010000
10000000
01000000
01010000
,
00001000
00010000
00000100
00000000
00000010
00000000
00001100
00000000
,
00000010
00001000
00000100
00000000
00010000
00000000
00010100
00000000
,
00010000
00001000
01000000
00000000
00100000
00000000
11000000
00000000
,
00100000
00010000
01000000
00000000
00001000
00000000
00011000
00000000
,
00001000
00000010
00000001
00000100
,
00001000
00010000
01000000
01000000
,
00010000
00001000
00010000
00001000
,
00000010
00000000
00000100
00000000
00000001
00000100
00000001
00000000
,
00001000
00010000
01000000
01000000
,
10000000
01000000
00010000
00010000
,
00001000
00001000
00000100
00000100
,
00000001
00000010
00000100
00001000
,
00010100
00010000
00011000
01000000
,
01100000
00000000
00000000
10000000
00000000
00000000
00010000
00000000
00000000
00000000
00000000
00000000
00000000
00000000
00000000
00000000
,
00000000
00000000
00000000
00000000
;

//---------------dance-double - ----------------
#NOTES:
     dance-double:
     :
     Hard:
     9:
     0.516,0.512,0.407,0.099,0.005:
00000000
00000000
00000000
00000000
,
00000000
00000000
00000000
00000000
,
00000000
00000000
00000000
00000000
,
00010000
00001000
00010000
00000000
00000010
00000000
00000100
00000000
,
00000001
00000010
00000100
00000000
00010000
00000000
00001000
00000000
,
00001000
00010000
01000000
00000000
10000000
00100000
01000000
00000000
,
00001000
00100000
01000000
00000000
00010000
00001000
00000100
00000000
,
00000001
00000010
00000100
00000000
00010000
00000000
00001100
00000000
,
00010000
00000000
00001000
00000000
00010000
01000000
10000000
00000000
,
11000000
00000000
00010000
00000000
00010000
00001000
00000100
00000000
,
00000110
00000000
00000101
00000000
00000010
00000100
00001000
00000000
,
00010100
00000000
00001000
00000000
00010000
00100000
01000000
00000000
,
00100000
10000000
01000000
00010000
00001000
00000100
00000001
00000000
,
00000011
00000000
00000100
00000000
00010000
00001000
00010000
00000000
,
00010000
00100000
01000000
00010000
00100000
01000000
00010000
00000000
,
00022000
00033000
00000100
00000001
,
00000001
00000010
00000100
00001000
00000100
00010000
00001000
00000000
,
00020000
00000000
00100000
00130000
,
10000000
01000000
00010000
00001000
,
00010000
00001000
00000010
00000001
,
00000010
00000001
00000100
00000000
00000010
00001000
00000100
00000000
,
00010000
00001000
00010000
00100000
10000000
01000000
00010000
00000000
,
00011000
00000000
00010100
00000000
00001000
00000001
00000100
00000000
,
00000010
00010000
00001000
00000000
00100000
00010000
01000000
00000000
,
00010000
10000000
01000000
00000000
00100000
00001000
00010000
00000000
,
00001000
00010000
00001000
00000100
00000001
00000010
00000100
00000000
,
00010100
00000000
00011000
00000000
00001000
00010000
01000000
00000000
,
10010000
00000000
01010000
00000000
00001000
00010000
00000100
00000000
,
00000010
00000001
00000100
00000000
00000010
00001000
00000100
00000000
,
00010000
00001000
00010000
01000000
10000000
00100000
01100000
00000000
,
10010000
01000000
00010000
00001000
,
00000100
00000001
00000010
00000100
,
00000001
00000100
00000001
00000000
00001000
00000100
00001000
00000000
,
00010000
00001000
01000000
00010000
00100000
01000000
10000000
00000000
,
10100000
00000000
01010000
00000000
00100000
01000000
00010000
00000000
,
00001000
00000100
00000001
00000010
00000100
00001000
00000010
00000000
,
00000101
00000000
00001010
00000000
00001000
00010000
01000000
10000000
,
00010000
00000000
11000000
00000000
00100000
00010000
01000000
00000000
,
00010000
00001000
00010000
00000000
00001000
00000100
00001000
00000000
,
00000101
00000000
00000010
00000100
00010000
00001000
00000100
00000000
,
00001000
00010000
00100000
01000000
00100000
10000000
01000000
00000000
,
10100000
00000000
00010000
10000000
01000000
00000000
00110000
00000000
,
00001000
00010000
00001000
00000100
,
00000001
00000000
00000010
00000000
00001000
00010000
00001000
00000000
,
00100000
00010000
20000000
30000000
,
02020000
03030000
00020020
00030030
,
00000010
00000001
00000100
00001000
00010000
00001000
01000000
00000000
,
01010000
00000000
11000000
00000000
00100000
00010000
01000000
00000000
,
01001000
00000000
00011000
00000000
00010000
00001000
00000100
00000000
,
00000001
00000010
00000100
00000000
00001000
00000010
00000100
00000000
,
00001000
00010000
01000000
10000000
00100000
01000000
01010000
00000000
,
01001000
00000000
00011000
00000000
00100000
00010000
01000000
00000000
,
01001000
00000000
00011000
00000000
00000010
00001000
00000100
00000000
,
00000001
00000100
00000001
00000000
00001000
00000100
00001000
00000000
,
00010000
00001000
00100000
00010000
10000000
00100000
01100000
00000000
,
00100000
10000000
01000000
00000000
00100000
00001000
00010000
00000000
,
00010100
00000000
00011000
00000000
00001000
00000100
00000001
00000000
,
00000001
00000010
00000100
00000000
00010000
00001000
00000100
00000000
,
00001000
00010000
00100000
01000000
00010000
00100000
01000000
00000000
,
10010000
01000000
01001000
00010000
,
00010100
00000000
00000000
00000010
00000000
00000000
00002002
00000000
00000000
00000000
00000000
00000000
00003003
00000000
00000000
00000000
,
00000000
00000000
00000000
00000000
;
