#TITLE:22DUNK;
#SUBTITLE:;
#ARTIST:SLAKE;
#TITLETRANSLIT:;
#SUBTITLETRANSLIT:;
#ARTISTTRANSLIT:;
#CREDIT:;
#BANNER:22DUNK.png;
#BACKGROUND:22DUNK-bg.png;
#LYRICSPATH:;
#CDTITLE:./CDTITLES/TECHNO LABEL.PNG;
#MUSIC:22DUNK.mp3;
#OFFSET:-0.057;
#SAMPLESTART:3.560;
#SAMPLELENGTH:12.000;
#SELECTABLE:YES;
#DISPLAYBPM:135.000;
#BPMS:0.000=135.000;
#STOPS:;
#BGCHANGES:;

//---------------dance-single - ----------------
#NOTES:
     dance-single:
     :
     Easy:
     5:
     0.317,0.425,0.080,0.000,0.000:
0000
0000
0000
0000
,
0000
0000
0000
0000
,
0000
0000
0000
0000
,
0000
0000
0000
0000
,
0010
0010
0010
0100
,
0010
0010
0010
0100
,
0010
0010
0010
0100
,
0010
0010
0010
0100
,
0010
0010
0010
0100
,
0100
0100
0100
0100
,
0010
0000
1000
0000
0001
0100
1000
0000
,
0100
0000
0000
0100
0000
0000
0000
0000
,
0010
0000
0001
0000
1000
0100
0001
0000
,
0100
0000
0000
0100
0000
0000
0000
0000
,
0010
0000
0100
0000
0001
1000
0100
0000
,
0010
0000
0000
0010
0000
0000
0000
0000
,
0010
0000
0100
0000
1000
0001
0100
0000
,
0010
0000
0000
0010
0000
0000
0000
0000
,
0001
0001
0001
0000
1000
1000
1000
0000
,
0001
0001
0001
0000
1000
1000
1000
0000
,
0001
1000
0001
0000
1000
0001
1000
0000
,
0001
1000
0001
0000
1000
0001
1000
0000
,
0001
0100
1000
0000
1000
0100
0001
0000
,
0001
0100
1000
0000
1000
0100
0001
0000
,
0010
0100
0001
0000
1000
0100
0010
0000
,
0001
0010
0100
1000
,
0010
0100
0010
1001
,
0010
1100
0010
0101
,
0010
0100
0010
1001
,
0010
0101
0010
1100
,
0010
0000
0100
0000
0001
0100
1000
0000
,
0010
0000
0100
0000
1000
0100
0001
0000
,
0010
0000
0100
0000
0001
0100
1000
0000
,
1000
0100
0010
0001
,
0010
0100
0001
1000
0001
0100
1000
0100
,
0010
0100
0001
1000
0001
0100
1000
0100
,
0010
0100
0001
1000
0001
0100
1000
0100
,
0000
0000
0010
0001
0100
1000
0000
0000
;

//---------------dance-single - ----------------
#NOTES:
     dance-single:
     :
     Medium:
     7:
     0.332,0.376,0.253,0.000,0.053:
0000
0000
0000
0000
,
0000
0000
0000
0000
,
0000
0000
0000
0000
,
0000
0000
0000
0000
,
1000
1000
1000
1000
,
0001
0001
0001
0001
,
1000
1000
1000
1000
,
0001
0001
0001
0001
,
0010
0010
0010
0010
,
0100
0100
0100
0100
,
1000
0000
0001
0000
0010
0100
1001
0000
,
0010
0000
0000
0010
0000
0000
0000
0000
,
0010
0000
0100
0000
0001
0100
1001
0000
,
0010
0000
0000
0010
0000
0000
0000
0000
,
0010
0000
0100
0000
1000
0100
1001
0000
,
0010
0000
0000
0010
0000
0000
0000
0000
,
0010
0000
0100
0000
0001
1000
0110
0000
,
0010
0000
0000
0010
0000
0000
0000
0000
,
0001
0001
0001
0000
0010
0100
1001
0000
,
1000
1000
1000
0000
0100
0010
1001
0000
,
0001
0001
0001
0000
1000
0001
0110
0000
,
1000
1000
1000
0000
0001
1000
0110
0000
,
0001
0001
0001
0000
0010
1000
0101
0000
,
1000
1000
1000
0000
0010
0001
1100
0000
,
1000
1000
1000
0000
0001
0001
0001
0000
,
0000
0000
0000
0000
,
0001
0000
0100
0000
1000
0000
0000
0000
0010
0000
0000
0100
0000
0000
0000
0000
,
1000
0000
0100
0000
0001
0000
0000
0000
0010
0000
0000
0100
0000
0000
0000
0000
,
0010
0000
0100
0000
1001
0000
0000
0000
0010
0000
0000
0100
0000
0000
0000
0000
,
0100
0000
0010
0000
1001
0000
0000
0000
0010
0000
0000
0100
0000
0000
0000
0000
,
0001
0000
1000
0000
0110
0000
0000
0000
0010
0000
0000
0100
0000
0000
0000
0000
,
1000
0000
0001
0000
0110
0000
0000
0000
0010
0000
0000
0100
0000
0000
0000
0000
,
0001
0000
1000
0000
1001
0000
0000
0000
0010
0000
0000
0100
0000
0000
0000
0000
,
0010
0000
0100
0000
0110
0000
0000
0000
0010
0000
0000
0100
0000
0000
0000
0000
,
0000
0010
1000
0010
1000
0010
1001
0000
,
0000
1000
0100
1000
0100
1000
0110
0000
,
0000
0010
0001
0010
0001
0010
1001
0000
,
0010
0000
0000
0000
1000
0100
0001
0000
;

//---------------dance-single - ----------------
#NOTES:
     dance-single:
     :
     Hard:
     8:
     0.351,0.424,0.000,0.000,0.392:  // measure 1
0000
0000
0000
0000
,  // measure 2
0000
0000
0000
0000
,  // measure 3
0000
0000
0000
0000
,  // measure 4
0000
0000
0000
0000
,  // measure 5
0010
0010
0010
0100
,  // measure 6
0010
0010
0010
0100
,  // measure 7
0010
0010
0010
0100
,  // measure 8
0010
0010
0010
0100
,  // measure 9
0010
0010
0010
0100
,  // measure 10
0100
0100
0100
0100
,  // measure 11
0000
1000
0000
0000
1000
0000
0000
0000
1000
0000
0000
0100
0000
0000
0000
0000
,  // measure 12
0010
0000
0000
0010
0000
0000
0000
0000
,  // measure 13
0000
1000
0000
0000
1000
0000
0000
0000
1000
0000
0000
0100
0000
0000
0000
0000
,  // measure 14
0010
0000
0000
0010
0000
0000
0000
0000
,  // measure 15
0000
0001
0000
0000
0001
0000
0000
0000
0001
0000
0000
0100
0000
0000
0000
0000
,  // measure 16
0010
0000
0000
0010
0000
0000
0000
0000
,  // measure 17
0000
0001
0000
0000
0001
0000
0000
0000
0001
0000
0000
0100
0000
0000
0000
0000
,  // measure 18
0010
0000
0000
0010
0000
0000
0000
0000
,  // measure 19
0001
0000
0001
0000
0001
0000
0000
0000
1000
0000
1000
0000
0010
1000
0000
0100
,  // measure 20
0001
0000
0001
0000
0001
0000
0000
0000
1000
0000
1000
0000
0010
1000
0000
0100
,  // measure 21
0001
0000
0001
0000
0001
0000
0000
0000
1000
0000
1000
0000
0010
1000
0000
0100
,  // measure 22
0001
0000
0001
0000
0001
0000
0000
0000
1000
0000
1000
0000
0010
1000
0000
0100
,  // measure 23
1000
0000
1000
0000
1000
0000
0000
0000
0001
0000
0001
0000
0010
0001
0000
0100
,  // measure 24
1000
0000
1000
0000
1000
0000
0000
0000
0001
0000
0001
0000
0010
0001
0000
0100
,  // measure 25
1000
0000
1000
0000
1000
0000
0000
0000
0001
0000
0001
0000
0010
0001
0000
0100
,  // measure 26
0000
0000
0000
0000
,  // measure 27
0000
1000
0010
1000
0010
1000
0000
0000
0010
0000
0000
0100
0000
0000
0000
0000
,  // measure 28
0000
1000
0010
1000
0010
1000
0000
0000
0010
0000
0000
0100
0000
0000
0000
0000
,  // measure 29
0000
1000
0010
1000
0010
1000
0000
0000
0010
0000
0000
0100
0000
0000
0000
0000
,  // measure 30
0000
1000
0010
1000
0010
1000
0000
0000
0010
0000
0000
0100
0000
0000
0000
0000
,  // measure 31
0000
0001
0010
0001
0010
0001
0000
0000
0010
0000
0000
0100
0000
0000
0000
0000
,  // measure 32
0000
0001
0010
0001
0010
0001
0000
0000
0010
0000
0000
0100
0000
0000
0000
0000
,  // measure 33
0000
0001
0010
0001
0010
0001
0000
0000
0010
0000
0000
0100
0000
0000
0000
0000
,  // measure 34
0000
0001
0010
0001
0010
0001
0000
0000
0010
0000
0000
0100
0000
0000
0000
0000
,  // measure 35
0000
0000
0010
0000
1000
0000
0010
0000
1000
0000
0010
0000
1000
0001
0000
0000
,  // measure 36
0000
0000
1000
0000
0100
0000
1000
0000
0100
0000
1000
0000
0100
0001
0000
0000
,  // measure 37
0000
0000
0010
0000
1000
0000
0010
0000
1000
0000
0010
0000
1000
0001
0000
0000
,  // measure 38
0000
0000
0100
0001
0000
0010
0000
0000
0001
0000
0000
0000
0000
0000
0000
0000
;

//---------------dance-double - ----------------
#NOTES:
     dance-double:
     :
     Easy:
     5:
     0.311,0.417,0.133,0.000,0.000:
00000000
00000000
00000000
00000000
,
00000000
00000000
00000000
00000000
,
00000000
00000000
00000000
00000000
,
00000000
00000000
00000000
00000000
,
00100000
10000000
01000000
00010000
,
00001000
00000010
00000001
00000100
,
00001000
00010000
00100000
10000000
,
10000000
01100000
00010000
00001000
,
00000001
00000110
00001000
00010000
,
01000000
01000000
01000000
01000000
,
00100000
10000000
01000000
00010000
,
00001000
00000000
00000000
00000100
00000000
00000000
00000000
00000000
,
00000010
00000001
00000100
00001000
,
00010000
00000000
00000000
01000000
00000000
00000000
00000000
00000000
,
00100000
00000000
00010000
00000000
00100000
00010000
00001000
00000000
,
00000010
00000000
00000000
00000010
00000000
00000000
00000000
00000000
,
00000010
00000000
00001000
00000000
00000010
00001000
00010000
00000000
,
00100000
00000000
00000000
00100000
00000000
00000000
00000000
00000000
,
10000000
10000000
10000000
00000000
01000000
00010000
00001000
00000000
,
00000001
00000001
00000001
00000000
00000100
00001000
00010000
00000000
,
10000000
00010000
10000000
00000000
01000000
00010000
00001000
00000000
,
00000001
00001000
00000001
00000000
00000100
00001000
00010000
00000000
,
10000000
01000000
00010000
00000000
00001000
00000100
00000001
00000000
,
00000001
00000100
00001000
00000000
00010000
01000000
10000000
00000000
,
10000000
01000000
00010000
00000000
00001000
00000100
00000001
00000000
,
00000001
00000010
00000100
00001000
,
00000010
00001000
00010000
01000000
,
00100000
10000000
01010000
00011000
,
00000010
00000001
00001100
00011000
,
00100000
10000000
01010000
00011000
,
00000010
00000001
00001100
00011000
,
00100000
00000000
01000000
00000000
00100000
00010000
00001000
00000000
,
00000010
00000000
00000100
00000000
00000010
00001000
00010000
00000000
,
00100000
10000000
00100000
00010000
,
00100000
01000000
10000000
00010000
10000000
01000000
00010000
00001000
,
00000010
00000100
00000001
00001000
00000001
00000100
00001000
00010000
,
00100000
01000000
00010000
10000000
00010000
01000000
10000000
01000000
;

//---------------dance-double - ----------------
#NOTES:
     dance-double:
     :
     Medium:
     8:
     0.370,0.424,0.133,0.000,0.392:
00000000
00000000
00000000
00000000
,
00000000
00000000
00000000
00000000
,
00000000
00000000
00000000
00000000
,
00000000
00000000
00000000
00000000
,
00000010
00000001
00000101
00001010
,
00001000
00010000
10100000
01010000
,
00010000
00001000
00001010
00000101
,
00000010
00000001
00000011
00001100
,
00001000
00010000
00110000
11000000
,
01000000
01000000
01000000
01000000
,
00000000
00100000
00000000
00000000
10000000
00000000
00000000
00000000
01000000
00000000
00000000
00100000
00000000
00000000
00000000
00000000
,
00010000
00000000
00000000
00001000
00000000
00000000
00000000
00000000
,
00000000
00000010
00000000
00000000
00000001
00000000
00000000
00000000
00000100
00000000
00000000
00000010
00000000
00000000
00000000
00000000
,
00001000
00000000
00000000
00010000
00000000
00000000
00000000
00000000
,
00000000
00100000
00000000
00000000
00010000
00000000
00000000
00000000
00100000
00000000
00000000
00010000
00000000
00000000
00000000
00000000
,
00001000
00000000
00000000
00000001
00000000
00000000
00000000
00000000
,
00000000
00000010
00000000
00000000
00001000
00000000
00000000
00000000
00000010
00000000
00000000
00001000
00000000
00000000
00000000
00000000
,
00010000
00000000
00000000
10000000
00000000
00000000
00000000
00000000
,
10000000
00000000
01000000
00000000
00010000
00000000
00000000
00000000
00001000
00000000
00000010
00000000
00001000
00000010
00000000
00001000
,
00000001
00000000
00000100
00000000
00001000
00000000
00000000
00000000
00010000
00000000
00100000
00000000
00010000
00100000
00000000
00010000
,
10000000
00000000
01000000
00000000
00010000
00000000
00000000
00000000
00001000
00000000
00000010
00000000
00001000
00000010
00000000
00001000
,
00000001
00000000
00000100
00000000
00001000
00000000
00000000
00000000
00010000
00000000
00100000
00000000
00010000
00100000
00000000
00010000
,
10000000
00000000
01000000
00000000
00010000
00000000
00000000
00000000
00001000
00000000
00000010
00000000
00001000
00000010
00000000
00001000
,
00000001
00000000
00000100
00000000
00001000
00000000
00000000
00000000
00010000
00000000
00100000
00000000
00010000
00100000
00000000
00010000
,
10000000
00000000
01000000
00000000
00010000
00000000
00000000
00000000
00001000
00000000
00000010
00000000
00001000
00000010
00000000
00001000
,
00000000
00000000
00000000
00000000
,
00000000
00100000
00010000
00100000
00010000
00100000
00000000
00000000
00010000
00000000
00000000
00001000
00000000
00000000
00000000
00000000
,
00000000
00000010
00001000
00000010
00001000
00000010
00000000
00000000
00001000
00000000
00000000
00010000
00000000
00000000
00000000
00000000
,
00000000
01000000
00010000
01000000
00010000
01000000
00000000
00000000
00010000
00000000
00000000
00001000
00000000
00000000
00000000
00000000
,
00000000
00000100
00001000
00000100
00001000
00000100
00000000
00000000
00001000
00000000
00000000
00010000
00000000
00000000
00000000
00000000
,
00000000
00100000
00010000
00100000
00010000
00100000
00000000
00000000
00010000
00000000
00000000
00001000
00000000
00000000
00000000
00000000
,
00000000
00000010
00001000
00000010
00001000
00000010
00000000
00000000
00001000
00000000
00000000
00010000
00000000
00000000
00000000
00000000
,
00000000
01000000
00010000
01000000
00010000
01000000
00000000
00000000
00010000
00000000
00000000
00001000
00000000
00000000
00000000
00000000
,
00000000
00000100
00001000
00000100
00001000
00000100
00000000
00000000
00001000
00000000
00000000
00010000
00000000
00000000
00000000
00000000
,
00000000
00000000
01000000
00000000
10000000
00000000
01000000
00000000
10000000
00000000
01000000
00000000
00010000
00001000
00000000
00000000
,
00000000
00000000
00000100
00000000
00000001
00000000
00000100
00000000
00000001
00000000
00000100
00000000
00001000
00010000
00000000
00000000
,
00000000
00000000
01000000
00000000
10000000
00000000
01000000
00000000
10000000
00000000
01000000
00000000
00010000
00001000
00000000
00000000
,
00000000
00000000
00000100
00001000
00000000
00000010
00000000
00000000
00001000
00000000
00000000
00000000
00000000
00000000
00000000
00000000
;

//---------------dance-double - ----------------
#NOTES:
     dance-double:
     :
     Hard:
     8:
     0.370,0.424,0.133,0.000,0.392:
00000000
00000000
00000000
00000000
,
00000000
00000000
00000000
00000000
,
00000000
00000000
00000000
00000000
,
00000000
00000000
00000000
00000000
,
00000010
00000001
00000101
00001010
,
00001000
00010000
10100000
01010000
,
00010000
00001000
00001010
00000101
,
00000010
00000001
00000011
00001100
,
00001000
00010000
00110000
11000000
,
01000000
01000000
01000000
01000000
,
00000000
00100000
00000000
00000000
10000000
00000000
00000000
00000000
01000000
00000000
00000000
00100000
00000000
00000000
00000000
00000000
,
00010000
00000000
00000000
00001000
00000000
00000000
00000000
00000000
,
00000000
00000010
00000000
00000000
00000001
00000000
00000000
00000000
00000100
00000000
00000000
00000010
00000000
00000000
00000000
00000000
,
00001000
00000000
00000000
00010000
00000000
00000000
00000000
00000000
,
00000000
00100000
00000000
00000000
00010000
00000000
00000000
00000000
00100000
00000000
00000000
00010000
00000000
00000000
00000000
00000000
,
00001000
00000000
00000000
00000001
00000000
00000000
00000000
00000000
,
00000000
00000010
00000000
00000000
00001000
00000000
00000000
00000000
00000010
00000000
00000000
00001000
00000000
00000000
00000000
00000000
,
00010000
00000000
00000000
10000000
00000000
00000000
00000000
00000000
,
10000000
00000000
01000000
00000000
00010000
00000000
00000000
00000000
00001000
00000000
00000010
00000000
00001000
00000010
00000000
00001000
,
00000001
00000000
00000100
00000000
00001000
00000000
00000000
00000000
00010000
00000000
00100000
00000000
00010000
00100000
00000000
00010000
,
10000000
00000000
01000000
00000000
00010000
00000000
00000000
00000000
00001000
00000000
00000010
00000000
00001000
00000010
00000000
00001000
,
00000001
00000000
00000100
00000000
00001000
00000000
00000000
00000000
00010000
00000000
00100000
00000000
00010000
00100000
00000000
00010000
,
10000000
00000000
01000000
00000000
00010000
00000000
00000000
00000000
00001000
00000000
00000010
00000000
00001000
00000010
00000000
00001000
,
00000001
00000000
00000100
00000000
00001000
00000000
00000000
00000000
00010000
00000000
00100000
00000000
00010000
00100000
00000000
00010000
,
10000000
00000000
01000000
00000000
00010000
00000000
00000000
00000000
00001000
00000000
00000010
00000000
00001000
00000010
00000000
00001000
,
00000000
00000000
00000000
00000000
,
00000000
00100000
00010000
00100000
00010000
00100000
00000000
00000000
00010000
00000000
00000000
00001000
00000000
00000000
00000000
00000000
,
00000000
00000010
00001000
00000010
00001000
00000010
00000000
00000000
00001000
00000000
00000000
00010000
00000000
00000000
00000000
00000000
,
00000000
01000000
00010000
01000000
00010000
01000000
00000000
00000000
00010000
00000000
00000000
00001000
00000000
00000000
00000000
00000000
,
00000000
00000100
00001000
00000100
00001000
00000100
00000000
00000000
00001000
00000000
00000000
00010000
00000000
00000000
00000000
00000000
,
00000000
00100000
00010000
00100000
00010000
00100000
00000000
00000000
00010000
00000000
00000000
00001000
00000000
00000000
00000000
00000000
,
00000000
00000010
00001000
00000010
00001000
00000010
00000000
00000000
00001000
00000000
00000000
00010000
00000000
00000000
00000000
00000000
,
00000000
01000000
00010000
01000000
00010000
01000000
00000000
00000000
00010000
00000000
00000000
00001000
00000000
00000000
00000000
00000000
,
00000000
00000100
00001000
00000100
00001000
00000100
00000000
00000000
00001000
00000000
00000000
00010000
00000000
00000000
00000000
00000000
,
00000000
00000000
01000000
00000000
10000000
00000000
01000000
00000000
10000000
00000000
01000000
00000000
00010000
00001000
00000000
00000000
,
00000000
00000000
00000100
00000000
00000001
00000000
00000100
00000000
00000001
00000000
00000100
00000000
00001000
00010000
00000000
00000000
,
00000000
00000000
01000000
00000000
10000000
00000000
01000000
00000000
10000000
00000000
01000000
00000000
00010000
00001000
00000000
00000000
,
00000000
00000000
00000100
00001000
00000000
00000010
00000000
00000000
00001000
00000000
00000000
00000000
00000000
00000000
00000000
00000000
;
