#TITLE:321STARS;
#SUBTITLE:;
#ARTIST:DJ SIMON;
#TITLETRANSLIT:;
#SUBTITLETRANSLIT:;
#ARTISTTRANSLIT:;
#CREDIT:;
#BANNER:321STARS.png;
#BACKGROUND:321STARS-bg.png;
#LYRICSPATH:;
#CDTITLE:./CDTITLES/beatmania.PNG;
#MUSIC:321STARS.ogg;
#OFFSET:0.000;
#SAMPLESTART:18.748;
#SAMPLELENGTH:15.000;
#SELECTABLE:YES;
#DISPLAYBPM:192.000;
#BPMS:0.000=192.513,4.000=191.984,202.000=192.083;
#STOPS:202.000=0.467
;
#BGCHANGES:;

//---------------dance-single - ----------------
#NOTES:
     dance-single:
     :
     Beginner:
     4:
     0.168,0.190,0.024,0.000,0.000:
0000
0000
0000
0000
,
0000
0000
0000
0000
,
0000
0000
0000
0000
,
0010
0000
0000
0000
,
1000
0000
0001
0000
,
0010
0000
0000
0000
,
0001
0000
1000
0000
,
0100
0000
0000
0000
,
0001
0000
1000
0000
,
0100
0000
0000
0000
,
1000
0000
0001
0000
,
0100
0000
0000
0000
,
0010
0000
0000
0000
,
0100
0000
0100
0000
,
0001
0000
1000
0000
,
0010
0000
0100
0000
,
0000
0000
1000
0000
,
0100
0000
0010
0000
,
0000
0000
0001
0000
,
0010
0000
0010
0000
,
1000
0000
0001
0000
,
1000
0000
0000
0000
,
0001
0000
0000
0000
,
0010
0000
0010
0000
,
0000
0000
0010
0000
,
0100
0000
0100
0000
,
0000
0000
0100
0000
,
0010
0000
0010
0000
,
0001
0000
1000
0000
,
0001
0000
0000
0000
,
1000
0000
0000
0000
,
0000
0001
0000
0001
,
0000
1000
0000
1000
,
0000
0010
0000
0010
,
0000
1000
0000
1000
,
0000
0001
0000
0001
,
0000
1000
0000
1000
,
0000
0010
0000
0010
,
0000
0100
0000
0000
,
0010
0000
0000
0000
,
1000
0000
1000
0000
,
0010
0000
0000
0000
,
0001
0000
0001
0000
,
0100
0000
0000
0000
,
0010
0000
0010
0000
,
0010
0000
0000
0000
,
0100
0000
0100
0000
,
0001
0000
0000
0000
,
1000
0000
0000
0000
,
0010
0000
0000
0000
,
1001
0000
0000
0000
,
0001
0000
0001
0000
,
0010
0000
0001
0000
,
1000
0000
1000
0000
,
0100
0000
1000
0000
,
0010
0000
0100
0000
,
0010
0000
0000
0000
,
0000
1000
0000
0001
,
0000
0100
0000
0000
,
1000
0000
0001
0000
,
1000
0000
0001
0000
,
0100
0000
0100
0000
,
0010
0000
0000
1001
,
0000
0000
0000
0000
;

//---------------dance-single - ----------------
#NOTES:
     dance-single:
     :
     Easy:
     5:
     0.268,0.268,0.048,0.061,0.000:
0000
0000
0000
0000
,
0000
0000
0000
0000
,
0000
0000
0000
0000
,
0010
0000
0100
0000
,
1000
0100
0001
0000
,
0010
0000
0100
0000
,
0001
0100
1000
0000
,
0100
0000
0010
0000
,
0001
0100
1000
1000
,
0100
0000
0010
0000
,
1000
0100
0001
0001
,
1000
0000
1000
0000
,
0001
0000
0001
0000
,
0100
0100
0100
0100
,
0001
0100
1000
0000
,
0010
0100
0100
0000
,
0000
0000
1000
0001
,
0100
0010
0010
0000
,
0000
0000
0001
1000
,
0010
0100
0010
0000
,
1000
0000
0001
0000
,
2000
0000
3000
0000
,
0002
0000
0003
0000
,
0010
0100
0010
0000
,
0000
0000
0010
0001
,
0100
0010
0100
0000
,
0000
0000
0100
1000
,
0010
0100
0010
0000
,
0001
0000
1000
0000
,
0002
0000
0003
0000
,
2000
0000
3000
0000
,
0000
0001
0000
0001
,
0000
0100
1000
0100
,
0000
1000
0000
1000
,
0000
0100
0001
0100
,
0000
0001
0000
0001
,
0000
1000
0000
1000
,
0000
0010
0000
0010
,
0100
0100
0100
0100
,
0010
0000
0010
0000
,
1000
0001
1000
0000
,
0010
0000
0010
0000
,
0001
1000
0001
0000
,
0100
0000
0100
0000
,
0010
0100
0010
0100
,
0001
0000
1000
0000
,
0001
1000
0001
1000
,
0001
0000
0001
0000
,
1000
0000
1000
0000
,
0010
0010
0010
0000
,
1001
0000
0000
0000
,
0001
0000
0001
0000
,
0010
0000
1001
0000
,
1000
0000
1000
0000
,
0100
0000
1001
0000
,
0010
0000
0100
0000
,
0010
0000
1001
0000
,
0000
1000
0000
0001
,
0100
0100
0100
0000
,
1000
0000
0001
0000
,
1000
0000
0001
0000
,
0100
0100
0100
0100
,
0001
0100
1000
0200
,
0000
0300
0000
0000
,
0000
0000
0000
0000
;

//---------------dance-single - ----------------
#NOTES:
     dance-single:
     :
     Medium:
     9:
     0.447,0.539,0.048,0.182,0.000:
0000
0000
0000
0000
,
0000
0000
0000
0000
,
0000
0000
0000
0000
,
2000
0000
0000
0001
0000
0001
3000
0001
,
0000
0100
0000
0010
0100
0000
0000
0000
,
0002
0000
0000
1000
0000
1000
0003
1000
,
0000
0100
0000
0010
0100
0000
0000
0000
,
0020
0000
0000
0100
0000
0100
0030
0100
,
0000
0001
0000
1000
0010
0000
0010
0000
,
0200
0000
0000
0010
0000
0010
0300
0010
,
0000
1000
0000
0001
0100
0000
0100
0000
,
1000
0001
1000
0001
,
1000
0001
1000
0001
,
0001
0100
0001
0100
0001
0100
0001
0000
,
0010
0100
1000
0000
,
0100
0010
1000
0000
,
0001
0001
1000
0100
,
0010
0100
1000
0000
,
0001
0001
1000
0100
,
0001
0010
1000
0010
,
0100
0001
0010
1000
,
0002
0010
0100
1000
,
0100
0010
0100
1003
,
0010
0000
0100
0000
1000
0001
0000
2000
,
0000
0000
0000
3001
0000
0010
0100
0000
,
1000
0000
0010
0000
0001
1000
0000
0200
,
0000
0000
0000
0310
0100
0000
1000
0000
,
0010
0100
0001
1000
,
0010
1000
0100
0001
,
2000
0100
0010
0001
,
0010
0100
0010
3001
,
0100
0001
1000
0001
,
1000
0010
0000
0100
0000
0000
0010
0000
,
1000
0000
0001
0100
0001
1000
0000
0010
,
0000
0100
0000
0001
0000
0000
0100
0000
,
0010
1000
0001
1000
,
0001
0100
0000
0010
0000
0000
0100
0000
,
2000
0000
3200
0000
,
0310
0100
1000
0001
,
2000
0000
0000
0010
0000
3100
0000
0010
,
0000
1000
0000
0001
0100
0000
0000
0000
,
0002
0000
0000
0010
0000
0103
0000
0010
,
0000
0001
0000
1000
0100
0000
0000
0000
,
0020
0000
0000
0001
0000
0031
0000
1000
,
0000
0100
0000
0010
1000
0000
1000
0000
,
0200
0000
0000
1000
0000
1300
0000
0001
,
0000
0010
0000
0100
0001
0000
0001
0000
,
1000
0010
1000
0010
,
1000
0100
1000
0100
,
0010
0100
0010
0100
0010
0100
0010
0000
,
0001
0000
0010
1000
0000
0000
0000
0000
,
1000
0010
1000
0010
,
0100
0001
0000
1000
0000
0000
0001
0000
,
0100
0000
0010
0000
0100
0001
0000
1000
,
0000
0010
0000
0100
0000
0000
0000
0000
,
0001
0010
0001
0010
,
0100
1000
0000
0001
0000
0000
0100
0000
,
1000
0001
1000
0001
,
0100
0100
0100
0100
,
0010
1001
0010
1001
,
0100
1001
0100
1001
,
0001
0100
0001
0100
0001
0100
0001
0000
,
0010
0100
1000
0002
,
0000
0000
0003
0000
,
0000
0000
0000
0000
;

//---------------dance-single - ----------------
#NOTES:
     dance-single:
     :
     Hard:
     11:
     0.568,0.616,0.158,0.085,0.036:
0000
0000
0000
0000
,
0000
0000
0000
0000
,
0000
0000
0000
0100
,
0001
0000
1000
0100
1000
0001
1000
0100
,
0000
1000
0000
1000
0001
0000
0000
0000
,
1000
0000
0001
0100
0001
1000
0001
0100
,
0000
0001
0000
0001
1000
0000
0000
0000
,
0010
0000
0100
0001
0100
0010
0100
0001
,
0000
1000
0000
0010
0100
0000
0001
0000
,
0100
0000
0010
0001
0010
0100
0010
0001
,
0000
1000
0000
1000
0010
0000
0100
0000
,
0010
1001
0010
1001
,
0100
1001
0100
1001
,
0010
0100
0010
0100
0010
0100
0010
0100
,
0001
0100
1000
0000
,
0010
0000
0100
0000
1000
0010
1000
0001
,
0000
0010
0000
0001
1000
0000
0000
0000
,
0001
0000
1000
0000
0010
1000
0010
0100
,
0000
1000
0000
1000
0001
0000
0000
0000
,
1000
0000
0100
0000
0001
1000
0001
0100
,
0000
0010
0100
0010
1000
0000
0100
0000
,
0001
0010
0001
0100
0010
0100
0010
1000
,
0100
0010
0001
0010
0100
1000
0010
1000
,
0010
0000
0100
0000
0001
0010
0001
2000
,
0100
3100
0010
0100
,
0010
0000
0100
0000
1000
0100
1000
0002
,
0010
0013
0100
0010
,
0100
0000
0010
0000
1000
0001
0100
0010
,
0000
1000
0100
1000
0010
0000
0001
0000
,
1000
0100
1000
0010
0100
0010
0100
0001
,
0010
0100
1000
0100
0010
0001
0100
0000
,
0001
1000
0100
1000
0001
1000
0100
1000
,
0001
0100
0010
0100
0000
0001
1000
0000
,
0010
0100
0001
0100
0010
1000
0001
0100
,
0000
1000
0000
0001
0000
0000
0000
0000
,
1000
0001
0100
0001
1000
0001
0100
0001
,
1000
0100
0010
0100
0000
1000
0001
0000
,
1000
0010
0100
0001
0100
0010
0000
0200
,
0000
0000
0000
0300
,
0010
0000
1000
0001
0100
0010
0000
0100
,
0000
1000
0000
0001
2000
0000
0000
3000
,
0010
0000
0001
1000
0010
0100
0000
1000
,
0000
0100
0000
1000
0002
0000
0000
0003
,
0010
0000
0100
1000
0100
0001
0000
0010
,
0000
1000
0000
0001
0100
0000
1000
0000
,
0001
0000
0100
0010
1000
0010
0000
0100
,
0000
1000
0000
0010
0100
0000
0000
0000
,
0010
0101
0010
0101
,
0010
1100
0010
1100
,
0001
0100
0001
0100
0001
0100
0001
0100
,
1000
0000
0010
0001
0000
0000
0000
0000
,
1000
0000
0000
0000
0000
0000
0000
0000
0010
0000
0000
0000
0000
0000
0000
0010
,
0100
0100
1001
0000
,
0010
0000
0000
0000
0000
0000
0000
0000
1000
0000
0000
0000
0000
0000
0000
1000
,
0001
0000
0000
0000
0001
0000
0000
1000
0010
0000
0000
1000
0010
0000
0000
1000
,
0010
0000
0000
0000
0000
0000
0000
0000
0001
0000
0000
0000
0000
0000
0000
0001
,
0000
1000
0001
0200
0000
0000
0300
0000
,
1000
0001
1000
0001
,
1000
0100
1000
0100
0010
0001
0010
0001
,
0010
1001
0010
1001
,
0010
1001
0010
1001
,
0100
0001
0100
1000
0100
0001
0100
1000
,
0001
0100
1000
0020
,
0000
0000
0030
0000
,
0000
0000
0000
0000
;

//---------------dance-double - ----------------
#NOTES:
     dance-double:
     :
     Easy:
     5:
     0.268,0.268,0.036,0.061,0.000:
00000000
00000000
00000000
00000000
,
00000000
00000000
00000000
00000000
,
00000000
00000000
00000000
00000000
,
10000000
00000000
00010000
00000000
,
01000000
00000000
00001000
00000000
,
00010000
00000000
00000100
00000000
,
00000010
00000000
00000001
00000000
,
00000001
00000000
00001000
00000000
,
00000100
00000000
00010000
00010000
,
00001000
00000000
01000000
00000000
,
00100000
00000000
10000000
00000000
,
00010000
00000000
00010000
00000000
,
00100000
00000000
00100000
00000000
,
00001000
00010000
00001000
00010000
,
00000010
00001000
00000010
00000000
,
00000001
00000001
00001000
00000000
,
00000010
00000000
00001000
00000100
,
00010000
00010000
00001000
00000000
,
00100000
00000000
00010000
01000000
,
00010000
00000000
10000000
00000000
,
00010000
00000000
10000000
00000000
,
02000000
00000000
03000000
00000000
,
00200000
00000000
00300000
00000000
,
00001000
00001000
00010000
00000000
,
00000010
00000000
00001000
00000100
,
00001000
00001000
00000001
00000000
,
00000001
00000000
00000010
00000100
,
00010000
00010000
00001000
00000000
,
00100000
00000000
01000000
00000000
,
00002000
00000000
00003000
00000000
,
00200000
00000000
00300000
00000000
,
00000000
00010000
00000000
00010000
,
00000000
00100000
10000000
10000000
,
00000000
01000000
00000000
00001000
,
00000000
00010000
00001000
00010000
,
00000000
00000100
00000000
00000100
,
00000000
00001000
00000001
00001000
,
00000000
00000100
00000000
00000100
,
00010000
00001000
01000000
00010000
,
00100000
00000000
00010000
00000000
,
01000000
00001000
00001000
00000000
,
00010000
00000000
00000010
00000000
,
00000100
00000100
00000001
00000000
,
00000001
00000000
00001000
00000000
,
00000100
00000100
00010000
00010000
,
00001000
00000000
00100000
00000000
,
01000000
01000000
10000000
00010000
,
00100000
00000000
01000000
00000000
,
00001000
00000000
00010000
00000000
,
00001000
00010000
00000010
00000100
,
00000001
00001000
00000000
00000000
,
00010000
00000000
00001000
00000000
,
00100000
00000000
01100000
00000000
,
01000000
00000000
00010000
00000000
,
10000000
00000000
10010000
00000000
,
00100000
00000000
00001000
00000000
,
00010000
00000000
00011000
00000000
,
00000000
00000010
00000000
00000100
,
00000001
00000001
00000001
00000000
,
00000100
00000000
00000010
00000000
,
00010000
00000000
00001000
00000000
,
00010000
00001000
00010000
00001000
,
01000000
00100000
10000000
00020000
,
00000000
00030000
00000000
00000000
,
00000000
00000000
00000000
00000000
;

//---------------dance-double - ----------------
#NOTES:
     dance-double:
     :
     Medium:
     8:
     0.455,0.539,0.182,0.085,0.000:
00000000
00000000
00000000
00000000
,
00000000
00000000
00000000
00000000
,
00000000
00000000
00000000
00000000
,
01000000
00000000
01000000
00000000
00100000
00000000
10000000
01000000
,
00010000
00001000
00000110
00000000
,
00000100
00000000
00000100
00000000
00000010
00000000
00000001
00000100
,
00001000
00010000
01100000
00000000
,
10000000
10000000
00100000
01000000
,
00100000
00010000
00001000
00011000
,
00000010
00000000
00000010
00000000
00000100
00000000
00000010
00001000
,
00000001
00000100
00001000
00011000
,
00100000
00001000
01000000
00001000
,
00000010
00010000
00000100
00010000
,
00001000
00010000
00001000
00010000
00001000
00010000
00001000
00000000
,
00100000
00010000
11000000
00000000
,
00100000
01000000
10000000
00000000
,
01000000
01000000
00010000
00001000
,
00000100
00000010
00000001
00000000
,
00000100
00000100
00001000
00010000
,
00100000
01000000
10000000
01000000
,
00010000
10000000
01000000
00100000
,
00001000
00000010
00000001
00000100
,
00001000
00010000
01000000
10000000
,
00100000
00000000
10000000
00000000
01000000
00100000
00000000
00001000
,
00000000
00000000
00000000
00100000
00000000
00010000
01000000
00000000
,
10000000
00000000
00100000
00000000
01000000
00001000
00000000
00010000
,
00000000
00000000
00000000
00000100
00001000
00000000
00000010
00000000
,
00000010
00000100
00000001
00000100
,
00001000
00000001
00000100
00000010
,
00010000
00100000
10000000
01000000
,
00010000
00001000
00000100
00000001
,
00000010
00000001
00001000
00000001
,
00001000
00000100
00000000
00001000
00000000
00000000
00010000
00000000
,
01000000
00000000
00010000
01000000
00010000
10000000
00000000
00010000
,
00000000
00001000
00000000
00000001
00000000
00000000
00001000
00000000
,
00000010
00000100
00000001
00000100
,
00000001
00000100
00000000
00001000
00000000
00000000
00010000
00000000
,
00200000
00000000
20000000
30300000
,
01010000
00011000
00001010
00000000
,
00000002
00000000
00000000
00001000
00000000
00001003
00000000
00000010
,
00000000
00001000
00000000
00000001
00000100
00000000
00000000
00000000
,
00002000
00000000
00000000
00010000
00000000
00013000
00000000
00100000
,
00000000
01000000
00000000
00010000
01000000
00000000
00000000
00000000
,
20000000
00000000
00000000
00010000
00000000
30010000
00000000
00100000
,
00000000
00010000
00000000
10000000
01000000
00000000
01000000
00000000
,
00020000
00000000
00000000
00001000
00000000
00031000
00000000
00000010
,
00000000
00000100
00000000
00001000
00000100
00000000
00010000
00000000
,
00000010
00010000
00000010
00010000
,
00100000
00001000
00100000
00001000
,
00100000
00010000
00100000
00010000
00100000
00010000
00100000
00000000
,
00010000
00000000
10000000
01000000
00000000
00000000
00000000
00000000
,
10000000
00100000
10000000
00100000
,
01000000
00010000
00000000
00011000
00000000
00000000
00000100
00000000
,
00000010
00000000
00000001
00000000
00000010
00000001
00000000
00001000
,
00000000
00000100
00000000
00011000
00000000
00000000
00000000
00000000
,
01000000
00010000
01000000
10000000
,
00100000
01000000
00000000
00011000
00000000
00000000
00000010
00000000
,
00001000
00000001
00001000
00000001
,
00000100
00001000
00010000
00001000
,
01000000
00011000
00000100
00011000
,
00100000
00011000
00000010
00011000
,
00001000
00010000
00001000
00010000
00001000
00010000
00001000
00000000
,
00100000
01000000
10000000
00020000
,
00000000
00000000
00030000
00000000
,
00000000
00000000
00000000
00000000
;

//---------------dance-double - ----------------
#NOTES:
     dance-double:
     :
     Hard:
     11:
     0.570,0.616,0.170,0.097,0.036:
00000000
00000000
00000000
00000000
,
00000000
00000000
00000000
00000000
,
00000000
00000000
00000000
01000000
,
10000000
00000000
00100000
01000000
00100000
01000000
00010000
10000000
,
00000000
01000000
00000000
00010000
00001000
00000000
00000000
00000000
,
00000100
00000000
00000010
00000100
00000010
00000100
00001000
00000001
,
00000000
00000100
00000000
00001000
00010000
00000000
00000000
00000000
,
01000000
00000000
10000000
00100000
10000000
00100000
01000000
00010000
,
00000000
10000000
00000000
01000000
00010000
00000000
00001000
00000000
,
00000100
00000000
00000001
00000010
00000001
00000010
00000100
00001000
,
00000000
00000001
00000000
00000100
00001000
00000000
00010000
00000000
,
00100000
00011000
00000010
00011000
,
00100000
00011000
00000010
00011000
,
00001000
00010000
00001000
00010000
00001000
00010000
00001000
00010000
,
00000010
00001000
00000001
00000000
,
00000100
00000000
00001000
00000000
00010000
00001000
00010000
00001000
,
00000000
00100000
00000000
00010000
10000000
00000000
00000000
00000000
,
01000000
00000000
00010000
00000000
00001000
00010000
00001000
00010000
,
00000000
00000010
00000000
00001000
00000001
00000000
00000000
00000000
,
00000001
00000000
00001000
00000000
00000010
00000100
00000010
00000100
,
00000000
00000010
00001000
00000001
00000100
00000000
00001000
00000000
,
00010000
00001000
00100000
00010000
00100000
01000000
10000000
01000000
,
10000000
00010000
00100000
00010000
10000000
01000000
10000000
00010000
,
00100000
00000000
00001000
00000000
00010000
00001000
00010000
00002000
,
00000000
00000000
00000000
00013000
00000000
00010000
00000010
00001000
,
00000010
00000000
00010000
00000000
00001000
00010000
00001000
00020000
,
00000000
00000000
00000000
00031000
00010000
00001000
01000000
00000000
,
00010000
00000000
01000000
00000000
10000000
01000000
10000000
00010000
,
00000000
10000000
00100000
10000000
01000000
00000000
00010000
00000000
,
00001000
00010000
00000010
00001000
00000010
00000100
00000001
00000100
,
00000001
00001000
00000010
00001000
00000001
00000100
00000001
00000000
,
00000100
00001000
00000100
00000001
00000100
00001000
00000100
00000001
,
00000100
00001000
00000000
00010000
00000000
00100000
10000000
00000000
,
00100000
10000000
00100000
00010000
00100000
10000000
00100000
00010000
,
00000000
01000000
00000000
00001000
00000000
00000000
00000000
00000000
,
00010000
00001000
00010000
00000100
00001000
00000100
00001000
00000001
,
00001000
00000001
00000100
00000001
00000000
00001000
00000100
00000000
,
00010000
00001000
00100000
00010000
10000000
00010000
00000000
02000000
,
00000000
00000000
00000000
03000000
,
00100000
00000000
10000000
00010000
10000000
00010000
00000000
10000000
,
00000000
01000000
00000000
00010000
00002000
00000000
00000000
00003000
,
00000010
00000000
00000001
00001000
00000001
00001000
00000000
00000001
,
00000000
00000100
00000000
00001000
00020000
00000000
00000000
00030000
,
00100000
00000000
10000000
00010000
10000000
01000000
00000000
00100000
,
00000000
10000000
00000000
01000000
00010000
00000000
00001000
00000000
,
00000010
00000000
00000001
00001000
00000001
00000100
00000000
00000010
,
00000000
00000001
00000000
00000100
00001000
00000000
00000000
00000000
,
00100000
00011000
00000010
00011000
,
01000000
00011000
00000100
00011000
,
00001000
00010000
00001000
00010000
00001000
00010000
00001000
00010000
,
00001000
00000000
00100000
00010000
00000000
00000000
00000000
00000000
,
10000000
00000000
00000000
00000000
00000000
00000000
00000000
00000000
00010000
00000000
00000000
00000000
00000000
00000000
00000000
00100000
,
00010000
00010000
00011000
00000000
,
00000010
00000000
00000000
00000000
00000000
00000000
00000000
00000000
00000001
00000000
00000000
00000000
00000000
00000000
00000000
00001000
,
00000100
00000000
00000000
00000000
00000100
00000000
00000000
00010000
00001000
00000000
00000000
00010000
00001000
00000000
00000000
00010000
,
00001000
00000000
00000000
00000000
00000000
00000000
00000000
00000000
00100000
00000000
00000000
00000000
00000000
00000000
00000000
00010000
,
00000000
10000000
00010000
02000000
00000000
00000000
03000000
00000000
,
00100000
00001000
00100000
00001000
,
00010000
00001000
00010000
00000100
00001000
00000100
00001000
00000100
,
00000010
00000011
00000001
00000101
,
00000010
00001010
00010000
00011000
,
01000000
00010000
01000000
00010000
10000000
01000000
10000000
01000000
,
00010000
01000000
10000000
02200000
,
00000000
00000000
03300000
00000000
,
00000000
00000000
00000000
00000000
;
