#TITLE:Abyss;
#SUBTITLE:;
#ARTIST:dj TAKA;
#TITLETRANSLIT:;
#SUBTITLETRANSLIT:;
#ARTISTTRANSLIT:;
#CREDIT:;
#BANNER:Abyss.png;
#BACKGROUND:Abyss-bg.png;
#LYRICSPATH:;
#CDTITLE:./CDTITLES/BEATMANIAIIDX.PNG;
#MUSIC:Abyss.ogg;
#OFFSET:0.000;
#SAMPLESTART:72.679;
#SAMPLELENGTH:15.000;
#SELECTABLE:YES;
#DISPLAYBPM:142.000;
#BPMS:0.000=142.292,4.000=141.994,132.000=142.009;
#STOPS:132.000=2.960
;
#BGCHANGES:;

//---------------dance-single - ----------------
#NOTES:
     dance-single:
     :
     Beginner:
     3:
     0.179,0.164,0.134,0.000,0.000:
0000
0000
0000
0000
,
0000
0000
0000
0000
,
0000
0000
0000
0000
,
0000
0000
0000
0000
,
0000
0000
0000
0000
,
1000
0000
1000
0000
,
1000
0000
1000
0000
,
0001
0000
0100
0000
,
1000
0000
0100
0000
,
1000
1000
0000
0000
,
1000
1000
0000
0000
,
0001
0001
0000
0000
,
0001
0001
0000
0000
,
1000
1000
0000
0000
,
0001
0001
0000
0000
,
1000
1000
0000
0000
,
0001
0001
0000
0000
,
0000
0010
0010
0010
,
0000
0100
0100
0100
,
0000
1000
0000
0001
,
0000
0100
0100
0100
,
0000
0010
0010
0010
,
0000
0100
0100
0100
,
0000
1000
0000
0001
,
0000
0100
0100
0100
,
0000
0100
0000
0100
,
0000
0100
0000
0100
,
0000
0001
0000
0100
,
0000
1000
0000
0100
,
0000
0001
0001
0001
,
0000
0100
0100
0100
,
0000
1000
1000
1000
,
0000
0100
0100
0100
,
0100
0000
0000
0000
,
0000
1000
0000
1001
,
0000
1000
0000
1001
,
0000
1000
0000
1001
,
0000
0001
0000
1001
,
0000
0001
0000
1001
,
0000
0001
0000
1001
,
0000
0001
0001
0001
,
0000
0010
0000
1001
,
0000
0010
0000
0100
,
0000
0010
0000
1001
,
0000
0010
0000
0010
,
0000
0010
0000
1001
,
0000
0010
0000
0100
,
0000
0010
0000
1001
,
0000
0010
0010
0010
,
0000
1000
0000
0110
,
0000
0001
0000
1000
,
0000
0001
0000
0110
,
0000
1000
0000
1000
,
0000
1000
0000
0110
,
0000
0001
0000
1000
,
0000
0001
0000
0110
,
0000
1000
0000
1000
,
1000
1000
0000
0000
,
0000
0000
0000
0000
;

//---------------dance-single - ----------------
#NOTES:
     dance-single:
     :
     Easy:
     4:
     0.233,0.245,0.029,0.000,0.000:
0000
0000
0000
0000
,
0000
0000
0000
0000
,
0000
0000
0000
0000
,
0000
0000
0000
0000
,
0000
0000
0000
0000
,
1000
0000
1000
0000
,
1000
0000
1000
0000
,
0001
0000
0100
0000
,
1000
0000
0100
0100
,
1001
0100
1000
1000
,
0001
1000
0001
0001
,
1000
0001
1000
1000
,
0001
1000
0001
1000
,
0010
0100
0010
0100
,
0001
1000
0001
1000
,
0010
0100
0001
1000
,
0010
1000
0100
0001
,
0010
0010
0010
0010
,
1000
0100
0100
0100
,
1000
1000
0001
0001
,
0010
0100
0100
0100
,
1000
1000
0001
0100
,
1000
0100
0001
0100
,
1000
0100
1000
1000
,
0001
0001
1000
1000
,
0010
0100
1000
0100
,
0010
0100
0001
0100
,
1000
0001
0010
0100
,
0001
1000
0010
0100
,
0001
0001
0001
0001
,
0010
0100
0100
0100
,
1000
0000
1000
0000
,
1000
0001
1000
0001
,
1000
0100
0000
1000
,
0000
0100
0000
1000
,
0000
0100
0000
0100
,
0000
0001
0000
0100
,
0000
1000
0000
0000
,
0000
1000
0000
0000
,
0000
1000
0000
0000
,
0000
1000
0001
1000
,
1001
1000
1000
1000
,
1000
0001
1000
0001
,
1000
0010
0010
0100
,
0100
0001
1000
0001
,
1000
0001
0100
1000
,
0100
0001
0100
1000
,
0100
0001
0000
0001
,
0000
0001
1000
0001
,
1001
1000
0000
1000
,
0000
1000
0000
1000
,
0001
0100
0000
0100
,
0000
0100
0000
0100
,
0001
0010
0001
0000
,
1000
0000
0001
0000
,
1000
0000
0001
0000
,
1000
0000
0001
0000
,
0100
0000
0000
0000
,
0000
0000
0000
0000
;

//---------------dance-single - ----------------
#NOTES:
     dance-single:
     :
     Medium:
     7:
     0.344,0.408,0.172,0.000,0.000:
0000
0000
0000
0000
,
0000
0000
0000
0000
,
0000
0000
0000
0000
,
0000
0000
0000
0000
,
0000
0000
0000
0000
,
1000
0000
0100
0000
,
1000
0001
1000
0001
,
0100
0000
0100
0000
,
0001
0000
0001
0001
,
1001
0000
0100
0000
1000
1000
1000
0000
,
0001
0000
1000
0000
0100
0100
0100
0000
,
1000
0000
0010
0000
0001
0001
0001
0000
,
1000
0000
0100
0000
0010
0010
0010
0000
,
0010
0000
0001
0000
0100
0100
0100
0000
,
0001
0000
0100
0000
1000
1000
1000
0000
,
1000
0000
0100
0000
0001
0001
0001
0000
,
1000
0000
0001
0000
1000
1000
1000
0000
,
1001
0000
0100
0000
0001
1000
0100
0000
,
0010
0000
1000
0000
0001
1000
0100
0000
,
0010
0000
0001
0000
1000
0001
0100
0000
,
1000
0000
0100
0000
0010
0001
0100
0000
,
0001
0000
0010
0000
0100
1000
0001
0000
,
1000
0000
0001
0000
0010
0100
1000
0000
,
0001
0000
0100
0000
0010
1000
0100
0000
,
1000
0001
1000
1000
,
0010
0000
1001
0000
0001
1000
0100
0000
,
1000
0000
0101
0000
1000
0100
0010
0000
,
0001
0000
1100
0000
0001
0010
0100
0000
,
1000
0000
1001
0000
0010
1000
0001
0000
,
0100
0000
0110
0000
1000
0010
0100
0000
,
0001
0000
1010
0000
0001
0100
0010
0000
,
1000
0000
0101
0000
0001
1000
0100
0000
,
1000
1000
1000
1000
,
1000
1000
0001
0100
,
0000
0001
0010
0100
,
0000
1000
0001
0100
,
0000
1000
0100
0010
,
0001
1001
0000
1000
,
1000
0100
0000
0001
,
0001
0100
0000
1000
,
0000
0000
1000
0001
1000
0001
1000
0001
,
1000
0000
0010
0000
1001
0000
0100
0100
,
0100
0000
0001
0000
0110
0000
1000
1000
,
1000
0000
1000
0000
0101
0000
0010
0010
,
0010
0000
0001
0000
1001
0000
0100
0100
,
0100
0000
1000
0000
0001
0000
1000
0100
,
0010
0000
0001
0000
0100
0000
1000
0100
,
0001
1000
1100
0001
,
0101
0000
1000
0001
1000
0001
1000
0001
,
0100
0000
1001
0000
0100
0000
0001
1000
,
0100
0000
1001
0000
0100
0000
1000
0001
,
0100
0000
1000
1000
1000
0000
0001
0001
,
0001
0000
0010
0000
0010
0000
0100
0100
,
0100
1000
1000
1000
,
1000
0001
0001
0001
,
0001
1000
0000
0001
,
0000
1000
1000
0100
,
0100
0000
0000
0000
,
0000
0000
0000
0000
;

//---------------dance-single - ----------------
#NOTES:
     dance-single:
     :
     Hard:
     10:
     0.423,0.462,0.010,0.000,0.115:
0000
0000
0000
0000
,
0000
0000
0000
0000
,
0000
0000
0000
0000
,
0000
0000
0000
0000
,
0000
0000
0000
0000
,
0001
0000
1000
0000
,
0010
1000
0001
0100
,
0010
1000
0001
0100
0010
1000
0100
1000
,
0001
0001
0001
0001
0001
0001
0001
0001
,
0100
0000
0000
0001
1000
0000
0000
0000
0010
0000
1000
0000
0100
0000
0000
0000
,
0001
0000
0000
1000
0100
0000
0000
0000
0010
0000
0001
0000
0100
0000
0000
0000
,
0010
0000
0000
0001
0100
0000
0000
0000
1000
0000
0100
0000
1000
0000
0000
0000
,
0100
0000
0000
0010
0001
0000
0000
0000
0001
0000
1000
0000
0100
0000
0000
0000
,
1000
0000
0000
0001
0010
0000
0000
0000
0100
0000
1000
0000
0001
0000
0000
0000
,
0100
0000
0000
0010
1000
0000
0000
0000
0001
0000
0010
0000
0100
0000
0000
0000
,
0001
0000
0000
1000
0100
0000
0000
0000
0010
0000
0001
0000
1000
0000
0000
0000
,
0010
1000
0100
0010
0001
0100
0010
1000
,
0001
0000
0000
1000
0100
0000
0000
0000
0010
0000
0000
0001
1000
0000
0000
0000
,
0001
0000
0000
0001
0100
0000
0000
0000
1000
0000
0000
1000
0100
0000
0000
0000
,
0010
0000
0000
0001
1000
0000
0000
0000
0001
0000
0000
0001
1000
0000
0000
0000
,
0100
0000
0000
1000
0100
0000
0000
0000
0010
0000
0000
1000
0001
0000
0000
0000
,
0001
0000
0000
0010
0100
0000
0000
0000
0001
0000
0000
1000
0100
0000
0000
0000
,
0001
0000
0000
0100
0010
0000
0000
0000
1000
0000
0000
0001
0010
0000
0000
0000
,
0001
0000
0000
1000
0100
0000
0000
0000
0010
0000
0010
0000
0010
0000
0000
0000
,
0010
0100
0001
1000
0100
0100
0100
0000
,
0010
1000
0001
0100
0010
1000
0001
0100
,
0010
1000
0001
0100
0001
0100
0001
0100
,
0001
0010
0100
1000
0001
0010
0100
1000
,
0001
0010
0100
1000
0100
1000
0100
1000
,
0001
1000
0100
0010
0001
1000
0100
0010
,
0001
1000
0100
0010
0100
0010
0100
0010
,
0001
0100
0010
1000
0010
0100
0001
1000
,
0001
0100
0001
0100
0001
0100
0001
0100
,
0010
1000
0001
0100
,
0100
0001
1000
0100
,
0100
1000
0010
0100
,
0100
0001
0010
0100
,
0100
1001
0000
0000
,
0000
0010
0000
1000
,
0000
0001
0100
1000
,
0010
0000
1000
1000
1000
1000
1000
1000
,
1000
0000
1000
0000
0100
0000
0000
0010
0001
0000
0000
0000
0001
0000
0001
0000
,
0001
0000
0000
0000
1000
0000
0000
0100
1000
0000
0000
0000
0001
0000
0001
0000
,
0100
0000
0000
0000
0010
0000
0000
1000
0001
0000
0000
0000
1000
0000
1000
0000
,
0100
0000
0000
0000
0010
0000
0000
0001
0100
0000
0000
0000
1000
0000
1000
0000
,
1000
0000
0010
1000
0100
1000
0001
0100
,
0010
1000
0001
1000
0100
1000
0100
1000
,
0100
1000
0001
1000
0100
1000
0001
1000
,
0100
1000
0001
1000
0001
1000
0001
1000
,
0100
1000
0001
0000
0100
0000
1000
0000
,
0100
0001
0100
1000
,
0100
0000
0001
0100
1000
0100
0001
0100
,
1000
0100
0001
0001
0001
0001
0001
0001
,
0001
0001
0100
0000
0001
0000
1000
0000
,
0001
0010
0001
0100
,
0001
0000
1000
0000
,
1000
0000
1000
0000
,
0001
0000
0000
0000
,
0000
0000
0000
0000
;

//---------------dance-double - ----------------
#NOTES:
     dance-double:
     :
     Easy:
     5:
     0.251,0.326,0.124,0.000,0.000:
00000000
00000000
00000000
00000000
,
00000000
00000000
00000000
00000000
,
00000000
00000000
00000000
00000000
,
00000000
00000000
00000000
00000000
,
00000000
00000000
00000000
00000000
,
00000001
00000000
00000100
00000000
,
00001000
00000000
00000100
00000000
,
00001000
00000000
00010000
00000000
,
01000000
00000000
10000000
10000000
,
10010000
01000000
01000000
00010000
,
00010000
00001000
00001000
00000100
,
00000100
00000001
00000001
00000010
,
00000010
00000100
00000100
00001000
,
00000001
00000100
00000100
00001000
,
00001000
00010000
00010000
01000000
,
01000000
10000000
10000000
00100000
,
00100000
10000000
10000000
01000000
,
10000000
00010000
00001000
00000010
,
00000001
00000001
00000001
00000001
,
00000001
00001000
00010000
00100000
,
10000000
10000000
10000000
10000000
,
10000000
00010000
01000000
00001000
,
00010000
00000010
00001000
00000001
,
00000001
00001000
00000100
00010000
,
00001000
00100000
00010000
10000000
,
10000000
10000000
10000000
10000000
,
00010000
00001000
00000010
00000001
,
00000001
00000001
00000001
00000001
,
00001000
00010000
00100000
10000000
,
10000000
01000000
00010000
00001000
,
00000010
00000001
00000001
00000001
,
00000001
00000100
00001000
00010000
,
00100000
10000000
10000000
10000000
,
10000000
00001000
00000000
00000001
,
00000000
00000100
00000000
00000100
,
00000000
00001000
00000000
00001000
,
00000000
00010000
00000000
00010000
,
00000000
00100000
00000000
00000000
,
00000000
10000000
00000000
00000000
,
00000000
01000000
00000000
00000000
,
00000000
00010000
00001000
00001000
,
00001000
00000110
00000001
00000001
,
00000001
00000110
00001000
00001000
,
00001000
00011000
00100000
00100000
,
00100000
01100000
10000000
10000000
,
10000000
01100000
00010000
00010000
,
00010000
00011000
00000100
00000100
,
00000100
00000110
00000001
00000110
,
00001000
00011000
00011000
00011000
,
00011000
00100000
00000000
10000000
,
00000000
01000000
00000000
00010000
,
00000000
00001000
00000000
00001000
,
00000000
00001000
00000000
00001000
,
00000010
00000001
00000001
00000000
,
00001000
00000000
00000100
00000000
,
00010000
00000000
00001000
00000000
,
00100000
00000000
00010000
00000000
,
10000000
00000000
00000000
00000000
,
00000000
00000000
00000000
00000000
;

//---------------dance-double - ----------------
#NOTES:
     dance-double:
     :
     Medium:
     8:
     0.344,0.408,0.181,0.000,0.000:
00000000
00000000
00000000
00000000
,
00000000
00000000
00000000
00000000
,
00000000
00000000
00000000
00000000
,
00000000
00000000
00000000
00000000
,
00000000
00000000
00000000
00000000
,
10000000
00000000
01000000
00000000
,
00010000
00001000
00010000
00001000
,
00000100
00000001
00000100
00000001
,
00001000
00000100
00000001
00000100
,
00000010
00000000
00010010
00000000
00001000
00001000
00001000
00000000
,
00100000
01000000
10000000
10000000
,
01000000
00000000
00010000
00000000
00001000
00001000
00001000
00000000
,
00001000
00000100
00000001
00000001
,
00001000
00000000
00000100
00000000
00010000
00010000
00010000
00000000
,
00001000
00100000
01000000
01000000
,
10000000
00000000
00010000
00000000
00100000
00100000
00100000
00000000
,
00001000
00010000
00000100
00000100
,
00001001
00000000
00000100
00000000
00001000
00010000
01000000
00000000
,
10000000
00000000
01000000
00000000
00010000
10000000
01000000
00000000
,
00010000
00000000
00001000
00000000
00010000
00001000
00100000
00000000
,
00001000
00000000
00010000
00000000
00001000
00000010
00000001
00000000
,
00000001
00000000
00000100
00000000
00000100
00000010
00001000
00000000
,
00001000
00000000
00000100
00000000
00010000
00001000
01000000
00000000
,
00100000
00000000
10000000
00000000
10000000
01000000
00010000
00000000
,
00010000
00001000
00000100
00000100
,
00000001
00000000
00001100
00000000
00000010
00010000
00001000
00000000
,
00001000
00000000
00010100
00000000
00010000
00001000
01000000
00000000
,
00100000
00000000
10010000
00000000
00100000
10000000
01000000
00000000
,
00010000
00000000
11000000
00000000
01000000
00010000
00001000
00000000
,
00000100
00000000
00000110
00000000
00000010
00001000
00000100
00000000
,
00010000
00000000
00001100
00000000
00000010
00000001
00000100
00000000
,
00001000
00000000
01001000
00000000
00010000
00001000
00000100
00000000
,
00001000
00010000
00001000
00000100
,
00000001
00010000
00001000
00000100
,
00000000
00000001
00000010
00000100
,
00000000
00010000
00001000
01000000
,
00000000
00100000
10000000
01000000
,
00010000
00011000
00000000
00001000
,
00001000
00000100
00000000
00001000
,
00010000
01000000
00000000
10000000
,
00000000
00000000
10000000
01000000
00010000
01000000
10000000
00100000
,
01000000
00000000
00001000
00000000
00011000
00000000
00000010
00000100
,
00000100
00000000
00000001
00000000
00000110
00000000
00010000
00001000
,
00001000
00000000
00001000
00000000
00000101
00000000
00001000
00010000
,
00010000
00000000
00100000
00000000
10100000
00000000
01000000
00010000
,
00010000
00000000
00001000
00000000
01010000
00000000
00100000
00001000
,
00010000
00000000
00000010
00000000
00000100
00000000
00001000
00000100
,
00000001
00001000
00000101
00000010
,
00001100
00000000
00001000
00010000
00001000
00010000
00001000
00010000
,
01000000
00000000
10010000
00000000
01000000
00000000
01000000
00010000
,
00001000
00000000
00110000
00000000
00001000
00000000
00010000
00001000
,
00000100
00000000
00000001
00000001
00000001
00000000
00000100
00001000
,
00010000
00000000
00100000
00000000
00100000
00000000
10000000
10000000
,
10000000
01000000
00010000
00100000
,
10000000
01000000
00010000
00001000
,
00000100
00000001
00000000
00001000
,
00000000
00100000
00010000
00001000
,
00000010
00000000
00000000
00000000
,
00000000
00000000
00000000
00000000
;

//---------------dance-double - ----------------
#NOTES:
     dance-double:
     :
     Hard:
     11:
     0.423,0.462,0.010,0.000,0.115:
00000000
00000000
00000000
00000000
,
00000000
00000000
00000000
00000000
,
00000000
00000000
00000000
00000000
,
00000000
00000000
00000000
00000000
,
00000000
00000000
00000000
00000000
,
00001000
00000000
00010000
00000000
,
00100000
10000000
01000000
00010000
,
00000010
00001000
00000001
00000100
00000010
00001000
00000100
00010000
,
00001000
00100000
01000000
01000000
01000000
01000000
01000000
01000000
,
10000000
00000000
00000000
00010000
01000000
00000000
00000000
00000000
00100000
00000000
10000000
00000000
01000000
00000000
00000000
00000000
,
00001000
00000000
00000000
00100000
00010000
00000000
00000000
00000000
00001000
00000000
00010000
00000000
00000100
00000000
00000000
00000000
,
00010000
00000000
00000000
00000010
00000100
00000000
00000000
00000000
00000001
00000000
00001000
00000000
00000100
00000000
00000000
00000000
,
00010000
00000000
00000000
00001000
01000000
00000000
00000000
00000000
00001000
00000000
00010000
00000000
00000100
00000000
00000000
00000000
,
00000010
00000000
00000000
00010000
00001000
00000000
00000000
00000000
01000000
00000000
00100000
00000000
10000000
00000000
00000000
00000000
,
00010000
00000000
00000000
10000000
01000000
00000000
00000000
00000000
00100000
00000000
00001000
00000000
00010000
00000000
00000000
00000000
,
01000000
00000000
00000000
00001000
00010000
00000000
00000000
00000000
00000100
00000000
00001000
00000000
00000001
00000000
00000000
00000000
,
00000010
00001000
00000100
00010000
00001000
00100000
00010000
10000000
,
00010000
00000000
00000000
00010000
00001000
00000000
00000000
00000000
00000010
00000000
00000000
00000001
00001000
00000000
00000000
00000000
,
00000100
00000000
00000000
00010000
00001000
00000000
00000000
00000000
00001000
00000000
00000000
00000001
00000100
00000000
00000000
00000000
,
00000010
00000000
00000000
00010000
00001000
00000000
00000000
00000000
00100000
00000000
00000000
10000000
01000000
00000000
00000000
00000000
,
00010000
00000000
00000000
00001000
00100000
00000000
00000000
00000000
00001000
00000000
00000000
00000100
00000001
00000000
00000000
00000000
,
00000001
00000000
00000000
00001000
00000100
00000000
00000000
00000000
00010000
00000000
00000000
01000000
10000000
00000000
00000000
00000000
,
00010000
00000000
00000000
00100000
01000000
00000000
00000000
00000000
00010000
00000000
00000000
00001000
01000000
00000000
00000000
00000000
,
00010000
00000000
00000000
00000010
00000100
00000000
00000000
00000000
00000001
00000000
00000001
00000000
00000001
00000000
00000000
00000000
,
00000010
00000100
00001000
00000100
00010000
00001000
01000000
00000000
,
10000000
00100000
01000000
00001000
00010000
00000010
00001000
00000001
,
00001000
00000100
00000010
00000100
00000010
00000100
00000010
00000100
,
00001000
00000001
00000100
00001000
00010000
01000000
10000000
00010000
,
10000000
01000000
00100000
01000000
00100000
01000000
00100000
01000000
,
10000000
00010000
01000000
00001000
00010000
01000000
00010000
00001000
,
00000100
00000001
00000010
00000100
00001000
00000100
00001000
00000100
,
00010000
00001000
00010000
00001000
00100000
01000000
00100000
01000000
,
10000000
01000000
00100000
00001000
00010000
00000100
00001000
00000001
,
00000100
10000000
00010000
01000000
,
01000000
00010000
00001000
00010000
,
00010000
00100000
10000000
01000000
,
01000000
00010000
00001000
00000100
,
00000100
00001001
00000000
00000000
,
00000000
00000100
00000000
00001000
,
00000000
00010000
01000000
10000000
,
00010000
00000000
10000000
01000000
00100000
00010000
10000000
10000000
,
10000000
00000000
10000000
00000000
01000000
00000000
00000000
00010000
00001000
00000000
00000000
00000000
00001000
00000000
00001000
00000000
,
00000100
00000000
00000000
00000000
00000001
00000000
00000000
00001000
00000100
00000000
00000000
00000000
00000001
00000000
00000001
00000000
,
00000100
00000000
00000000
00000000
00001000
00000000
00000000
00010000
00001000
00000000
00000000
00000000
00001000
00000000
00001000
00000000
,
00000100
00000000
00000000
00000000
00010000
00000000
00000000
00010000
01000000
00000000
00000000
00000000
00001000
00000000
00010000
00000000
,
01000000
00000000
10000000
00100000
01000000
00010000
10000000
01000000
,
00010000
00001000
00000100
00000001
00000100
00000001
00000100
00000001
,
00000100
00000001
00001000
00000100
00001000
00000100
00100000
00010000
,
00100000
00010000
10000000
00010000
10000000
00010000
10000000
00010000
,
01000000
00010000
10000000
00000000
01000000
00000000
00001000
00000000
,
00010000
01000000
00010000
00001000
,
00010000
00000000
01000000
00010000
00001000
00010000
01000000
00010000
,
00001000
00000100
00000010
00000010
00000010
00000010
00000100
00000100
,
00000100
00000100
00000001
00000000
00000100
00000000
00001000
00000000
,
00000100
00010000
00001000
00100000
,
01000000
00000000
10000000
00000000
,
10000000
00000000
10000000
00000000
,
00010000
00000000
00000000
00000000
,
00000000
00000000
00000000
00000000
;
