#TITLE:ACE FOR ACES;
#ARTIST:TAG×U1;
#BANNER:ACE FOR ACES.png;
#BACKGROUND:ACE FOR ACES-bg.png;
#MUSIC:ACE FOR ACES.ogg;
#SAMPLESTART:73.65;
#SAMPLELENGTH:15;
#BPMS:0=100,20=200,52=800,63.9375=200,128=100,160=200;
#STOPS:63.9375=0.285,200.25=0.3,347=0.3,347.5=0.15,348=0.15,348.5=0.15,349=0.3,349.5=0.45,350=0.3,350.5=0.15,351=0.15,351.5=0.6;

//---------------dance-single - ----------------
#NOTES:
     dance-single:
     :
     Medium:
     13:
     0.616,1,0.263,0.213,0.14:
0000
0000
0000
0000
,
0000
0000
0000
0000
,
0000
0000
0000
0000
,
1000
0000
0001
1000
,
0010
0100
0001
0000
0100
0000
1001
0000
,
1000
0000
0001
0010
0001
0000
1000
0200
,
0000
0001
0000
1000
,
0000
0010
0000
1300
,
1100
0011
1010
0101
,
0001
0000
1000
0100
1000
0000
0001
0010
,
0001
0000
0100
0010
0100
0000
0001
0100
,
0001
0000
0010
0100
1000
0000
0100
0010
,
1000
0000
0010
0001
0100
0000
1000
0000
,
0200
0000
0000
0000
,
0000
0000
0000
0000
,
0000
0000
0000
0000
0000
0000
0000
0300
,
0001
1000
0000
0100
1000
0000
0001
0000
,
1000
0100
0000
1000
0001
0000
0000
0000
,
0001
0010
0100
1000
0010
0100
0001
0000
,
1000
0100
0010
0110
,
1000
0001
0000
0100
0001
0000
0000
0000
,
0001
0100
0000
0001
1000
0000
0000
0000
,
1000
0100
1000
0001
0100
0010
1000
0000
,
0001
0000
0100
0001
0010
0000
0100
0000
,
1000
0100
1000
0001
0010
0001
0100
0000
,
0000
0001
1000
0100
1000
0001
0010
0000
,
0001
0100
1000
0100
0010
0100
0001
0000
,
0000
0000
1000
0000
0001
0000
0000
0000
1000
0000
0000
0001
0000
0000
0100
0000
,
0001
0100
0001
1000
0010
1000
0100
0000
,
0000
1000
0001
0100
0001
1000
0010
0000
,
0000
0000
1000
0000
0001
0000
1000
0000
0010
0000
0000
0100
0000
0000
0001
0000
,
0000
0001
1000
0000
0001
0100
0001
1000
,
0001
0010
0001
1000
0100
0100
1000
0010
,
0100
0001
0010
0001
1000
0000
0100
0000
1100
0000
0000
0000
0000
0000
0000
0000
,
0001
0000
1000
0100
1000
0000
0110
0000
,
0001
0100
0010
0000
0100
0000
0000
0000
0001
1000
0100
1000
0001
0000
0000
0000
,
0010
0001
1000
0100
1000
0001
0100
0010
,
1000
0000
0000
0000
0000
0000
0100
0000
0000
0000
0000
0000
1000
0000
0000
0100
0000
0000
0010
0000
0000
0001
0000
0000
1000
0000
0000
0000
0001
0000
0000
0000
1000
0000
0000
0000
0001
0000
0000
0000
0000
0000
0000
0000
0000
0000
0000
0000
,
0001
0000
1000
0100
1000
0000
0100
0000
1000
0000
0010
0000
0101
0000
0000
0000
,
0001
0000
1000
0000
0100
0000
1000
0000
0000
0110
0000
0000
1001
0000
0000
0000
0000
0000
1000
0000
0000
0001
0000
0000
,
0100
0010
1000
0000
0100
0010
0001
0000
,
0100
0010
0100
0000
0001
1000
0001
0000
,
0100
0000
0000
0001
0000
0000
0100
0000
0001
0000
0000
1000
0000
0000
0100
0000
,
1000
0000
0000
0001
0000
0000
1000
0000
0001
0000
0010
0000
0100
0000
1000
0000
,
0100
0000
0000
1000
0000
0000
0100
0000
1000
0000
0000
0001
0000
0000
0100
0000
,
0001
0000
0000
1000
0000
0000
0001
0000
1000
0000
0010
0000
1000
0000
0001
0000
,
0100
0000
0000
0001
0000
0000
0100
0000
0001
0000
0000
1000
0000
0000
0100
0000
,
1000
0000
0000
0001
0000
0000
1000
0000
0001
0000
0010
0000
0100
0000
1000
0000
,
1000
0000
0000
0100
0000
0000
1000
0000
0001
0000
0000
0010
0000
0000
0001
0000
,
1000
0000
0000
0100
0000
0000
0001
0000
0100
0000
1000
0000
0010
0000
0001
0000
,
0000
0010
0001
1000
0100
1000
0010
1000
,
0001
0000
0001
0000
1100
0000
1000
0010
,
0100
0001
0020
0000
0130
0000
1000
0100
,
0000
0100
0001
0000
0100
0000
1000
0001
,
0000
0110
0000
0000
0011
0000
1000
0000
,
0000
0001
0000
0000
0000
0000
0010
0000
0000
0001
0000
0000
1000
0000
0000
0000
,
0000
0100
0000
0000
0000
0000
0000
0000
1000
0000
0100
0000
1000
0000
0001
0000
,
0100
0010
0000
0000
1000
0001
1000
0000
,
0000
0001
0100
0010
1000
0000
0001
0000
,
1100
0000
0001
0000
1000
0000
0001
0010
,
0100
1000
0200
0000
0310
0000
0001
0100
,
0000
1000
0100
0000
0001
0000
0001
1000
,
0000
0000
0110
0000
0000
0000
0000
0000
1001
0000
0000
0000
0001
0000
0000
1000
,
0000
0000
0001
0000
1000
0000
0000
0010
0000
0000
0100
0000
0001
0000
0000
0000
,
0000
0100
0000
0000
0000
0000
0000
0000
0001
0000
0000
0000
1000
0000
0000
0001
,
0000
0000
1000
0000
0001
0000
0000
0010
0000
0000
0100
0000
2000
0000
0000
0000
,
0000
0000
3001
0000
0010
0002
0000
0000
,
1000
0100
0100
0023
,
0000
0000
0000
0030
0100
0010
0001
0100
,
0001
0000
0010
0001
1000
0000
0001
0010
,
0100
0000
1000
0010
1000
0000
0001
0100
,
1000
0000
0100
0010
0001
0000
0001
0010
,
1000
0000
0100
0010
0001
0000
1000
0100
,
1000
0000
0101
0000
0001
0000
1000
0010
,
0100
0000
1000
0100
0001
0000
1000
0100
,
0001
0000
0100
0010
1000
0000
1000
0010
,
0001
0000
0100
0010
1000
0000
0001
0100
,
0001
0000
1100
0000
1000
0000
0001
0010
,
0100
0000
0001
0100
1000
0000
0001
0010
,
1000
0010
0001
0010
0001
0000
1000
0010
,
0001
0010
1000
0010
1000
0000
0001
0100
,
0010
1000
0100
1000
0010
0100
0001
0000
,
0110
0000
1100
0000
0110
0000
0001
0010
,
0001
1000
0100
0000
1100
0000
0100
0010
,
0001
1000
0000
0000
0110
0000
0001
1000
,
0001
0010
0001
0100
1000
0100
0002
0000
,
0000
0000
0000
0000
0000
0000
0000
0000
0000
0000
0000
0000
0000
0000
0000
0000
0200
0000
0000
0000
0000
0000
0000
0000
0000
0000
0000
0000
0000
0000
0000
0000
0303
0000
0000
0000
0000
0000
0000
0000
0000
0000
0000
0000
0000
0000
0000
0000
2002
3003
0000
0000
0000
0000
0000
0000
0220
0330
0000
0000
0000
0000
0000
0000
,
0002
0003
0000
0000
0000
0000
0000
0000
2000
3000
0000
0000
0000
0000
0000
0000
0020
0030
0000
0000
0000
0000
0000
0000
1001
0000
0000
0000
0000
0000
0000
0000
0202
0303
0000
0000
0000
0000
0000
0000
2020
3030
0000
0000
0000
0000
0000
0000
0202
0303
0000
0000
0000
0000
0000
0000
2020
3030
0000
0000
0000
0000
0000
0000
,
2002
0000
0000
0000
,
0000
3003
0000
0000
;

//---------------dance-double - ----------------
#NOTES:
     dance-double:
     :
     Medium:
     13:
     0.063,0.091,0,0.016,0:
00000000
00000000
00000000
00000000
,
00000000
00000000
00000000
00000000
,
00000000
00000000
00000000
00000000
,
00010000
00000000
00001000
00010000
,
00000010
00000100
00000001
00000000
00000100
00000000
00001000
00000000
,
00100000
00000000
00010000
00100000
00010000
00000000
10000000
02000000
,
00000000
00010000
00000000
10000000
,
00000000
00100000
00000000
13000000
,
10000000
01000000
00010000
00001000
,
00000010
00000000
00001000
00010000
00001000
00000000
00000100
00000010
,
00000100
00000000
00000001
00000010
00000001
00000000
00001000
00000100
,
00010000
00000000
00001000
00010000
00100000
00000000
01000000
00100000
,
10000000
00100000
01000000
00010000
,
02000000
00000000
00000000
00000000
,
00000000
00000000
00000000
00000000
,
00000000
00000000
00000000
03000000
,
00100000
00010000
00000000
00001000
00000010
00000000
00000001
00000000
,
00000001
00000100
00000000
00000000
00000000
00000000
00000000
00000000
;