#TITLE:Across the nightmare;
#SUBTITLE:;
#ARTIST:Jimmy Weckl;
#TITLETRANSLIT:;
#SUBTITLETRANSLIT:;
#ARTISTTRANSLIT:;
#CREDIT:;
#BANNER:Across the nightmare.png;
#BACKGROUND:Across the nightmare-bg.png;
#LYRICSPATH:;
#CDTITLE:./CDTITLES/GUITARFREAKS & drummania.PNG;
#MUSIC:Across the nightmare.ogg;
#OFFSET:0.000;
#SAMPLESTART:34.396;
#SAMPLELENGTH:15.000;
#SELECTABLE:YES;
#DISPLAYBPM:300.000;
#BPMS:0.000=300.000,4.000=300.000;
#STOPS:;
#BGCHANGES:;

//---------------dance-single - ----------------
#NOTES:
     dance-single:
     :
     Beginner:
     7:
     0.314,0.370,0.144,0.000,0.000:
0000
0000
0000
0000
,
0000
0000
0000
0000
,
0000
0000
0000
0000
,
0000
0000
0000
0000
,
0000
0000
0000
0000
,
0000
0000
0000
0000
,
0000
0000
0000
0000
,
0000
0000
0000
0000
,
0000
0000
0000
0000
,
0000
0000
0000
0000
,
0000
0000
0000
0000
,
1000
0000
0000
0000
,
0100
0000
0000
0000
,
0001
0000
0000
0000
,
0100
0000
0000
0000
,
1000
0000
0000
0000
,
0100
0000
0000
0000
,
0001
0000
0000
0000
,
0100
0000
0000
0110
,
0000
0010
0000
0010
,
0000
0100
0000
0100
,
0000
0001
0000
0001
,
0000
1000
0000
1000
,
1000
0000
0001
0000
,
1000
0000
0001
0000
,
0100
0000
0100
0000
,
0010
0000
0010
0000
,
0001
0000
1000
0000
,
0001
0000
1000
0000
,
0100
0000
0100
0000
,
0010
0000
0010
0000
,
0100
0000
0010
0000
,
0100
0000
0010
0000
,
1000
0000
1000
0000
,
0001
0000
0001
0000
,
1000
0000
0010
0000
,
0100
0000
0001
0000
,
0010
0000
0100
0000
,
1000
0000
0000
1001
,
0000
0100
0000
0100
,
0000
0010
0000
0010
,
0000
1000
0000
0001
,
0000
1000
0000
0001
,
0001
0000
0001
0000
,
0010
0000
0010
0000
,
0100
0000
0100
0000
,
1000
0000
1001
0000
,
0001
0000
0001
0000
,
0010
0000
0010
0000
,
0100
0000
0100
0000
,
1000
0000
1001
0000
,
1000
0000
0001
0000
,
1000
0000
0001
0000
,
0100
0000
0010
0000
,
0100
0000
0110
0000
,
0001
0000
1000
0000
,
0001
0000
1000
0000
,
0100
0000
0010
0000
,
0100
0000
0110
0000
,
1000
0000
0000
0001
,
0001
0000
0000
0100
,
0100
0000
0000
0010
,
0010
0000
0000
1000
,
1000
0000
0000
0100
,
0100
0000
0000
0010
,
0010
0000
0000
0001
,
0001
0000
1001
0000
,
1000
0000
1000
0000
,
0100
0000
0001
0000
,
0100
0000
1000
0000
,
1000
1000
0000
0000
,
0001
0000
0001
0000
,
0100
0000
1000
0000
,
0100
0000
0001
0000
,
0001
0001
0000
0000
,
1000
0000
0100
0000
,
0001
0000
0010
0000
,
0100
0000
1000
0000
,
0100
0100
0000
0000
,
0001
0000
0010
0000
,
1000
0000
0010
0000
,
0001
0000
0010
0000
,
0100
0000
0000
0110
,
0000
0100
0000
0100
,
0000
0010
0000
0010
,
0000
1000
0000
0001
,
0000
1000
0000
0001
,
0001
0000
0000
0000
,
1000
0000
0000
0000
,
0010
0000
0000
0000
,
0100
0000
0110
0000
,
1000
0000
0000
0000
,
0001
0000
0000
0000
,
0010
0000
0000
0000
,
0100
0000
0110
0000
,
1000
0000
1000
0000
,
0100
0000
0100
0000
,
0001
0000
0001
0000
,
0100
0000
0110
0000
,
1000
0000
0010
0000
,
0001
0000
0010
0000
,
1000
0000
0001
0000
,
0100
0000
0110
0000
,
0000
0000
0000
0000
;

//---------------dance-single - ----------------
#NOTES:
     dance-single:
     :
     Easy:
     8:
     0.385,0.554,0.228,0.000,0.000:
0000
0000
0000
0000
,
0000
0000
0000
0000
,
0000
0000
0000
0000
,
0000
0000
0000
0000
,
0000
0000
0000
0000
,
0000
0000
0000
0000
,
0000
0000
0000
0000
,
0000
0000
0000
0000
,
0000
0000
0000
0000
,
0000
0000
0000
0000
,
0000
0000
0000
0000
,
1000
0000
0000
1000
0000
0000
0000
0000
,
0001
0000
0000
0001
0000
0000
0000
0000
,
1000
0000
0000
1000
0000
0000
0000
0000
,
0100
0000
0000
0110
0000
0000
0000
0000
,
0001
0000
0000
0001
0000
0000
0000
0000
,
1000
0000
0000
1000
0000
0000
0000
0000
,
0001
0000
0000
0001
0000
0000
0000
0000
,
0100
0000
0000
0100
0000
0000
0110
0000
,
0000
0010
0000
0010
,
0000
1000
0000
1000
,
0000
0001
0000
0001
,
0000
0100
0000
0010
,
1000
0000
1000
0000
,
1000
0000
0000
1000
0000
0000
1000
0000
,
0001
0000
1001
0000
,
0010
0000
0110
0000
,
0001
0000
0001
0000
,
0001
0000
0000
0001
0000
0000
0001
0000
,
1000
0000
1001
0000
,
0010
0000
0110
0000
,
1000
0000
0001
0000
,
1000
0000
0000
0001
0000
0000
1000
0000
,
0001
0000
1001
0000
,
0100
0000
0110
0000
,
0010
1000
0010
1000
,
0001
1000
0001
1000
,
0001
0100
0001
0100
,
0010
0000
0000
0100
0000
0000
0110
0000
,
0000
0100
0000
0100
,
0000
0010
0000
0010
,
0000
1000
0000
0001
,
0000
1000
0000
0001
,
1000
0000
1000
0000
,
0100
0000
0100
0000
,
0010
0000
0010
0000
,
0001
0000
1001
0000
,
0001
0000
0001
0000
,
0100
0000
0100
0000
,
0010
0000
0010
0000
,
1000
0000
1001
0000
,
1000
0000
0100
0000
,
0001
0000
0100
0000
,
1000
0000
0100
0000
,
0010
0000
0110
0000
,
0001
0000
0010
0000
,
1000
0000
0010
0000
,
0001
0000
0010
0000
,
0100
0000
0110
0000
,
0010
0000
0000
0010
,
0001
0000
0000
0001
,
1000
0000
0000
1000
,
0100
0000
0000
0100
,
0010
0000
0000
0010
,
0001
0000
0000
0001
,
1000
0000
0000
1000
,
0100
0000
0110
0000
,
0010
0000
0010
0000
,
0001
0000
1000
0000
,
0001
0000
0100
0000
,
0010
0100
0000
0000
,
0010
0000
0010
0000
,
1000
0000
0001
0000
,
1000
0000
0100
0000
,
0010
0100
0000
0010
,
1000
0000
0001
0000
,
0100
0000
0001
0000
,
0010
0000
0001
0000
,
0010
0100
0000
0000
,
0001
0000
1000
0000
,
0100
0000
1000
0000
,
0010
0000
1000
0000
,
0100
0000
0000
0010
0000
0000
0110
0000
,
0000
0100
0000
0100
,
0000
0010
0000
0010
,
0000
0001
0000
1000
,
0000
0001
0000
1000
,
0010
0000
0000
0010
0000
0000
0010
0000
,
0000
0010
0000
0000
0010
0000
0000
0000
,
1000
0000
0001
0000
,
1000
0000
0000
1001
0000
0000
0000
0000
,
0100
0000
0100
0000
,
0100
0010
0100
0010
,
1000
0000
0001
0000
,
1000
0000
0000
1001
0000
0000
0000
0000
,
1000
0100
0010
0001
,
0010
0100
1000
0001
,
1000
0000
0001
0000
,
1000
0000
0000
1001
0000
0000
0000
0000
,
0100
0000
0010
0000
,
1000
0000
0000
0001
0000
0000
1000
0000
,
0100
0000
0010
0000
,
0001
0000
0000
1001
0000
0000
0000
0000
,
0000
0000
0000
0000
;

//---------------dance-single - ----------------
#NOTES:
     dance-single:
     :
     Medium:
     10:
     0.519,0.554,0.180,0.156,0.084:
0000
0000
0000
0000
,
0000
0000
0000
0000
,
0000
0000
0000
0000
,
0000
0000
0000
0000
,
0000
0000
0000
0000
,
0000
0000
0000
0000
,
0000
0000
0000
0000
,
0000
0000
0000
0000
,
0000
0000
0000
0000
,
0000
0000
0000
0000
,
0000
0000
0000
0000
,
1000
0000
0000
0100
0000
0000
0000
0000
,
1000
0000
0000
1001
0000
0000
0000
0000
,
0001
0000
0000
0100
0000
0000
0000
0000
,
1000
0000
0000
1001
0000
0000
0000
0000
,
0010
0000
0000
1000
0000
0000
0000
0000
,
0010
0000
0000
0110
0000
0000
0000
0000
,
0100
0000
0000
0001
0000
0000
0000
0000
,
0100
0000
0000
0010
0000
0000
0110
0000
,
0000
0100
0000
0100
,
0000
0010
0000
0010
,
1000
0001
1000
0001
,
1000
0001
1000
0001
,
1000
0010
1000
0010
,
1000
0010
0000
1000
0000
0000
0010
0000
,
1000
0000
0000
1000
0000
0000
0000
0000
,
0001
0000
0000
0001
0000
0000
0000
0000
,
0001
0010
0001
0010
,
0001
0010
0000
0001
0000
0000
0010
0000
,
0001
0000
0000
0001
0000
0000
0000
0000
,
1000
0000
0000
1000
0000
0000
0000
0000
,
0100
0010
0100
0010
,
0100
0000
0010
0100
0000
0010
0000
0000
,
1000
0000
0000
1000
0000
0000
0000
0000
,
0001
0000
0000
1001
0000
0000
0000
0000
,
1000
0100
1000
0100
,
1000
0001
1000
0001
,
0010
0001
0010
0001
,
0010
0000
0000
0100
0000
0000
0110
0000
,
0000
0100
0000
1000
,
0000
0001
0000
0010
,
0100
0010
0100
0010
,
0100
0010
0100
0010
,
0001
0001
0010
0010
,
0100
0100
1000
1000
,
0001
0001
0100
0100
,
0010
0010
0110
0000
,
1000
1000
0010
0010
,
0100
0100
0001
0001
,
1000
1000
0100
0100
,
0010
0010
0110
0000
,
0001
0001
0010
0010
,
1000
1000
0010
0010
,
0001
0001
0100
0100
,
0010
0100
0110
0000
,
1000
1000
0100
0100
,
0001
0001
0100
0100
,
1000
1000
0100
0100
,
0010
0000
0100
0000
0010
0100
0000
0000
,
0001
0000
1000
0000
0001
0000
,
0100
0000
0010
0000
0100
0000
,
0010
0000
0100
0000
0010
0000
,
1000
0000
0001
0000
1000
0000
,
0100
0000
0010
0000
0001
0000
,
0010
0000
0100
0000
1000
0000
,
0001
0000
1000
0000
0001
0000
,
0010
0000
1001
0000
,
2000
0000
0000
3000
,
0001
0100
0010
2000
,
0000
3001
0002
0000
,
1003
0100
0000
0000
,
0001
0000
1000
0000
0100
1000
0000
0000
,
0001
0000
1000
0000
0100
1000
0000
0000
,
0020
0200
0000
0000
,
0000
0330
0100
0010
,
2000
0000
0000
3000
,
1000
0100
0010
0001
,
1000
0000
0001
0000
1000
0000
0001
1000
,
0000
0010
0000
0000
,
0000
0000
0002
0000
0000
0100
0003
0000
,
0001
0100
0001
2000
,
0000
3000
0002
0000
,
1003
0000
0000
0001
0000
0000
1001
0000
,
0000
0100
0000
0010
,
0000
0100
0000
0010
,
0100
0010
0100
0010
,
0100
0010
0100
0010
,
1000
0000
0000
0001
0000
0000
1000
0000
,
0000
0001
0000
0000
1000
0000
0001
0000
,
0020
0000
0032
0000
,
1003
0000
0000
1001
0000
0000
0000
0000
,
2000
3000
0200
0300
,
1000
0001
1000
0100
,
1000
0001
1000
0000
,
0100
0000
0000
0110
0000
0000
0000
0000
,
0001
0010
0001
1000
,
0001
0010
0100
0010
,
0001
1000
0100
1000
,
0010
0000
0000
0110
0000
0000
0000
0000
,
0100
0000
1000
0000
,
0001
0000
0000
1000
0000
0000
0010
0000
,
0100
0000
0001
0000
,
1000
0000
0000
0110
0000
0000
0000
0000
,
0000
0000
0000
0000
;

//---------------dance-single - ----------------
#NOTES:
     dance-single:
     :
     Hard:
     12:
     0.637,0.923,0.649,0.144,0.084:
0000
0000
0000
0000
,
0000
0000
0000
0000
,
0000
0000
0000
0000
,
0000
0000
0000
0000
,
0000
0000
0000
0000
,
0000
0000
0000
0000
,
0000
0000
0000
0000
,
0000
0000
0000
0000
,
0000
0000
0000
0000
,
0000
0000
0000
0000
,
0000
0000
0000
0000
,
1000
0000
0000
1100
0000
0000
0000
0000
,
0100
0000
0000
0110
0000
0000
0000
0000
,
0010
0000
0000
0011
0000
0000
0000
0000
,
0001
0000
0000
1001
0000
0000
0000
0000
,
0001
0000
0000
0101
0000
0000
0000
0000
,
0100
0000
0000
0110
0000
0000
0000
0000
,
0010
0000
0000
1010
0000
0000
0000
0000
,
1000
0000
0000
0001
0000
0000
1001
0000
,
0000
0100
0000
0010
,
0000
1000
0000
0001
,
1000
0010
0100
0001
,
1000
0010
0100
0001
,
1000
0010
1000
0010
,
1000
0000
0010
1000
0000
0000
0010
0000
,
0100
0000
0000
0110
0000
0000
0000
0000
,
0001
0000
0000
1001
0000
0000
0000
0000
,
0001
0010
0001
0010
,
0001
0000
0010
0001
0000
0000
0010
0000
,
0100
0000
0000
0110
0000
0000
0000
0000
,
1000
0000
0000
1001
0000
0000
0000
0000
,
1000
0001
1000
0001
,
1000
0000
0001
1000
0000
0000
0001
0000
,
0100
0000
0000
0110
0000
0000
0000
0000
,
0010
0000
0000
1001
0000
0000
0000
0000
,
1000
0100
1000
0100
,
0010
0001
0010
0001
,
0010
0100
0010
0100
,
0010
0000
0000
1100
0000
0000
1001
0000
,
0100
0001
0100
0001
,
0100
0010
0100
0010
,
1000
0010
1000
0010
,
1000
0001
1000
0001
1000
0001
1000
0000
,
0001
0100
0001
0010
,
0001
0100
0001
0010
,
0001
0100
0001
0010
,
0001
0100
0110
0000
,
1000
0010
1000
0100
,
1000
0010
1000
0100
,
1000
0010
1000
0100
,
1000
0010
0110
0000
,
0001
0100
1000
0100
,
0001
0100
1000
0100
,
0001
0100
1000
0100
,
0001
1000
1001
0000
,
1000
0100
0001
0100
,
1000
0100
0001
0100
,
1000
0100
0001
0100
,
1000
0000
0001
0000
1000
0001
0000
0000
,
1001
0000
1001
0000
1001
0000
,
1100
0000
1100
0000
1100
0000
,
0110
0000
0110
0000
0110
0000
,
0011
0000
0011
0000
0011
0000
,
1001
0000
1001
0000
1001
0000
,
0101
0000
0101
0000
0101
0000
,
0110
0000
0110
0000
0110
0000
,
1010
0000
1001
0000
,
0200
0000
0000
0300
,
0100
0010
0100
0000
0010
0000
0020
0000
,
0000
0031
0002
0000
,
1003
1001
0000
0000
,
0010
0000
0010
0000
0100
0010
0000
0000
,
1000
0000
1000
0000
0001
1000
0000
0010
,
0000
0200
0000
0000
,
0310
0000
0000
0000
0010
0100
0010
0000
,
0002
0000
0000
0003
,
1000
0100
1000
0000
0001
0000
0001
0000
,
1000
0000
1000
0000
0001
0000
1000
0001
,
0000
0010
0000
0000
,
0100
0000
2000
0000
0000
0001
3000
0000
,
1000
0100
1000
0002
,
0000
0003
0200
0000
,
0310
0000
0000
1010
0000
0000
1001
0000
,
0100
0001
1000
0010
,
0100
0001
1000
0010
,
0100
0010
0100
0010
,
0100
0010
0100
0010
0100
0010
0100
0000
,
0010
1000
0000
1000
0001
0000
0001
0100
,
0000
0100
0010
0000
1000
0001
1000
0001
,
2000
3000
0002
0003
,
0100
0000
0000
0110
0000
0000
0000
0000
,
0002
0003
2000
3000
,
0100
0010
0100
1000
,
0001
1000
0001
0000
,
0100
0000
0000
0110
0000
0000
0000
0000
,
1000
0001
1000
0010
,
0100
0010
0100
0001
,
0010
0001
1000
0001
,
0010
0000
0000
0110
0000
0000
0000
0000
,
1100
0000
0110
0000
,
0011
0000
0000
1001
0000
0000
0101
0000
,
0010
0100
0010
0100
0010
0100
0010
0100
,
0010
0000
0000
1001
0000
0000
0000
0000
,
0000
0000
0000
0000
;

//---------------dance-single - ----------------
#NOTES:
     dance-single:
     :
     Challenge:
     13:
     0.749,1.000,0.769,0.000,0.084:
0000
0000
0000
0000
,
0000
0000
0000
0000
,
0000
0000
0000
0000
,
0000
0000
0000
0000
,
0000
0000
0000
0000
,
0000
0000
0000
0000
,
0000
0000
0000
0000
,
0000
0000
0000
0000
,
0000
0000
0000
0000
,
0000
0000
0000
0000
,
0000
0000
0000
0000
,
1010
0000
0000
1001
0000
0000
0100
0000
,
0101
0000
0000
1001
0000
0000
0010
0000
,
0011
0000
0000
1001
0000
0000
0100
0000
,
1100
0000
0000
0110
0000
0000
0000
0000
,
0011
0000
0000
1001
0000
0000
0100
0000
,
1100
0000
0000
1001
0000
0000
0010
0000
,
1010
0000
0000
1001
0000
0000
0100
0000
,
0101
0000
0000
0110
0000
0000
1010
0000
,
1000
0010
1000
0010
,
0100
0001
0100
0001
,
1000
0001
1000
0001
1000
0001
1000
0001
,
1000
0001
1000
0001
1000
0001
1000
0000
,
0100
0010
0100
0010
,
0100
0000
0010
0100
0000
0000
1000
0000
,
1001
0000
0000
1100
0000
0000
0010
0000
,
0011
0000
0000
1001
0000
0000
0001
0000
,
1000
0001
1000
0001
,
1000
0000
0001
1000
0000
0000
0010
0000
,
0110
0000
0000
1010
0000
0000
0100
0000
,
0101
0000
0000
0110
0000
0000
0100
0000
,
0010
1000
0001
0100
,
0010
0000
1000
0001
0000
0000
0100
0000
,
0110
0000
0000
1010
0000
0000
0001
0000
,
1001
0000
0000
1100
0000
0000
0001
0000
,
0010
0001
0010
0000
0001
0000
0001
0000
,
1000
0100
1000
0000
0100
0000
0100
0000
,
0010
0001
0010
0000
0100
1000
0100
0000
,
0010
0000
0000
0100
0000
0000
0010
0000
,
0100
1000
0100
0010
,
0100
0001
0100
0010
,
0100
0010
0100
0010
0100
0010
0100
0010
,
0100
0010
0100
0010
0100
0010
0100
0000
,
0010
0001
0010
0100
,
0010
1000
0010
0100
,
0100
0001
0100
0010
,
0100
1000
1100
0000
,
0010
1000
0010
0100
,
0010
0001
0010
0100
,
0100
1000
0100
0010
,
0100
0001
0101
0000
,
0010
0001
0010
0000
0001
0000
1000
0000
,
0010
1000
0010
0000
1000
0000
0001
0000
,
1000
0001
1000
0000
0001
0000
1000
0000
,
0100
0010
0110
0000
,
0100
1000
0100
0000
1000
0000
0001
0000
,
0100
0001
0100
0000
0001
0000
1000
0000
,
0001
1000
0001
0000
1000
0001
1000
0000
,
0100
0000
0010
0000
0001
1000
0000
0000
,
0011
0000
1001
0000
0101
0000
,
0110
0000
1010
0000
1001
0000
,
1100
0000
1001
0000
1010
0000
,
0110
0000
0101
0000
1001
0000
,
0101
0000
0110
0000
1010
0000
,
1001
0000
1100
0000
0110
0000
,
0011
0000
1001
0000
1100
0000
,
0011
0000
1001
0000
,
0100
0000
0000
0010
1000
0000
0001
0000
,
0100
0001
0100
0000
0010
0000
1000
0000
,
0000
0100
1000
0001
,
1000
1100
0000
0000
,
0001
0000
0010
0000
0100
0010
0000
0100
,
1000
0000
0001
0000
1000
0010
0000
1000
,
0000
0001
0000
0100
,
0010
0000
0100
0000
0010
1000
0010
0000
,
1000
0000
0000
0001
1000
0000
0100
0000
,
1000
0100
1000
0000
0001
0000
0010
0000
,
0100
0000
0010
0000
0001
0000
1000
0100
,
0000
1100
0000
0000
,
0001
0000
0010
0000
0000
0100
0000
0000
,
1000
0100
1000
0000
0001
0000
1000
0000
,
0000
0000
0100
0000
,
0011
0000
0000
1001
0000
0000
1100
0000
,
0100
0010
0100
1000
,
0100
0010
0100
1000
,
0001
1000
0001
1000
0001
1000
0001
1000
,
0001
1000
0001
1000
0001
1000
0001
0000
,
1000
0001
0000
1000
0010
0000
1000
0001
,
0000
1000
0100
0000
1000
0001
1000
0001
,
0010
0000
0100
0000
,
1000
0000
0000
1001
0000
0000
0000
0000
,
0001
0000
0100
0000
,
0001
0010
0001
1000
,
0100
1000
0001
0000
,
1000
0100
0000
1100
0000
0000
0000
0000
,
0001
0010
0001
0000
1000
0000
1000
0000
,
1000
0100
1000
0000
0001
0000
0001
0000
,
1000
0100
0010
0001
,
0010
0000
0000
0110
0000
0000
0000
0000
,
1000
0100
1000
0100
1000
0100
1000
0100
,
1000
0001
1000
0001
1000
0001
1000
0001
,
0010
0001
0010
0001
0010
0001
0010
0001
,
0010
0000
0000
1001
0000
0000
0000
0000
,
0000
0000
0000
0000
;

//---------------dance-double - ----------------
#NOTES:
     dance-double:
     :
     Easy:
     8:
     0.386,0.554,0.240,0.000,0.000:
00000000
00000000
00000000
00000000
,
00000000
00000000
00000000
00000000
,
00000000
00000000
00000000
00000000
,
00000000
00000000
00000000
00000000
,
00000000
00000000
00000000
00000000
,
00000000
00000000
00000000
00000000
,
00000000
00000000
00000000
00000000
,
00000000
00000000
00000000
00000000
,
00000000
00000000
00000000
00000000
,
00000000
00000000
00000000
00000000
,
00000000
00000000
00000000
00000000
,
10000000
00000000
00000000
10000000
00000000
00000000
00000000
00000000
,
01000000
00000000
00000000
01000000
00000000
00000000
00000000
00000000
,
00010000
00000000
00000000
00010000
00000000
00000000
00000000
00000000
,
00001000
00000000
00000000
00011000
00000000
00000000
00000000
00000000
,
00001000
00000000
00000000
00001000
00000000
00000000
00000000
00000000
,
00000100
00000000
00000000
00000100
00000000
00000000
00000000
00000000
,
00000001
00000000
00000000
00000001
00000000
00000000
00000000
00000000
,
00001000
00000000
00000000
00000001
00000000
00000000
00001001
00000000
,
00000000
00000100
00000000
00000100
,
00000000
00001000
00000000
00001000
,
00000000
00010000
00000000
00010000
,
00000000
01000000
00000000
01010000
,
01000000
00000000
00100000
00000000
,
10000000
00000000
00000000
10000000
00000000
00000000
10000000
00000000
,
01000000
00000000
01100000
00000000
,
00100000
00000000
00110000
00000000
,
00001000
00000000
00010000
00000000
,
00001000
00000000
00000000
00001000
00000000
00000000
00001000
00000000
,
00000010
00000000
00000110
00000000
,
00000001
00000000
00001001
00000000
,
00000100
00000000
00001000
00000000
,
00010000
00000000
00000000
00100000
00000000
00000000
00100000
00000000
,
10000000
00000000
10010000
00000000
,
01000000
00000000
01100000
00000000
,
00100000
00010000
00100000
00010000
,
00100000
00001000
00100000
00001000
,
00010000
00001000
00010000
00001000
,
00010000
00000000
00000000
00000100
00000000
00000000
00010100
00000000
,
00000000
00001000
00000000
00001000
,
00000000
00000001
00000000
00000001
,
00000000
00000100
00000000
00001000
,
00000000
00010000
00000000
00100000
,
10000000
00000000
10000000
00000000
,
01000000
00000000
01000000
00000000
,
00010000
00000000
00010000
00000000
,
00001000
00000000
00011000
00000000
,
00010000
00000000
00010000
00000000
,
00001000
00000000
00001000
00000000
,
00000010
00000000
00000010
00000000
,
00000001
00000000
00001001
00000000
,
00000001
00000000
00000001
00000000
,
00000010
00000000
00000010
00000000
,
00001000
00000000
00001000
00000000
,
00010000
00000000
00011000
00000000
,
00001000
00000000
00001000
00000000
,
00010000
00000000
00010000
00000000
,
01000000
00000000
01000000
00000000
,
10000000
00000000
10010000
00000000
,
00010000
00000000
00000000
00010000
,
10000000
00000000
00000000
10000000
,
01000000
00000000
00000000
01000000
,
00100000
00000000
00000000
00100000
,
00001000
00000000
00000000
00001000
,
00010000
00000000
00000000
00010000
,
00000100
00000000
00000000
00000100
,
00000010
00000000
00000110
00000000
,
00000010
00000000
00000010
00000000
,
00000001
00000000
00000100
00000000
,
00000001
00000000
00001000
00000000
,
00000100
00000100
00000000
00000000
,
00010000
00000000
00001000
00000000
,
00100000
00000000
00001000
00000000
,
00100000
00000000
01000000
00000000
,
00100000
00010000
00000000
10000000
,
00010000
00000000
01000000
00000000
,
00001000
00000000
00010000
00000000
,
00000010
00000000
00001000
00000000
,
00000001
00001000
00000000
00000000
,
00000100
00000000
00010000
00000000
,
00001000
00000000
00010000
00000000
,
00001000
00000000
01000000
00000000
,
00010000
00000000
00000000
10000000
00000000
00000000
10010000
00000000
,
00000000
01000000
00000000
01000000
,
00000000
00010000
00000000
00010000
,
00000000
00001000
00000000
00001000
,
00000000
00000010
00000000
00000010
,
00000001
00000000
00000000
00000001
00000000
00000000
00000001
00000000
,
00000000
00000001
00000000
00000000
00000001
00000000
00000000
00000000
,
00000100
00000000
00001000
00000000
,
00010000
00000000
00000000
00011000
00000000
00000000
00000000
00000000
,
00100000
00000000
01000000
00000000
,
00100000
01000000
00100000
01000000
,
00010000
00000000
10000000
00000000
,
01000000
00000000
00000000
11000000
00000000
00000000
00000000
00000000
,
01000000
00010000
00001000
00000010
,
00001000
00000010
00000001
00001000
,
00000001
00000000
00000100
00000000
,
00001000
00000000
00000000
00011000
00000000
00000000
00000000
00000000
,
01000000
00000000
00100000
00000000
,
00001000
00000000
00000000
00010000
00000000
00000000
00000100
00000000
,
00000010
00000000
00000000
00000001
00000000
00000000
00000000
00000000
,
00001000
00000000
00000000
00001001
00000000
00000000
00000000
00000000
,
00000000
00000000
00000000
00000000
;

//---------------dance-double - ----------------
#NOTES:
     dance-double:
     :
     Medium:
     11:
     0.519,0.554,0.216,0.120,0.084:
00000000
00000000
00000000
00000000
,
00000000
00000000
00000000
00000000
,
00000000
00000000
00000000
00000000
,
00000000
00000000
00000000
00000000
,
00000000
00000000
00000000
00000000
,
00000000
00000000
00000000
00000000
,
00000000
00000000
00000000
00000000
,
00000000
00000000
00000000
00000000
,
00000000
00000000
00000000
00000000
,
00000000
00000000
00000000
00000000
,
00000000
00000000
00000000
00000000
,
10000000
00000000
00000000
01000000
00000000
00000000
00000000
00000000
,
01000000
00000000
00000000
00010000
00000000
00000000
00000000
00000000
,
00010000
00000000
00000000
00001000
00000000
00000000
00000000
00000000
,
00001000
00000000
00000000
00011000
00000000
00000000
00000000
00000000
,
00001000
00000000
00000000
00000010
00000000
00000000
00000000
00000000
,
00000010
00000000
00000000
00000001
00000000
00000000
00000000
00000000
,
00000001
00000000
00000000
00000100
00000000
00000000
00000000
00000000
,
00000100
00000000
00000000
00001000
00000000
00000000
00011000
00000000
,
00000000
00100000
00000000
00100000
,
00000000
01000000
00000000
01000000
,
00010000
10000000
00010000
10000000
,
00010000
10000000
00010000
10000000
,
01000000
00010000
01000000
00010000
,
01000000
00010000
00000000
01000000
00000000
00000000
00010000
00000000
,
00001000
00000000
00000000
00011000
00000000
00000000
00000000
00000000
,
00000010
00000000
00000000
00000011
00000000
00000000
00000000
00000000
,
00000001
00000100
00000001
00000100
,
00000001
00000100
00000000
00000001
00000000
00000000
00000100
00000000
,
00001000
00000000
00000000
00011000
00000000
00000000
00000000
00000000
,
00010000
00000000
00000000
00110000
00000000
00000000
00000000
00000000
,
00100000
10000000
00010000
01000000
,
00001000
00000000
00010000
00001000
00000000
01000000
00000000
00000000
,
00100000
00000000
00000000
01100000
00000000
00000000
00000000
00000000
,
10000000
00000000
00000000
10010000
00000000
00000000
00000000
00000000
,
10000000
01000000
00010000
00001000
,
00000010
00000001
00000010
00001000
,
00000010
00000001
00000100
00001000
,
00010000
00000000
00000000
00001000
00000000
00000000
00011000
00000000
,
00000000
00000100
00000000
00000100
,
00000000
00000010
00000000
00000010
,
00000001
00001000
00000001
00001000
,
00000001
00001000
00000001
00001000
,
00000001
00000100
00001000
00010000
,
00100000
10000000
00100000
00010000
,
00001000
00010000
00100000
10000000
,
01000000
00100000
01100000
00000000
,
10000000
01000000
00010000
00001000
,
00000010
00000001
00000010
00001000
,
00010000
00001000
00000010
00000001
,
00000100
00000010
00000110
00000000
,
00000100
00000001
00000100
00001000
,
00010000
00100000
10000000
00100000
,
00010000
00001000
00010000
01000000
,
10000000
00010000
00110000
00000000
,
01000000
10000000
01000000
00010000
,
00001000
00000010
00000001
00000010
,
00001000
00010000
00001000
00000100
,
00000001
00000000
00001000
00000000
00000001
00000010
00000000
00000000
,
00000100
00000000
00000100
00000000
00000100
00000000
,
00010000
00000000
00010000
00000000
00010000
00000000
,
00001000
00000000
00001000
00000000
00001000
00000000
,
00100000
00000000
00100000
00000000
00100000
00000000
,
01000000
00000000
01000000
00000000
01000000
00000000
,
00010000
00000000
00010000
00000000
00010000
00000000
,
00001000
00000000
00001000
00000000
00001000
00000000
,
00000010
00000000
00000110
00000000
,
00000002
00000000
00000000
00000003
,
00000100
00001000
00010000
00002000
,
00003000
00010000
00200000
00300000
,
10000000
00010000
00000000
00000000
,
10000000
00000000
01000000
00000000
01000000
00010000
00000000
00000000
,
00010000
00000000
00001000
00000000
00001000
00000010
00000000
00000000
,
00000002
00002000
00000000
00000000
,
00000000
00003003
00000001
00000100
,
00000020
00000000
00000000
00000030
,
00010000
00001000
01000000
00001000
,
00010000
00000000
01000000
00000000
10000000
00000000
00010000
10000000
,
00000000
00100000
00000000
00000000
,
00000000
00000000
10000000
00000000
00000000
01000000
00000000
00000000
,
00010000
00001000
00000010
00000002
,
00000000
00000003
00002000
00003000
,
00000100
00000000
00000000
00010000
00000000
00000000
00011000
00000000
,
00000000
01000000
00000000
01000000
,
00000000
00100000
00000000
00100000
,
10000000
00010000
10000000
00010000
,
10000000
00010000
10000000
00010000
,
10000000
00000000
00000000
10000000
00000000
00000000
01000000
00000000
,
00000000
01000000
00000000
00000000
00010000
00000000
00010000
00000000
,
00001000
00000000
00000010
00000000
,
00000001
00000000
00000000
00001001
00000000
00000000
00000000
00000000
,
00000002
00000003
00000200
00000300
,
00001000
00010000
00100000
00010000
,
00001000
01000000
00100000
00000000
,
10000000
00000000
00000000
10010000
00000000
00000000
00000000
00000000
,
10000000
01000000
00010000
00001000
,
00000010
00000001
00000010
00001000
,
00000010
00000001
00001000
00000100
,
00000010
00000000
00000000
00001001
00000000
00000000
00000000
00000000
,
00000100
00000000
00001000
00000000
,
00010000
00000000
00000000
00100000
00000000
00000000
00100000
00000000
,
00010000
00000000
00001000
00000000
,
00000100
00000000
00000000
00000110
00000000
00000000
00000000
00000000
,
00000000
00000000
00000000
00000000
;

//---------------dance-double - ----------------
#NOTES:
     dance-double:
     :
     Hard:
     13:
     0.615,0.923,0.469,0.168,0.084:
00000000
00000000
00000000
00000000
,
00000000
00000000
00000000
00000000
,
00000000
00000000
00000000
00000000
,
00000000
00000000
00000000
00000000
,
00000000
00000000
00000000
00000000
,
00000000
00000000
00000000
00000000
,
00000000
00000000
00000000
00000000
,
00000000
00000000
00000000
00000000
,
00000000
00000000
00000000
00000000
,
00000000
00000000
00000000
00000000
,
00000000
00000000
00000000
00000000
,
00100000
00000000
00000000
00110000
00000000
00000000
00000000
00000000
,
00001000
00000000
00000000
00011000
00000000
00000000
00000000
00000000
,
00010000
00000000
00000000
00010100
00000000
00000000
00000000
00000000
,
00000100
00000000
00000000
00000110
00000000
00000000
00000000
00000000
,
00000010
00000000
00000000
00000011
00000000
00000000
00000000
00000000
,
00000001
00000000
00000000
00000101
00000000
00000000
00000000
00000000
,
00000100
00000000
00000000
00001100
00000000
00000000
00000000
00000000
,
00001000
00000000
00000000
00010000
00000000
00000000
00011000
00000000
,
00000000
00100000
00000000
10000000
,
00000000
00100000
00000000
01000000
,
00100000
10000000
01000000
00010000
,
00001000
00000010
00000001
00001000
,
00000001
00000100
00000001
00000100
,
00000001
00000000
00000100
00000001
00000000
00000000
00000100
00000000
,
00001000
00000000
00000000
00011000
00000000
00000000
00000000
00000000
,
00010000
00000000
00000000
00110000
00000000
00000000
00000000
00000000
,
00100000
10000000
00100000
10000000
,
00100000
00000000
10000000
00100000
00000000
00000000
10000000
00000000
,
01000000
00000000
00000000
01010000
00000000
00000000
00000000
00000000
,
00010000
00000000
00000000
00011000
00000000
00000000
00000000
00000000
,
00001000
00000010
00001000
00010000
,
00001000
00000000
00000010
00001000
00000000
00000000
00010000
00000000
,
00001000
00000000
00000000
00011000
00000000
00000000
00000000
00000000
,
00010000
00000000
00000000
00011000
00000000
00000000
00000000
00000000
,
00100000
10000000
01000000
10000000
,
00100000
00010000
00001000
00010000
,
00100000
10000000
01000000
00010000
,
00001000
00000000
00000000
00011000
00000000
00000000
00010100
00000000
,
00001000
00000100
00001000
00000100
,
00000010
00000100
00000010
00000100
,
00000001
00000010
00000001
00000010
,
00000001
00001000
00000001
00001000
00000001
00001000
00000001
00000000
,
00000100
00001000
00010000
00100000
,
10000000
00100000
00010000
00001000
,
00000100
00000001
00000100
00001000
,
00010000
00100000
10100000
00000000
,
01000000
00010000
00001000
00000010
,
00000001
00000010
00001000
00010000
,
01000000
10000000
01000000
00010000
,
00001000
00000010
00000011
00000000
,
00000010
00001000
00010000
01000000
,
10000000
01000000
00010000
00001000
,
00000010
00000001
00000010
00001000
,
00010000
01000000
11000000
00000000
,
00100000
00010000
00001000
00000100
,
00000001
00000100
00001000
00010000
,
00100000
10000000
00100000
00010000
,
00001000
00000000
00000100
00000000
00000001
00001000
00000000
00000000
,
00002001
00000000
00000001
00000000
00003001
00000000
,
00001020
00000000
00001000
00000000
00001030
00000000
,
00020010
00000000
00000010
00000000
00030010
00000000
,
00012000
00000000
00010000
00000000
00013000
00000000
,
02001000
00000000
00001000
00000000
03001000
00000000
,
01020000
00000000
01000000
00000000
01030000
00000000
,
20010000
00000000
00010000
00000000
30010000
00000000
,
11000000
00000000
01100000
00000000
,
00200000
00000000
00000000
00300000
,
00001000
00010000
00001000
00000000
00010000
00000000
00002000
00000000
,
00003000
00000100
00000020
00000030
,
00001000
00001001
00000000
00000000
,
00000001
00000000
00000001
00000000
00000100
00000010
00000000
00000000
,
00001000
00000000
00001000
00000000
00000100
00010000
00000000
00001000
,
00000000
00020000
00000000
00000000
,
00031000
00000000
00000000
00000000
00100000
01000000
00100000
00000000
,
00020000
00000000
00000000
00030000
,
10000000
01000000
10000000
00000000
00100000
00000000
00100000
00000000
,
01000000
00000000
01000000
00000000
00010000
00000000
01000000
00001000
,
00000000
00010000
00000000
00000000
,
00000010
00000000
00001000
00000000
00000000
00000001
00000000
00000000
,
00001000
00000100
00001000
00000002
,
00000000
00000003
00000200
00000300
,
00001000
00000000
00000000
00010000
00000000
00000000
00011000
00000000
,
00010000
00100000
00010000
00100000
,
10000000
00010000
10000000
01000000
,
00100000
00001000
00010000
00001000
,
00010000
00001000
00010000
00001000
00010000
00001000
00010000
00000000
,
00001000
00010000
00000000
00010000
00000100
00000000
00000100
00000010
,
00000000
00000010
00000001
00000000
00000001
00001000
00000001
00001000
,
00000010
00000000
00000100
00000000
,
00001000
00000000
00000000
00011000
00000000
00000000
00000000
00000000
,
00010000
00000000
01000000
00000000
,
00100000
00010000
10000000
01000000
,
00100000
00001000
00010000
00000000
,
00001000
00000000
00000000
00011000
00000000
00000000
00000000
00000000
,
00001000
00000010
00000001
00000010
,
00000001
00000100
00001000
00000100
,
00001000
00010000
00001000
00010000
,
00100000
00000000
00000000
01100000
00000000
00000000
00000000
00000000
,
01010000
00000000
01001000
00000000
,
00011000
00000000
00000000
00010010
00000000
00000000
00001010
00000000
,
00000010
00000100
00000010
00000100
00000010
00000100
00000010
00000100
,
00000010
00000000
00000000
00001001
00000000
00000000
00000000
00000000
,
00000000
00000000
00000000
00000000
;

//---------------dance-double - ----------------
#NOTES:
     dance-double:
     :
     Challenge:
     13:
     0.735,1.000,0.757,0.000,0.084:
00000000
00000000
00000000
00000000
,
00000000
00000000
00000000
00000000
,
00000000
00000000
00000000
00000000
,
00000000
00000000
00000000
00000000
,
00000000
00000000
00000000
00000000
,
00000000
00000000
00000000
00000000
,
00000000
00000000
00000000
00000000
,
00000000
00000000
00000000
00000000
,
00000000
00000000
00000000
00000000
,
00000000
00000000
00000000
00000000
,
00000000
00000000
00000000
00000000
,
10100000
00000000
00000000
11000000
00000000
00000000
01000000
00000000
,
01010000
00000000
00000000
00011000
00000000
00000000
00001000
00000000
,
00001010
00000110
00000000
00000010
,
00000011
00000000
00000000
00001001
00000000
00000000
00000000
00000000
,
00000011
00000000
00000000
00000101
00000000
00000000
00000100
00000000
,
00001100
00000000
00000000
00011000
00000000
00000000
00010000
00000000
,
00110000
01100000
00000000
00100000
,
10100000
00000000
00000000
10010000
00000000
00000000
11000000
00000000
,
01000000
00100000
00010000
00100000
,
00001000
00010000
00001000
00010000
,
00001000
00010000
00001000
00010000
00001000
00010000
00001000
00010000
,
00001000
00010000
00001000
00010000
00001000
00010000
00001000
00000000
,
00010000
00001000
00000010
00001000
,
00010000
00000000
00001000
00010000
00000000
00000000
01000000
00000000
,
01100000
00000000
00000000
11000000
00000000
00000000
00010000
00000000
,
00110000
00000000
00000000
10010000
00000000
00000000
01000000
00000000
,
00010000
00001000
00000010
00000001
,
00001000
00000000
00000001
00000100
00000000
00000000
00000010
00000000
,
00000110
00000000
00000000
00000101
00000000
00000000
00001000
00000000
,
00001001
00000000
00000000
00001100
00000000
00000000
00010000
00000000
,
00001000
00010000
00100000
00010000
,
00001000
00000000
00010000
00001000
00000000
00000000
00000100
00000000
,
00000110
00000000
00000000
00000101
00000000
00000000
00000001
00000000
,
00001001
00001010
00000000
00010000
,
00001000
00010000
00001000
00000000
00010000
00000000
00010000
00000000
,
00001000
01000000
00001000
00000000
01000000
00000000
01000000
00000000
,
00010000
01000000
00010000
00000000
00010000
10000000
00010000
00000000
,
00100000
00000000
00000000
01000000
00000000
00000000
00010000
00000000
,
00001000
00010000
00001000
00000010
,
00001000
00010000
00001000
00000010
,
00000100
00000010
00000100
00000010
00000100
00000010
00000100
00000010
,
00000100
00000010
00000100
00000010
00000100
00000010
00000100
00000000
,
00000010
00000001
00000010
00001000
,
00010000
01000000
00010000
00001000
,
00010000
01000000
10000000
01000000
,
00010000
00001000
00011000
00000000
,
01000000
10000000
01000000
00010000
,
00001000
00000010
00001000
00010000
,
00001000
00000010
00000001
00000010
,
00001000
00010000
00011000
00000000
,
00000010
00000001
00000100
00001000
,
00010000
00100000
00010000
00001000
,
00010000
00100000
10000000
00100000
,
00010000
00001000
00011000
00000000
,
00100000
10000000
01000000
00010000
,
00001000
00000100
00001000
00010000
,
00001000
00000100
00000001
00000100
,
00001000
00000000
00010000
00000000
00001000
00010000
00000000
00000000
,
00011000
00000000
01001000
00000000
01010000
00000000
,
01100000
00000000
10100000
00000000
10010000
00000000
,
11000000
00000000
01100000
00000000
00110000
00000000
,
00101000
00000000
00011000
00000000
00010100
00000000
,
00001100
00000000
00000110
00000000
00000011
00000000
,
00001001
00000000
00000101
00000000
00000110
00000000
,
00001010
00000000
00010010
00000000
00011000
00000000
,
00001000
00000000
00011000
00000000
,
00010000
00000000
00000000
00001000
01000000
00000000
00010000
00000000
,
10000000
00010000
01000000
00000000
00100000
00000000
01000000
00000000
,
00000000
00001000
00010000
00001000
,
00010000
00010100
00000000
00000000
,
00001000
00000000
00000100
00000000
00001000
00000001
00000000
00000010
,
00000100
00000000
00010000
00000000
00001000
00010000
00000000
00000100
,
00000000
00010000
00000000
00001000
,
00010000
00000000
00001000
00000000
01000000
00010000
01000000
00000000
,
00010000
00000000
00000000
10000000
01000000
00000000
00100000
00000000
,
00010000
00100000
00010000
00000000
10000000
00000000
01000000
00000000
,
00010000
00000000
00001000
00000000
00010000
00000000
00000100
00001000
,
00000000
00001001
00000000
00000000
,
00000010
00000000
00000001
00000000
00000000
00000100
00000000
00000000
,
00001000
00010000
00001000
00000000
00010000
00000000
00100000
00000000
,
00000000
00000000
01000000
00000000
,
01100000
00000000
00000000
10100000
00000000
00000000
10010000
00000000
,
01000000
00100000
00001000
00100000
,
00001000
00010000
00000100
00000010
,
00000001
00001000
00000001
00001000
00000001
00001000
00000001
00001000
,
00000001
00001000
00000001
00001000
00000001
00001000
00000001
00000000
,
00001000
00000001
00000000
00001000
00000100
00000000
00010000
00001000
,
00000000
00100000
00001000
00000000
00010000
00001000
00010000
00001000
,
00010000
00000000
00100000
00000000
,
10000000
00000000
00000000
10010000
00000000
00000000
00000000
00000000
,
00010000
00000000
10000000
00000000
,
01000000
00010000
00001000
00010000
,
00000100
00000010
00000001
00000000
,
00001000
00000100
00000000
00001100
00000000
00000000
00000000
00000000
,
00000001
00000010
00000001
00000000
00001000
00000000
00000100
00000000
,
00010000
00001000
00010000
00000000
00001000
00000000
00001000
00000000
,
00010000
00100000
00100000
10000000
,
00010000
00000000
00000000
10010000
00000000
00000000
00000000
00000000
,
10000000
00010000
10000000
00010000
10000000
00010000
10000000
00010000
,
00100000
00010000
00100000
00010000
00100000
00010000
00100000
00010000
,
00100000
00001000
00100000
00001000
00100000
00001000
00100000
00001000
,
00010000
00000000
00000000
00011000
00000000
00000000
00000000
00000000
,
00000000
00000000
00000000
00000000
;
