#TITLE:AFRONOVA(FROM NONSTOP MEGAMIX);
#SUBTITLE:;
#ARTIST:RE-VENGE;
#TITLETRANSLIT:;
#SUBTITLETRANSLIT:;
#ARTISTTRANSLIT:;
#CREDIT:;
#BANNER:AFRONOVA(FROM NONSTOP MEGAMIX).png;
#BACKGROUND:AFRONOVA(FROM NONSTOP MEGAMIX)-bg.png;
#LYRICSPATH:;
#CDTITLE:./CDTITLES/DDRMAX2 -Dance Dance Revolution 7thMIX-.PNG;
#MUSIC:AFRONOVA(FROM NONSTOP MEGAMIX).ogg;
#OFFSET:0.000;
#SAMPLESTART:22.800;
#SAMPLELENGTH:15.000;
#SELECTABLE:YES;
#DISPLAYBPM:200.000;
#BPMS:0.000=200.000,4.000=200.000;
#STOPS:;
#BGCHANGES:;

//---------------dance-single - ----------------
#NOTES:
     dance-single:
     :
     Challenge:
     10:
     0.621,0.615,0.363,0.192,0.000:
0000
0000
0000
0000
,
0000
0000
0000
0000
,
0000
0000
0000
0000
,
1000
1000
0001
0001
,
1000
1000
0001
0001
,
0010
1000
0010
0000
0001
0100
0001
0000
,
1000
0001
1000
0001
1000
0001
1000
0000
,
0010
0010
0100
0100
,
0010
0010
0100
0100
,
0001
0010
0001
0000
0100
1000
0100
0000
,
0010
0100
0010
0100
0010
0000
0110
0000
,
0010
1000
0100
1001
,
0010
0001
0100
1001
,
1000
0001
1000
1001
,
0010
0100
0010
0110
,
0010
1000
0001
0101
,
1000
0100
0010
0011
,
0100
1000
0001
0101
,
0010
0001
1001
1100
,
0010
1000
0010
0000
1000
0001
1000
0000
,
0010
1000
0010
1000
0010
1000
0010
0000
,
0100
0010
0100
0000
0001
0100
0001
0000
,
1000
0100
1000
0100
1000
0100
1000
0000
,
0010
0001
0010
0000
0100
1000
0100
0000
,
0001
0100
0001
0100
0001
0100
0001
0000
,
1000
0010
1000
0000
0001
0010
0001
0000
,
0001
1000
0001
1000
0001
1000
0001
0000
,
0220
0330
0001
1000
,
0010
1001
2002
3003
,
2200
3300
0001
0100
,
0010
0101
0202
0303
,
2002
3003
0010
0100
,
0001
1000
2002
3003
,
2200
3300
0001
0100
,
1000
0100
0202
0303
,
0010
0001
0010
0000
0001
0100
0001
0000
,
0010
1000
0010
1000
0001
1000
0001
0000
,
0100
0010
0100
0000
0001
1000
0001
0000
,
1000
0100
1000
0100
1000
0001
1000
0000
,
0001
0100
0001
0000
1000
0100
1000
0000
,
0010
0001
0010
0001
1000
0001
1000
0000
,
0100
1000
0100
0000
0100
0010
0100
0000
,
1000
0001
1000
0001
1000
0000
0101
0000
,
0010
0010
1000
1000
,
0100
0100
0010
0010
,
0001
0001
0100
0100
,
0001
0001
1000
1000
,
0010
1000
0010
0000
0001
0100
0001
0000
,
1000
0100
1000
0000
0010
0001
0010
0000
,
0001
1000
0001
0000
0100
0001
0100
0000
,
0010
1000
0010
1000
0010
0000
1001
0000
,
0010
0100
0000
0000
0001
1000
0001
0000
,
0100
0001
0100
0000
1001
0000
0000
0000
,
1000
0100
0000
0000
0001
1000
0001
0000
,
0100
0010
0100
0000
0101
0000
0000
0000
,
1000
0001
0000
0000
0010
0100
0010
0000
,
0001
0100
0001
0000
1100
0000
0000
0000
,
0010
0100
0000
0000
1000
0100
1000
0000
,
0010
0001
0010
0000
1001
0000
0000
0000
,
1001
0000
0100
0010
0000
0000
0001
1000
,
0000
0010
0100
0000
0001
0000
1000
0000
,
0110
0001
0000
1000
,
0000
1000
0100
0000
0010
0000
0000
0000
,
0101
0000
0010
1000
0000
0000
0100
1000
,
0000
0010
0100
0000
0001
0000
0001
0000
,
1100
0001
0000
0010
,
0000
0100
1000
0000
0001
0000
0000
0000
,
0010
1000
0010
0000
0001
0100
0001
0000
,
1000
0100
1000
0000
0010
0000
0101
0000
,
0010
0100
0010
0000
0100
1000
0100
0000
,
0100
0001
0100
0000
0010
0000
1001
0000
,
0010
1000
0010
0000
0010
0001
0010
0000
,
0100
1000
0100
0000
0001
0000
0101
0000
,
1000
0001
1000
0001
1000
0001
1000
0010
,
0100
0010
0100
0010
0100
0010
0100
0000
,
2002
0000
0000
0000
,
0000
0000
0000
3003
,
0000
0000
0000
0000
;

//---------------dance-double - ----------------
#NOTES:
     dance-double:
     :
     Challenge:
     10:
     0.604,0.615,0.331,0.107,0.000:
00000000
00000000
00000000
00000000
,
00000000
00000000
00000000
00000000
,
00000000
00000000
00000000
00000000
,
00100000
00100000
00010000
00010000
,
00001000
00001000
00000100
00000100
,
00000001
00000010
00000001
00000000
00000100
00001000
00000100
00000000
,
00001000
00010000
00001000
00010000
00001000
00010000
00001000
00000000
,
00100000
00100000
10000000
10000000
,
01000000
01000000
00010000
00010000
,
00001000
00010000
00001000
00000000
00000010
00000100
00000010
00000000
,
00000001
00001000
00000001
00001000
00000001
00000000
00001001
00000000
,
00000100
00001000
00010000
00010100
,
00010000
00100000
01000000
10010000
,
01000000
00100000
00001000
00011000
,
00000100
00000001
00000010
00000110
,
00000001
00000100
00001000
00010100
,
00010000
00001000
00100000
00101000
,
00010000
10000000
00010000
01001000
,
00100000
00010000
00001000
00010100
,
00000010
00000001
00000010
00000000
00000100
00001000
00000100
00000000
,
00100000
00001000
00100000
00001000
00100000
00001000
00100000
00000000
,
00010000
01000000
00010000
00000000
01000000
00100000
01000000
00000000
,
10000000
01000000
10000000
01000000
10000000
01000000
10000000
00000000
,
00100000
00010000
00100000
00000000
00001000
00010000
00001000
00000000
,
00000010
00001000
00000010
00001000
00000010
00001000
00000010
00000000
,
00000001
00000100
00000001
00000000
00000010
00001000
00000010
00000000
,
00001000
01000000
00001000
01000000
00001000
01000000
00001000
00000000
,
01010000
00000000
10000000
01000000
,
00100000
00001000
00022000
00033000
,
00010010
00000000
00000100
00000001
,
00000010
00001000
02002000
03003000
,
10010000
00000000
00100000
01000000
,
00001000
00010000
02020000
03030000
,
00011000
00000000
00000100
00000001
,
00000010
00000100
00020200
00030300
,
00001000
00010000
00001000
00000000
00010000
01000000
00010000
00000000
,
00100000
10000000
00100000
10000000
00010000
10000000
00010000
00000000
,
01000000
00001000
01000000
00000000
00010000
00001000
00010000
00000000
,
00000010
00000100
00000010
00000100
00000001
00000100
00000001
00000000
,
00001000
00000100
00001000
00000000
00010000
00001000
00010000
00000000
,
00100000
00010000
00100000
00010000
10000000
00010000
10000000
00000000
,
01000000
10000000
01000000
00000000
00100000
00010000
00100000
00000000
,
00001000
00010000
00001000
00010000
00001000
00000000
00010010
00000000
,
00001000
00001000
00000010
00000010
,
00000001
00000001
00000100
00000100
,
00010000
00010000
00100000
00100000
,
10000000
10000000
01000000
01000000
,
00100000
10000000
00100000
00000000
00010000
01000000
00010000
00000000
,
00001000
00010000
00001000
00000000
00001000
00000100
00001000
00000000
,
00000010
00000001
00000010
00000000
00000001
00000100
00000001
00000000
,
00000010
00010000
00000010
00010000
00000010
00000000
00011000
00000000
,
00100000
01000000
00000000
00000000
00010000
00100000
00010000
00000000
,
00001000
00010000
00001000
00000000
00000110
00000000
00000000
00000000
,
00000001
00000100
00000000
00000000
00000010
00001000
00000010
00000000
,
00010000
00001000
00010000
00000000
01010000
00000000
00000000
00000000
,
10000000
00010000
00000000
00000000
00100000
01000000
00100000
00000000
,
00010000
01000000
00010000
00000000
00011000
00000000
00000000
00000000
,
00001000
00000010
00000000
00000000
00000001
00000100
00000001
00000000
,
00001000
00010000
00001000
00000000
00101000
00000000
00000000
00000000
,
01100000
00000000
00010000
00001000
00000000
00000000
00000010
00000100
,
00000000
00000001
00001000
00000000
00000100
00000000
00010000
00000000
,
00101000
00010000
00000000
10000000
,
00000000
01000000
00010000
00000000
00001000
00000000
00000000
00000000
,
00010010
00000000
00001000
00010000
00000000
00000100
00000010
00000000
,
00000000
00000001
00000100
00000000
00001000
00000000
00010000
00000000
,
01010000
00010000
00000000
00100000
,
00000000
00001000
00010000
00000000
00000100
00000000
00000000
00000000
,
00000010
00000001
00000010
00000000
00000100
00001000
00000100
00000000
,
00010000
00001000
00010000
00000000
01000000
00000000
11000000
00000000
,
00100000
01000000
00100000
00000000
00001000
00010000
00001000
00000000
,
00000010
00000100
00000010
00000000
00000001
00000000
00000101
00000000
,
00000010
00000100
00000010
00000000
00010000
00001000
00010000
00000000
,
00100000
01000000
00100000
00000000
00010000
00000000
01001000
00000000
,
00010000
00001000
00010000
00001000
00010000
00001000
00010000
00000100
,
00000010
00000100
00000010
00000100
00000010
00000100
00000010
00000000
,
00002002
00000000
00000000
00000000
,
00000000
00000000
00000000
00003003
,
00000000
00000000
00000000
00000000
;
