#TITLE:aftershock!!;
#SUBTITLE:;
#ARTIST:DM Ashura;
#TITLETRANSLIT:;
#SUBTITLETRANSLIT:;
#ARTISTTRANSLIT:;
#CREDIT:;
#BANNER:aftershock!!.png;
#BACKGROUND:aftershock!!-bg.png;
#LYRICSPATH:;
#CDTITLE:./CDTITLES/DanceDanceRevolution UNIVERSE3.png;
#MUSIC:aftershock!!.ogg;
#OFFSET:0.000;
#SAMPLESTART:16.820;
#SAMPLELENGTH:15.000;
#SELECTABLE:YES;
#DISPLAYBPM:157.000;
#BPMs:0=157.205,4=157,204=626.087,212=157.026;
#Stops:204=1.52,212=0.387;
#BGCHANGES:;

//---------------dance-single - ----------------
#NOTES:
     dance-single:
     :
     Beginner:
     3:
     0.168,0.249,0.095,0.000,0.000:

0000
0000
0000
0000
,

0000
0000
0000
0000
,

0000
0000
0000
0000
,

0000
0000
0000
0000
,

0000
0000
0000
0000
,

1001
0000
0000
0000
,

1001
0000
0000
0000
,

0110
0000
1001
0000
,

0100
0100
0100
0100
,

0100
0000
0000
0000
,

0000
0000
0000
0000
,

0001
0000
0001
0000
,

1000
0000
1000
0000
,

0010
0000
0010
0000
,

0100
0000
0100
0000
,

1000
1000
1000
0000
,

0001
0001
0001
0000
,

1000
1000
1000
0000
,

0001
0001
0001
0000
,

1000
0000
1000
0000
,

0001
0000
0001
0000
,

0100
0000
0100
0000
,

0010
0000
0010
0000
,

0001
0001
0001
0000
,

1000
1000
1000
0000
,

0001
0001
0001
0000
,

1000
1000
1000
0000
,

0010
0000
0000
0000
,

0100
0000
0000
0000
,

0001
0000
0000
0000
,

0001
0001
0001
0000
,

0100
0000
0000
0000
,

0010
0000
0000
0000
,

1000
0000
0000
0000
,

1000
1000
1000
0000
,

0001
0000
0000
0000
,

0010
0000
0000
0000
,

0100
0000
0000
0000
,

0100
0100
0100
0000
,

1000
0000
0000
0000
,

0010
0000
0000
0000
,

0100
0000
0000
0000
,

0100
0100
0100
0000
,

0001
0000
1000
0000
,

0010
0010
0010
0000
,

1000
0000
0001
0000
,

0010
0010
0010
0000
,

0110
0000
1000
0000
,

1001
0000
0001
0000
,

0110
0000
1001
0000
,

0010
0010
0010
0010
,

0010
0000
0000
0000
,

0000
0000
0000
0000
,

0000
0010
0000
0000
,

0000
1000
0000
0000
,

0000
0010
0000
0000
,

0000
0100
0100
0100
,

0000
1000
0000
0000
,

0000
0001
0000
0000
,

0000
0100
0000
0000
,

0000
0010
0010
0010
,

0000
1000
0000
0000
,

0000
0010
0000
0000
,

0000
1001
0000
0000
,

0000
0100
0100
0100
,

0000
0001
0000
0000
,

0000
0010
0000
0000
,

0000
1001
0000
0000
,

0000
0110
0000
0000
,

0000
1000
0000
0100
,

0000
0001
0000
0100
,

0000
0010
0010
0010
,

0010
0010
0000
0000
,;

//---------------dance-single - ----------------
#NOTES:
     dance-single:
     :
     Easy:
     5:
     0.233,0.282,0.052,0.362,0.000:

0000
0000
0000
0000
,

0000
0000
0000
0000
,

0000
0000
0000
0000
,

0000
0000
0000
0000
,

0000
0000
0000
0000
,

2000
0000
3000
0000
,

0200
0000
0300
0000
,

0020
0030
0002
0003
,

1000
0010
0110
1001
,

0200
0000
0000
0300
,

0100
1000
0010
1001
,

0001
0000
0001
1000
,

0100
0000
0100
1000
,

0010
0000
0010
0100
,

0001
0000
0001
1000
,

0020
0000
0000
0030
,

0002
0000
0000
0003
,

0020
0000
0000
0030
,

2000
0000
0000
3000
,

0001
0000
0010
0100
,

1000
0000
1000
0010
,

0100
0000
0100
0001
,

0010
0000
0010
0100
,

2000
0000
0000
3000
,

0200
0000
0000
0300
,

0020
0000
0000
0030
,

0002
0000
0000
0003
,

2000
0000
0000
3000
,

0002
0000
0003
0010
,

0200
0000
0000
0000
,

0000
0000
0300
1000
,

0020
0000
0030
1000
,

0002
0000
0003
0010
,

0200
0000
0000
0000
,

0000
0000
0300
1000
,

0020
0000
0030
0001
,

0200
0000
0300
1000
,

0002
0000
0000
0000
,

0000
0000
0003
0001
,

0002
0000
0003
0100
,

0200
0000
0300
1000
,

0020
0000
0000
0000
,

0000
0000
0030
0000
,

1000
0100
0010
0001
,

1000
1000
0001
0001
,

0001
0100
0010
1000
,

0001
0001
1000
1000
,

0002
0003
1000
0001
,

2000
3000
0001
1000
,

0020
0030
0200
0300
,

0010
0100
0110
1001
,

0000
0000
0000
0000
,

0000
0000
0000
0000
,

0000
0002
0000
0000
,

0003
0200
0300
0010
,

1000
0200
0000
0000
,

0000
0000
0000
0300
,

0010
0200
0300
0010
,

0010
0002
0003
0100
,

0010
2000
0000
0000
,

0000
0000
0000
3000
,

0010
0002
0003
1000
,

0001
0020
0000
0030
,

1000
0020
0000
0000
,

0000
0000
0000
0030
,

0010
0002
0003
1000
,

0100
0020
0030
0001
,

0001
0200
0300
0010
,

0000
2000
3000
0100
,

1000
0001
0100
1000
,

0100
1000
0100
0001
,

0100
0001
0010
0100
,

1000
0000
0010
0000
0000
1001
0000
0000
,;

//---------------dance-single - ----------------
#NOTES:
     dance-single:
     :
     Medium:
     9:
     0.464,0.532,0.190,0.440,0.009:

0000
0000
0000
0000
,

0000
0000
0000
0000
,

0000
0000
0000
0000
,

0000
0000
0000
0000
,

0000
0000
0000
0000
,

2002
0000
3003
0000
0010
1000
0100
0000
,

2002
0000
3003
0000
0010
0001
0100
0000
,

2002
3003
0220
0330
,

1100
0000
0101
0000
0010
1000
0001
1000
,

0200
0000
0000
0300
,

0100
1000
0010
0000
0100
0000
0101
0000
,

0001
0000
0001
0000
0001
1000
0100
0000
,

0010
0000
0010
0000
0100
1000
0010
0000
,

0100
0000
0100
0000
0001
1000
0100
0000
,

0010
0000
0010
0000
0010
0001
1000
0000
,

0010
0000
0100
0001
0000
0001
1000
0000
,

0100
0000
0200
0020
0000
0000
0330
0000
,

0010
0000
0100
1000
0000
1000
0001
0000
,

0100
0000
0200
0020
0000
0000
0330
0000
,

1000
0000
0001
0000
1000
0001
0100
0000
,

0001
0000
1000
0000
0010
1000
0100
0000
,

0100
0000
0010
0000
0100
1000
0001
0000
,

0100
0000
0010
0000
0100
0001
0010
0000
,

0010
0000
0001
0100
0000
1000
0100
0000
,

0010
0000
2000
0002
0000
0000
3003
0000
,

0010
0000
1000
0100
0000
0001
0100
0000
,

0010
0000
0002
2000
0000
0000
3003
0000
,

0002
0100
0100
0103
,

2000
0000
0100
0000
0100
0000
3010
0200
,

0010
0010
0001
0301
,

0010
0000
1000
0000
0001
0000
1000
0010
,

0200
0000
0001
0000
0301
0000
0001
2000
,

0010
0000
0010
0000
0100
0000
3100
0020
,

0100
0100
0001
0031
,

0100
0000
0010
0000
1000
0000
0010
1000
,

0002
0000
0010
0000
0013
0000
0001
2000
,

0010
0000
0010
0000
3010
0100
0010
2000
,

0010
0010
0100
3100
,

0001
0000
0100
0000
0010
0000
1000
0001
,

0200
0000
0010
0000
0310
0000
0010
2000
,

0100
0000
0100
0000
3100
0000
1000
0002
,

0100
0100
1000
1003
,

0001
0000
0000
0000
1000
0000
0000
0000
0100
0000
0000
0010
0000
0000
0001
0000
,

2000
3100
0002
0103
,

0010
0100
0001
0000
0010
0100
1000
0000
,

0002
0103
2000
3100
,

0010
0001
0100
0000
0010
1000
0100
0000
,

0022
0000
0033
0000
0100
1000
0010
0000
,

2020
0000
3030
0000
0100
0001
0010
0000
,

0022
0033
2200
3300
,

1100
0101
0011
1010
,

1001
0000
0000
0000
,

0000
0000
0000
0000
,

0000
0002
0010
1000
,

0100
2003
0010
0001
,

3100
0000
1000
0000
0100
0000
1000
0010
,

1000
0000
0001
0000
0100
0000
0001
0010
,

0100
0010
0200
0000
0010
0000
1300
0000
,

0010
0002
1000
0000
0100
0000
1003
0000
,

0010
0000
1000
0000
0001
0000
1000
0010
,

0100
0000
0001
0000
1000
0000
0001
0010
,

0100
1000
0200
0000
0010
0000
0310
0000
,

1000
0002
0010
0000
1000
0000
0013
0000
,

1000
0010
1000
0000
0001
0000
0001
1000
,

0100
0000
0010
0000
0100
0000
0100
1000
,

0001
0010
0200
0000
1000
0000
1300
0000
,

0010
0200
0001
0000
0010
0000
0301
0000
,

1000
0020
1000
0000
1000
0000
0100
0000
,

0130
0102
0100
0010
,

0013
0000
0011
0000
1100
0000
0010
1000
,

0100
0000
1010
0000
0101
0000
0010
0001
,

0100
0000
0001
0100
0010
1000
0001
0010
,

0100
0000
1000
0000
0010
0000
0000
0100
0000
0000
1001
0000
0000
0000
0000
0000
,;

//---------------dance-single - ----------------
#NOTES:
     dance-single:
     :
     Hard:
     13:
     0.602,0.657,0.241,0.121,0.466:
0000
0000
0000
0000
,
0000
0000
0000
0000
,
0000
0000
0000
0000
,
0000
0000
0000
0000
,
0000
0000
0000
0000
0000
0000
0000
0100
,
1001
0000
1000
0000
0000
0100
0000
0000
1000
0000
0000
0010
0000
0000
0100
0000
,
1001
0000
0001
0000
0000
0100
0000
0000
0001
0000
0000
0010
0000
0000
0100
0000
,
1001
0000
0100
0001
1001
0000
0100
1000
,
1001
0000
1000
0000
1100
0000
0100
0000
0110
0000
0010
0000
0001
1000
0001
1000
,
0200
0000
0000
0300
,
0100
0000
1000
0000
0010
0000
0000
0100
0000
0000
0001
0000
0101
0000
0000
0000
,
1001
0000
0000
1000
0000
0000
0010
0000
0000
0100
0000
0100
0001
0000
0010
0000
,
0100
0000
0000
1000
0000
0000
0010
0000
0000
1000
0000
0001
1000
0000
0010
0000
,
0100
0000
0000
0001
0000
0000
0010
0000
0000
0100
0000
0100
1000
0000
0001
0000
,
0100
0000
0000
0010
0000
0000
1000
0000
0000
0001
0000
1000
0001
0000
0100
0000
,
0010
1000
0001
1000
0010
0100
0010
1000
,
0001
0010
0001
0000
0010
0100
0010
0000
0100
1000
0100
0000
1000
0001
1000
0000
,
0001
1000
0100
0010
0001
1000
0001
0010
,
0100
0010
0100
0000
1000
0001
1000
0000
0001
0100
0001
0000
1000
0010
1000
0000
,
0100
0000
0000
1000
0000
0000
0001
0000
0000
0100
0000
0010
1000
0000
0001
0000
,
0010
0000
0000
0001
0000
0000
1000
0000
0000
0100
0000
0010
0001
0000
1000
0000
,
0010
0000
0000
0100
0000
0000
0001
0000
0000
0010
0000
0100
1000
0000
0001
0000
,
1000
0000
0000
0100
0000
0000
1000
0000
0000
0010
0000
0100
0001
0000
1000
0000
,
0010
1000
0100
1000
0001
0100
0001
1000
,
0100
1000
0100
0000
1000
0010
1000
0000
0010
0100
0010
0000
0100
0001
0100
0000
,
0010
1000
0100
0010
0100
0001
0100
1000
,
0010
1000
0010
0000
0100
0001
0100
0000
0010
0100
0010
0000
1000
0100
1000
0000
,
0002
0000
0100
0000
1000
0000
0103
0010
,
2000
0000
0001
0000
0100
0000
3010
0200
,
0010
1000
0010
0001
,
0310
1000
0001
0010
0100
0000
1000
0010
,
0200
0000
0001
0000
0010
0000
0301
2000
,
0010
0000
0100
0000
0001
0000
3100
0020
,
0001
0100
0001
1000
,
0130
0000
1000
0000
0010
0000
1000
0000
0001
0000
0000
0100
0010
0000
1000
0000
,
1200
0000
0010
0000
1300
0100
1000
0002
,
0010
0000
1000
0000
0103
0010
1000
0200
,
0010
1000
0001
0010
,
1300
0010
0100
0001
0010
0000
0010
0001
,
2001
0000
0100
0000
3010
0000
0001
0020
,
0100
0000
1000
0000
0130
0000
0001
0200
,
0001
0010
1000
0010
,
0301
0000
1000
0000
0001
0000
0100
0000
0010
0000
0000
0010
1000
0000
0001
0000
,
1001
0000
0001
0000
1000
0010
0100
0000
,
0001
0100
0001
0000
1000
0000
0000
0000
1000
0010
1000
0000
0100
0000
0000
0000
,
1000
0000
0010
0000
0100
0001
0010
0000
,
0001
0100
0001
0000
1000
0000
0010
0000
1000
0100
1000
0000
0001
0000
0000
0000
,
0011
0000
0001
0000
0100
0000
0000
0110
0000
0000
1000
0000
0010
0000
0000
0000
,
1100
0000
1000
0000
0100
0000
0000
0110
0000
0000
0001
0000
0100
0000
0000
0000
,
1001
0000
0000
1000
0000
0000
0100
0000
1001
0000
0000
0001
0000
0000
0100
0000
,
1001
0000
0000
0100
1000
0000
0000
0100
0001
0000
0000
0010
1000
0000
0000
0010
,
0002
0000
0000
0000
,
0000
0000
0000
0000
,
0003
0000
0000
0000
0001
0000
0000
0100
0000
0000
0010
0000
0000
1000
0000
0100
,
0000
0000
0010
0000
0100
0000
0000
1000
0000
0000
0010
0000
0000
0100
0000
0010
,
0000
0000
1000
0000
0001
0000
0000
0010
0000
0000
0100
0000
0000
1000
0000
1000
,
0000
0000
0010
0000
1000
0000
0000
0100
0000
0000
0010
0000
0000
0001
0000
0001
,
1000
0000
0100
0000
0010
0000
0000
0001
0000
0000
0100
0000
0000
0010
0000
1000
,
0000
0000
0010
0000
0100
0000
0000
0001
0000
0000
0010
0000
0000
0001
0000
1000
,
0000
0000
0010
0000
0100
0000
0000
0001
0000
0000
1000
0000
0000
0100
0000
0010
,
0000
0000
0100
0000
1000
0000
0000
0001
0000
0000
0010
0000
0000
0001
0000
0100
,
0010
0000
0100
0000
0110
0000
0000
0100
0000
0000
0010
0000
0000
1000
0000
0001
,
1000
0000
0100
0000
1000
0000
0000
0001
0000
0000
0010
0000
0000
0100
0000
0010
,
0001
0000
1000
0000
1001
0000
0000
0001
0000
0000
0100
0000
0000
0010
0000
0010
,
1000
0000
0100
0000
0010
0000
0000
0001
0000
0000
0010
0000
0000
0100
0000
0100
,
1000
0000
0010
0000
1010
0000
0000
0100
0000
0000
0001
0000
0100
0000
0001
0000
,
0010
0000
0001
0000
1000
0000
0000
0001
0000
0000
0010
0000
0100
0000
1000
0000
,
0010
0000
0100
0000
0101
0000
0000
0010
0000
0000
1000
0000
0001
0000
0100
0000
,
0010
0000
1000
0000
1100
0000
0000
1000
0000
0000
0100
0000
0010
0000
0001
0000
,
0100
0000
0010
0000
1001
0000
0000
1000
0000
0000
0010
0000
0100
0001
0000
0001
,
0010
0000
0100
0000
1000
0000
0000
0100
0000
0000
0010
0000
0100
1000
0000
1000
,
0001
0100
0010
1000
0100
1000
0010
0100
,
0001
0000
0010
0000
0011
0000
0000
0101
0000
0000
1001
0000
0000
0000
0000
0000
;

//---------------dance-double - ----------------
#NOTES:
     dance-double:
     :
     Easy:
     5:
     0.224,0.344,0.095,0.319,0.000:

00000000
00000000
00000000
00000000
,

00000000
00000000
00000000
00000000
,

00000000
00000000
00000000
00000000
,

00000000
00000000
00000000
00000000
,

00000000
00000000
00000000
00000000
,

10010000
00000000
00000000
00000000
,

01100000
00000000
00000000
00000000
,

00011000
00000000
00000110
00000000
,

00001001
00001001
00000110
00000110
,

00000002
00000000
00000000
00000003
,

00001000
00000010
00000100
00001001
,

00000001
00000000
00000001
00000100
,

00000010
00000000
00000010
00010000
,

00001000
00000000
00001000
00010000
,

01000000
00000000
01000000
10000000
,

00200000
00000000
00000000
00300000
,

20000000
00000000
00000000
30000000
,

00020000
00000000
00000000
00030000
,

02000000
00000000
00000000
03000000
,

00010000
00000000
00010000
00100000
,

00001000
00000000
00001000
00010000
,

00000100
00000000
00000100
00001000
,

00000010
00000000
00000010
00000100
,

00000002
00000000
00000000
00000003
,

00002000
00000000
00000000
00003000
,

00000200
00000000
00000000
00000300
,

00002000
00000000
00000000
00003000
,

00000002
00000000
00000000
00000003
,

00000200
00000000
00000300
00000010
,

00020000
00000000
00000000
00000000
,

00000000
00000000
00030000
00001000
,

00200000
00000000
00300000
00010000
,

02000000
00000000
03000000
00100000
,

20000000
00000000
00000000
00000000
,

00000000
00000000
30000000
10000000
,

00200000
00000000
00300000
01000000
,

00020000
00000000
00030000
00100000
,

00002000
00000000
00000000
00000000
,

00000000
00000000
00003000
00010000
,

00000200
00000000
00000300
00001000
,

00000020
00000000
00000030
00001000
,

00000002
00000000
00000000
00000000
,

00000000
00000000
00000003
00000000
,

00001000
00000001
00000100
00001000
,

00010000
00010000
00100000
10000000
,

00010000
10000000
01000000
00010000
,

00001000
00001000
00000010
00000001
,

00002000
00003000
00000001
00001000
,

00000200
00000300
00010000
00001000
,

00020000
00030000
00002000
00003000
,

00100000
00010000
10010000
01100000
,

00000000
00000000
00000000
00000000
,

00000000
00000000
00000000
00000000
,

00000000
20000000
00000000
00000000
,

30000000
02000000
00000000
03000000
,

00100000
00002000
00000000
00000000
,

00000000
00000000
00000000
00003000
,

00010000
00000200
00000300
00000010
,

00000010
00000002
00000003
00000100
,

00000020
00000000
00000000
00000000
,

00000000
00000000
00000000
00000030
,

00010000
00002000
00000000
00003000
,

01000000
00020000
00000000
00030000
,

00100000
02000000
00000000
00000000
,

00000000
00000000
00000000
03000000
,

00010000
20000000
00000000
30000000
,

01000000
00200000
00000000
00300000
,

00001000
00020000
00000000
00030000
,

00000000
00000010
00000000
00001000
,

00000000
00000001
00000100
00000001
,

00000100
00000010
00010000
00000010
,

00010000
00001000
00010000
00001000
,

00010000
00000000
01000000
00000000
00000000
10000000
00000000
00000000
,;

//---------------dance-double - ----------------
#NOTES:
     dance-double:
     :
     Medium:
     9:
     0.464,0.532,0.190,0.440,0.009:

00000000
00000000
00000000
00000000
,

00000000
00000000
00000000
00000000
,

00000000
00000000
00000000
00000000
,

00000000
00000000
00000000
00000000
,

00000000
00000000
00000000
00000000
,

20020000
00000000
30030000
00000000
10000000
00010000
01000000
00000000
,

02200000
00000000
03300000
00000000
00010000
00100000
00001000
00000000
,

00022000
00033000
00000220
00000330
,

00001001
00000000
00001010
00000000
00000010
00001000
00000100
00001000
,

00000002
00000000
00000000
00000003
,

00001000
00000010
00000100
00000000
00000001
00000000
00001001
00000000
,

00000001
00000000
00000001
00000000
00000001
00001000
00000100
00000000
,

00000010
00000000
00000010
00000000
00001000
00010000
00001000
00000000
,

01000000
00000000
01000000
00000000
00100000
10000000
01000000
00000000
,

00100000
00000000
00100000
00000000
00100000
00001000
00010000
00000000
,

00100000
00000000
10000000
01000000
00000000
00010000
01000000
00000000
,

00010000
00000000
00002000
00000020
00000000
00000000
00003030
00000000
,

00000010
00000000
00000001
00000100
00000000
00001000
00000100
00000000
,

00001000
00000000
00020000
00200000
00000000
00000000
00330000
00000000
,

10000000
00000000
00010000
00000000
10000000
01000000
00100000
00000000
,

01000000
00000000
10000000
00000000
00010000
00100000
00001000
00000000
,

00000010
00000000
00000100
00000000
00000010
00000001
00001000
00000000
,

00000010
00000000
00001000
00000000
00000001
00000100
00000010
00000000
,

00000100
00000000
00000001
00000010
00000000
00001000
00000010
00000000
,

00001000
00000000
00020000
02000000
00000000
00000000
03030000
00000000
,

01000000
00000000
10000000
00100000
00000000
00010000
00100000
00000000
,

00010000
00000000
00002000
00000200
00000000
00000000
00003300
00000000
,

00000002
00000100
00000100
00000103
,

00002000
00000000
00000100
00000000
00003100
00000000
00000010
00020000
,

00001000
00001000
00000100
00030100
,

00010000
00000000
01000000
00000000
10000000
00000000
00100000
10000000
,

02000000
00000000
00100000
00000000
03100000
00000000
10000000
00200000
,

01000000
00000000
01000000
00000000
10300000
00000000
00010000
02000000
,

00001000
00001000
00010000
03010000
,

00100000
00000000
01000000
00000000
10000000
00000000
00100000
00010000
,

00002000
00000000
00100000
00000000
00103000
00000000
00001000
00020000
,

00000010
00000000
00030010
00000000
00001000
00000001
00001000
00000200
,

00000010
00000010
00001000
00001300
,

00010000
00000000
00001000
00000000
01000000
00000000
00001000
00010000
,

00000200
00000000
00010000
00000000
00010300
00000000
00010000
00002000
,

01000000
00000000
01000000
00000000
01003000
00000000
00100000
20000000
,

01000000
01000000
00010000
30010000
,

10000000
00000000
00000000
00000000
10000000
00000000
00000000
00000000
01000000
00000000
00000000
00100000
00000000
00000000
00010000
00000000
,

20000000
31000000
00020000
01030000
,

10000000
00100000
00010000
00000000
00001000
00000010
00000001
00000000
,

00000002
00000013
00002000
00003010
,

00000001
00000100
00001000
00000000
00010000
01000000
10000000
00000000
,

00220000
00000000
00330000
00000000
00001000
00010000
00000010
00000000
,

00002020
00000000
00003030
00000000
00010000
00001000
01000000
00000000
,

02002000
03003000
00020200
00030300
,

00001001
00010100
00101000
01010000
,

11000000
00000000
00000000
00000000
,

00000000
00000000
00000000
00000000
,

00000000
20000000
00100000
00010000
,

01000000
30020000
00100000
10000000
,

01030000
00000000
00001000
00000000
00010000
00000000
00000100
00000010
,

00000100
00000000
00001000
00000000
00000010
00000000
00000100
00000001
,

00000010
00000100
00000020
00000000
00000001
00000000
00000130
00000000
,

00000001
00002000
00000010
00000000
00000100
00000000
00003010
00000000
,

00010000
00000000
00001000
00000000
01000000
00000000
00001000
00010000
,

00001000
00000000
00100000
00000000
00010000
00000000
10000000
00100000
,

01000000
00010000
00200000
00000000
01000000
00000000
01300000
00000000
,

10000000
00020000
01000000
00000000
10000000
00000000
01030000
00000000
,

00001000
01000000
00001000
00000000
00000100
00000000
00000001
00000010
,

00000100
00000000
00001000
00000000
00000010
00000000
00000010
00000100
,

00000001
00000010
00000200
00000000
00001000
00000000
00001300
00000000
,

00000010
00020000
00001000
00000000
00000010
00000000
00031000
00000000
,

00010000
00002000
01000000
00000000
01000000
00000000
00010000
00000000
,

00013000
00210000
00010000
01000000
,

01300000
00000000
10100000
00000000
11000000
00000000
00100000
00010000
,

01000000
00000000
01001000
00000000
00011000
00000000
00010000
00001000
,

00000100
00000000
00000010
00001000
00000100
00000010
00000001
00001000
,

00000001
00000000
00000100
00000000
00000010
00000000
00000000
00010000
00000000
00000000
00011000
00000000
00000000
00000000
00000000
00000000
,;

//---------------dance-double - ----------------
#NOTES:
     dance-double:
     :
     Hard:
     13:
     0.578,0.564,0.241,0.121,0.379:

00000000
00000000
00000000
00000000
,

00000000
00000000
00000000
00000000
,

00000000
00000000
00000000
00000000
,

00000000
00000000
00000000
00000000
,

00000000
00000000
00000000
00000000
00000000
00000000
00000000
01000000
,

10010000
00000000
10000000
00000000
00000000
01000000
00000000
00000000
00100000
00000000
00000000
00010000
00000000
00000000
01000000
00000000
,

01100000
00000000
00100000
00000000
00000000
01000000
00000000
00000000
00001000
00000000
00000000
00010000
00000000
00000000
00001000
00000000
,

00011000
00000000
00010000
00000100
00001100
00000000
00001000
00000100
,

00000110
00000000
00000010
00000000
00000011
00000000
00000001
00000000
00000101
00000000
00000100
00000000
00000010
00001000
00000010
00001000
,

00000002
00000000
00000000
00000000
,

00000013
00000000
00000100
00000000
00010000
00000000
00000000
00001000
00000000
00000000
00100000
00000000
00110000
00000000
00000000
00000000
,

01010000
00000000
00000000
01000000
00000000
00000000
00100000
00000000
00000000
10000000
00000000
10000000
00010000
00000000
01000000
00000000
,

00100000
00000000
00000000
00010000
00000000
00000000
00001000
00000000
00000000
00000010
00000000
00000100
00001000
00000000
00000001
00000000
,

00000100
00000000
00000000
00000010
00000000
00000000
00001000
00000000
00000000
00000100
00000000
00010000
00001000
00000000
00100000
00000000
,

00010000
00000000
00000000
01000000
00000000
00000000
10000000
00000000
00000000
01000000
00000000
00010000
01000000
00000000
00100000
00000000
,

10000000
01000000
00010000
01000000
10000000
01000000
00100000
00001000
,

00010000
00000010
00001000
00000100
00010000
00000010
00001000
00000001
,

00000100
00001000
00000100
00000001
00000100
00001000
00010000
00100000
,

01000000
00001000
00100000
01000000
00010000
01000000
10000000
00100000
,

01000000
00000000
00000000
00100000
00000000
00000000
10000000
00000000
00000000
01000000
00000000
00010000
00001000
00000000
00010000
00000000
,

00000010
00000000
00000000
00001000
00000000
00000000
00000001
00000000
00000000
00000100
00000000
00000010
00010000
00000000
00000100
00000000
,

00010000
00000000
00000000
00001000
00000000
00000000
00100000
00000000
00000000
01000000
00000000
00010000
01000000
00000000
00100000
00000000
,

00010000
00000000
00000000
10000000
00000000
00000000
00100000
00000000
00000000
01000000
00000000
00001000
00100000
00000000
00001000
00000000
,

00010000
00000100
00001000
00000100
00010000
00000100
00001000
00000010
,

00000100
00000001
00000010
00001000
00010000
01000000
10000000
00100000
,

01000000
00100000
00010000
00100000
01000000
00100000
00010000
00001000
,

00000100
00000001
00000010
00000100
00010000
00001000
01000000
00100000
,

20000000
00000000
01000000
00000000
00010000
00000000
31000000
00100000
,

02000000
00000000
00100000
00000000
10000000
00000000
03100000
00002000
,

00100000
00010000
01000000
00013000
,

00001000
00010000
00000100
00001000
00000010
00000000
00001000
00000010
,

00000200
00000000
00001000
00000000
00000010
00000000
00000301
00002000
,

00000100
00000000
00000010
00000000
00000001
00000000
00003100
00020000
,

00001000
01000000
00001000
01030000
,

00100000
00000000
00010000
00000000
01000000
00000000
00100000
00000000
10000000
00000000
00000000
10000000
00010000
00000000
00100000
00000000
,

02100000
00000000
10000000
00000000
03100000
00001000
00010000
00002000
,

00100000
00000000
01000000
00000000
00013000
00001000
00010000
00000200
,

00001000
00000010
00001000
00010300
,

00000010
00001000
00000001
00000100
00000010
00000000
00001000
00000100
,

00002100
00000000
00000010
00000000
00003100
00000000
00010000
00002000
,

00100000
00000000
00010000
00000000
01003000
00000000
00100000
20000000
,

00010000
00100000
01000000
30100000
,

01000000
00000000
00010000
00000000
00100000
00000000
01000000
00000000
00100000
00000000
00000000
00001000
00010000
00000000
00001000
00000000
,

00011000
00000000
00010000
00000000
00000100
00000010
00000100
00000000
,

00000010
00000001
00000100
00000000
00000010
00010000
00001000
00000000
,

00100000
00000000
00010000
00000000
01000000
00010000
00100000
00000000
,

01000000
10000000
00100000
01000000
00100000
01000000
00001000
00000000
,

00011000
00000000
00010000
00000000
00000100
00000000
00000000
00001100
00000000
00000000
00000001
00000000
00000100
00000000
00000000
00000000
,

00001001
00000000
00001000
00000000
00000010
00000000
00000000
00010010
00000000
00000000
00001000
00000000
00010000
00000000
00000000
00000000
,

00011000
00000000
00000000
00001000
00000000
00000000
00100000
00000000
00110000
00000000
00000000
00010000
00000000
00000000
10000000
00000000
,

10010000
00000000
00000000
00100000
10000000
00000000
00000000
00010000
01000000
00000000
00000000
00001000
00100000
00000000
00000000
00001000
,

00020000
00000000
00000000
00000000
,

00000000
00000000
00000000
00000000
,

00030000
00000000
00000000
00000000
00001000
00000000
00000000
00010000
00000000
00000000
00000100
00000000
00000000
00000010
00000000
00000100
,

00000000
00000000
00000010
00000000
00000001
00000000
00000000
00000100
00000000
00000000
00001000
00000000
00000000
00010000
00000000
00100000
,

00000000
00000000
10000000
00000000
00010000
00000000
00000000
00100000
00000000
00000000
01000000
00000000
00000000
00010000
00000000
00010000
,

00000000
00000000
00001000
00000000
00000100
00000000
00000000
00000010
00000000
00000000
00001000
00000000
00000000
00000001
00000000
00000001
,

00001000
00000000
00000100
00000000
00000010
00000000
00000000
00000100
00000000
00000000
00010000
00000000
00000000
00001000
00000000
01000000
,

00000000
00000000
00100000
00000000
00010000
00000000
00000000
00100000
00000000
00000000
10000000
00000000
00000000
01000000
00000000
00010000
,

00000000
00000000
01000000
00000000
00100000
00000000
00000000
00001000
00000000
00000000
00010000
00000000
00000000
00000100
00000000
00001000
,

00000000
00000000
00000010
00000000
00001000
00000000
00000000
00000010
00000000
00000000
00000100
00000000
00000000
00000001
00000000
00001000
,

00000100
00000000
00010000
00000000
00011000
00000000
00000000
00001000
00000000
00000000
00100000
00000000
00000000
01000000
00000000
10000000
,

00100000
00000000
01000000
00000000
00010000
00000000
00000000
00100000
00000000
00000000
00001000
00000000
00000000
00010000
00000000
00000100
,

00001000
00000000
00000100
00000000
00000110
00000000
00000000
00000010
00000000
00000000
00000001
00000000
00000000
00000100
00000000
00000100
,

00000010
00000000
00010000
00000000
00001000
00000000
00000000
00100000
00000000
00000000
00010000
00000000
00000000
00100000
00000000
00100000
,

01000000
00000000
10000000
00000000
10010000
00000000
00000000
01000000
00000000
00000000
00010000
00000000
00100000
00000000
00001000
00000000
,

00010000
00000000
00001000
00000000
00100000
00000000
00000000
00001000
00000000
00000000
00010000
00000000
00000010
00000000
00001000
00000000
,

00000010
00000000
00010000
00000000
00011000
00000000
00000000
00001000
00000000
00000000
00010000
00000000
00000100
00000000
00000010
00000000
,

00000001
00000000
00001000
00000000
00001001
00000000
00000000
00000010
00000000
00000000
00000100
00000000
00000010
00000000
00010000
00000000
,

00001000
00000000
00100000
00000000
00110000
00000000
00000000
00010000
00000000
00000000
10000000
00000000
01000000
00100000
00000000
00100000
,

01000000
00000000
10000000
00000000
00100000
00000000
00000000
00010000
00000000
00000000
00001000
00000000
00000100
00000010
00000000
00000010
,

00001000
00000001
00000010
00000001
00000100
00000001
00000010
00000100
,

00001000
00000000
00000100
00000000
00001100
00000000
00000000
00010100
00000000
00000000
00011000
00000000
00000000
00000000
00000000
00000000
,;
