#TITLE:AFTER THE GAME OF LOVE;
#SUBTITLE:;
#ARTIST:NPD3;
#TITLETRANSLIT:;
#SUBTITLETRANSLIT:;
#ARTISTTRANSLIT:;
#CREDIT:;
#BANNER:AFTER THE GAME OF LOVE.png;
#BACKGROUND:AFTER THE GAME OF LOVE-bg.png;
#LYRICSPATH:;
#CDTITLE:./CDTITLES/DANCE DANCE REVOLUTION HOME VERSION.PNG;
#MUSIC:AFTER THE GAME OF LOVE.ogg;
#OFFSET:0.000;
#SAMPLESTART:57.106;
#SAMPLELENGTH:15.000;
#SELECTABLE:YES;
#DISPLAYBPM:105.000;
#BPMS:0.000=104.956,4.000=104.727,20.000=105.097;
#STOPS:;
#BGCHANGES:;

//---------------dance-single - ----------------
#NOTES:
     dance-single:
     :
     Beginner:
     1:
     0.074,0.107,0.094,0.000,0.000:
0000
0000
0000
0000
,
0000
0000
0000
0000
,
0000
0000
0000
0000
,
0000
0000
0000
0000
,
0000
0000
0000
0000
,
0010
0000
0000
0000
,
0010
0000
0000
0000
,
0100
0000
0000
0000
,
0100
0000
0000
0000
,
1001
0000
0000
0000
,
1001
0000
0000
0000
,
0010
0000
0000
0000
,
0100
0000
0000
0000
,
1001
0000
0000
0000
,
1001
0000
0000
0000
,
0010
0000
0000
0000
,
0100
0000
0000
0000
,
0001
0000
0000
0000
,
0001
0000
0000
0000
,
1000
0000
0000
0000
,
1000
0000
0000
0000
,
0001
0000
0000
0000
,
0001
0000
0000
0000
,
1000
0000
0000
0000
,
1000
0000
0000
0000
,
0001
0000
0001
0000
,
0001
0000
0001
0000
,
0010
0000
0000
0000
,
0100
0000
0000
0000
,
1000
0000
1000
0000
,
1000
0000
1000
0000
,
0010
0000
0000
0000
,
0100
0000
0000
0000
,
1001
0000
0000
0000
,
1001
0000
0000
0000
,
0010
0000
0000
0000
,
0100
0000
0000
0000
,
1001
0000
0000
0000
,
1001
0000
0000
0000
,
0010
0000
0000
0000
,
0100
0000
0000
0000
,
1001
0000
0000
0000
,
0000
0000
0000
0000
;

//---------------dance-single - ----------------
#NOTES:
     dance-single:
     :
     Easy:
     2:
     0.109,0.128,0.010,0.000,0.000:
0000
0000
0000
0000
,
0000
0000
0000
0000
,
0000
0000
0000
0000
,
0000
0000
0000
0000
,
0000
0000
0000
0000
,
0001
0000
0000
0000
,
1000
0000
0000
0000
,
0001
0000
0000
0000
,
1000
0000
0000
0000
,
0010
0010
0000
0000
,
0100
0000
0000
0000
,
0010
0010
0000
0000
,
0001
0000
0000
0000
,
0010
0000
0010
0000
,
0001
0000
0001
0000
,
1000
0000
1000
0000
,
0100
0000
0100
0000
,
0010
0000
0000
0000
,
0001
0001
0000
0000
,
1000
1000
0000
0000
,
0010
0100
0010
0100
,
0010
0000
0000
0000
,
0001
0001
0000
0000
,
1000
1000
0000
0000
,
0010
0100
0010
0000
,
0001
0000
1000
0000
,
0001
0000
1000
0000
,
0010
0010
0100
0000
,
0010
0001
0100
0000
,
1000
0000
0001
0000
,
1000
0000
0001
0000
,
0010
0010
0100
0000
,
0010
0001
0100
1000
,
0000
0000
0000
0000
,
0001
0000
0010
0000
,
1000
0000
0010
0000
,
0010
0010
0100
0000
,
0001
0000
0100
0000
,
1000
0000
0100
0000
,
0001
0000
1000
0000
,
0010
0000
0100
0000
,
1001
0000
0000
0000
,
0000
0000
0000
0000
;

//---------------dance-single - ----------------
#NOTES:
     dance-single:
     :
     Medium:
     6:
     0.272,0.278,0.156,0.000,0.000:
0000
0000
0000
0000
,
0000
0000
0000
0000
,
0000
0000
0000
0000
,
0000
0000
0000
0000
,
0000
0000
0000
0000
,
0010
0000
1000
0000
0010
0000
0001
0100
,
0001
0000
0001
0000
0010
0000
1000
0100
,
1000
0000
0001
0000
0100
0000
1000
0010
,
0100
0001
0001
0000
,
0011
0001
0100
0010
,
1000
0000
0100
0000
0010
0000
0001
0100
,
1000
0001
0100
0010
,
1001
0100
0000
0000
,
0001
1000
0001
0000
0100
0000
0010
0001
,
0010
0100
1000
0001
,
0100
0000
1000
0001
0010
0000
0100
1000
,
0010
0001
0100
0010
,
1001
1001
1001
0000
0010
0000
0001
0000
,
0100
0000
1000
0000
0010
0001
0010
0000
,
0001
0100
1000
0010
,
1000
0010
0001
0011
,
1001
0010
0010
1000
,
0100
0000
0001
0000
0010
1000
0010
0000
,
1000
0100
0001
0010
,
0010
0100
0010
0100
0010
0000
1001
0000
,
0010
0000
0001
0000
1000
0100
0010
0000
,
0010
0000
1000
0000
0001
0100
0010
0000
,
0010
0100
1000
0010
,
0010
0001
0010
0000
0010
1000
0010
0000
,
0010
0000
1000
0000
0001
0100
0010
0000
,
0010
0000
0001
0000
1000
0100
0010
0100
,
0100
0000
0010
0000
0010
1000
0010
0000
,
1000
0000
0010
0001
0010
0000
1010
0000
,
0001
0010
0100
1000
,
1000
0010
1001
0011
,
1100
0000
0010
0000
0010
0000
0001
0100
,
1000
0000
0010
0100
,
1000
0010
0100
0001
,
1001
1001
0010
0001
,
1000
0000
0010
0000
0010
1000
0010
0100
,
0001
0000
1001
0000
0010
1000
0100
0001
,
0010
0000
0000
0000
,
0000
0000
0000
0000
;

//---------------dance-single - ----------------
#NOTES:
     dance-single:
     :
     Hard:
     8:
     0.345,0.342,0.261,0.000,0.000:
0000
0000
0000
0000
,
0000
0000
0000
0000
,
0000
0000
0000
0000
,
0000
0000
0000
0000
,
0000
0000
0000
0000
,
0010
0000
0001
0000
1000
0000
0001
0010
,
0100
0000
0010
0000
0001
0000
1000
0010
,
0100
0000
0001
0000
0100
0000
1000
0010
,
0100
0101
0011
0000
,
1001
0000
0110
0000
0010
0100
0010
1000
,
0100
0000
1000
0000
0010
1000
0001
0100
,
0101
0000
0110
0000
0010
0100
0010
0001
,
1000
0000
0100
0000
0000
0000
0100
1000
,
0001
1000
0001
0000
0010
0100
0010
0001
,
0100
0000
0001
0000
0010
0001
1000
0100
,
1100
0000
0110
0000
0010
0100
0010
0001
,
1000
0000
0100
0000
1000
0001
0100
0000
,
1001
1001
1001
0000
0010
0000
0001
0000
,
0100
0001
1000
0000
0010
0001
0010
0000
,
0010
1000
0100
1000
0001
0100
0010
0000
,
1000
0001
1000
0001
1000
0000
0110
0000
,
0001
0001
0010
0000
0010
0001
1000
0000
,
1000
1000
0100
0000
0010
1000
0001
0000
,
1100
0101
0011
1010
,
0010
0100
0010
0100
0010
0000
1001
0000
,
0010
1000
0001
0000
1000
0100
0010
0000
,
0010
0001
1000
0000
0001
0100
0010
0000
,
0010
0001
0100
0000
1000
0100
0010
0000
,
0010
0001
1000
0010
0100
0001
0100
0100
,
0100
0000
1000
0000
0100
0001
0100
0000
,
0010
1000
0001
0010
0100
1000
0100
0100
,
0100
0000
0010
0000
0010
1000
0010
0000
,
1000
0000
0010
0001
0010
0000
1010
0000
,
1000
0001
0100
0000
0001
1000
0100
0000
,
0001
1000
0100
1000
0010
0000
0011
0000
,
1100
0000
0010
0001
0010
0000
1000
0100
,
0001
0000
0010
0100
1000
0000
0110
0000
,
0001
1000
0100
0001
1000
0000
0100
0000
,
1000
0001
0100
0001
1001
0000
1010
0000
,
0101
0000
0010
0000
0010
0001
1000
0100
,
0001
0000
1001
0000
0010
0001
0100
1000
,
0010
0000
0000
0000
,
0000
0000
0000
0000
;

//---------------dance-double - ----------------
#NOTES:
     dance-double:
     :
     Easy:
     5:
     0.174,0.214,0.031,0.000,0.000:
00000000
00000000
00000000
00000000
,
00000000
00000000
00000000
00000000
,
00000000
00000000
00000000
00000000
,
00000000
00000000
00000000
00000000
,
00000000
00000000
00000000
00000000
,
00010000
00000000
10000000
00000000
,
00010000
00000000
10000000
00000000
,
00100000
00000000
00001000
00000000
,
00000100
00000000
00000001
00000000
,
00000010
00001000
00000100
00000000
,
00000010
00000001
00000100
00000000
,
00000010
00001000
00010000
00000000
,
00100000
10000000
01000000
00000000
,
00100000
00100000
00100000
00000000
00000000
00000000
00000000
00000000
,
01000000
00010000
00100000
00000000
,
00100000
10000000
00010000
00000000
,
00100000
00010000
00001000
00000100
,
00000001
00000001
00000001
00000000
00000000
00000000
00000000
00000000
,
00000010
00000010
00000001
00000000
,
00000010
00000010
00001000
00000000
,
00000010
00000100
00000001
00000000
,
00000010
00001000
00010000
00000000
,
00100000
00100000
00100000
00000000
00000000
00000000
00000000
00000000
,
00100000
00010000
10000000
00000000
,
00010000
00100000
00010000
00011000
,
00001000
00000010
00000100
00000001
,
00000010
00000001
00000100
00000100
,
00000001
00000000
00001000
00000000
,
00001000
00010000
01000000
10000000
,
00100000
10000000
01000000
01000000
,
00100000
00010000
01000000
01000000
,
00010000
00000000
10000000
00000000
,
00010000
00001000
00000100
00000001
,
00001001
00000000
00000000
00000000
,
00100000
00010000
00100000
00000000
,
01000000
00010000
00001000
00000010
,
00000001
00000100
00001000
00000010
,
00000000
00001000
00010000
01000000
,
01000000
00010000
01000000
00010000
,
00100000
00010000
01000000
10000000
,
00100000
01000000
00010000
00100000
,
10010000
00000000
00000000
00000000
,
00000000
00000000
00000000
00000000
;

//---------------dance-double - ----------------
#NOTES:
     dance-double:
     :
     Medium:
     6:
     0.269,0.278,0.146,0.000,0.000:
00000000
00000000
00000000
00000000
,
00000000
00000000
00000000
00000000
,
00000000
00000000
00000000
00000000
,
00000000
00000000
00000000
00000000
,
00000000
00000000
00000000
00000000
,
00100000
00000000
10000000
00000000
00100000
00000000
00010000
00001000
,
00000100
00000000
00000001
00000000
00000010
00000000
00000001
00000010
,
00000100
00000000
00001000
00000000
00000010
00000000
00001000
00010000
,
00100000
00010000
10000000
00000000
,
00110000
00000000
00010000
00000000
01000000
00000000
00100000
00010000
,
00001000
00000000
00000100
00000000
00000010
00000000
00000001
00000100
,
00001000
00000000
00001000
00010000
,
10010000
01000000
00000000
00000000
,
00010000
10000000
00010000
00000000
00000000
00000000
00100000
00010000
,
00001000
00000001
00000010
00000100
,
00001000
00000000
00010000
10000000
00100000
00000000
01000000
10000000
,
00100000
10000000
00100000
00010000
,
00011000
00011000
00011000
00000000
00000010
00000000
00001000
00000000
,
00000100
00000000
00000001
00000000
00000010
00000100
00001000
00000000
,
00010000
00000100
00010000
00001000
,
01000000
00001000
00000100
00000010
,
00001001
00000010
00000010
00001000
,
00000100
00000000
00000010
00000000
00001000
00010000
01000000
00000000
,
00100000
00001000
00000100
00001000
,
00000010
00000100
00000010
00000100
00000010
00000000
00001001
00000000
,
00000010
00000000
00001000
00000000
00010000
01000000
00100000
00000000
,
00100000
00000000
10000000
00000000
00010000
01000000
00100000
00000000
,
00100000
01000000
10000000
00100000
,
00100000
00010000
00001000
00000000
00000010
00000100
00000001
00000000
,
00000010
00000000
00001000
00000000
00000001
00000100
00000010
00000000
,
00000010
00000000
00000001
00000000
00000100
00001000
00010000
00010000
,
00010000
00000000
00000010
00000000
00000010
00001000
00000010
00000000
,
00001000
00000000
00000010
00001000
00010000
00000000
00110000
00000000
,
10000000
00100000
01000000
00010000
,
00001000
00010000
00110000
00011000
,
00001001
00000000
00000010
00000000
00000010
00000000
00000001
00000100
,
00001000
00000000
00100000
01000000
,
10000000
00010000
00001000
00000001
,
00001001
00011000
00100000
01000000
,
10000000
00000000
00100000
00000000
00100000
00010000
00001000
00000100
,
00000001
00000000
00001001
00000000
00000010
00001000
00000100
00000001
,
00000010
00000000
00000000
00000000
,
00000000
00000000
00000000
00000000
;

//---------------dance-double - ----------------
#NOTES:
     dance-double:
     :
     Hard:
     8:
     0.344,0.342,0.250,0.000,0.000:
00000000
00000000
00000000
00000000
,
00000000
00000000
00000000
00000000
,
00000000
00000000
00000000
00000000
,
00000000
00000000
00000000
00000000
,
00000000
00000000
00000000
00000000
,
00100000
00000000
00010000
00000000
10000000
00000000
00010000
00001000
,
00000100
00000000
00000010
00000000
00000001
00000000
00001000
00000010
,
00000100
00000000
00000001
00000000
00000100
00000000
00001000
00010000
,
01000000
11000000
01010000
00000000
,
10010000
00000000
01100000
00000000
00100000
01000000
00100000
00010000
,
00001000
00000000
00000100
00000000
00000010
00000001
00001000
00000100
,
00001001
00000000
00000110
00000000
00000010
00000100
00000010
00001000
,
00010000
00000000
00100000
00000000
00000000
00000000
01000000
10000000
,
00010000
10000000
00010000
00000000
00001000
00000100
00000010
00000001
,
00000100
00000000
00000010
00000000
00000001
00000100
00001000
00010000
,
01000000
00000000
01100000
00000000
00100000
01000000
00100000
00010000
,
10000000
00000000
00010000
00000000
01000000
00001000
00010000
00000000
,
00011000
00011000
00011000
00000000
00100000
00000000
00010000
00000000
,
01000000
00010000
10000000
00000000
00100000
00001000
00010000
00000000
,
00000010
00001000
00000001
00000100
00001000
00010000
01000000
00000000
,
10000000
00010000
10000000
00010000
10000000
00000000
01100000
00000000
,
00001000
00001000
00010000
00000000
00000010
00001000
00000100
00000000
,
00010000
00010000
00001000
00000000
00100000
00010000
10000000
00000000
,
11000000
01010000
00011000
00001010
,
00000010
00000100
00000010
00000100
00000010
00000000
00001001
00000000
,
00000010
00001000
00000100
00000000
00010000
00001000
01000000
00000000
,
00100000
10000000
01000000
00000000
00010000
00000010
00000100
00000000
,
00001000
00000001
00000100
00000000
00001000
00000100
00000010
00000000
,
00000010
00000100
00001000
00010000
01000000
00100000
10000000
10000000
,
10000000
00000000
00010000
00000000
10000000
00010000
01000000
00000000
,
00100000
01000000
00010000
00001000
00000100
00000010
00000001
00000001
,
00000001
00000000
00000010
00000000
00000010
00001000
00000010
00000000
,
00001000
00000000
00100000
00010000
00100000
00000000
10100000
00000000
,
10000000
00010000
01000000
00000000
00010000
00001000
00000100
00000000
,
00000001
00001000
00000100
00001000
00000010
00000000
00000011
00000000
,
00001100
00000000
00000010
00000001
00000010
00000000
00000001
00000100
,
00001000
00000000
00100000
01000000
10000000
00000000
01100000
00000000
,
00010000
10000000
01000000
00010000
00001000
00000000
00000100
00000000
,
00001000
00000001
00000100
00000001
00001001
00000000
00011000
00000000
,
01010000
00000000
00100000
00000000
00100000
00010000
10000000
01000000
,
00010000
00000000
10010000
00000000
00100000
00010000
01000000
10000000
,
00100000
00000000
00000000
00000000
,
00000000
00000000
00000000
00000000
;

//---------------dance-couple - ----------------
#NOTES:
     dance-couple:
     :
     Medium:
     5:
     0.387,0.641,0.896,0.000,0.000:
00000000
00000000
00000000
00000000
,
00000000
00000000
00000000
00000000
,
00000000
00000000
00000000
00000000
,
00000000
00000000
00000000
00000000
,
00000000
00000000
00000000
00000000
,
00100000
00000000
00010000
00000000
10000000
00000000
00010000
00100000
,
01000000
00000000
00100000
00000000
00010000
00000000
10000000
00100000
,
00000010
00000000
00000001
00000000
00001000
00000000
00000001
00000010
,
00000100
00000000
00000010
00000000
00000001
00000000
00001000
00000010
,
00110000
00010100
01000000
00100100
,
10000000
00000000
01000100
00000000
00100000
00000000
00010100
01000000
,
10000000
00010100
01000000
00100100
,
10010000
01000100
00000000
00100100
,
00000011
00100001
00000100
00100010
,
00001000
00000000
00100100
00000000
00000010
00000000
00100001
00000100
,
00001000
00100001
00000100
00100010
,
00001001
00100100
00000000
00100100
,
10011001
10011001
10011001
00000000
00100010
00000000
00010001
00000000
,
01000100
00010001
10001000
00000000
00100010
00010001
00100010
00000000
,
00100010
10001000
01000100
10001000
00010001
01000100
00100010
00000000
,
10001000
00010001
10001000
00010001
10001000
00000000
01100110
00000000
,
00010001
00010001
00100010
00000000
00100010
00010001
10001000
00000000
,
10001000
10001000
01000100
00000000
00100010
10001000
00010001
00000000
,
11001100
01010101
00110011
10101010
,
00100010
01000100
00100010
01000100
00100010
00000000
10011001
00000000
,
00100100
00000000
00010000
00000000
10000000
01000000
00100000
00000000
,
00100100
00000000
10000000
00000000
00010000
01000000
00100000
00000000
,
00100100
01000000
10000000
00100000
,
00100100
00010000
00100000
00000000
00100000
10000000
00100000
00000000
,
01000010
00000000
00000001
00000000
00001000
00000100
00000010
00000000
,
01000010
00000000
00001000
00000000
00000001
00000100
00000010
00000000
,
01000010
00000100
00001000
00000010
,
01000010
00000001
00000010
00000000
00000010
00001000
00000010
00000000
,
00000000
00000000
00000000
00000000
,
00010001
00000000
00100010
00000000
,
10001000
00000000
00100010
00000000
,
00100010
00100010
01000100
00000000
,
00010001
00000000
01000100
00000000
,
10001000
00000000
01000100
00000000
,
00000001
00000000
10000000
00000000
,
00000010
00000000
01000000
00000000
,
10011001
00000000
00000000
00000000
;

//---------------dance-solo - ----------------
#NOTES:
     dance-solo:
     :
     Easy:
     2:
     0.128,0.192,0.000,0.000,0.000:
000000
000000
000000
000000
,
000000
000000
000000
000000
,
000000
000000
000000
000000
,
000000
000000
000000
000000
,
000000
000000
000000
000000
,
000001
000000
100000
000000
,
000010
000000
010000
000000
,
000001
000000
100000
000000
,
000010
000000
010000
000000
,
000010
000000
000001
000000
,
010000
000000
100000
000000
,
000100
000000
000100
000000
,
100000
000000
000001
000000
,
000010
000000
000001
000000
,
010000
000000
100000
000000
,
000100
000000
000100
000000
,
100000
000000
000001
000000
,
000010
000000
000010
000000
,
010000
000000
010000
000000
,
000001
000000
001000
000000
,
100000
000000
001000
000000
,
000010
000000
000010
000000
,
010000
000000
010000
000000
,
000001
000000
100000
000000
,
000100
000100
000100
001000
,
000100
000001
100000
001000
,
000100
100000
000001
001000
,
000010
000000
010000
000000
,
000001
000000
100000
000001
,
000100
000001
100000
001000
,
000100
100000
000001
001000
,
000010
000000
010000
000000
,
000010
000000
010000
000000
,
000100
000000
001000
000000
,
000100
000000
100000
000001
,
001000
000000
000010
000000
,
010000
000000
001000
000000
,
000100
000000
001000
000000
,
000100
000000
010000
000010
,
010000
000000
001000
000000
,
000100
000000
001000
000000
,
000010
000000
000000
000000
;

//---------------dance-solo - ----------------
#NOTES:
     dance-solo:
     :
     Medium:
     4:
     0.259,0.278,0.365,0.000,0.000:
000000
000000
000000
000000
,
000000
000000
000000
000000
,
000000
000000
000000
000000
,
000000
000000
000000
000000
,
000000
000000
000000
000000
,
000010
000001
010000
100000
,
000001
001000
100000
001000
,
000001
000001
100000
100000
,
001000
001000
000100
000100
,
000100
010000
000100
100001
,
000100
000010
000100
100001
,
000010
101000
000010
101000
,
100000
000001
001000
001000
,
000100
010000
000100
100001
,
000100
000010
000100
100001
,
010000
001001
010000
001001
,
000001
100000
001000
001000
,
000010
000100
001000
000001
,
000010
000100
001000
000001
,
000010
000010
001100
100001
,
000101
100100
101000
001001
,
010000
000100
001000
100000
,
010000
000100
001000
100000
,
010000
010000
000101
100100
,
100001
001100
000010
010000
,
000100
001000
000100
001000
,
000010
100001
000010
100001
,
000010
000000
010000
000000
,
000100
000100
101000
001001
,
000100
001000
000100
001000
,
000010
100001
000010
100001
,
000010
001001
010000
101000
,
000010
001000
010000
001000
,
000001
000010
000100
000010
,
000001
000010
001100
100010
,
010001
000000
000100
000000
,
000010
100001
001000
001000
,
100000
010000
000100
010000
,
100000
010000
001100
010001
,
100010
000000
000100
000000
,
000010
100001
100000
000001
,
001100
000000
000000
000000
;

//---------------dance-solo - ----------------
#NOTES:
     dance-solo:
     :
     Hard:
     6:
     0.320,0.363,0.365,0.000,0.000:
000000
000000
000000
000000
,
000000
000000
000000
000000
,
000000
000000
000000
000000
,
000000
000000
000000
000000
,
000000
000000
000000
000000
,
000100
000001
001000
000000
000100
100000
001000
000000
,
000100
000001
001000
000000
000100
100000
001000
000000
,
000010
000001
010000
100000
,
000010
000000
010000
000000
001100
001100
100001
000000
,
000100
000000
000100
000000
001000
000001
010000
000000
,
000100
000000
000100
000000
001000
100000
000010
000000
,
000100
000000
000100
000000
001000
000101
100100
000000
,
000100
000000
000100
000000
001000
000110
010100
000000
,
001000
000000
000001
000000
001001
101000
100100
000000
,
001000
000000
000001
000000
000101
100100
101000
000000
,
001000
000000
100000
000000
000101
001001
000101
000000
,
001000
000000
000001
000000
100100
101000
100100
000000
,
000010
000010
000010
101000
,
010000
010000
010000
001001
,
000100
000010
000001
001000
,
000100
010000
100000
001000
,
000010
000010
000010
100100
,
010000
010000
010000
000101
,
010000
001000
000010
001000
,
000101
100100
011000
001010
,
000100
000001
000100
000000
010000
010000
010000
010000
,
000100
100000
000100
000000
000010
000010
000010
000010
,
100000
000100
010000
001000
,
000001
000100
000010
010000
000001
010000
001000
000000
,
000100
000010
100000
000000
000001
000001
000001
000001
,
000100
010000
000001
000000
100000
100000
100000
100000
,
000100
000000
000001
000000
000010
010000
001000
000000
,
000100
000000
010000
000010
001000
000000
000100
000000
,
000100
000010
100000
000000
001000
001000
001000
000000
,
010000
000100
101000
000110
,
001001
001000
010000
001000
,
000010
000000
001000
000000
010000
001000
100001
000000
,
000100
010000
000001
000000
001000
001000
001000
000000
,
000010
000100
001001
010100
,
101000
001000
000010
001000
,
010000
001000
000010
001000
,
010010
000000
000000
000000
;
