#TITLE:AGAINST ALL ODDS (Definitive MIX);
#SUBTITLE:;
#ARTIST:DEJA VU featuring TASMIN;
#TITLETRANSLIT:;
#SUBTITLETRANSLIT:;
#ARTISTTRANSLIT:;
#CREDIT:;
#BANNER:AGAINST ALL ODDS (Definitive MIX).png;
#BACKGROUND:AGAINST ALL ODDS (Definitive MIX)-bg.png;
#LYRICSPATH:;
#CDTITLE:./CDTITLES/DANCEMANIA 18.PNG;
#MUSIC:AGAINST ALL ODDS (Definitive MIX).ogg;
#OFFSET:0.000;
#SAMPLESTART:27.629;
#SAMPLELENGTH:15.000;
#SELECTABLE:YES;
#DISPLAYBPM:139.000;
#BPMS:0.000=138.674,4.000=139.015;
#STOPS:;
#BGCHANGES:;

//---------------dance-single - ----------------
#NOTES:
     dance-single:
     :
     Beginner:
     1:
     0.123,0.162,0.088,0.020,0.000:
0000
0000
0000
0000
,
0000
0000
0000
0000
,
0000
0000
0000
0000
,
0000
0000
0000
0000
,
0000
0000
0000
0000
,
0010
0000
0000
0000
,
1000
0000
0000
0000
,
0010
0010
0010
0000
,
1000
0000
0000
0000
,
0010
0000
0000
0000
,
0001
0000
0000
0000
,
0010
0010
0010
0000
,
0001
0000
0000
0000
,
0100
0100
0000
0000
,
1000
0000
0001
0000
,
1000
0000
0000
0000
,
0100
0000
0000
0000
,
1001
0000
0000
0000
,
1000
0000
0001
0000
,
0100
0000
0000
0000
,
0001
0000
1000
0000
,
0010
0000
0010
0000
,
0100
0000
0000
0000
,
0010
0000
0000
0000
,
0220
0000
0000
0330
,
0000
0000
0000
0000
,
1000
0000
1000
0000
,
0010
0000
0000
0000
,
1000
1000
1000
0000
,
0010
0000
0000
0000
,
0001
0000
0001
0000
,
0010
0000
0000
0000
,
0001
0001
0001
0000
,
0010
0000
0000
0000
,
0100
0100
0000
0000
,
1000
0000
0001
0000
,
1000
0000
1000
0000
,
1001
0000
0000
0000
,
1001
0000
0000
0000
,
0001
0000
1000
0000
,
0100
0000
0000
0000
,
1000
0000
0001
0000
,
0010
0000
0010
0000
,
0100
0000
0000
0000
,
0010
0000
0100
0000
,
0110
0000
0000
0000
,
1001
0000
0000
0000
,
1000
0000
0001
0000
,
0100
0000
0000
0000
,
0001
0000
1000
0000
,
0010
0010
0000
0000
,
0100
0100
0000
0000
,
0001
0000
1000
0000
,
1001
0000
0000
0000
,
0110
0000
0000
0000
,
1001
0000
0000
0000
;

//---------------dance-single - ----------------
#NOTES:
     dance-single:
     :
     Easy:
     3:
     0.171,0.243,0.029,0.000,0.000:
0000
0000
0000
0000
,
0000
0000
0000
0000
,
0000
0000
0000
0000
,
0000
0000
0000
0000
,
0000
0000
0000
0000
,
0010
0000
0000
0000
,
1000
0000
0000
0000
,
0010
1000
0010
1000
,
0001
0000
0000
0000
,
0010
0000
0000
0000
,
0001
0000
0000
0000
,
0010
0001
0010
0001
,
1000
0000
0000
0000
,
0010
0010
0000
0000
,
1000
0000
0001
0000
,
0100
0000
0000
0000
,
0010
0010
1000
0000
,
0001
0000
0000
0000
,
1000
0100
0010
0001
,
1000
0000
0000
0000
,
0001
0010
0100
1000
,
0001
0000
0001
0000
,
1000
0000
1000
0000
,
0010
1000
0010
0100
,
0001
0000
0000
0000
,
0000
0000
0000
0000
,
1000
0100
1000
0100
,
0010
0000
0001
0000
,
1000
0010
1000
0010
,
0100
0000
0001
0000
,
1000
1000
0001
0001
,
0100
0100
0001
0000
,
1000
0000
0010
0100
,
0001
0000
0000
0000
,
0010
0010
0000
0000
,
0100
0010
0100
1000
,
0001
0000
0000
0000
,
1000
0000
0000
0000
,
0001
0010
0100
1000
,
0001
0000
0000
0000
,
1000
0100
0010
0001
,
1000
0000
1000
0000
,
0001
0000
0001
0000
,
0100
0001
0100
0010
,
1000
0000
0001
0000
,
0100
0000
0001
0001
,
1001
0000
1001
0000
,
1000
0100
0010
0001
,
1000
0010
0100
0001
,
1000
0000
1000
0000
,
0010
1000
0010
1000
,
0001
0000
1000
0000
,
0001
0010
0100
1000
,
0001
0000
0000
0000
,
1000
0000
0000
0000
,
1001
0000
0000
0000
,
0000
0000
0000
0000
;

//---------------dance-single - ----------------
#NOTES:
     dance-single:
     :
     Medium:
     5:
     0.283,0.324,0.020,0.000,0.000:
0000
0000
0000
0000
,
0000
0000
0000
0000
,
0000
0000
0000
0000
,
1000
0010
0100
0001
,
1000
0000
0000
0000
,
0001
0001
1000
0100
,
0010
0001
0010
0000
0100
0000
1000
0000
,
0001
0100
0010
1000
,
0001
0000
0100
0000
,
0010
1000
0100
0000
,
0010
0001
0100
0000
,
0001
0001
0001
0001
,
1000
0000
0000
0000
,
0010
1000
0001
0000
1000
0000
1000
0000
,
0010
0000
1000
0000
,
0001
0001
1000
1000
,
1001
0000
0000
0000
,
0010
1000
0001
1000
0010
1000
0001
0000
,
1000
0000
0100
0000
,
0010
0001
1000
0001
0010
0001
1000
0000
,
0001
0000
0100
0000
,
0010
0100
1000
0100
0010
0100
0001
0000
,
0100
0000
0010
0000
,
1000
0010
0100
0001
,
1000
1000
0001
0001
,
0010
0010
0100
0100
,
1000
1000
0001
0010
,
0100
1000
0001
0000
0100
0000
0010
0000
,
1000
0100
0010
0001
,
1000
0000
0010
0000
,
0100
0001
0010
0000
,
0100
1000
0010
0000
,
1000
1000
1000
1000
,
0001
0000
0000
0000
,
0100
0001
1000
0000
0100
0000
0100
0000
,
0010
0000
0001
0000
,
1000
1000
0001
0001
,
1001
0000
0000
0000
,
0100
1000
0100
0010
0100
0001
0100
0000
,
1000
0010
1000
1000
,
0100
0001
0100
0010
0100
1000
0100
0000
,
1000
0001
0100
0100
,
0010
0100
0001
0010
0100
1000
0010
0000
,
0100
1000
0100
0100
,
0001
0100
0010
1000
,
0100
0000
1000
1000
,
0001
0010
0001
1000
0100
0010
0100
0000
,
1000
0001
0100
0010
,
1000
0010
1000
0001
0100
0010
0100
0000
,
0001
1000
0100
0010
,
0001
0100
0010
1000
,
0001
1000
0100
0000
0010
0000
0001
0000
,
1000
1000
0001
0001
,
0100
0000
0100
0000
,
0100
0000
0100
0000
,
0100
0000
0000
0000
,
0000
0000
0000
0000
;

//---------------dance-single - ----------------
#NOTES:
     dance-single:
     :
     Hard:
     7:
     0.434,0.458,0.000,0.000,0.275:
0000
0000
0000
0000
,
0000
0000
0000
0000
,
0000
0000
0000
0000
,
0010
1000
0010
0100
0000
0000
0001
0000
,
1000
0000
0000
0000
,
0100
1000
0001
0000
0100
0000
0100
0000
,
0010
1000
0001
0000
0100
0000
0100
0000
,
0010
1000
0001
1000
0010
0000
0100
0000
,
0001
0000
0001
0000
0010
0100
1000
0000
,
0001
0001
1000
1000
,
0001
0100
0010
0100
1000
0000
0100
0000
,
0001
0000
0001
0000
0010
0010
0010
0000
,
0001
0010
0100
0000
1000
0000
0001
0000
,
1000
1000
0010
0000
0100
0000
0001
0000
,
1000
0010
1000
0001
,
0100
0000
0100
0000
1000
0100
0001
0000
,
1000
0000
0010
1000
,
0001
0000
0000
0000
1000
0000
0000
0000
0100
0010
0000
0001
1000
0000
0100
0000
,
1000
0000
0000
0000
0001
0000
0000
0000
0100
0010
0000
1000
0001
0000
0100
0000
,
0010
0000
0000
0000
1000
0000
0000
0000
0001
0010
0000
0100
1000
0000
0100
0000
,
0010
0000
0000
0000
0001
0000
0000
0000
1000
0010
0000
0100
0001
0000
0010
0000
,
0100
0000
0000
0000
1000
0000
0000
0000
0001
0100
0000
0010
1000
0000
0100
0000
,
0010
0000
0000
0000
0001
0000
0000
0000
1000
0010
0000
0100
0001
0000
1000
0000
,
0010
0000
0000
0000
1000
0000
0000
0000
0001
0010
0000
0100
1000
0000
0010
0000
,
0100
0000
0000
0000
0001
0000
0000
0000
1000
0100
0000
0010
0001
0000
0010
0000
,
0001
1000
0000
0010
0100
0000
0001
0000
1000
0100
0000
0010
0001
0000
0000
0000
,
0100
0001
1000
0000
0100
0000
0100
0000
,
0010
0001
1000
0000
0010
0000
0010
0000
,
0100
0001
1000
0001
0100
0000
0010
0000
,
1000
0000
1000
0000
0100
0010
0001
0000
,
1000
1000
0001
0001
,
1000
0100
0010
0100
0001
0000
0100
0000
,
1000
0000
1000
0000
0010
0010
0010
0000
,
1000
0010
0100
0000
0001
0000
1000
0000
,
0001
0001
0010
0000
0100
0000
1000
0000
,
0001
0010
0001
1000
,
0100
0000
0100
0000
0001
0100
1000
0000
,
0001
0000
0010
0001
,
1000
0000
0000
0000
0001
0000
0000
0000
0100
0010
0000
1000
0001
0000
0100
0000
,
0001
0000
0000
0000
1000
0000
0000
0000
0100
0010
0000
0001
1000
0000
0100
0000
,
0010
0000
0000
0000
0001
0000
0000
0000
1000
0010
0000
0100
0001
0000
0100
0000
,
0010
0000
0000
0000
1000
0000
0000
0000
0001
0010
0000
0100
1000
0000
0010
0000
,
0100
0000
0000
0000
0001
0000
0000
0000
1000
0100
0000
0010
0001
0000
0100
0000
,
0010
0000
0000
0000
1000
0000
0000
0000
0001
0010
0000
0100
1000
0000
0001
0000
,
0010
0000
0000
0000
0001
0000
0000
0000
1000
0010
0000
0100
0001
0000
0010
0000
,
0100
0000
0000
0000
1000
0000
0000
0000
0001
0100
0000
0010
1000
0000
0001
0000
,
1000
0000
0100
1000
0000
0100
1000
0000
0001
0000
0000
0000
0100
0000
0000
0000
,
0010
0000
0100
0010
0000
0100
0010
0000
1000
0000
0000
0000
0100
0000
0000
0000
,
0001
0000
0100
0001
0000
0100
0001
0000
0100
0000
0000
0000
0010
0000
0000
0000
,
0001
0000
1000
0001
0000
1000
0001
0000
0100
0000
0000
0000
0010
0000
0000
0000
,
1000
0000
0010
1000
0000
0001
1000
0000
0010
0000
0000
0000
0100
0000
0000
0000
,
0001
0000
0010
0001
0000
1000
0001
0000
0100
0000
0000
0000
0010
0000
0000
0000
,
1000
0000
0001
0010
0000
0100
1000
0000
0001
0000
0000
0000
0100
0000
0000
0000
,
0010
0000
1000
0001
0000
0010
0100
0000
1000
0000
0000
0000
0001
0000
0000
0000
,
1000
0001
0000
0010
0100
0000
1000
0000
0001
0100
0000
0010
1000
0000
0100
0000
,
0010
0000
0000
0000
,
0000
0000
0000
0000
;

//---------------dance-double - ----------------
#NOTES:
     dance-double:
     :
     Easy:
     3:
     0.189,0.243,0.010,0.000,0.000:
00000000
00000000
00000000
00000000
,
00000000
00000000
00000000
00000000
,
00000000
00000000
00000000
00000000
,
00000000
00000000
00000000
00000000
,
00000000
00000000
00000000
00000000
,
00000010
00000000
00000010
00000000
,
00000001
00000000
00000100
00000000
,
00000010
00001000
00010000
01000000
,
00010000
00000000
00010000
00000000
,
10000000
00000000
00100000
00000000
,
10000000
00000000
10000000
00000000
,
00010000
00010000
01000000
01000000
,
00001000
00000000
00010000
00000000
,
00001000
00001000
00010000
00000000
,
00000100
00000000
00000010
00000000
,
00000001
00000000
00000000
00000000
,
00000000
00000000
00000000
00000000
,
00000100
00000010
00010000
00001000
,
01000000
00010000
01000000
00100000
,
10000000
00000000
10000000
00000000
,
00010000
00000000
00010000
00000000
,
00100000
00001000
00010000
00000100
,
00001000
00000010
00000100
00000001
,
00001000
00000000
00001000
00000000
,
00000010
00000000
00000010
00000000
,
00000100
00000000
00000100
00000000
,
00000001
00000000
00000001
00000000
,
00001000
00000000
00000010
00000000
,
00010000
00001000
01000000
00010000
,
10000000
00000000
10000000
00000000
,
00010000
00000000
01000000
00000000
,
00100000
00000000
00100000
00000000
,
10000000
10000000
01000000
01000000
,
00100000
00000000
00001000
00000000
,
00010000
00010000
00000010
00000000
,
00000100
00000000
00000010
00000000
,
00001000
00000000
00000000
00000000
,
00000000
00000000
00000000
00000000
,
01000000
00100000
00001000
00010000
,
00000100
00001000
00000100
00000010
,
00000001
00000000
00000001
00000000
,
00001000
00000000
00001000
00000000
,
00000010
00010000
00001000
01000000
,
00010000
00100000
01000000
10000000
,
00010000
00000000
00010000
00000000
,
00100000
00000000
00100000
00000000
,
00010000
00100000
01000000
10000000
,
00100000
01000000
00001000
00010000
,
00000100
00000000
00000010
00000000
,
00000001
00000001
00000100
00000000
,
00000010
00000100
00000010
00001000
,
00000100
00010000
00001000
01000000
,
00100000
00000000
10000000
00000000
,
00010000
00010000
01000000
01000000
,
00001000
00001000
00010000
00010000
,
00011000
00000000
00000000
00000000
,
00000000
00000000
00000000
00000000
;

//---------------dance-double - ----------------
#NOTES:
     dance-double:
     :
     Medium:
     5:
     0.300,0.297,0.010,0.000,0.000:
00000000
00000000
00000000
00000000
,
00000000
00000000
00000000
00000000
,
00000000
00000000
00000000
00000000
,
00100000
00000000
00100000
00000000
10000000
00010000
01000000
00000000
,
00100000
00000000
00000000
00000000
,
01000000
00000000
00001000
00000000
00010000
00001000
00010000
00000000
,
00000010
00000000
00001000
00000000
00000001
00000100
00000001
00000000
,
00000010
00000000
00000100
00000000
00010000
00001000
00010000
00000000
,
00001000
00000000
01000000
00000000
,
00100000
10000000
00100000
00000000
01000000
00000000
00001000
00000000
,
00010000
00001000
00010000
00000000
00000010
00000000
00001000
00000000
,
00000001
00000001
00000100
00000010
,
00010000
00010000
00001000
00001000
,
01000000
00000000
00000000
00000000
,
00010000
10000000
00010000
00000000
01000000
00100000
01000000
00000000
,
00001000
00000000
00010000
00000000
,
00001000
00000000
00000000
00000000
,
00000010
00000001
00000100
00000010
,
00010000
00000000
00001000
00000000
01000000
00010000
10000000
00000000
,
01000000
00100000
00001000
00010000
,
00000100
00000000
00000010
00000000
00000001
00001000
00000010
00000000
,
00000100
00000010
00010000
00001000
,
01000000
00000000
00010000
00000000
10000000
01000000
00100000
00000000
,
00001000
00001000
00010000
00010000
,
00000010
00001000
00000001
00001000
,
00000001
00001000
00000100
00001000
,
00000100
00000000
00010000
00000000
00001000
00010000
00001000
00000000
,
00100000
00000000
00010000
00000000
10000000
01000000
10000000
00000000
,
00100000
00000000
01000000
00000000
00001000
00010000
00001000
00000000
,
00010000
00000000
00000100
00000000
,
00000010
00000001
00000010
00000000
00000100
00000000
00010000
00000000
,
00001000
00010000
00001000
00000000
00100000
00000000
00010000
00000000
,
10000000
10000000
01000000
00100000
,
00001000
00001000
00010000
00010000
,
00000100
00000000
00000000
00000000
,
00001000
00000001
00001000
00000000
00000100
00000010
00000100
00000000
,
00010000
00000000
00001000
00000000
,
00010000
00000000
00000000
00000000
,
00100000
10000000
01000000
00100000
,
00001000
00000000
00010000
00000000
00000100
00001000
00000001
00000000
,
00000100
00000010
00010000
00001000
,
01000000
00000000
00100000
00000000
10000000
00010000
00100000
00000000
,
01000000
00100000
00001000
00010000
,
00000100
00000000
00001000
00000000
00000001
00000100
00000010
00000000
,
00010000
00010000
00001000
00001000
,
00100000
00010000
10000000
00010000
,
10000000
00100000
01000000
00001000
,
00010000
00000000
00000100
00000000
00000010
00000100
00001000
00000000
,
00000010
00001000
00000100
00010000
,
00001000
00000000
01000000
00000000
00100000
10000000
00010000
00000000
,
01000000
00001000
00010000
00000010
,
00000100
00000000
00000010
00000000
00001000
00000001
00000100
00000000
,
00000010
00001000
00000100
00010000
,
00001000
00000000
00100000
00000000
00010000
01000000
00100000
00000000
,
10000000
01000000
00100000
00000000
00010000
01000000
00100000
00000000
,
10010000
00000000
00000000
00000000
,
00000000
00000000
00000000
00000000
;

//---------------dance-double - ----------------
#NOTES:
     dance-double:
     :
     Hard:
     7:
     0.471,0.458,0.020,0.000,0.000:
00000000
00000000
00000000
00000000
,
00000000
00000000
00000000
00000000
,
00000000
00000000
00000000
00000000
,
10010000
01000000
00001000
00001000
,
00011000
00000000
00000000
00000000
,
00000010
00001000
00000010
00001000
00000001
00001000
00000010
00010000
,
00001000
01000000
00010000
00000000
10000000
01000000
00100000
00000000
,
00001000
00010000
00001000
00010000
00000100
00001000
00000010
00000000
,
00001000
00000001
00000100
00000000
00000010
00001000
00000100
00000000
,
00010000
00001000
00010000
00001000
00100000
00010000
01000000
00100000
,
10000000
00010000
00100000
00000000
01000000
10000000
00100000
00000000
,
01000000
00001000
01000000
00001000
00010000
00000100
00001000
00000000
,
00000001
00000000
00000001
00000000
00001000
00000000
00001000
00000010
,
00010000
00010000
00001000
00000000
01000000
00000000
00010000
00000000
,
10000000
00000000
10000000
00000000
00100000
01000000
00001000
00010000
,
00000100
00000100
00000100
00000100
,
00000100
00001000
00000010
00000100
00000001
00000000
00000001
00000000
,
00001000
00000010
00001000
00000001
00001000
00000010
00001000
00000001
,
00001000
00000100
00010000
00001000
00100000
00010000
10000000
01000000
,
00100000
00010000
01000000
00010000
00100000
00001000
00010000
00000100
,
00000010
00000100
00001000
00000010
00000100
00000001
00001000
00000100
,
00000010
00000001
00000010
00000100
00000010
00000001
00000010
00000100
,
00001000
00000001
00001000
00000010
00010000
00001000
00100000
00010000
,
01000000
00100000
01000000
10000000
01000000
00100000
10000000
00010000
,
10000000
00000000
10000000
00000000
00010000
01000000
00100000
00000000
,
10000000
00000000
00000000
00000000
,
00100000
00010000
00100000
00010000
10000000
00010000
00100000
00001000
,
00010000
00000100
00001000
00000000
00000001
00000100
00000010
00000000
,
00010000
00001000
00010000
00001000
01000000
00010000
00100000
00000000
,
00010000
10000000
01000000
00000000
00100000
00010000
01000000
00000000
,
00001000
00010000
00001000
00010000
00000010
00001000
00000100
00000010
,
00000001
00001000
00000010
00000000
00000100
00000001
00000010
00000000
,
00000100
00010000
00000100
00010000
00001000
01000000
00010000
00000000
,
10000000
00000000
10000000
00000000
00010000
00000000
00010000
00100000
,
00001000
00001000
00010000
00000000
00000100
00000000
00001000
00000000
,
00000001
00000000
00000001
00000000
00000010
00000100
00010000
00001000
,
01000000
01000000
01000000
01000000
,
01000000
00010000
00100000
01000000
10000000
00000000
10000000
00000000
,
00010000
01000000
00010000
10000000
00010000
01000000
00010000
10000000
,
00010000
00100000
00001000
00010000
00000100
00001000
00000001
00000010
,
00000100
00001000
00000010
00001000
00000100
00010000
00001000
00100000
,
01000000
00100000
00010000
01000000
00100000
10000000
00010000
00100000
,
01000000
10000000
01000000
00100000
01000000
10000000
01000000
00100000
,
00010000
10000000
00010000
01000000
00001000
00010000
00000100
00001000
,
00000010
00000100
00000010
00001000
00000010
00000100
00000001
00001000
,
00000001
00000000
00000001
00000000
00001000
00000010
00000100
00000010
,
00001000
00000000
00000000
00000000
00001000
00000001
00000010
00000100
,
00001000
00000000
00000000
00000000
00001000
00000010
00010000
00001000
,
01000000
00000000
00000000
00000000
01000000
00010000
00100000
01000000
,
10000000
00000000
00000000
00000000
10000000
00100000
01000000
00001000
,
00010000
00000000
00010000
00000000
00010000
00001000
01000000
00100000
,
10000000
00000000
10000000
00000000
10000000
00100000
01000000
00001000
,
00010000
00000010
00001000
00000001
00000010
00000100
00001000
00000010
,
00001000
00000001
00001000
00000010
00010000
00001000
01000000
00010000
,
10000000
01000000
00100000
00010000
01000000
00001000
00010000
00000100
,
00000010
00000000
00000000
00000000
,
00000000
00000000
00000000
00000000
;
