#TITLE:air;
#SUBTITLE:;
#ARTIST:DJ SIMON;
#TITLETRANSLIT:;
#SUBTITLETRANSLIT:;
#ARTISTTRANSLIT:;
#CREDIT:;
#BANNER:air.png;
#BACKGROUND:air-bg.png;
#LYRICSPATH:;
#CDTITLE:./CDTITLES/beatmania.PNG;
#MUSIC:air.ogg;
#OFFSET:0.000;
#SAMPLESTART:8.973;
#SAMPLELENGTH:15.000;
#SELECTABLE:YES;
#DISPLAYBPM:130.000;
#BPMS:0.000=130.435,4.000=129.996;
#STOPS:;
#BGCHANGES:;

//---------------dance-single - ----------------
#NOTES:
     dance-single:
     :
     Beginner:
     3:
     0.177,0.184,0.103,0.000,0.000:
0000
0000
0000
0000
,
0000
0000
0000
0000
,
0000
0000
0000
0000
,
0010
0010
0010
0000
,
0100
0100
0100
0000
,
1000
0000
1000
0000
,
1000
1000
1000
0000
,
0001
0000
0001
0000
,
0001
0001
0001
0000
,
1000
0000
1000
0000
,
1000
1000
1000
0000
,
0001
0000
0001
0000
,
0001
0001
0001
0000
,
1000
0000
0001
0000
,
1000
0000
0001
0000
,
0010
0000
1001
0000
,
0001
0000
1000
0000
,
0010
0000
1001
0000
,
0010
0010
0010
0000
,
0010
0000
1001
0000
,
1000
0000
0001
0000
,
0010
0000
1001
0000
,
0100
0100
0100
0000
,
0001
0000
0001
0000
,
1000
0000
1000
0000
,
1001
0000
1000
0000
,
0100
0000
0001
0000
,
1001
0000
1000
0000
,
0100
0000
0001
0000
,
1001
0000
0001
0000
,
0100
0000
1000
0000
,
1001
0000
0001
0000
,
0100
0000
1000
0000
,
0010
0000
0100
0000
,
1000
1000
0000
0100
,
0100
0000
0010
0000
,
0001
0001
0000
0010
,
0010
0000
0100
0000
,
1000
1000
0000
0100
,
0100
0000
0010
0000
,
0001
0001
0000
0010
,
0000
0000
0000
0000
;

//---------------dance-single - ----------------
#NOTES:
     dance-single:
     :
     Easy:
     5:
     0.332,0.368,0.361,0.000,0.000:
0000
0000
0000
0000
,
0000
0000
0000
0000
,
0000
0000
0000
0000
,
0010
1000
1000
0010
,
0100
0001
0001
0100
,
0100
0001
1000
0001
,
0100
0001
1000
0001
,
0100
1000
0100
0001
,
0100
1000
0100
0001
,
0010
1000
0001
1000
,
0010
1000
0001
1000
,
0010
1000
0100
0001
,
0010
1000
0100
0001
,
0010
0100
0001
1000
,
0010
0100
0001
1000
,
0010
0100
1001
0110
,
0001
0010
1000
1001
,
0010
0100
1001
0110
,
0010
1000
0001
0010
,
0010
0100
1001
0110
,
1000
0100
0001
1001
,
0010
0100
1001
0110
,
0100
0001
1000
0100
,
0001
0010
0001
0010
,
0100
1000
0100
1000
,
1001
0010
0100
1001
,
0110
0001
0001
0110
,
1001
0010
0100
1001
,
0110
1000
1000
0110
,
1001
0010
0100
1001
,
0110
0001
0001
0110
,
1001
0010
0100
1001
,
0110
1000
1000
0110
,
0010
1000
0100
0001
,
0010
1000
0100
1001
,
0010
1000
0100
0001
,
0010
1000
0010
1000
,
0010
1000
0100
0001
,
0010
1000
0100
1001
,
0010
1000
0100
0001
,
0010
1000
0010
1000
,
0000
0000
0000
0000
;

//---------------dance-single - ----------------
#NOTES:
     dance-single:
     :
     Medium:
     7:
     0.337,0.290,0.052,0.026,0.000:
0000
0000
0000
0000
,
0000
0000
0000
0000
,
0000
0000
0000
0000
,
0010
0010
1000
1000
,
0100
0001
0100
1000
,
0001
0010
1000
0100
,
0001
0000
1000
0001
0100
0001
1000
0000
,
0010
1000
0100
0010
,
0001
0000
0100
1000
0100
0001
0100
0000
,
0001
0010
1000
0100
,
0001
0000
1000
0001
0100
0001
1000
0000
,
0010
1000
0100
0010
,
0001
0000
0100
1000
0100
0001
0100
0000
,
0010
1000
0100
0010
,
0001
0100
0020
0030
,
0001
0100
1000
0100
,
0001
0000
1000
0001
0100
0001
1000
0000
,
1000
0100
0001
0100
,
1000
0000
0010
1000
0001
1000
0010
0000
,
1000
0100
0001
0100
,
1000
0000
1000
0010
0100
0010
1000
0000
,
0001
0100
1000
0100
,
0001
0000
0010
0100
1000
0100
0010
0000
,
0010
0100
1000
0010
,
0100
0000
0001
0100
0001
0100
1000
0000
,
0010
0100
0001
0010
,
0100
0000
1000
0100
1000
0100
0010
0000
,
0010
0100
1000
0010
,
0100
0000
0001
0100
0001
0100
1000
0000
,
0010
0100
0001
0010
,
0100
0000
1000
0100
1000
0100
0010
0000
,
0010
0100
1000
0010
,
0100
0001
0020
0030
,
0010
1000
0101
0100
,
0010
0001
0100
1001
,
0010
0001
0100
0001
,
0010
0000
0001
0000
1000
0001
0100
0000
,
0010
0001
1100
0100
,
0010
1000
0100
1001
,
0010
1000
0100
1000
,
0010
0000
1000
0000
0001
1000
0100
0001
,
0000
0000
0000
0000
;

//---------------dance-single - ----------------
#NOTES:
     dance-single:
     :
     Hard:
     10:
     0.444,0.395,0.155,0.129,0.000:
0000
0000
0000
0000
,
0000
0000
0000
0000
,
0000
0000
0000
0000
,
0010
0000
1000
0000
0100
1000
0010
0000
,
0100
0001
0010
0000
0100
1000
0010
0000
,
0100
0000
0011
0000
1000
0200
0001
0000
,
2300
0000
3001
0010
1000
0010
0001
0000
,
1000
0000
1100
0000
0010
0002
0100
0000
,
2003
0000
3010
0100
0001
1000
0100
0000
,
0010
0000
1100
0000
0001
0020
1000
0000
,
0032
0000
1003
0010
0100
0001
1000
0000
,
0100
0000
0101
0000
0010
0200
1000
0000
,
0302
0000
0103
1000
0010
0100
0001
0000
,
0010
0001
0100
0000
0010
1000
0100
0000
,
0010
1000
0100
0000
0010
0001
0100
0000
,
1000
0000
0100
0000
0001
0100
1000
0100
,
0001
0000
0001
0100
1000
0100
0001
0000
,
0010
0000
0100
0000
0010
0001
0100
0001
,
0010
0000
0100
0001
0010
0001
0100
0000
,
0010
0000
1000
0000
0010
1000
0001
1000
,
0010
0000
0010
1000
0001
1000
0010
0000
,
0001
0000
0100
0000
1000
0010
0100
0010
,
1000
0000
1000
0100
0010
0100
1000
0000
,
1100
0000
0011
0000
0010
0100
1000
0010
,
0100
0000
0001
1000
0100
0000
0010
0000
,
1100
0000
0101
0000
0010
0001
1000
0010
,
0100
0000
0001
1000
0100
0000
0010
0000
,
1100
0000
0101
0000
0010
0001
0100
0001
,
1000
0000
1000
0100
1000
0000
0010
0000
,
1100
0000
0101
0000
1000
0100
0001
0100
,
1000
0000
0001
0010
1000
0000
0100
0000
,
0010
0100
1000
0000
0010
0100
0001
0000
,
0010
0100
1000
0000
0010
0100
0001
0000
,
1000
0100
0001
0000
0001
0020
1000
0000
,
0001
0000
1030
0000
0001
1000
0100
0000
,
0001
0010
1000
0000
0001
0010
0001
0000
,
1000
0010
0001
0000
1000
0100
0001
0100
,
1000
0100
0001
0000
0001
0020
1000
0000
,
0001
0000
1030
0000
0001
1000
0100
0000
,
0001
0010
1000
0000
0001
0010
0001
0000
,
1000
0010
0001
0000
1000
0100
0001
0100
,
0000
0000
0000
0000
;

//---------------dance-double - ----------------
#NOTES:
     dance-double:
     :
     Easy:
     5:
     0.234,0.289,0.129,0.000,0.000:
00000000
00000000
00000000
00000000
,
00000000
00000000
00000000
00000000
,
00000000
00000000
00000000
00000000
,
10000000
10000000
01000000
01000000
,
00010000
00010000
00001000
00001000
,
00001000
00000100
00000001
00000000
,
00000001
00000000
00000100
00000000
,
00000001
00000100
00001000
00000000
,
00010000
00000000
01000000
00000000
,
00010000
01000000
10000000
00000000
,
10000000
00000000
01000000
00000000
,
10000000
01000000
00010000
00000000
,
00001000
00000000
00000100
00000000
,
00000010
00000001
00000100
00000000
,
00001000
00000000
00001000
00000000
,
00001001
00000100
00000001
00000000
,
00000100
00000000
00001000
00000000
,
00010000
01000000
10000000
00000000
,
00100000
00000000
01000000
00000000
,
10010000
01000000
00100000
00000000
,
00010000
00000000
00001000
00000000
,
00010000
01000000
10000000
00000000
,
00100000
00000000
01000000
00000000
,
10000000
10000000
01000000
00010000
,
00001000
00000100
00000001
00000001
,
00000110
00000001
00000100
00000000
,
00000100
00001000
00010000
00000000
,
00010000
00001000
00000100
00000000
,
00000100
00000001
00000110
00000000
,
00000001
00000010
00001000
00000000
,
00000100
00001000
00010000
00000000
,
00010000
00001000
00000100
00000000
,
00001000
00000010
00000001
00000000
,
00001001
00000100
00001000
00010000
,
00100000
10000000
01000000
10010000
,
01100000
00010000
00001000
00000100
,
00010000
00000100
00010000
00000100
,
00001001
00000010
00001000
00010000
,
00001000
00000010
00000001
00001001
,
00000110
00001000
00010000
01000000
,
10000000
00100000
00010000
01000000
,
00000000
00000000
00000000
00000000
;

//---------------dance-double - ----------------
#NOTES:
     dance-double:
     :
     Medium:
     7:
     0.365,0.343,0.116,0.052,0.000:
00000000
00000000
00000000
00000000
,
00000000
00000000
00000000
00000000
,
00000000
00000000
00000000
00000000
,
00010010
00001000
00000100
00001000
,
00010000
00010010
00001000
00000100
,
00000001
00000010
00001000
00000010
,
00000110
00000000
00000010
00010000
00000010
00001000
00000100
00000000
,
00000010
00001000
00010000
01000000
,
01100000
00000000
00100000
00001000
00100000
00010000
01000000
00000000
,
00100000
00001000
00010000
01000000
,
01100000
00000000
00100000
00001000
00100000
00010000
01000000
00000000
,
00100000
00010000
00001000
00000100
,
00000110
00000000
00000010
00010000
00000010
00001000
00000100
00000000
,
00000001
00000100
00001000
00000100
,
00000001
00000100
00001000
00010000
,
00100000
00010000
00001000
00010000
,
01000000
00000000
00010000
00001000
00000100
00001000
00010000
00000000
,
00010010
00001000
00000010
00000001
,
00000100
00000000
00001000
00010000
01000000
00010000
00001000
00000000
,
00010100
00001100
00001000
00000010
,
00000100
00000000
00001000
00010000
01000000
00010000
00001000
00000000
,
00010000
00100000
10000000
01000000
,
01000000
00000000
00010000
00001000
00000100
00001000
00010000
00000000
,
00100000
00000000
10000000
00000000
01000000
10000000
01000000
00000000
,
00010000
00000000
00001000
00000000
00000100
00001000
00000100
00000000
,
00000001
00000000
00000010
00000000
00001000
00000010
00001000
00000000
,
00010000
00000000
01000000
00000000
00010000
00001000
00010000
00000000
,
00000100
00000000
00000001
00000000
00000100
00000001
00000100
00000000
,
00001000
00000000
00010000
00000000
01000000
00010000
01000000
00000000
,
10000000
00000000
01000000
00000000
00010000
01000000
00010000
00000000
,
00001000
00000000
00000100
00000000
00001000
00010000
00001000
00000000
,
00000010
00000001
00000100
00001000
,
00010000
00100000
10000000
01000000
,
00200000
00010000
10300000
00100000
,
00010000
00001000
00000100
00000000
00001000
00000100
00000001
00000000
,
00000200
00000001
00001300
00000100
,
00000010
00010000
00001000
00000000
00100000
00001000
00010000
00000000
,
02000000
00010000
03100000
01000000
,
00010000
00001000
00000100
00000000
00001000
00010000
01000000
00000000
,
20000000
00100000
31000000
10000000
,
01000000
00010000
00001000
00000000
00000100
00010000
00001000
00000100
,
00000000
00000000
00000000
00000000
;

//---------------dance-double - ----------------
#NOTES:
     dance-double:
     :
     Hard:
     10:
     0.459,0.422,0.310,0.103,0.000:
00000000
00000000
00000000
00000000
,
00000000
00000000
00000000
00000000
,
00000000
00000000
00000000
00000000
,
00100000
00001000
01000000
00000000
00100000
00010000
01000000
00000000
,
00100000
10000000
01000000
00000000
00100000
00001000
01000000
00000000
,
01001000
00000000
00011000
00000000
00010000
00002000
00000010
00000000
,
00013000
00000000
00000010
00001000
00010000
00001000
00000100
00000000
,
00000110
00000000
00010010
00000000
00001000
00020000
01000000
00000000
,
00031000
00000000
00010000
01000000
10000000
01000000
00010000
00000000
,
11000000
00000000
00110000
00000000
00001000
00200000
00010000
00000000
,
10300000
00000000
00100000
00001000
00010000
00001000
00000100
00000000
,
00001100
00000000
00000110
00000000
00000001
00002000
00000010
00000000
,
00003100
00000000
00000010
00001000
00010000
01000000
10000000
00000000
,
11000000
00010000
00110000
00001000
,
00011000
00000100
00001100
00000001
,
00000011
00000000
00001000
00000000
00000010
00010000
00001000
00010000
,
00000010
00000000
00000100
00010000
00001000
00010000
00000100
00000000
,
00001100
00000000
00000001
00000000
00000100
00010000
00001000
01000000
,
00010000
00000000
10000000
01000000
00010000
01000000
10000000
00000000
,
10010000
00000000
00100000
00000000
00100000
00010000
01000000
00100000
,
00010000
00000000
01000000
00010000
00100000
01000000
10000000
00000000
,
01100000
00000000
00010000
00000000
00001000
00000100
00000010
00001000
,
00000100
00000000
00010000
00000010
00001000
00000100
00010000
00000000
,
00001000
00000100
00000001
00000010
,
00001000
00000100
00000001
00000010
,
00000001
00000100
00002000
00000000
00010000
00000000
00003100
00000000
,
00010000
00001000
00000100
00000000
00001000
00010000
01000000
00000000
,
00100000
00002000
01000000
00000000
00010000
00000000
00003100
00000000
,
00000001
00000010
00001000
00000000
00010000
00100000
01000000
00000000
,
10000000
00200000
00010000
00000000
01000000
00000000
10300000
00000000
,
01000000
00010000
00100000
00000000
01000000
00001000
00100000
00000000
,
00010000
00200000
00001000
00000000
00010000
00000000
00301000
00000000
,
00010000
01000000
10000000
00000000
10000000
01000000
00010000
00000000
,
00110000
00010000
01000000
00000000
00110000
00010000
01000000
00000000
,
10000000
00100000
00010000
00001000
00000010
00000001
00000100
00000000
,
00001010
00001000
00000100
00000000
00001010
00001000
00000100
00000000
,
00000010
00010000
00001000
00100000
00001000
01000000
00010000
00000000
,
11000000
01000000
00010000
00000000
11000000
01000000
00010000
00000000
,
10000000
01000000
00010000
00001000
01000000
00010000
00000100
00000000
,
00001100
00000100
00000001
00000000
00001100
00000100
00000001
00000000
,
00000001
00000010
00001000
00010000
00100000
10000000
01000000
00010000
,
00000000
00000000
00000000
00000000
;
