#TITLE:AM-3P -303 BASS MIX-;
#SUBTITLE:;
#ARTIST:KTz (remixed by U1);
#TITLETRANSLIT:;
#SUBTITLETRANSLIT:;
#ARTISTTRANSLIT:;
#CREDIT:;
#BANNER:AM-3P -303 BASS MIX-.png;
#BACKGROUND:AM-3P -303 BASS MIX--bg.png;
#LYRICSPATH:;
#CDTITLE:./CDTITLES/DANCE DANCE REVOLUTION HOME VERSION.PNG;
#MUSIC:AM-3P -303 BASS MIX-.ogg;
#OFFSET:0.000;
#SAMPLESTART:24.008;
#SAMPLELENGTH:15.000;
#SELECTABLE:YES;
#DISPLAYBPM:130.000;
#BPMS:0.000=130.435,4.000=129.995;
#STOPS:;
#BGCHANGES:;

//---------------dance-single - ----------------
#NOTES:
     dance-single:
     :
     Beginner:
     4:
     0.179,0.286,0.181,0.000,0.000:
0000
0000
0000
0000
,
0000
0000
0000
0000
,
0000
0000
0000
0000
,
0000
0000
0000
0000
,
1000
0000
0001
0000
,
1000
1000
1000
0000
,
1000
1000
1000
0000
,
1000
1000
1000
0000
,
1000
0000
1000
0000
,
0001
0001
0001
0000
,
0001
0001
0001
0000
,
0001
0001
0001
0000
,
0001
0000
0001
0000
,
1000
1000
1000
0000
,
0001
0001
0001
0000
,
1001
1001
1001
0000
,
0110
0000
0110
0000
,
1000
1000
1000
0000
,
0001
0001
0001
0000
,
1001
1001
1001
0000
,
0110
0000
0110
0000
,
0010
0000
0010
0000
,
1000
0000
0001
0000
,
0010
0000
0010
0000
,
1000
0000
0001
0000
,
0100
0000
0100
0000
,
1000
0000
0001
0000
,
0100
0000
0100
0000
,
1000
0000
0001
0000
,
0100
0100
0100
0000
,
1000
0000
0000
0000
,
0001
0000
0000
0000
,
1000
0000
0000
0000
,
0001
0000
0000
0000
,
1001
0000
0100
0000
,
1001
0000
0100
0000
,
1001
0000
0100
0000
,
1001
0000
0100
0000
,
1001
0000
0100
0000
,
1001
0000
0100
0000
,
1001
0000
0100
0000
,
0100
0100
0100
0100
,
0100
0000
0010
0000
,
0100
0000
0010
0000
,
0100
0000
0010
0000
,
0100
0100
0100
0100
,
0100
0000
0000
0000
,
1000
0000
0000
0000
,
0010
0000
0000
0000
,
0001
0000
0000
0000
,
0000
0000
0000
0000
;

//---------------dance-single - ----------------
#NOTES:
     dance-single:
     :
     Easy:
     4:
     0.214,0.263,0.138,0.000,0.000:
0000
0000
0000
0000
,
0000
0000
0000
0000
,
0000
0000
0000
0000
,
0000
0000
0000
0000
,
0100
0000
0010
0010
,
1001
0100
0000
0001
,
0000
0100
0000
1000
,
0000
0001
0000
0010
,
0000
1000
0000
0001
,
0000
0100
0000
0010
,
0100
0000
0010
1000
,
0100
0000
1000
0001
,
0100
0100
0010
0010
,
0000
1000
1000
1000
,
0000
0001
0001
0001
,
0000
1000
0100
0100
,
0000
0001
0100
0100
,
0010
1000
0100
0000
,
0010
0001
0100
0000
,
0001
0100
1000
0000
,
1000
0100
0001
0001
,
1001
0000
0010
0100
,
1000
0000
0001
0100
,
0010
0000
1000
0001
,
0100
0000
0001
1000
,
0100
0000
0010
0010
,
0001
0000
0010
1001
,
0000
0100
0010
0010
,
1000
0100
0001
0100
,
1000
0010
0100
1001
,
0100
0000
0000
0000
,
0010
0000
0000
0000
,
0001
0000
0000
0000
,
0100
0000
0000
0000
,
1001
0100
0100
0000
,
1001
0010
0010
0000
,
1001
1000
0100
0000
,
1001
0001
0100
0000
,
1001
0010
0100
0000
,
1000
0001
1000
0000
,
0010
0100
0010
0000
,
1000
0100
0001
0100
,
0010
1000
1001
0000
,
0001
0100
0110
0000
,
1000
0100
1001
0000
,
0001
0100
1001
0100
,
1000
0000
0100
0000
,
0001
0000
0100
0000
,
0010
0000
0010
0000
,
0100
0000
0100
0000
,
0000
0000
0000
0000
;

//---------------dance-single - ----------------
#NOTES:
     dance-single:
     :
     Medium:
     9:
     0.350,0.394,0.149,0.000,0.069:
0000
0000
0000
0000
,
0000
0000
0000
0000
,
0000
0000
0000
0000
,
0000
0000
0000
0000
,
0000
0000
0000
0000
,
0010
1000
0001
0000
0000
1000
0001
0000
,
0010
0001
0100
0000
0000
0010
0100
0000
,
0001
0100
0010
0000
0000
1000
0001
0000
,
0100
0010
1000
0000
0000
0100
0010
0100
,
0001
1000
0010
0000
0000
0010
0001
0100
,
0010
1000
0100
0000
0000
0100
1000
0010
,
0100
0001
0010
0000
0000
1000
0001
1000
,
0001
0100
0010
0100
0010
1000
0001
0000
,
0010
0000
0000
0001
0000
0000
0100
0000
0000
0000
1000
0000
0001
0000
0100
0000
,
0010
0000
0000
1000
0000
0000
0100
0000
0000
0000
0001
0000
1000
0000
0100
0000
,
0010
0000
0000
0001
0000
0000
1000
0000
0000
0000
0100
0000
1000
0000
0000
0000
,
0001
0000
0000
0010
0000
0000
0100
0000
0000
0000
1000
0000
0001
0000
0000
0000
,
0100
0000
0000
0010
0000
0000
1000
0000
0000
0000
0010
0000
0001
0000
0100
0000
,
0100
0000
0000
0001
0000
0000
1000
0000
0000
0000
1000
0000
0010
0000
0100
0000
,
0001
0000
0000
0001
0000
0000
0001
0000
0000
0000
1000
0000
0100
0000
0010
0000
,
0001
1000
0010
0100
0001
1000
0100
0000
,
1001
0000
0000
0010
0000
0000
0001
0000
0000
0000
0100
0000
0010
0000
0000
0000
,
1001
0000
0000
0010
0000
0000
0100
0000
0000
0000
1000
0000
0100
0000
0000
0000
,
0101
0000
0000
1000
0000
0000
0100
0000
0000
0000
0001
0000
0100
0000
0000
0000
,
1100
0000
0000
0010
0000
0000
0100
0000
0000
0000
1000
0000
0001
0000
0000
0000
,
0010
0001
0010
0000
1000
0100
1000
0000
,
0100
0001
1000
0000
0010
1000
0100
0000
,
1000
0001
1000
0000
0001
1000
0001
0000
,
0010
0000
0010
0100
1000
0000
1000
0001
,
0100
0100
0010
0010
,
1001
0000
0000
0000
,
0010
0001
0100
1000
,
0010
0000
0000
0000
,
0010
0100
0001
1000
,
0100
1001
0010
0100
,
0010
0001
0010
0001
0000
1000
0100
0000
,
0010
1001
0100
1000
,
0010
1000
0001
0100
0000
0010
0100
0000
,
1000
0000
0000
0001
0000
0000
1000
0000
0000
0000
0010
0000
1000
0000
0000
0000
,
0001
0100
0001
0100
0000
0010
0001
0000
,
0100
0000
0000
0010
0000
0000
1000
0000
0000
0000
0001
0000
0100
0000
0000
0000
,
1010
1100
0101
0011
,
1001
0000
0000
0000
0000
0100
0100
0000
,
1001
0000
0010
0000
0000
0100
0100
0000
,
1001
0000
0100
0000
0000
0010
0010
0000
,
1000
0001
0010
0001
1000
0100
0100
0000
,
0010
0000
1000
0000
,
0100
0000
0001
0000
,
0010
0000
0100
0000
,
0001
0000
1000
0000
,
0000
0000
0000
0000
;

//---------------dance-single - ----------------
#NOTES:
     dance-single:
     :
     Hard:
     10:
     0.410,0.473,0.297,0.000,0.122:
0000
0000
0000
0000
,
0000
0000
0000
0000
,
0000
0000
0000
0000
,
0000
0000
0000
0000
,
0000
0000
0000
0000
,
0010
0000
0000
0100
0000
0000
1001
0000
0000
0000
1000
0000
0001
0000
0000
0000
,
0010
0000
0000
1000
0000
0000
0101
0000
0000
0000
0010
0000
1000
0000
0000
0000
,
0001
0000
0000
0100
0000
0000
0011
0000
0000
0000
0100
0000
0010
0000
0000
0000
,
1000
0000
0000
0010
0000
0000
0101
0000
0000
0000
0001
0000
0010
0000
0000
0000
,
1001
0000
0000
0100
0000
0000
0001
0000
0000
0000
0010
0000
0100
0000
0000
0000
,
1001
0000
0000
0010
0000
0000
1000
0000
0000
0000
0010
0000
0001
0000
0000
0000
,
1100
0000
0000
0010
0000
0000
0100
0000
0000
0000
1000
0000
0001
0000
0000
0000
,
0010
0100
1000
0001
0100
0010
1000
0000
,
0010
0000
0000
0100
0000
0000
0100
0000
0000
0000
1000
0000
0100
0000
0010
0000
,
0001
0000
0000
1000
0000
0000
1000
0000
0000
0000
0010
0000
0100
0000
0100
0000
,
1000
0000
0000
0010
0000
0000
0010
0000
0000
0000
0100
0000
0001
0000
0001
0000
,
0010
0000
0000
0100
0000
0000
0100
0000
0000
0000
0001
0000
0100
0000
0010
0000
,
1000
0000
0000
0001
0000
0000
0001
0000
0000
0000
0010
0000
0100
0000
0100
0000
,
0001
0000
0000
0010
0000
0000
0010
0000
0000
0000
0100
0000
1000
0000
1000
0000
,
0010
0000
0000
0100
0000
0000
0100
0000
0000
0000
0001
0000
1000
0000
0000
0000
,
0010
0010
0100
0100
0001
0000
1100
0000
,
0001
0010
0001
0010
0001
0100
0100
0000
,
1000
0010
1000
0010
1000
0100
0100
0000
,
0010
0001
1000
0100
1000
0001
0100
0010
,
0100
0001
0010
0100
1000
0001
0100
0000
,
1010
0000
0101
0000
0010
0001
0100
0000
,
0011
0000
1100
0000
0010
1000
0100
0000
,
0011
0000
1010
0000
0001
0100
0100
0000
,
1010
0101
0011
1100
,
0010
0001
0010
0001
1000
0100
1000
0000
,
0010
0000
1000
0001
,
0100
0000
0001
1000
,
0001
0000
0010
0100
,
1000
0000
0100
0010
,
1001
0100
0010
0001
1000
0001
0100
0000
,
1010
0100
0001
0010
0100
1000
0100
0000
,
0011
0100
1000
0010
0100
0001
0100
0000
,
1100
0010
0001
1000
0100
0010
0100
0000
,
1001
0000
0000
0100
0000
0000
1001
0000
0000
0000
0100
0000
0010
0000
0000
0000
,
1001
0000
0000
0010
0000
0000
0101
0000
0000
0000
0010
0000
1000
0000
0000
0000
,
0011
0000
0000
0100
0000
0000
1100
0000
0000
0000
0100
0000
0001
0000
0000
0000
,
0010
0100
1000
0001
0100
0010
1000
0000
,
0010
0001
0000
0100
0000
0000
0001
0000
0000
0000
1000
0000
0100
0000
0010
0000
,
0100
1000
0000
0010
0000
0000
0100
0000
0000
0000
0001
0000
0100
0000
0100
0000
,
0010
1000
0000
0100
0000
0000
0010
0000
0000
0000
0001
0000
1000
0000
0100
0000
,
1000
0001
0010
1000
0010
0001
0100
0000
,
0010
0000
1000
0000
,
0100
0000
0010
0000
,
0001
0000
1000
0000
,
0100
0000
0001
0000
,
0000
0000
0000
0000
;

//---------------dance-double - ----------------
#NOTES:
     dance-double:
     :
     Easy:
     5:
     0.194,0.289,0.053,0.000,0.000:
00000000
00000000
00000000
00000000
,
00000000
00000000
00000000
00000000
,
00000000
00000000
00000000
00000000
,
00000000
00000000
00000000
00000000
,
00000000
00000000
00000000
00000000
,
00010000
00001000
00000000
00010000
,
00001000
00010000
00000000
00010000
,
00100000
01000000
00000000
10000000
,
01000000
00100000
00000000
01000000
,
00010000
00001000
00000000
00000010
,
00000001
00000100
00000000
00001000
,
00010000
01000000
00000000
00100000
,
00010000
00001000
00000100
00000000
,
00000001
00000010
00000000
00000001
,
00000100
00000010
00000000
00000001
,
00000100
00001000
00000000
00010000
,
01000000
10000000
00000000
00100000
,
00100000
01000000
00000000
00010000
,
00000010
00000001
00000000
00000001
,
00000010
00000100
00000000
00000100
,
00010000
00001000
00010000
01000000
,
10010000
00000000
00100000
00000000
,
00010000
00000000
00000100
00000000
,
00000010
00000000
00000001
00000000
,
00000100
00000000
00001000
00000000
,
00010000
00000000
01000000
00000000
,
10000000
00000000
00100000
00000000
,
00010000
00000000
00001000
00000000
,
00000100
00001000
00000100
00000001
,
00000100
00000001
00000100
00001000
,
00001001
00000000
00000000
00000000
,
00000100
00000000
00000000
00000000
,
00001000
00000000
00000000
00000000
,
00010000
00000000
00000000
00000000
,
00001000
00000001
00000100
00000100
,
00000010
00010000
00001000
00001000
,
00010000
01000000
10000000
10000000
,
00100000
01000000
00010000
00010000
,
10000000
01000000
00010000
00001000
,
00000100
00000001
00001000
00001000
,
00000001
00000001
00000100
00000100
,
00001001
00001000
00000100
00010000
,
00011000
00010000
00000000
01000000
,
00000000
10000000
00000000
00100000
,
00000000
01000000
00000000
00010000
,
00100000
00100000
01000000
01000000
,
10010000
00000000
00000000
00000000
,
00000000
00000000
00000000
00000000
,
01000000
00000000
00010000
00000000
,
00001000
00000000
00010000
00000000
,
00000000
00000000
00000000
00000000
;

//---------------dance-double - ----------------
#NOTES:
     dance-double:
     :
     Medium:
     8:
     0.317,0.394,0.053,0.000,0.000:
00000000
00000000
00000000
00000000
,
00000000
00000000
00000000
00000000
,
00000000
00000000
00000000
00000000
,
00000000
00000000
00000000
00000000
,
00000000
00000000
00000000
00000000
,
00100000
01000000
00100000
00000000
00010000
00000000
10000000
00000000
,
00010000
00100000
00001000
00000000
00010000
00000000
00000100
00000000
,
00000010
00000001
00000100
00000000
00000010
00000000
00001000
00000000
,
00000100
00010000
00001000
00000000
01000000
00000000
00100000
00000000
,
10000000
00010000
10000000
00000000
00100000
00000000
01000000
00000000
,
00010000
00100000
01000000
00000000
00010000
00000000
00001000
00000000
,
00001000
00000100
00000001
00000000
00000010
00000000
00000100
00000000
,
00001000
00000001
00000100
00000000
00000001
00001000
00000100
00000000
,
00000010
00000100
00000000
00010000
00000000
00001000
00010000
00000000
,
00000010
00001000
00000000
00000100
00000000
00010000
00001000
00000000
,
00010000
00001000
00000000
00100000
00000000
00010000
01000000
00000000
,
00100000
10000000
00000000
01000000
00000000
00010000
00001000
00000000
,
01000000
00100000
00000000
10000000
00000000
00100000
10000000
00000000
,
01000000
00010000
00000000
00001000
00000000
00010000
00001000
00000000
,
00000010
00000001
00000000
00001000
00000000
00000100
00000010
00000000
,
00001001
00000101
00001100
00000110
,
00000001
00000001
00000000
00000100
00000000
00001000
00000000
00010000
,
00000000
01000000
00000000
10000000
00000000
00010000
00000000
00100000
,
01000000
01000000
00000000
10000000
00000000
00100000
00000000
00010000
,
00000000
00001000
00000000
00010000
00000000
00000100
00000000
00000010
,
00000001
00000001
00000000
00001000
00000000
00000010
00000000
00000100
,
00000000
00001000
00000000
00010000
00000000
01000000
00000000
00100000
,
00000000
00010000
00000000
10000000
00000000
01000000
00000000
00100000
,
00010000
00010000
10000000
10000000
,
00100000
00010000
00001000
00010000
,
00001000
00000000
00010000
00000000
,
01000000
00000000
00100000
00000000
,
00010000
00000000
00001000
00000000
,
00000100
00000000
00000010
00000000
,
00000100
00000001
00001000
00000100
00000000
00000010
00001000
00000000
,
00010000
00001000
01000000
00010000
00000000
01000000
00010000
00000000
,
00000100
00010000
00001000
00000100
00000000
00000001
00000100
00000000
,
00000001
00000010
00000100
00010000
00000000
00001000
00010000
00000000
,
00000100
00010000
00001000
01000000
00000000
00100000
01000000
00000000
,
00100000
10000000
01000000
00010000
00000000
00100000
01000000
00000000
,
01000000
00100000
10000000
00010000
00000000
01000000
00010000
00000000
,
00010000
01000000
10000000
01000000
00010000
00001000
00010000
00000000
,
00011000
00000000
00000000
00000000
,
00010000
00001000
00000100
00000010
00000000
00001000
00000100
00000000
,
00000001
00001000
00000100
00000010
00000000
00001000
00010000
00000000
,
00010000
01000000
10000000
01000000
00010000
01000000
10000000
00000000
,
00010000
00000000
00100000
00000000
,
00001000
00000000
00010000
00000000
,
00000010
00000000
00001000
00000000
,
00000100
00000000
00010000
00000000
,
00000000
00000000
00000000
00000000
;

//---------------dance-double - ----------------
#NOTES:
     dance-double:
     :
     Hard:
     10:
     0.376,0.473,0.159,0.000,0.058:
00000000
00000000
00000000
00000000
,
00000000
00000000
00000000
00000000
,
00000000
00000000
00000000
00000000
,
00000000
00000000
00000000
00000000
,
00000000
00000000
00000000
00000000
,
00000010
00000001
00001000
00000100
00000000
00010000
00001000
00010000
,
00100000
10000000
00010000
01000000
00000000
00100000
10000000
01000000
,
00100000
00010000
10000000
01000000
00000000
00010000
00001000
00010000
,
00000010
00001000
00000001
00000100
00000000
00000010
00001000
00000100
,
00000010
00000001
00001000
00000100
00000000
00010000
00001000
00010000
,
00100000
10000000
00010000
01000000
00000000
00100000
10000000
01000000
,
00100000
00010000
10000000
01000000
00000000
00010000
00001000
00010000
,
00000010
00001000
00000010
00001000
00000001
00000100
00000001
00000000
,
00001000
00000000
00000000
00000100
00000000
00000000
00000100
00000000
00000000
00000000
00000010
00000000
00000100
00000000
00000000
00000000
,
00000001
00000000
00000000
00000010
00000000
00000000
00000010
00000000
00000000
00000000
00000100
00000000
00001000
00000000
00000000
00000000
,
00010000
00000000
00000000
00000100
00000000
00000000
00000100
00000000
00000000
00000000
00001000
00000000
00010000
00000000
00000000
00000000
,
01000000
00000000
00000000
10000000
00000000
00000000
10000000
00000000
00000000
00000000
00100000
00000000
00010000
00000000
00000000
00000000
,
10000000
00000000
00000000
01000000
00000000
00000000
01000000
00000000
00000000
00000000
00010000
00000000
01000000
00000000
00000000
00000000
,
00100000
00000000
00000000
10000000
00000000
00000000
10000000
00000000
00000000
00000000
00010000
00000000
00001000
00000000
00000000
00000000
,
00010000
00000000
00000000
00000100
00000000
00000000
00000100
00000000
00000000
00000000
00001000
00000000
00010000
00000000
00000100
00000000
,
00000010
00000001
00000100
00000001
00000010
00000001
00000100
00000000
,
00001001
00000000
00000100
00000000
00001000
00010000
00001000
00000000
,
01000000
00000000
00100000
00000000
10000000
00010000
01000000
00000000
,
00100000
00000000
01000000
00000000
00100000
00010000
00001000
00000000
,
00000100
00000000
00000001
00000000
00001000
00000001
00000100
00000000
,
00001001
00000000
00000100
00000000
00000001
00001000
00000001
00000000
,
00000100
00000000
00001000
00000000
00010000
00001000
00010000
00000000
,
00010000
00000000
01000000
00000000
10000000
00010000
10000000
00000000
,
01100000
00000000
00100000
01000000
10010000
00000000
00010000
00100000
,
00011000
00001000
00010000
00010000
,
00011000
00000000
00000000
00000000
,
00000010
00000000
00000100
00000000
,
00000001
00000000
00000100
00000000
,
00000100
00000000
00000010
00000000
,
00001001
00000000
00000000
00000100
00000000
00000000
00000010
00000000
00000000
00000000
00001000
00000000
00010000
00000000
00000000
00000000
,
00010000
00000000
00000000
00100000
00000000
00000000
10000000
00000000
00000000
00000000
01000000
00000000
10000000
00000000
00000000
00000000
,
01100000
00000000
00000000
00001000
00000000
00000000
00010000
00000000
00000000
00000000
00000100
00000000
00000010
00000000
00000000
00000000
,
00000001
00000000
00000000
00000100
00000000
00000000
00000010
00000000
00000000
00000000
00001000
00000000
00000001
00000000
00000000
00000000
,
00000010
00000001
00001000
00000000
00000011
00000000
00001100
00000000
,
00010000
00001000
00010000
00000000
01010000
00000000
11000000
00000000
,
00100000
10000000
00010000
00000000
10100000
00000000
01010000
00000000
,
00010000
10000000
00100000
01000000
00010000
10000000
01000000
00000000
,
10010000
00010000
00100000
01000000
10000000
00010000
01000000
00100000
,
10000000
01000000
00010000
00001000
00010000
00000100
00000010
00000001
,
00001000
00000010
00000100
00001000
00010000
00001000
00100000
01000000
,
10000000
00100000
01000000
00010000
10000000
00010000
01000000
00100000
,
10000000
00000000
01000000
00000000
,
00010000
00000000
00001000
00000000
,
00000100
00000000
00000001
00000000
,
00001000
00000000
00000100
00000000
,
00000000
00000000
00000000
00000000
;
