#TITLE:B4U(B4 ZA BEAT MIX);
#SUBTITLE:;
#ARTIST:NAOKI;
#TITLETRANSLIT:;
#SUBTITLETRANSLIT:;
#ARTISTTRANSLIT:;
#CREDIT:;
#BANNER:B4U(B4 ZA BEAT MIX).png;
#BACKGROUND:B4U(B4 ZA BEAT MIX)-bg.png;
#LYRICSPATH:;
#CDTITLE:./CDTITLES/DDRMAX2 -Dance Dance Revolution 7thMIX-.PNG;
#MUSIC:B4U(B4 ZA BEAT MIX).ogg;
#OFFSET:0.000;
#SAMPLESTART:26.824;
#SAMPLELENGTH:15.000;
#SELECTABLE:YES;
#DISPLAYBPM:170.000;
#BPMS:0.000=170.616,4.000=169.999;
#STOPS:;
#BGCHANGES:;

//---------------dance-single - ----------------
#NOTES:
     dance-single:
     :
     Challenge:
     10:
     0.459,0.547,0.147,0.098,0.018:
0000
0000
0000
0000
,
0000
0000
0000
0000
,
0000
0000
0000
0000
,
0000
0000
0000
0000
,
0000
0000
0000
0000
,
0010
0000
0000
0000
0000
0000
0000
0100
,
0010
0000
0000
0000
0000
0000
0000
0100
,
0010
0000
0010
0000
,
0010
0000
0000
0000
0100
0000
0000
0000
0001
0000
0000
1000
0001
0000
0100
0000
,
0020
0000
0000
0000
,
2000
0000
0000
0030
,
0002
0000
0000
3000
,
0200
0000
0000
0303
,
0010
0100
0001
1000
,
0001
0100
0010
1000
,
0010
1000
0001
0100
,
0001
0010
0100
1000
,
0010
0000
0010
0000
0010
0000
0010
0100
,
0010
1000
0100
0010
0001
0010
0100
1000
,
0000
0001
0000
1000
0000
0010
0000
0100
,
0000
0001
0000
0010
0000
0100
0000
0010
,
0000
0001
0000
1000
0000
0100
0000
0010
,
0000
0100
0000
1000
0000
0001
0000
0100
,
0000
1010
0000
0100
0000
1000
0000
0010
,
0000
0101
0000
1000
0000
0001
0000
0010
,
0000
1100
0000
0001
0000
1000
0000
0100
,
0000
0011
0000
0100
0000
1000
0000
0010
,
1000
0001
0100
0001
1000
0001
0010
0000
,
0100
1000
0001
1000
0010
1000
0001
0000
,
0010
1000
1000
0100
0010
1000
0001
0000
,
0010
0001
0001
0100
0010
0001
1000
0000
,
0010
0100
1000
0010
1000
0001
0100
0000
,
0010
0100
0001
0010
0001
1000
0100
0000
,
0001
0100
0010
1000
1000
0100
0010
0001
,
0010
0000
0100
0000
0001
1000
0010
0100
,
0002
0000
0010
0100
,
1000
0000
1000
0000
1003
0000
1000
0100
,
2000
0000
0001
3001
,
0010
1000
0001
0100
0001
1000
0010
0100
,
0002
0000
0010
0100
,
1000
0000
1000
0000
1003
0000
1000
0010
,
2000
0000
0010
3100
,
0010
1000
0100
0010
0001
0100
0010
0100
,
0010
1000
0011
0100
,
1010
0001
0110
1000
,
0110
1001
0110
1001
,
0010
0000
1000
0000
0100
0000
1000
0000
0001
0100
1000
0100
0000
0000
0000
0000
,
0010
0000
1000
0000
0001
0100
0010
0100
,
1000
0000
1000
0000
1000
0000
1000
0001
,
0100
0000
0010
0000
0001
0001
1000
0001
,
0100
0010
0001
0100
,
0010
0000
0100
0000
0001
0010
1000
0010
,
0100
0000
0100
0000
0100
0000
0100
0001
,
1000
0000
0010
0000
1000
0000
0100
0010
,
0001
0100
0001
1000
0100
0010
0100
1000
,
0001
1000
0000
0010
0100
0010
0100
0000
,
1001
0000
0000
0000
,
0000
0000
0000
0000
;

//---------------dance-double - ----------------
#NOTES:
     dance-double:
     :
     Challenge:
     10:
     0.424,0.547,0.110,0.098,0.018:
00000000
00000000
00000000
00000000
,
00000000
00000000
00000000
00000000
,
00000000
00000000
00000000
00000000
,
00000000
00000000
00000000
00000000
,
00000000
00000000
00000000
00000000
,
00010000
00000000
00000000
00000000
00000000
00000000
00000000
00000010
,
00000100
00000000
00000000
00000000
00000000
00000000
00000000
00010000
,
00100000
00000000
01000000
00000000
,
00100000
00000000
00000000
00000000
01000000
00000000
00000000
00000000
00010000
00000000
00000000
00001000
00010000
00000000
00001000
00000000
,
00200000
00000000
00000000
00000000
,
00302000
00000000
00000000
00000000
,
00003200
00000000
00000000
00000000
,
00000302
00000000
00000000
00000003
,
00001000
00000001
00000010
00000100
,
00001000
00000001
00000100
00001000
,
00010000
01000000
10000000
00010000
,
00100000
01000000
10000000
00100000
,
00010000
00000000
00010000
00000000
00010000
00000000
00010000
00001000
,
00010000
00001000
00010000
00001000
00010000
00001000
00010000
00000100
,
00000000
00001000
00000000
00000001
00000000
00000010
00000000
00000100
,
00000000
00000010
00000000
00001000
00000000
00010000
00000000
00100000
,
00000000
10000000
00000000
00010000
00000000
01000000
00000000
00100000
,
00000000
10000000
00000000
01000000
00000000
00010000
00000000
00001000
,
00000000
00010000
00000000
00000010
00000000
00001000
00000000
00000100
,
00000000
00000010
00000000
00000001
00000000
00000100
00000000
00001000
,
00000000
00010000
00000000
00001000
00000000
00100000
00000000
00010000
,
00000000
01000000
00000000
00100000
00000000
01000000
00000000
00100000
,
10000000
01000000
00010000
01000000
00010000
00001000
00000100
00000000
,
00000001
00000100
00001000
00000100
00001000
00010000
01000000
00000000
,
00100000
00010000
01000000
00100000
10000000
01000000
00010000
00000000
,
00001000
00000100
00000001
00000010
00000001
00001000
00000100
00000000
,
00000010
00001000
00010000
00100000
00010000
00001000
00000100
00000000
,
00001000
00010000
01000000
00010000
00001000
00000100
00000001
00000000
,
00001000
00000001
00001000
00000001
00000100
00001000
00010000
00100000
,
01000000
00000000
00100000
00000000
00010000
00001000
00000010
00000001
,
00000200
00000000
00000000
00000000
,
00000001
00000000
00000001
00000000
00000301
00000000
00000001
00000100
,
00002000
00000000
00000000
00003000
,
00010000
00100000
10000000
01000000
,
02000000
00000000
00000000
00000000
,
10000000
00000000
10000000
00000000
13000000
00000000
10000000
01000000
,
00020000
00000000
00000000
00030000
,
00001000
00000010
00000001
00000100
,
00001001
00000100
00011000
00010000
,
00101000
01000000
01100000
00010000
,
01001000
00011000
00010100
00011000
,
00100000
00000000
00010000
00000000
00001000
00000000
00000100
00000000
00000001
00000100
00000001
00000100
00000000
00000000
00000000
00000000
,
00000010
00000000
00001000
00000000
00000001
00000000
00000100
00001000
,
00010000
00000000
01000000
00000000
10000000
00000000
00010000
00100000
,
00010000
00000000
10000000
00000000
01000000
00000000
00010000
00001000
,
00000010
00000000
00000001
00000000
00001000
00000001
00000100
00001000
,
00010000
00000000
01000000
00000000
10000000
00000000
00010000
00100000
,
01000000
00000000
10000000
00000000
00010000
00000000
10000000
01000000
,
00010000
00000000
00001000
00000000
00010000
00000000
00100000
00010000
,
00001000
00000100
00000001
00000010
00000001
00000100
00001000
00010000
,
00001000
00000100
00000000
00000001
00001000
00000100
00010000
00000000
,
00011000
00000000
00000000
00000000
,
00000000
00000000
00000000
00000000
;
