#TITLE:Baby's Tears (スカイガールズ　オープニングテーマ);
#SUBTITLE:;
#ARTIST:小坂りゆ;
#TITLETRANSLIT:Baby's Tears (SKY GIRLS opening theme);
#SUBTITLETRANSLIT:;
#ARTISTTRANSLIT:RIYU KOSAKA;
#CREDIT:;
#BANNER:Baby's Tears (SKY GIRLS opening theme).png;
#BACKGROUND:Baby's Tears (SKY GIRLS opening theme)-bg.png;
#LYRICSPATH:;
#CDTITLE:./CDTITLES/Dance Dance Revolution SuperNOVA.png;
#MUSIC:Baby's Tears (SKY GIRLS opening theme).ogg;
#OFFSET:0.000;
#SAMPLESTART:57.890;
#SAMPLELENGTH:15.000;
#SELECTABLE:YES;
#DISPLAYBPM:170.000;
#BPMS:0.000=170.213,8.000=169.997,227.750=150.000,228.000=170.040,256.000=163.636,257.000=163.636,258.000=134.328,259.000=125.000;
#STOPS:;
#BGCHANGES:;

//---------------dance-single - ----------------
#NOTES:
     dance-single:
     :
     Beginner:
     1:
     0.164,0.231,0.010,0.000,0.000:
0000
0000
0000
0000
,
0000
0000
0000
0000
,
0000
0000
0000
0000
,
0010
0000
0000
0000
,
0010
0000
0000
0000
,
0100
0000
0000
0000
,
0100
0000
0000
0000
,
1000
0000
0000
0000
,
0010
0000
0000
0000
,
1000
0000
1000
0000
,
0100
0000
0000
0000
,
0001
0000
0001
0000
,
0010
0000
0000
0000
,
1000
0000
0000
0000
,
0001
0000
0000
0000
,
0100
0000
0000
0000
,
1000
0000
1000
0000
,
0100
0000
0000
0000
,
0001
0000
0001
0000
,
0100
0000
0000
0000
,
1000
0000
0000
0000
,
0100
0000
0000
0000
,
0001
0000
0000
0000
,
0010
0000
0010
0000
,
0001
0000
1000
0000
,
0100
0000
0010
0000
,
0001
0000
1000
0000
,
0100
0000
0000
0000
,
0010
0000
0100
0000
,
1000
0000
0010
0000
,
1000
0000
0001
0000
,
0010
0000
0000
0000
,
1000
1000
1000
0000
,
0010
0010
0010
0000
,
0001
0001
0001
0000
,
0100
0100
0100
0000
,
1000
0000
0100
0000
,
0010
0000
1000
0000
,
0100
0000
0001
0000
,
0100
0000
0000
0000
,
1001
0000
0000
0000
,
1000
0000
0010
0000
,
0001
0000
0010
0000
,
0100
0000
0001
0000
,
1000
0000
0010
0000
,
0001
0001
0001
0000
,
1000
1000
1000
0000
,
0001
0000
1000
0000
,
0001
0000
1000
0000
,
0100
0000
0010
0000
,
1000
0000
0100
0000
,
1000
0000
0001
0000
,
0100
0000
1000
0000
,
0001
0001
0001
0000
,
1000
1000
1000
0000
,
0010
0000
0001
0000
,
0100
0000
0001
0000
,
1000
0000
0000
0000
,
0001
0000
0001
0000
,
0100
0000
0000
0000
,
0010
0000
0010
0000
,
0001
0000
0100
0000
,
1000
0000
0100
0000
,
0001
0000
1000
0000
,
0010
0010
0010
0000
,
0100
0000
0000
0000
,
0000
0000
0000
0000
;

//---------------dance-single - ----------------
#NOTES:
     dance-single:
     :
     Easy:
     3:
     0.292,0.305,0.081,0.142,0.000:
0000
0000
0000
0000
,
0000
0000
0000
0000
,
0000
0000
0000
0000
,
0100
0000
0001
0000
,
0100
0000
1000
0000
,
0010
0000
0100
0000
,
0001
0000
1000
0000
,
2002
0000
0000
3003
,
0100
0000
1000
0000
,
0001
0001
0001
0000
,
0010
0000
0100
0000
,
1000
1000
1000
0000
,
1000
0100
0001
0000
,
0001
0100
1000
0000
,
1001
0000
0000
0100
,
0010
0000
1000
0000
,
0001
0000
1000
0000
,
0010
0100
0001
0000
,
1000
0000
0010
0000
,
0001
0100
1000
0000
,
0001
0000
0100
0000
,
0010
0000
0100
0000
,
1000
0001
0010
0000
,
0100
0000
2002
3003
,
0100
1000
0001
0000
,
0010
1000
0100
0000
,
1000
0010
0001
0000
,
0010
0100
1000
0000
,
0010
1000
0010
0000
,
0001
1000
0100
0000
,
0001
0010
1000
0010
,
0100
0001
1000
0000
,
0001
1000
1001
0000
,
0100
0001
0101
0000
,
0010
1000
1010
0000
,
0001
1000
0001
1000
,
0001
0100
0010
0000
,
0100
1000
0001
0000
,
0010
1000
0001
0000
,
0001
0100
1000
0000
,
2002
0000
0000
3003
,
0001
1000
0100
0001
,
1000
0001
0100
0010
,
0100
1000
0100
0010
,
0001
0010
0100
0000
,
0100
0010
0001
0000
,
0100
0010
1000
0000
,
1000
0010
1000
0000
,
0001
1000
0001
1000
,
0010
0001
0100
1000
,
0001
1000
0100
0010
,
0001
1000
0100
0001
,
0010
1000
0001
0000
,
1000
0001
0100
0000
,
0010
0001
1000
0000
,
0100
0010
1000
0001
,
0010
0001
1000
0000
,
0020
0000
0200
0330
,
0010
0001
1000
0000
,
0002
0000
0200
0303
,
0010
1000
0001
0000
,
1000
0100
0020
0030
,
0001
0100
0020
0030
,
1000
0001
0100
0010
,
1000
0100
0001
0000
,
2002
0000
0000
0000
,
0000
0000
0000
3003
,
0000
0000
0000
0000
;

//---------------dance-single - ----------------
#NOTES:
     dance-single:
     :
     Medium:
     5:
     0.364,0.407,0.234,0.183,0.000:
0000
0000
0000
0000
,
0000
0000
0000
0000
,
0000
0000
0000
0000
,
0010
0000
0001
0000
,
0010
0100
1000
0000
,
0001
0000
1000
0000
,
0010
1000
0001
0000
,
2002
0000
0000
3003
,
0010
0001
1000
0100
,
0001
0000
0100
1000
,
0001
0000
0010
0000
,
0100
1000
0001
0000
,
1000
0010
0001
0100
,
0001
0010
0100
0000
,
1001
0000
0100
0010
,
0100
0000
1000
0100
,
0001
0010
1000
0000
,
0100
0010
0001
0000
,
1000
0001
0100
0000
,
0001
0010
1000
0100
,
0001
1000
0010
0000
,
0100
0001
0010
0000
,
0010
0001
0100
1000
,
0100
0010
2002
3003
,
0010
1000
0001
0010
,
0100
1000
0010
0001
,
1000
0100
0001
1000
,
0100
0010
1000
0001
,
0100
1000
0100
0010
,
0001
1000
0010
0100
,
0001
0100
1000
0100
,
0010
0001
1000
0110
,
0001
0000
0000
1000
0000
0000
1100
0000
,
0010
0000
0000
0001
0000
0000
1010
0000
,
0100
0000
0000
0001
0000
0000
1001
0000
,
0010
0100
0001
1000
,
0001
0010
0100
0001
,
0010
1000
0001
0010
,
0100
1000
0001
0100
,
0001
0010
1000
0001
,
0100
0010
0100
1001
,
0001
1000
0010
0101
,
1000
0001
0010
1100
,
0010
1000
0010
0100
,
0001
0000
0000
0100
0010
0000
1001
0000
,
0010
0000
0000
0100
0000
0000
1001
0000
,
0100
0000
0000
0001
0000
0000
0110
0000
,
1000
0100
1000
0001
,
0110
0000
0000
1001
0000
0000
0110
0000
,
1000
0001
0010
1100
,
0001
1000
0010
0101
,
0100
1000
0010
0001
,
0100
0000
0000
1000
0001
0000
0110
0000
,
1000
0000
0000
0001
0000
0000
0011
0000
,
0100
0000
0000
0001
0000
0000
1100
0000
,
0010
0000
0000
0100
0000
0000
1001
0000
,
0010
0100
1000
0001
,
0200
0000
0020
0300
,
0230
0302
2003
3000
,
0002
0000
0020
0003
,
0230
2300
3002
0003
,
1000
0010
0200
0300
,
1000
0010
0200
0300
,
1000
0001
0010
0100
,
1000
0010
0001
1000
,
0220
0000
0000
0000
,
0000
0000
0000
0330
,
0000
0000
0000
0000
;

//---------------dance-single - ----------------
#NOTES:
     dance-single:
     :
     Hard:
     7:
     0.467,0.475,0.091,0.132,0.010:
0000
0000
0000
0000
,
0000
0000
0000
0000
,
0000
0000
0000
0000
,
0010
0000
0001
1000
0000
0001
0100
0000
,
0010
0100
0001
0000
,
1000
0000
0010
0001
0000
1000
0100
0000
,
0010
0001
1000
0010
,
2002
0000
0000
3003
,
0010
0000
1000
0000
0001
0100
0001
0000
,
1000
0000
0000
0000
0100
0000
0001
0100
,
1000
0000
0100
0010
0000
0001
0100
0000
,
0010
0001
1000
0000
,
0001
0000
0010
0000
0100
1000
0100
0000
,
1000
0000
0010
1000
0100
0000
0000
0000
,
1001
0000
0000
0000
0100
0000
0010
0100
,
0010
0000
0001
0100
,
1000
0000
0010
1000
0001
0000
0000
0000
,
0100
0000
0010
0100
1000
0000
0000
0000
,
0001
0000
1000
0010
0000
0100
0010
0000
,
1000
0000
0010
0000
0001
0000
0100
0001
,
1000
0000
0000
0001
0010
0000
0000
0001
,
0100
0000
1000
0000
0010
0000
0001
1000
,
0010
0000
1000
0000
0100
0000
1000
0001
,
1000
0010
0202
0303
,
0010
0000
0001
0000
1000
0001
0010
0000
,
0100
0000
0001
0100
0010
0100
1000
0000
,
0001
0000
0010
0000
1000
0010
0001
0000
,
0100
0000
0010
0000
1001
0000
1000
0001
,
0100
0000
1000
0000
0100
0001
0010
0000
,
1000
0000
0001
1000
0010
1000
0100
0000
,
0001
0000
0100
0000
0001
0010
0100
0000
,
0010
0000
1000
0000
0101
0000
0010
0001
,
1000
0000
0100
0001
1000
0000
0100
0000
,
0010
0000
0001
0100
1000
0000
0010
0000
,
0100
0000
0001
1000
0100
0000
1000
0000
,
0010
0000
0100
1000
0010
0000
0001
0010
,
1000
0000
0010
0100
0000
0001
1000
0000
,
0010
0000
0001
0010
0000
1000
0010
0000
,
0100
0000
0001
1000
0000
0100
0010
0100
,
1000
0000
0010
0000
0001
0000
1000
0001
,
0100
0000
0000
0001
0000
0000
1000
0000
0010
0000
1000
0000
0100
0000
0000
0000
,
1010
0000
0101
0000
0010
0000
0100
1000
,
0010
0000
0100
0000
1000
0000
0001
1000
,
0010
0000
0001
0000
0010
0001
0100
0000
,
1000
0000
0001
0100
0010
0000
1001
0000
,
0010
0000
0001
0100
0000
0001
1000
0000
,
0100
0000
0010
0100
0000
1000
0010
0000
,
0001
0000
0100
0010
0000
0100
1000
0000
,
0010
0000
0001
0100
0000
0010
0001
1000
,
0100
0000
0010
0000
0001
0000
1000
0001
,
0010
0000
0100
0000
1000
0000
0010
1000
,
0100
0000
0001
0000
1000
0010
0100
0000
,
0001
0000
0010
0001
1000
0000
0110
0000
,
0001
0000
0010
1000
0000
0001
0010
0000
,
0100
0000
1000
0100
0000
0001
0100
0000
,
0010
0000
0100
1000
0000
0010
0100
0001
,
0010
0000
0000
0000
0100
0000
0010
0000
0001
0000
0000
1000
0000
0000
0010
0000
,
0100
0000
0001
0010
0100
1000
0010
1000
,
0200
2300
3002
0003
,
0010
0000
1000
0001
0100
1000
0100
0001
,
0020
0230
0302
0003
,
1000
0000
0010
0100
0020
0000
0030
0000
,
0001
0000
0010
0100
0020
0000
0030
0000
,
0100
1000
0010
0001
,
0100
0010
0001
1000
0010
0100
0001
1000
,
0200
0000
0000
0000
,
0000
0000
0000
0300
;

//---------------dance-double - ----------------
#NOTES:
     dance-double:
     :
     Easy:
     3:
     0.254,0.271,0.051,0.112,0.000:
00000000
00000000
00000000
00000000
,
00000000
00000000
00000000
00000000
,
00000000
00000000
00000000
00000000
,
00100000
00000000
00010000
00000000
,
00100000
00000000
10000000
00000000
,
01000000
00000000
00100000
00000000
,
00010000
00000000
00001000
00000000
,
00022000
00000000
00000000
00033000
,
00001000
00000000
00000100
00000000
,
00000001
00000000
00000010
00000000
,
00000100
00000000
00000010
00000000
,
00000001
00000000
00000100
00000000
,
00001000
00000000
00010000
00000000
,
00100000
00000000
10000000
00000000
,
10010000
00000000
00000000
00100000
,
01000000
00000000
10000000
00000000
,
00010000
00000000
10000000
00000000
,
00000000
00100000
00010000
00000000
,
10000000
00000000
01000000
00000000
,
00000000
00010000
00001000
00000000
,
00000010
00000000
00000100
00000000
,
00001000
00000000
00000001
00000000
,
00000010
00000000
00001000
00000000
,
00010000
00000000
00022000
00033000
,
00100000
10000000
00010000
00000000
,
01000000
00000000
00100000
00000000
,
10000000
01000000
00010000
00000000
,
00001000
00000000
00010000
00000000
,
01000000
10000000
01000000
00000000
,
00010000
00001000
00010000
00000000
,
00001000
00000100
00000010
00000000
,
00000001
00001000
00000100
00000000
,
00000002
00000000
00000103
00000000
,
00002000
00000000
00013000
00000000
,
00200000
00000000
10300000
00000000
,
00010000
10000000
00010000
00000000
,
00010000
00100000
01000000
00000000
,
00100000
10000000
00010000
00000000
,
01000000
00000000
00010000
00000000
,
00001000
00010000
00001000
00000000
,
00022000
00000000
00000000
00033000
,
00000010
00001000
00000100
00000000
,
00001000
00000001
00000010
00000000
,
00000010
00001000
00000010
00000100
,
00001000
00010000
00001000
00000000
,
00100000
01000000
00010000
00000000
,
00100000
01000000
10000000
00000000
,
00100000
00000000
01000000
00000000
,
00010000
10000000
00010000
10000000
,
00100000
00010000
00001000
00000000
,
00000010
00000001
00000100
00000000
,
00000001
00001000
00000010
00000001
,
00000100
00001000
00000001
00000000
,
00000001
00000100
00001000
00000000
,
00010000
01000000
10000000
00000000
,
00100000
01000000
10000000
00010000
,
01000000
00010000
10000000
00000000
,
01000000
00000000
00010000
00000000
,
00001000
00000010
00000001
00000000
,
00001000
00000000
00000010
00000000
,
00000100
00001000
00000001
00000000
,
00001000
00000010
00000100
00000000
,
00001000
00010000
01000000
00000000
,
00010000
00100000
01000000
10000000
,
00100000
00010000
00001000
00000000
,
00022000
00000000
00000000
00000000
,
00000000
00000000
00000000
00033000
,
00000000
00000000
00000000
00000000
;

//---------------dance-double - ----------------
#NOTES:
     dance-double:
     :
     Medium:
     5:
     0.334,0.373,0.132,0.102,0.000:
00000000
00000000
00000000
00000000
,
00000000
00000000
00000000
00000000
,
00000000
00000000
00000000
00000000
,
00100000
00000000
00010000
00000000
,
00100000
01000000
10000000
00000000
,
00010000
00000000
10000000
00000000
,
00100000
00010000
00001000
00000000
,
00022000
00000000
00000000
00033000
,
00000010
00000001
00001000
00000100
,
00000001
00000000
00000100
00001000
,
00000001
00000000
00000010
00000000
,
00000100
00001000
00000001
00000000
,
00000100
00001000
00010000
01000000
,
10000000
00100000
01000000
00000000
,
10010000
00000000
01000000
00100000
,
01000000
00000000
10000000
00000000
,
00010000
00100000
10000000
00000000
,
01000000
00100000
00010000
00000000
,
10000000
00010000
01000000
00000000
,
00010000
00100000
10000000
01000000
,
00010000
10000000
00100000
00000000
,
00010000
00001000
00000010
00000000
,
00001000
00000001
00000100
00001000
,
00000100
00000010
00002002
00003003
,
00000010
00001000
00000001
00000010
,
00000100
00001000
00010000
00100000
,
10000000
01000000
00010000
10000000
,
01000000
00100000
10000000
00010000
,
01000000
10000000
01000000
00010000
,
00001000
00100000
00001000
01000000
,
00010000
00001000
00000100
00000001
,
00000010
00000001
00001000
00000110
,
00000001
00000010
00000100
00001100
,
00000010
00010000
00001000
00011000
,
01000000
00010000
00100000
10010000
,
00100000
01000000
00010000
10000000
,
01000000
00010000
00001000
00000010
,
00000001
00000100
00000010
00000100
,
00001000
00010000
00100000
10000000
,
00010000
00100000
00010000
01000000
,
20020000
00000000
00000000
30030000
,
00100000
00010000
00001000
00000010
,
00001000
00010000
00100000
00010000
,
00001000
00000100
00000001
00000010
,
00000100
00001000
00000010
00000101
,
00000010
00000000
00000000
00001000
00000000
00000000
00000100
00000000
,
00000010
00000000
00000000
00000001
00000000
00000000
00000100
00000000
,
00001000
00010000
00100000
10000000
,
00010000
00000000
00000000
10000000
00000000
00000000
01100000
00000000
,
10000000
01000000
00010000
00001000
,
00100000
00001000
01000000
00001000
,
00010000
00000010
00001000
00000100
,
00001000
00000010
00000100
00001001
,
00000010
00000000
00000000
00000100
00000000
00000000
00000001
00000000
,
00000010
00000000
00000000
00000100
00000000
00000000
00001000
00000000
,
00000001
00000100
00001000
00010000
,
00022000
00000000
00000000
00033000
,
01000000
00000000
10000000
00000000
,
00100000
10000000
01000000
00000000
,
00010000
00000000
00001000
00000000
,
00000010
00000001
00000100
00000000
,
00001000
00010000
01000000
00000000
,
00010000
00001000
00000100
00000000
,
00000001
00000010
00001000
00010000
,
00100000
10000000
01000000
00010000
,
00022000
00000000
00000000
00000000
,
00000000
00000000
00000000
00033000
,
00000000
00000000
00000000
00000000
;

//---------------dance-double - ----------------
#NOTES:
     dance-double:
     :
     Hard:
     7:
     0.421,0.508,0.183,0.071,0.010:
00000000
00000000
00000000
00000000
,
00000000
00000000
00000000
00000000
,
00000000
00000000
00000000
00000000
,
00000010
00000000
00000000
00000001
00000000
00000000
00000100
00000000
,
00000010
00000100
00001000
00000000
,
00000001
00000000
00000000
00001000
00000000
00000000
00000100
00000000
,
00000010
00001000
00010000
00000000
,
00022000
00000000
00000000
00033000
,
00100000
00000000
00010000
00000000
10000000
01000000
10000000
00000000
,
00010000
00000000
00000000
00000000
01000000
00000000
10000000
01000000
,
00010000
00000000
00000000
00100000
00000000
00000000
10000000
00000000
,
01000000
10000000
00100000
00000000
,
00010000
00000000
00001000
00000000
00000100
00000001
00000100
00000000
,
00000001
00000010
00000100
00000000
,
00001001
00000000
00000000
00000000
00000100
00000000
00000010
00000100
,
00000010
00000000
00001000
00000000
,
00000001
00000000
00000000
00000010
00000000
00000000
00000001
00000000
,
00000100
00000000
00000010
00000100
00000001
00000000
00000000
00000000
,
00001000
00000000
00000000
00000010
00000000
00000000
00010000
00000000
,
00100000
00000000
10000000
00010000
01000000
00000000
00000000
00000000
,
00010000
00000000
00000000
10000000
00100000
00000000
00000000
10000000
,
01000000
00010000
00100000
10000000
,
00100000
00000000
00010000
00000000
01000000
00000000
10000000
01000000
,
00010000
00001000
00022000
00033000
,
00000010
00000000
00001000
00000000
00000001
00001000
00000010
00000000
,
00000100
00000000
00001000
00000010
00000000
00000100
00000001
00000000
,
00000010
00000000
00001000
00000000
00010000
00001000
00100000
00000000
,
01000000
00000000
00100000
00010000
00000000
10000000
00010000
00000000
,
01000000
00000000
00000000
00100000
01000000
00000000
00000000
10000000
,
01000000
00010000
00100000
00010000
,
10000000
00000000
01000000
00000000
00010000
00001000
00000100
00000000
,
00000010
00000001
00001000
00000110
,
00000001
00000000
00000010
00001000
00000001
00000000
00000100
00000000
,
00000010
00000000
00001000
00000100
00000001
00000000
00000010
00000000
,
00000100
00000000
00001000
00000001
00000100
00000000
00000001
00000000
,
00000010
00001000
00010000
00100000
,
10000000
00000000
00100000
01000000
00000000
10000000
00010000
00000000
,
00100000
00000000
10000000
00100000
00000000
00010000
00100000
00000000
,
01000000
00000000
10000000
00010000
00000000
01000000
00100000
00000000
,
00010000
00100000
10000000
01000000
,
00010000
00000000
00000000
00001000
00000000
00000000
00010000
00000000
00000010
00000000
00001000
00000000
00000100
00000000
00000000
00000000
,
00000011
00000000
00001100
00000000
00000010
00000001
00000100
00000000
,
00001001
00000000
00000110
00000000
00000001
00000100
00001000
00000000
,
00010000
00110000
01000000
10010000
,
00100000
00000000
10000000
01000000
00100000
00000000
10010000
00000000
,
01000000
00000000
00001000
00010000
00000000
00001000
00100000
00000000
,
00001000
00000000
00010000
00000100
00000000
00010000
00000010
00000000
,
00001000
00000000
00000100
00000010
00001000
00000000
00000001
00000000
,
00000010
00000000
00001000
00000100
00000000
00000010
00001000
00000000
,
00000011
00000000
00001100
00000000
00010000
00001000
00010000
00000000
,
00110000
00000000
11000000
00000000
00010000
10000000
00100000
00000000
,
01000000
10010000
00100000
10010000
,
01000000
00000000
00010000
00001000
00010000
00000000
00011000
00000000
,
00001000
00000000
00000010
00000001
00000000
00001000
00000010
00000000
,
00000100
00000000
00000001
00000100
00000000
00001000
00000100
00000000
,
00000010
00000000
00000100
00000001
00000000
00000010
00001000
00000000
,
00010000
00000000
00000000
00000000
01000000
00000000
00100000
00000000
00010000
00000000
00000000
10000000
00000000
00000000
00100000
00000000
,
01000000
00000000
00000000
10000000
00000000
00000000
00100000
00000000
,
01000000
00010000
10000000
00000000
,
01000000
00000000
00000000
00010000
00000000
00000000
00001000
00000000
,
00000010
00000100
00001000
00000000
,
00000001
00000000
00001000
00000100
00000020
00000000
00000030
00000000
,
00001000
00000000
00000001
00000100
00000020
00000000
00000030
00000000
,
00000100
00000001
00000010
00001000
,
00000001
00000100
00001000
00010000
01000000
10000000
00100000
10000000
,
02000000
00000000
00000000
00000000
,
00000000
00000000
00000000
03000000
,
00000000
00000000
00000000
00000000
;
