#TITLE:Baile Le Samba;
#SUBTITLE:;
#ARTIST:Big Idea;
#TITLETRANSLIT:;
#SUBTITLETRANSLIT:;
#ARTISTTRANSLIT:;
#CREDIT:;
#BANNER:Baile Le Samba.png;
#BACKGROUND:Baile Le Samba-bg.png;
#LYRICSPATH:;
#CDTITLE:./CDTITLES/DANCE DANCE REVOLUTION ULTRAMIX 2.PNG;
#MUSIC:Baile Le Samba.ogg;
#OFFSET:0.000;
#SAMPLESTART:24.135;
#SAMPLELENGTH:15.000;
#SELECTABLE:YES;
#DISPLAYBPM:92.000;
#BPMS:0.000=86.695,16.000=92.000;
#STOPS:;
#BGCHANGES:0.000=Baile Le Samba.avi=1.000=0=0=0;

//---------------dance-single - ----------------
#NOTES:
     dance-single:
     :
     Beginner:
     1:
     0.073,0.089,0.000,0.000,0.000:
0000
0000
0000
0000
,
0000
0000
0000
0000
,
0000
0000
0000
0000
,
0000
0000
0000
0000
,
0000
0000
0000
0000
,
0001
0000
0000
0000
,
0010
0000
0000
0000
,
0100
0000
0000
0000
,
1000
0000
0000
0000
,
0010
0000
0100
0000
,
0001
0000
0001
0000
,
0010
0000
1000
0000
,
0001
0000
0001
0000
,
0010
0000
0010
0000
,
0100
0000
0100
0000
,
0001
0000
0001
0000
,
1000
0000
1000
0000
,
0001
0000
0000
0000
,
1000
0000
0000
0000
,
0010
0000
0000
0000
,
0100
0000
0000
0000
,
0010
0000
0010
0000
,
0001
0000
0000
0000
,
0100
0000
0000
0000
,
1000
0000
0000
0000
,
0010
0000
0000
0000
,
0001
0000
1000
0000
,
0010
0000
0010
0000
,
0100
0000
1000
0000
,
1000
0000
0001
0000
,
0001
0000
0100
0000
,
0010
0000
0010
0000
,
1000
0000
1000
0000
,
0001
0000
1000
0000
,
0010
0010
0010
0010
,
0000
0000
0000
0000
;

//---------------dance-single - ----------------
#NOTES:
     dance-single:
     :
     Easy:
     3:
     0.088,0.107,0.051,0.000,0.000:
0000
0000
0000
0000
,
0000
0000
0000
0000
,
0000
0000
0000
0000
,
0000
0000
0000
0000
,
0000
0000
0000
0000
,
1000
0000
1000
0000
,
0100
0000
0100
0000
,
0010
0000
0010
0000
,
1000
0000
0001
0000
,
0100
0000
0010
0000
,
1000
0000
1000
0000
,
0001
0000
0001
0000
,
1000
0000
1000
0000
,
0100
0000
0100
0000
,
0001
0000
0100
0000
,
1000
0000
0010
0000
,
0001
0000
0001
0000
,
1000
0000
0000
0000
,
0001
0000
0000
0000
,
0100
0000
0000
0000
,
1001
0000
0000
0000
,
0100
0000
0100
0000
,
1001
0000
0000
0000
,
0110
0000
0000
0000
,
1001
0000
0000
0000
,
1100
0000
0000
0000
,
1000
0000
0001
0000
,
0100
0000
0100
0000
,
0010
0000
0001
0000
,
0001
0000
1000
0000
,
1000
0000
0010
0000
,
0100
0000
0100
0000
,
0001
0000
0001
0000
,
1000
0001
0100
0010
,
0000
1000
0100
0001
,
0000
0000
0000
0000
;

//---------------dance-single - ----------------
#NOTES:
     dance-single:
     :
     Medium:
     10:
     0.307,0.358,0.288,0.206,0.319:
0000
0000
0000
0000
,
0000
0000
0000
0000
,
0000
0000
0000
0000
,
0000
0000
0000
0000
,
0000
0000
0000
0000
,
1000
0000
0010
0100
0000
0000
0000
0000
1000
0000
0100
0020
0000
0000
0000
0000
,
0030
0000
0000
0000
1001
0000
0000
0101
0000
0000
0000
0101
0000
0000
0000
0000
,
1000
0000
0001
0100
0000
0000
0000
0000
0010
0000
0100
0002
0000
0000
0000
0000
,
0003
0000
0000
0000
1000
0000
0000
1010
0000
0000
0000
1010
0000
0000
0000
0000
,
0001
0000
0100
0010
0000
0000
0000
0000
0100
0000
0010
2000
0000
0000
0000
0000
,
3000
0000
0000
0000
0101
0000
0000
1010
0000
0000
0000
1010
0000
0000
0000
0000
,
1000
0000
0001
0100
0000
0000
0000
0000
1000
0000
0001
0200
0000
0000
0000
0000
,
0300
0000
0000
0000
0001
0000
0000
0110
0000
0000
0000
0110
0000
0000
0000
0000
,
1000
0010
0100
0002
0000
0000
0000
0000
1003
0000
0000
0000
0001
0000
0000
0000
,
0100
0001
0100
0010
0000
0000
0000
0110
0000
0000
1001
0000
0000
0220
0000
0000
,
0330
0000
0110
0000
1000
0001
0000
0100
0000
0010
0200
0000
0000
0000
0000
0000
,
0300
0000
0110
0000
1000
0001
0000
0100
0000
0001
2000
0000
3000
0000
0101
0000
,
1000
0000
0000
0001
0000
1000
0020
0000
0000
0000
0000
0000
0000
0030
0000
0000
,
0100
0001
0000
0100
0000
0000
0010
0000
0000
0000
0010
0000
0100
0000
0110
0000
,
0001
0000
0000
0010
0000
0001
1000
0000
0000
0200
0000
0000
0000
0300
0000
1000
,
0001
1000
0000
0100
0000
1000
0010
0000
0000
0010
1000
0000
0001
0000
0200
0000
,
0000
0000
0310
2000
0000
0000
0000
3000
,
0001
0000
1000
0100
0000
0000
0000
0000
0010
0000
0001
2000
0000
0000
0000
0000
,
3000
0000
0000
0000
0001
0000
0000
0110
0000
0000
0000
0110
0000
0000
0000
0000
,
0010
0000
1000
1000
0000
0000
0000
0000
0100
0000
0001
0002
0000
0000
0000
0000
,
0003
0000
0000
0000
0010
0000
0000
1001
0000
0000
0000
1001
0000
0000
0000
0000
,
1000
0000
0001
0100
0000
0000
0000
0000
0001
0000
0100
0020
0000
0000
0030
0000
,
0101
0000
0000
0000
0100
0000
0000
0110
0000
0000
0000
1010
0000
0000
0000
0000
,
0100
0000
0010
0100
0000
0000
0001
0000
1000
0000
0010
0200
0000
0000
0000
0000
,
0000
0300
0000
0000
0001
0000
0000
0101
0000
0000
0000
1100
0000
0000
0000
0000
,
0001
1000
0001
1000
0100
1000
0001
0100
,
0010
0000
0100
0000
0001
0000
1000
0000
0001
0000
0020
0000
0000
0000
0000
0030
,
1000
0100
0010
0001
1000
0001
1000
0010
,
0100
0000
0010
0000
0100
0001
0000
1000
0000
0001
0000
1000
0000
0001
1000
0000
,
0000
0000
0000
0000
1001
0000
0000
2002
0000
0000
0000
0000
0000
3003
0000
0000
,
0000
0000
0000
0000
;

//---------------dance-single - ----------------
#NOTES:
     dance-single:
     :
     Hard:
     11:
     0.435,0.412,0.494,0.340,0.597:
0000
0000
0000
0000
,
0000
0000
0000
0000
,
0000
0000
0000
0000
,
0000
0000
0000
0000
,
0000
0000
0000
0000
,
1000
0000
0010
0100
0000
0000
0101
0000
1000
0000
0100
0020
0000
0000
0000
0000
,
0030
0000
0000
0001
1000
0001
0000
0101
0000
0101
0000
0202
0000
0000
0000
0303
,
0010
0000
1000
0001
0000
0000
1001
0000
0010
0000
1000
0200
0000
0000
0000
0000
,
0300
0000
0000
0010
1000
0010
0000
1010
0000
1010
0000
2020
0000
0000
0000
3030
,
0001
0000
0100
0010
0000
0000
0110
0000
1000
0000
0001
0200
0000
0000
0001
0000
,
0300
0000
0000
0010
0100
0001
0000
1010
0000
1010
0000
0220
0000
0000
0000
0330
,
1000
0000
0001
0100
0000
0000
0000
0000
1000
0000
0001
0100
0000
0000
0101
0000
,
0000
0000
0000
0010
1000
0010
0000
0101
0000
1100
0000
0202
0000
0000
0303
0000
,
1000
0010
0100
0001
0000
0100
0000
1000
0000
0001
0000
0100
0000
0010
0100
0000
,
0001
0010
0100
1000
0000
0010
0000
0101
0000
0000
1001
0000
0000
2020
0000
0000
,
3030
0000
1001
0000
0010
0100
0000
0001
0000
1000
0200
0000
0000
0000
0000
0000
,
0300
0000
0110
0000
0001
1000
0000
0100
0000
0001
0200
0000
0300
0000
0101
0000
,
1000
0000
0000
0010
0000
1000
0020
0000
0000
0000
0000
0000
0000
0030
0000
1000
,
0001
1000
0000
0100
0000
0010
0001
0000
0000
0010
0001
0000
1100
0000
0101
0000
,
0010
0100
0000
0010
0000
1000
0001
0000
0000
0200
0000
0000
0000
0300
0000
0010
,
1000
0010
0000
0100
0000
0001
0100
0000
0000
0010
1000
0000
0001
0000
0101
0000
,
0100
0110
0010
1010
1000
1100
0100
0110
,
0001
0000
1000
0100
0000
0000
1100
0000
0010
0000
0001
0200
0000
0000
0000
0000
,
0300
0000
0000
0001
0010
0100
0000
1100
0000
1100
0000
2200
0000
0000
0000
3300
,
0010
0000
1000
0001
0000
0000
0101
0000
0100
0000
0001
0200
0000
0000
0000
0000
,
0300
0000
0000
0000
0010
0100
0000
0110
0000
1001
0000
0220
0000
0000
0330
0000
,
1000
0000
0001
0100
0000
0000
0110
0000
0001
0000
0100
0020
0000
0000
0030
0000
,
0110
0000
0000
0001
1000
0001
0000
0101
0000
1010
0000
0220
0000
0000
0330
0000
,
0001
0000
1000
0001
0000
0000
0101
0000
0100
0000
0010
0200
0000
0000
0000
0000
,
0000
0300
0000
1000
0001
0100
0000
0101
0000
1100
0000
0101
0000
2200
0000
3300
,
0001
0010
0001
1000
0000
0001
0000
0100
0000
0010
0000
1000
0000
0001
0100
0000
,
1000
0010
0100
0010
0000
1000
0000
0001
0000
0000
1000
0000
0000
0200
0000
0300
,
0010
0001
0100
0010
0000
0100
0000
0010
0000
1000
0000
0001
0000
1000
0100
0000
,
0010
0000
0100
0000
0010
0100
0000
1000
0000
0001
0000
0100
0000
0010
0200
0000
,
0000
0000
0300
0000
0001
1000
0000
2002
0000
0000
0000
0000
0000
3003
0000
0000
,
0000
0000
0000
0000
;

//---------------dance-double - ----------------
#NOTES:
     dance-double:
     :
     Easy:
     3:
     0.119,0.179,0.031,0.000,0.000:
00000000
00000000
00000000
00000000
,
00000000
00000000
00000000
00000000
,
00000000
00000000
00000000
00000000
,
00000000
00000000
00000000
00000000
,
00000000
00000000
00000000
00000000
,
10000000
00000000
00010000
00000000
,
00100000
00000000
01000000
00000000
,
00010000
00000000
10000000
00000000
,
00100000
00000000
00010000
00000000
,
00001000
00000000
00000100
00000000
,
00000001
00000000
00001000
00000000
,
00000100
00000000
00000010
00000000
,
00001000
00000000
00000001
00000000
,
00000010
00001000
00000100
00000000
,
00000010
00000001
00000100
00000000
,
00000100
00000000
00001000
00000000
,
00010000
00000000
01000000
00000000
,
10000000
00010000
10000000
00000000
,
00010000
10000000
00010000
00000000
,
00100000
01000000
00100000
00000000
,
01000000
00100000
01000000
00000000
,
10000000
10010000
00010000
10010000
,
01000000
00000000
00010000
00000000
,
00100000
00000000
00010000
00000000
,
00001000
00000000
00000010
00000000
,
00001000
00000000
00000100
00000000
,
00000001
00000010
00000001
00000000
,
00001000
00000100
00001000
00000000
,
00010000
01000000
00010000
00000000
,
00001000
00010000
00001000
00000000
,
00010000
00100000
00010000
00000000
,
00001000
00000010
00001000
00000000
,
00010000
01000000
00010000
00000000
,
00001000
00000100
00001000
00000000
,
00010000
00001000
00010000
00011000
,
00000000
00000000
00000000
00000000
;

//---------------dance-double - ----------------
#NOTES:
     dance-double:
     :
     Medium:
     6:
     0.248,0.270,0.391,0.000,0.000:
00000000
00000000
00000000
00000000
,
00000000
00000000
00000000
00000000
,
00000000
00000000
00000000
00000000
,
00000000
00000000
00000000
00000000
,
00000000
00000000
00000000
00000000
,
00000010
00000001
00000100
00000001
,
00001000
00000010
00001000
00000100
,
00000010
00001000
00010000
00100000
,
00010000
00001000
00010000
00011000
,
00000100
00001000
00011000
00010000
,
01000000
00010000
00011000
00001000
,
00000010
00001000
00011000
00010000
,
00100000
00010000
00011000
00001000
,
00000010
00000001
00000010
00001000
,
00010000
01000000
10000000
01000000
,
00010000
00001000
00000010
00000001
,
00000010
00001000
00010000
00100000
,
01010000
00010000
00110000
00000000
10100000
10000000
11000000
00000000
,
10000000
01000000
00010000
00001000
,
00001100
00001000
00001010
00000000
00000011
00000001
00000101
00000000
,
00000001
00000100
00001000
00010000
,
00011000
00010000
00011000
00000000
00011000
00001000
00011000
00000000
,
00010000
01010000
00100000
10100000
,
10000000
00100000
00010000
00000000
00100000
00000000
10000000
00000000
,
01000000
01010000
00010000
00011000
,
00001000
00000100
00000001
00000000
00000100
00000000
00001000
00000000
,
00001000
00001100
00000010
00000011
,
00000001
00000010
00001000
00000000
00000010
00000000
00000001
00000000
,
00000100
00001100
00001000
00011000
,
00010000
01000000
10000000
00000000
01000000
00000000
00010000
00000000
,
00100000
00011000
00000010
00011000
,
01000000
00011000
00000100
00011000
,
00010000
00001000
00001000
00010000
,
00101000
00011000
00010010
00011000
,
01010000
00011000
00001100
00011000
,
00011000
00000000
00000000
00000000
,
00000000
00000000
00000000
00000000
;

//---------------dance-double - ----------------
#NOTES:
     dance-double:
     :
     Hard:
     10:
     0.315,0.360,0.031,0.021,0.442:
00000000
00000000
00000000
00000000
,
00000000
00000000
00000000
00000000
,
00000000
00000000
00000000
00000000
,
00000000
00000000
00000000
00000000
,
00000000
00000000
00000000
00000000
,
00100000
00000000
00000000
00010000
00000000
00000000
01000000
00000000
00100000
00000000
00000000
10000000
00000000
00000000
01000000
00000000
,
00010000
00000000
00000000
01000000
00000000
00000000
10000000
00000000
00010000
00000000
00000000
00100000
00000000
00000000
10000000
00000000
,
00100000
00000000
00000000
00010000
00000000
00000000
00001000
00000000
00010000
00000000
00000000
00001000
00000000
00000000
00000100
00000000
,
00001000
00000000
00000000
00000100
00000000
00000000
00000001
00000000
00001000
00000000
00000000
00000010
00000000
00000000
00000001
00000000
,
00000100
00000000
00000000
00001000
00000000
00000000
00000010
00000000
00000100
00000000
00000000
00000001
00000000
00000000
00000010
00000000
,
00000001
00000000
00000000
00000010
00000000
00000000
00001000
00000000
00000001
00000000
00000000
00000100
00000000
00000000
00001000
00000000
,
00000010
00000000
00000000
00001000
00000000
00000000
00010000
00000000
00001000
00000000
00000000
00010000
00000000
00000000
01000000
00000000
,
00010000
00000000
00000000
01000000
00000000
00000000
10000000
00000000
00010000
00000000
00000000
00100000
00000000
00000000
10000000
00000000
,
00100000
10000000
01000000
10000000
00000000
01000000
00000000
00100000
00000000
00010000
00000000
01000000
00000000
00010000
00000000
00000000
,
10000000
01000000
00010000
01000000
00000000
10000000
00000000
01000000
00000000
00000000
00000000
00000000
01100000
00000000
00000000
00000000
,
01000000
00010000
00001000
00010000
00000000
00001000
00000000
00010000
00000000
00001000
00000000
00000100
00000000
00000001
00000000
00000000
,
00000001
00000100
00001000
00000100
00000000
00000001
00000000
00000010
00000000
00000000
00000000
00000000
00000110
00000000
00000000
00000000
,
00001000
00000001
00001000
00000001
00000100
00000010
00000100
00000010
,
00001000
00000100
00001000
00000100
00010000
00001000
00010000
00001000
,
00100000
00010000
00100000
00010000
01000000
00100000
01000000
00100000
,
10000000
00010000
10000000
00010000
10000000
01000000
00010000
00001000
,
00010000
00001000
00010000
00000000
00001000
00010000
00001000
00010000
00000000
00001000
00000000
00010000
00000000
00001000
00010000
00000000
,
00100000
00000000
00000000
00010000
00000000
00000000
00001000
00000000
00000010
00000000
00000000
00001000
00000000
00000000
00010000
00000000
,
01000000
00000000
00000000
00010000
00000000
00000000
00001000
00000000
00000100
00000000
00000000
00001000
00000000
00000000
00010000
00000000
,
00100000
00000000
00000000
10000000
00000000
00000000
01000000
00000000
00010000
00000000
00000000
00001000
00000000
00000000
00000100
00000000
,
00000001
00000000
00000000
00000100
00000000
00000000
00001000
00000000
00010000
00000000
00000000
01000000
00000000
00000000
10000000
00000000
,
00010000
00000000
00000000
10000000
00000000
00000000
00100000
00000000
10000000
00000000
00000000
00010000
00000000
00000000
00100000
00000000
,
00010000
00000000
00000000
10000000
00000000
00000000
01000000
00000000
10000000
00000000
00000000
01000000
00000000
00000000
00010000
00000000
,
00001000
00000000
00000000
00000100
00000000
00000000
00000001
00000000
00001000
00000000
00000000
00000001
00000000
00000000
00000100
00000000
,
00000001
00000000
00000000
00001000
00000000
00000000
00000010
00000000
00001000
00000000
00000000
00000001
00000000
00000000
00000010
00000000
,
00000010
00000001
00000100
00000001
00000000
00000100
00000000
00000010
00000000
00001000
00000000
00000100
00000000
00001000
00000000
00000000
,
00000001
00000100
00001000
00000100
00000000
00000001
00000000
00000100
00000000
00000000
00000000
00000000
00000110
00000000
00000000
00000000
,
00000100
00001000
00010000
00001000
00000000
00010000
00000000
00001000
00000000
00010000
00000000
01000000
00000000
10000000
00000000
00000000
,
10000000
01000000
00010000
00000000
01000000
10000000
00000000
00010000
00000000
01000000
00000000
10000000
00000000
01000000
00010000
00000000
,
00000000
00000000
00000000
00000000
01000000
00020000
00000000
00002000
00000000
00000000
00000000
00000000
00000000
00000000
00000000
00000000
,
00033000
00000000
00000000
00000000
,
00000000
00000000
00000000
00000000
;
