#TITLE:Be in my paradise;
#SUBTITLE:;
#ARTIST:JJ COMPANY;
#TITLETRANSLIT:;
#SUBTITLETRANSLIT:;
#ARTISTTRANSLIT:;
#CREDIT:;
#BANNER:Be in my paradise.png;
#BACKGROUND:Be in my paradise-bg.png;
#LYRICSPATH:;
#CDTITLE:./CDTITLES/Dance Dance Revolution CLUB VERSION.png;
#MUSIC:Be in my paradise.mp3;
#OFFSET:-0.027;
#SAMPLESTART:56.160;
#SAMPLELENGTH:15.000;
#SELECTABLE:YES;
#DISPLAYBPM:63.000;
#BPMS:0.000=63.020;
#STOPS:;
#BGCHANGES:;

//---------------dance-single - ----------------
#NOTES:
     dance-single:
     :
     Easy:
     1:
     0.082,0.109,0.011,0.000,0.000:
0000
0000
0000
0000
,
0000
0000
0000
0000
,
1000
0000
0001
0000
,
1000
0000
0001
0000
,
0100
0000
0010
0000
,
0010
0000
0100
0000
,
1000
0100
0001
0100
,
1000
0100
0001
0100
,
0010
0010
1000
0001
,
0100
0100
0001
1000
,
0100
0000
1000
0000
,
0001
0000
1000
0000
,
0001
0000
0100
0000
,
0001
0000
0000
0010
,
0000
0000
0000
0010
,
0000
0010
0000
0100
,
0000
0100
0000
1000
,
0000
0001
0000
1000
,
0000
0001
0000
0100
,
0100
0100
0100
0001
,
1000
0010
1000
0100
,
0001
0010
1000
0000
,
0000
0000
0000
1001
;

//---------------dance-single - ----------------
#NOTES:
     dance-single:
     :
     Medium:
     3:
     0.139,0.218,0.064,0.000,0.000:
0000
0000
0000
0000
,
0000
0000
0000
0000
,
1000
0001
1000
0100
,
0001
1000
0001
0100
,
1000
0010
0001
0010
,
1000
0100
0001
0100
,
0100
1000
0100
0001
,
1000
0001
0100
0010
,
0001
1000
0100
0100
1000
0001
0100
0100
,
0010
1000
0100
0100
0010
0001
0100
0100
,
1001
0100
1001
0100
,
0010
0100
0001
1000
,
0010
0010
0100
0100
,
0001
0100
0000
1000
,
0100
0000
0000
1001
,
0100
0100
0100
1001
,
1000
0100
0001
0100
,
0010
1000
0100
0001
,
0010
0100
1000
1001
,
0001
1000
0010
0100
,
0001
0100
1000
0100
,
0001
1000
0001
0000
,
0000
0000
0000
1001
;

//---------------dance-single - ----------------
#NOTES:
     dance-single:
     :
     Hard:
     6:
     0.225,0.315,0.117,0.000,0.123:
0000
0000
0000
0000
,
0000
0000
0000
0000
,
1000
0000
0001
0000
1000
0001
0100
0000
,
0001
0100
1000
0100
0001
0100
0001
1000
,
1000
0000
0000
0000
0001
0010
0100
0000
,
1000
0100
0001
0100
0001
1000
0100
0000
,
0100
0000
1000
0000
0100
0010
0001
0000
,
1000
0000
0001
0000
0100
0010
1000
0000
,
0001
1000
0010
0100
0001
1000
0010
0100
0001
1000
0010
0100
0001
1000
0010
0100
,
0001
1000
0100
0000
0000
0000
0000
0000
0010
0000
0000
0000
1001
0000
1001
0000
,
0110
0001
0100
0000
1001
0010
0100
0000
,
0110
0001
1000
0000
1001
0010
0100
0000
,
0010
0010
1000
0000
0100
0100
0010
0000
,
0001
0000
0100
0000
0001
0001
1000
0000
,
0100
0000
0000
1001
,
0100
0000
0000
0000
0100
1000
0100
1000
0001
0000
0000
0000
0100
1000
0100
1000
,
0001
0000
0000
0000
0100
1000
0100
1000
0001
0000
0000
0000
0100
1000
0100
1000
,
0001
0000
0000
0000
0100
0001
0100
0001
1000
0000
0000
0000
0100
0001
0100
0001
,
1000
0000
0000
0000
0100
0001
0100
0001
1000
0000
0010
0000
1001
0000
0000
0000
,
0001
0000
1000
1000
0100
0000
1000
1000
,
0010
0000
1000
1000
0001
0000
0100
0100
,
0010
0000
1000
1001
0100
0000
1001
0000
,
0000
0000
0000
1001
;

//---------------dance-double - ----------------
#NOTES:
     dance-double:
     :
     Easy:
     3:
     0.139,0.218,0.064,0.000,0.000:
00000000
00000000
00000000
00000000
,
00000000
00000000
00000000
00000000
,
00100000
10000000
00010000
00001000
,
00000001
00000010
00000100
00001000
,
00100000
01000000
00010000
10000000
,
00010000
00000100
00000001
00001000
,
00000010
00010000
01000000
00100000
,
00001000
00000010
00010000
10000000
,
00100000
00001000
00010000
00010000
00000010
00001000
00000001
00000001
,
00000100
00010000
00100000
00100000
10000000
01000000
00001000
00001000
,
00000110
00000001
00011000
00100000
,
10000000
01000000
00001000
00010000
,
00000010
00000010
00010000
00010000
,
00000001
00001000
00000000
10000000
,
00010000
00000000
00000000
00001001
,
00001000
00001000
00010000
10010000
,
01000000
00010000
00000010
00000001
,
00001000
01000000
10000000
00100000
,
00001000
00000010
00000001
00011000
,
01000000
00100000
00001000
01000000
,
00010000
00000010
00000001
00001000
,
00010000
10000000
00010000
00000000
,
00000000
00000000
00000000
00011000
;

//---------------dance-double - ----------------
#NOTES:
     dance-double:
     :
     Medium:
     7:
     0.225,0.315,0.117,0.000,0.123:
00000000
00000000
00000000
00000000
,
00000000
00000000
00000000
00000000
,
00100000
00000000
10000000
00000000
00010000
00001000
01000000
00000000
,
00001000
00000010
00000100
00000001
00000100
00001000
00100000
10000000
,
01000000
00000000
00000000
00000000
00010000
00001000
01000000
00000000
,
00010000
00000100
00000010
00001000
00000001
00000100
00010000
00000000
,
00100000
00000000
10000000
00000000
01000000
00010000
00001000
00000000
,
00001000
00000000
00000001
00000000
00000100
00010000
01000000
00000000
,
00100000
00010000
00001000
00000100
00000010
00001000
00010000
01000000
00100000
00010000
00001000
00000100
00000010
00001000
00010000
01000000
,
00010000
00001000
00000100
00000000
00000000
00000000
00000000
00000000
00100000
00000000
00000000
00000000
00011000
00000000
00000110
00000000
,
00001001
00000100
00010000
00000000
00011000
01000000
00100000
00000000
,
10010000
00100000
00010000
00000000
00011000
00000010
00000001
00000000
,
00000100
00001000
00010000
00000000
00100000
10000000
01000000
00000000
,
00010000
00000000
00001000
00000000
00000001
00001000
00010000
00000000
,
01000000
00000000
00000000
00001001
,
00000100
00000000
00000000
00000000
00001000
00010000
00001000
00010000
01000000
00000000
00000000
00000000
00100000
10000000
00100000
10000000
,
00010000
00000000
00000000
00000000
00010000
01000000
00010000
01000000
00001000
00000000
00000000
00000000
00010000
00001000
00010000
00001000
,
00000010
00000000
00000000
00000000
00000010
00001000
00000010
00001000
00000001
00000000
00000000
00000000
00000100
00000001
00000100
00000001
,
00000010
00000000
00000000
00000000
00010000
00001000
00010000
00001000
00100000
00000000
01000000
00000000
10010000
00000000
00000000
00000000
,
00010000
00000000
00001000
00000100
00000001
00000000
00000010
00001000
,
00010000
00000000
01000000
10000000
00010000
00000000
00001000
00000100
,
00000010
00000000
00000001
00000110
00010000
00000000
01100000
00000000
,
00000000
00000000
00000000
00001001
;

//---------------dance-double - ----------------
#NOTES:
     dance-double:
     :
     Hard:
     9:
     0.324,0.400,0.043,0.000,0.379:
00000000
00000000
00000000
00000000
,
00000000
00000000
00000000
00000000
,
01000000
00100000
00010000
10000000
01000000
00100000
00001000
00010000
,
00100000
10000000
01000000
00010000
00001000
00000010
00000001
00000100
,
00001000
00000100
00000100
00000000
00000001
00000100
00000100
00000000
,
00000100
00001000
00010000
00001000
00000100
00001000
00010000
01000000
,
10000000
01000000
11000000
00000000
00100000
00010000
00001000
00000000
,
00000010
00000001
00000100
00000010
00010000
00001000
00000100
00001000
,
00001000
00000100
00000001
00000100
00000010
00001000
00000100
00010000
00001000
00000100
00000010
00000010
00000100
00001000
00010000
01000000
,
00100000
00010000
10000000
00100000
01000000
00010000
00100000
00001000
00010000
00100000
01000000
10000000
01000000
00010000
10000000
01000000
,
00100000
00010000
01000000
00000000
01000000
00010000
00001000
00000000
,
00010000
00001000
00000100
00000000
00100000
00001000
00010000
00000000
,
00010000
00001000
00000100
00000000
00001000
00010000
01000000
00000000
,
10000000
11000000
00000000
00010000
,
01010000
00000000
00000000
00000000
00000000
00000000
00000000
00000000
00000000
00000000
00000000
00000000
10000000
01000000
00100000
00010000
,
10000000
01000000
00100000
00010000
01000000
00100000
00010000
00001000
00010000
01000000
00100000
00010000
01000000
00001000
00010000
00001000
,
00000100
00000010
00010000
00001000
00000010
00001000
00000010
00000001
00000100
00001000
00010000
00100000
01000000
00010000
00100000
00001000
,
00010000
00001000
00000010
00000001
00000100
00000010
00000001
00000010
00001000
00000100
00010000
00001000
00000010
00000001
00000100
00001000
,
00010000
01000000
10000000
00100000
00001000
00100000
00010000
00100000
10000000
01000000
00000000
00000000
00100000
00010000
10000000
01000000
,
00010000
00001000
01000000
00010000
00100000
00001000
00010000
00001000
00000100
00000001
00000010
00000100
00001000
00000010
00010000
00000100
,
00001000
00000010
00010000
00000100
00001000
00000001
00000100
00001000
00010000
01000000
10000000
00010000
00100000
00001000
00010000
00001000
,
00000100
00000010
00010000
00001000
01000000
00010000
00100000
00001000
00010000
00000100
00001000
00000010
00000000
00000000
00000000
00000000
,
00000000
00000000
00000000
00001001
;

//---------------dance-single - ----------------
#NOTES:
     dance-single:
     :
     Beginner:
     1:
     0.058,0.061,0.011,0.000,0.000:
0000
0000
0000
0000
,
0000
0000
0000
0000
,
1000
0000
0000
0000
,
0001
0000
0000
0000
,
1000
0000
0000
0000
,
0001
0000
0000
0000
,
1000
0000
0100
0000
,
0001
0000
0100
0000
,
1000
0000
0100
0000
,
0001
0000
0100
0000
,
0000
1000
1000
0000
,
0000
0001
0001
0000
,
0000
1000
1000
0000
,
0001
0000
0000
1000
,
0000
0000
0000
0010
,
0000
0010
0000
0010
,
0000
0010
0000
1000
,
0000
0001
0000
1000
,
0000
0001
0000
0100
,
0000
0100
0000
0100
,
0000
0100
0000
0001
,
0000
1000
0000
0001
,
0000
1000
0000
1001
;
