#TITLE:BEGINNING-OF-LIFE;
#SUBTITLE:;
#ARTIST:QUADRA;
#TITLETRANSLIT:;
#SUBTITLETRANSLIT:;
#ARTISTTRANSLIT:;
#CREDIT:;
#BANNER:BEGINNING-OF-LIFE.png;
#BACKGROUND:BEGINNING-OF-LIFE-bg.png;
#LYRICSPATH:;
#CDTITLE:./CDTITLES/DANCE DANCE REVOLUTION CLUB VERSION.PNG;
#MUSIC:BEGINNING-OF-LIFE.mp3;
#OFFSET:-0.067;
#SAMPLESTART:17.430;
#SAMPLELENGTH:12.000;
#SELECTABLE:YES;
#DISPLAYBPM:110.000;
#BPMS:0.000=110.000;
#STOPS:;
#BGCHANGES:;

//---------------dance-single - ----------------
#NOTES:
     dance-single:
     :
     Easy:
     2:
     0.160,0.271,0.110,0.000,0.000:
0000
0000
0000
0000
,
0000
0000
0000
0000
,
0000
0000
0000
0000
,
0000
0000
0000
0000
,
0010
0000
0010
0000
,
1000
0000
1000
0000
,
0001
0000
0001
0000
,
0010
0000
0001
1000
,
1001
0100
0010
0100
,
0001
0000
1000
0000
,
1000
0000
0001
0000
,
0010
0000
0010
0000
,
0001
0000
0001
0000
,
1000
0000
1000
0000
,
0001
0000
0001
0000
,
1000
0000
0001
0000
,
1001
0000
0010
0000
,
0001
0000
1000
0000
,
0001
0000
0010
0100
,
1000
0000
0001
1000
,
0100
0000
0010
1000
,
0001
0000
0010
0001
,
1000
0000
0010
0001
,
0000
0000
0000
0000
0010
0010
0010
0000
,
1001
0010
0000
0000
,
0001
0000
1000
0000
,
0010
0000
0100
0000
,
0010
0000
0100
0000
,
0001
0010
0100
1000
,
1000
0100
0010
0001
,
0110
1001
0110
1001
,
0010
0100
0001
1000
,
0001
1000
0100
0010
,
1001
0110
0001
1000
,
0010
0010
0000
0000
;

//---------------dance-single - ----------------
#NOTES:
     dance-single:
     :
     Medium:
     4:
     0.270,0.313,0.292,0.000,0.000:
0000
0000
0000
0000
,
0000
0000
0000
0000
,
0000
0000
0000
0000
,
0000
0000
0000
0000
,
0010
1000
0010
0001
,
0010
0001
0010
1000
,
0100
0001
0100
1000
,
0100
0000
1000
0000
0100
0100
0001
0000
,
1001
0000
0100
0000
0010
1000
0100
0000
,
0010
1000
0010
0001
,
0100
1000
0100
0001
,
0010
1000
0010
0001
,
1000
0100
0001
0100
,
1000
0100
0001
0100
,
0110
1000
0100
0100
,
0110
0001
0100
0100
,
1001
0010
0100
1000
,
1001
0010
0100
0001
,
1000
0000
0001
0000
0001
0001
1000
0000
,
0001
0000
1000
0000
1000
1000
0001
0000
,
1000
0000
0100
0000
0001
0001
0100
0000
,
1000
0000
0100
0000
0001
0001
0100
0000
,
1000
0000
0001
0000
0001
0100
1000
0000
,
1000
0000
0010
0010
0010
0000
1001
0000
,
0010
1000
0100
0000
0010
0000
0100
0000
,
0010
0100
0010
0100
,
0001
0010
1000
0010
,
1000
0010
0001
0010
,
1001
0100
0110
1001
,
0010
0110
1001
0100
,
0110
1001
0010
0110
,
1001
0100
0110
1001
,
0010
0110
1001
0100
,
0110
1001
0010
0110
,
1001
0110
0000
0000
;

//---------------dance-single - ----------------
#NOTES:
     dance-single:
     :
     Hard:
     6:
     0.329,0.371,0.268,0.000,0.000:  // measure 1
0000
0000
0000
0000
,  // measure 2
0000
0000
0000
0000
,  // measure 3
0000
0000
0000
0000
,  // measure 4
0000
0000
0000
0000
,  // measure 5
0010
0000
1000
0000
0010
0010
0001
0000
,  // measure 6
0010
0000
0001
0000
0010
0010
1000
0000
,  // measure 7
0100
0000
0001
0000
0100
0100
1000
0000
,  // measure 8
0100
0000
1000
0000
0100
0100
0001
0000
,  // measure 9
1001
0000
0100
0000
0010
0010
0100
0000
,  // measure 10
0010
0010
1000
0000
0010
0010
0001
0000
,  // measure 11
0100
0100
1000
0000
0100
0100
0001
0000
,  // measure 12
0010
0010
1000
0000
0010
0010
0001
0000
,  // measure 13
1000
1000
0100
0000
0001
0001
0100
0000
,  // measure 14
1000
1000
0100
0000
0001
0001
0100
0000
,  // measure 15
0110
0000
1000
0000
0100
0001
0100
0000
,  // measure 16
0110
0000
0001
0000
0100
1000
0100
0000
,  // measure 17
1001
0000
0010
0000
0100
0100
1000
0000
,  // measure 18
1001
0000
0010
0000
0100
0100
0001
0000
,  // measure 19
1000
1000
0001
0000
0001
0001
1000
0000
,  // measure 20
0001
0001
1000
0000
1000
1000
0001
0000
,  // measure 21
1000
1000
0100
0000
0001
0001
0100
0000
,  // measure 22
1000
1000
0100
0000
0001
0001
0100
0000
,  // measure 23
1000
0100
0001
0000
0001
0100
1000
0000
,  // measure 24
1000
0100
0001
0000
0001
0100
1000
0000
,  // measure 25
0010
1000
0100
0000
0010
0001
0100
0000
,  // measure 26
0010
0001
0100
0000
0010
1000
0100
0000
,  // measure 27
0001
0100
0010
0000
1000
0100
0010
0000
,  // measure 28
1000
0100
0010
0000
0001
0100
0010
0000
,  // measure 29
0000
1001
0100
0000
0110
0001
0000
1001
,  // measure 30
0010
0000
0110
1000
0000
1001
0100
0000
,  // measure 31
0110
0001
0000
1001
0010
0000
0110
1000
,  // measure 32
0000
1001
0100
0000
0110
0001
0000
1001
,  // measure 33
0010
0000
0110
1000
0000
1001
0100
0000
,  // measure 34
0110
0001
0000
1001
0100
0000
0110
1001
;

//---------------dance-double - ----------------
#NOTES:
     dance-double:
     :
     Easy:
     3:
     0.177,0.313,0.146,0.000,0.000:
00000000
00000000
00000000
00000000
,
00000000
00000000
00000000
00000000
,
00000000
00000000
00000000
00000000
,
00000000
00000000
00000000
00000000
,
00100000
00000000
00010000
00000000
,
00001000
00000000
00000100
00000000
,
00010000
00000000
00001000
00000000
,
00000010
00000000
00000000
00000000
00001000
00001000
00010000
00000000
,
00001000
00000000
00010000
00000000
00001000
00001000
00010000
00000000
,
00001000
00000000
00000001
00000000
,
00010000
00000000
10000000
00000000
,
00100000
00000000
00010000
00000000
,
00001000
00000000
00000100
00000000
,
00001000
00000000
00010000
00000000
,
00010000
00000000
00001000
00000000
,
00001000
00000000
00010000
00000000
,
00011000
00000000
00100000
00000000
,
00011000
00000010
00000000
00000000
,
00010000
00000000
00000000
00000000
00100000
00100000
00010000
00000000
,
00001000
00000000
00000010
00000010
00000000
00000000
00001000
00000000
,
00010000
00000000
00000000
00000000
00100000
00100000
01000000
00000000
,
00001000
00000000
00000000
00000000
00000010
00000010
00000100
00000000
,
00010000
00000000
00000000
00000000
00100000
00100000
00010000
00000000
,
00000000
00000000
00000000
00000000
00010000
00001000
00010000
00000000
,
00011000
00011000
00000000
00000000
,
00001000
00000000
00010000
00000000
,
00100000
00000000
01000000
00000000
,
00000010
00000000
00000100
00000000
,
00000001
00000010
00000100
00001000
,
00010000
00100000
01000000
10000000
,
01100000
10010000
01100000
00010000
,
00001001
00000110
00001001
00000100
,
00001000
00010000
00001000
00010000
,
00011000
00100000
00010000
00001000
,
00010000
00011000
00000000
00000000
;

//---------------dance-double - ----------------
#NOTES:
     dance-double:
     :
     Medium:
     6:
     0.325,0.351,0.244,0.000,0.000:
00000000
00000000
00000000
00000000
,
00000000
00000000
00000000
00000000
,
00000000
00000000
00000000
00000000
,
00000000
00000000
00000000
00000000
,
00100000
00000000
00010000
00000000
00100000
00010000
00001000
00000000
,
00000010
00000000
00000001
00000000
00000010
00001000
00010000
00000000
,
01000000
00000000
00010000
00000000
00000100
00010000
00001000
00000000
,
00000100
00000000
00010000
00000000
01000000
00010000
00001000
00000000
,
00011000
00000000
00000100
00000000
00000010
00001000
00000100
00000000
,
00000010
00000010
00001000
00000000
00100000
00100000
00010000
00000000
,
01000000
00010000
00011000
00000000
00000100
00001000
00011000
00000000
,
00100000
00100000
00011000
00000000
00000010
00000010
00011000
00000000
,
00010000
01000000
00010000
00000000
00001000
00000100
00001000
00000000
,
00100000
00010000
00001000
00000000
00000010
00001000
00010000
00000000
,
00100000
00000000
10000000
00000000
01000000
00010000
00000100
00000000
,
00000010
00000000
00000001
00000000
00000100
00001000
00010000
00000000
,
01000000
00000000
00100000
00000000
01000000
01000000
00010000
00000000
,
00011000
00000000
00000010
00000000
00000100
00000100
00001000
00000000
,
00001000
00001000
00011000
00000000
00010000
00010000
01000000
00000000
,
00010000
00010000
00001000
00000000
00001000
00001000
00000100
00000000
,
00001000
00001000
01000000
00000000
00010000
00010000
00000100
00000000
,
00001000
00001000
00000100
00000000
00000001
00000001
00000100
00000000
,
00001000
00010000
00010000
00000000
00010000
00000100
00001000
00000000
,
00001000
01000000
00010000
00000000
00010000
00000100
00001000
00000000
,
00000010
00001000
00010000
00000000
00100000
00010000
00000100
00000000
,
00000010
00000001
00000100
00000000
00001000
00010000
01000000
00000000
,
00010000
00000100
00000010
00000000
00001000
01000000
00100000
00000000
,
00001000
00000100
00000010
00000000
00000001
00000100
00010000
00000000
,
00000000
10010000
01000000
00000000
01100000
00010000
00000000
00001000
,
00000010
00000000
00000110
00001000
00000000
00010000
01000000
00000000
,
01100000
00010000
00000000
00001000
00011000
00000000
00100000
10000000
,
00000000
10010000
01000000
00000000
01100000
00010000
00000000
10010000
,
00100000
00000000
01100000
10000000
00000000
10010000
00010000
00000000
,
00000100
00000001
00000000
00001001
00000100
00000000
00000110
00001001
;
