#TITLE:Believe;
#SUBTITLE:;
#ARTIST:Chaos Featuring CeCe Peniston;
#TITLETRANSLIT:;
#SUBTITLETRANSLIT:;
#ARTISTTRANSLIT:;
#GENRE:;
#CREDIT:;
#BANNER:Believe.png;
#BACKGROUND:Believe-bg.png;
#LYRICSPATH:;
#CDTITLE:./CDTitles/DDR A.png;
#MUSIC:Believe.ogg;
#OFFSET:0.000000;
#SAMPLESTART:61.161999;
#SAMPLELENGTH:15.000000;
#SELECTABLE:YES;
#DISPLAYBPM:128.000000;
#BPMS:0.000000=128.000000
;
#STOPS:
;
#BGCHANGES:;
#KEYSOUNDS:;
#ATTACKS:;

//---------------dance-single - ----------------
#NOTES:
     dance-single:
     :
     Hard:
     11:
     0.455873,0.432556,0.222222,0.124444,0.000000,320.000000,25.000000,14.000000,0.000000,0.000000,0.000000,0.455873,0.432556,0.222222,0.124444,0.000000,320.000000,25.000000,14.000000,0.000000,0.000000,0.000000:
0000
0000
0000
0000
,
0000
0000
0000
0000
,
0000
0000
0000
0000
,
0000
0000
0000
0000
,
0000
0000
0000
0000
0000
0000
0001
0200
,
0000
0000
0301
0000
1000
0100
1000
0200
,
0000
0000
0310
0000
0001
0100
0001
0200
,
0000
0000
0310
0000
1000
0001
1000
0200
,
0000
0000
1300
0000
0010
1000
0010
0200
,
0000
0000
0301
0010
0001
1000
0100
1000
,
0010
0000
0100
0010
1000
0010
0001
0010
,
0100
0000
0001
0010
0100
1000
0001
0010
,
0100
0000
1000
0001
0100
0010
1000
0010
,
0100
0000
0001
0010
0001
1000
0100
0010
,
1000
0000
0010
0001
0010
0100
1000
0010
,
0100
0000
1000
0100
0001
0010
0001
0100
,
0000
0000
0000
0000
0000
0000
0000
0110
,
1001
0000
0000
0000
0001
0010
0001
0010
,
0100
1000
0100
0010
0100
1000
0010
0100
,
1000
0100
0010
0100
0001
0000
1100
0000
,
0011
0000
0100
0000
1000
0000
0010
0100
,
0001
0000
1000
0000
0100
1000
0100
0010
,
0100
1000
0001
0010
0100
0010
0100
1000
,
0100
0010
0001
0100
0010
0000
1010
0000
,
0101
0000
1000
0000
0100
0000
0010
0001
,
0010
0000
1001
0000
1000
0100
1000
0010
,
0100
0010
0001
0010
1000
0100
1000
0001
,
0010
0100
0110
0000
1001
0000
0110
0100
,
0002
0000
0100
0000
1000
0000
0103
0010
,
1000
0000
1001
0000
0001
0100
0001
0010
,
0100
1000
0001
0010
0100
0010
0001
0100
,
0010
1000
1010
0000
0101
0000
1100
0100
,
1000
0000
0001
0000
0100
0010
0000
0010
,
1000
0000
0001
0100
0001
1000
0100
0000
,
1000
0100
0010
0100
0001
0100
0010
0100
,
1000
0001
0000
1010
0000
1001
0100
0010
,
1000
0001
0100
0001
0010
0100
1000
0001
,
0100
0000
0010
1000
0001
1000
0100
1000
,
0001
0100
0001
1000
0010
1000
0001
0100
,
0002
0000
0010
0000
0103
0010
0100
0001
,
1000
0000
0100
0000
0010
0100
1000
0001
,
2000
0000
0001
0000
3010
0000
0010
0100
,
0001
0100
0000
1001
0100
0010
0100
0010
,
0001
0000
1010
0100
0001
0010
0100
1000
,
0100
0010
0001
0100
1000
0100
1000
0100
,
0002
0000
1000
0000
0103
0000
1000
0100
,
0010
0001
0000
0011
0001
0100
0001
1000
,
0100
0000
0011
0100
1000
0100
0010
0001
,
0100
0010
2000
0000
0000
0000
3000
0000
,
0101
0000
1100
0000
1000
0100
1000
0010
,
1000
0000
1100
0100
0010
0100
1000
0001
,
0100
0000
1010
0000
0100
0010
1000
0001
,
0100
0000
0101
0100
0001
0010
0100
1000
,
0000
0000
0010
0000
1000
0010
1000
0200
,
0000
0000
0310
0000
0001
0010
0001
0200
,
0000
0000
0310
0000
1000
0001
0010
0200
,
0000
0000
1300
0000
0001
1000
0010
0200
,
0000
0300
0000
0000
;

//---------------dance-double - ----------------
#NOTES:
     dance-double:
     :
     Medium:
     9:
     0.316190,0.328611,0.097778,0.044444,0.000000,233.000000,11.000000,5.000000,0.000000,0.000000,0.000000,0.316190,0.328611,0.097778,0.044444,0.000000,233.000000,11.000000,5.000000,0.000000,0.000000,0.000000:
  // measure 0
00000000
00000000
00000000
00000000
,  // measure 1
00000000
00000000
00000000
00000000
,  // measure 2
00000000
00000000
00000000
00000000
,  // measure 3
00000000
00000000
00000000
00000000
,  // measure 4
00000000
00000000
00000000
00000000
00000000
00000000
00010000
00001000
,  // measure 5
00000000
00000000
00000010
00000000
00000001
00000000
00000100
00000010
,  // measure 6
00000000
00000000
00000100
00000000
00001000
00000000
00010000
00001000
,  // measure 7
00000000
00000000
00010000
00000000
00100000
00000000
10000000
00100000
,  // measure 8
00000000
00000000
00010000
00000000
00001000
00000000
00010000
00001000
,  // measure 9
00010000
00000000
00001000
00000000
00000010
00000000
00000001
00000010
,  // measure 10
00000100
00000000
00001000
00000000
00000010
00000000
00000100
00001000
,  // measure 11
00010000
00000000
00001000
00000000
00010000
00000000
00100000
01000000
,  // measure 12
00100000
00000000
00010000
00000000
00001000
00000000
00010000
00001000
,  // measure 13
00010000
00000000
00000100
00000000
00000010
00000000
00001000
00010000
,  // measure 14
00001000
00000000
00010000
00000000
01000000
00000000
00100000
00010000
,  // measure 15
01000000
00000000
00100000
00000000
00010000
00000000
00001000
00010000
,  // measure 16
00000000
00000000
00000000
00000000
,  // measure 17
00001000
00000000
00000000
00000000
00010000
00001000
00010000
00000000
,  // measure 18
00000010
00010000
00001000
00000000
00000100
00000000
00000001
00000000
,  // measure 19
00000100
00000010
00000100
00001000
00010000
00000000
00010000
00000000
,  // measure 20
01000000
10000000
00100000
00010000
,  // measure 21
00001000
00000000
00000000
00000000
00100000
00001000
00010000
00000000
,  // measure 22
00100000
00010000
01000000
00000000
00100000
00000000
00010000
00000000
,  // measure 23
00001000
00010000
01000000
00010000
00001000
00000000
00001000
00000000
,  // measure 24
00000100
00000001
00000010
00001000
,  // measure 25
00010000
00000000
00000000
00000000
00001000
00010000
00001000
00000000
,  // measure 26
00000100
00000010
00000100
00000000
00000001
00000000
00000001
00000000
,  // measure 27
00000010
00000100
00000010
00001000
00010000
00000000
00001000
00000000
,  // measure 28
00010000
00100000
10000000
01000000
,  // measure 29
00010000
00000000
00000000
00000000
00010000
00001000
00010000
00000000
,  // measure 30
00100000
00001000
00010000
00000000
00011000
00000000
00001100
00000000
,  // measure 31
00000010
00000001
00000010
00000100
00000010
00000000
00001000
00000000
,  // measure 32
00010000
00001000
00000100
00000001
,  // measure 33
00000100
00000000
00001000
00010000
00001000
00000000
01000000
00000000
,  // measure 34
00100000
00010000
00001000
00000000
00100000
00010000
00001000
00000000
,  // measure 35
00000010
00000011
00001100
00011000
,  // measure 36
00000010
00010000
00001000
00000000
00000010
00010000
00001000
00000000
,  // measure 37
00010000
00000000
00100000
10000000
00010000
00000000
00100000
00000000
,  // measure 38
00001000
00010000
01000000
00000000
00001000
00010000
01000000
00000000
,  // measure 39
00020000
00000000
00031000
00000000
00001000
00000100
00000001
00000010
,  // measure 40
00002000
00000000
00010000
00013000
,  // measure 41
00002000
00000000
00000000
00000000
00003000
00000000
00000010
00001000
,  // measure 42
00010000
00000000
00001000
00000000
00100000
00010000
00100000
01000000
,  // measure 43
10000000
00000000
00100000
00000000
00010000
00001000
00010000
00000000
,  // measure 44
00001000
00000000
00000100
00000000
00000010
00000000
00000100
00000001
,  // measure 45
00000020
00000000
00000000
00000000
00000000
00000000
00000031
00000100
,  // measure 46
00001000
00000000
00010000
00000000
00000010
00000100
00001000
00010000
,  // measure 47
00001000
00000000
00010000
00000000
00100000
00000000
10000000
00010000
,  // measure 48
00100000
01000000
00020000
00000000
00000000
00000000
00030000
00000000
,  // measure 49
00001000
00010100
00000010
00001010
,  // measure 50
00001000
00000000
00011000
00000000
01000000
00100000
00010000
00100000
,  // measure 51
01000000
01010000
10000000
11000000
,  // measure 52
00100000
00000000
00101000
00000000
00010000
00000000
00001000
00010000
,  // measure 53
00000000
00000000
00000000
00000000
00000000
00000000
00000010
00000100
,  // measure 54
00000000
00000000
00000000
00000000
00000000
00000000
00001000
00010000
,  // measure 55
00000000
00000000
00000000
00000000
00000000
00000000
01000000
00100000
,  // measure 56
00000000
00000000
00000000
00000000
00000000
00000000
00010000
00001000
;

//---------------dance-double - ----------------
#NOTES:
     dance-double:
     :
     Hard:
     11:
     0.446984,0.407111,0.160000,0.133333,0.000000,319.000000,18.000000,15.000000,0.000000,0.000000,0.000000,0.446984,0.407111,0.160000,0.133333,0.000000,319.000000,18.000000,15.000000,0.000000,0.000000,0.000000:
00000000
00000000
00000000
00000000
,
00000000
00000000
00000000
00000000
,
00000000
00000000
00000000
00000000
,
00000000
00000000
00000000
00000000
,
00000000
00000000
00000000
00000000
00000000
00000000
10000000
02000000
,
00000000
00000000
03010000
00000000
00001000
00010000
00001000
00020000
,
00000000
00000000
00130000
00000000
00010000
00001000
00010000
00000200
,
00000000
00000000
00000310
00000000
00000001
00001000
00000001
00000200
,
00000000
00000000
00001300
00000000
00010000
00001000
00100000
02000000
,
00000000
00000000
13000000
00100000
00010000
00001000
00010000
00001000
,
00100000
00000000
01000000
00100000
00001000
00010000
00001000
00000100
,
00000010
00000000
00000001
00000010
00001000
00000100
00001000
00000100
,
00010000
00000000
00001000
00010000
01000000
00100000
00010000
00100000
,
01000000
00000000
10000000
01000000
00010000
00001000
00010000
00001000
,
00000100
00000000
00000001
00000100
00001000
00000100
00000010
00000100
,
00001000
00000000
00010000
00001000
00010000
00100000
00010000
00001000
,
00000000
00000000
00000000
00000000
,
10010000
00000000
00000000
00000000
10000000
00100000
00010000
00100000
,
00010000
00001000
00000010
00001000
00000010
00000001
00001000
00000100
,
00000010
00001000
00010000
01000000
00010000
00000000
00011000
00000000
,
00110000
00000000
10000000
00000000
01000000
00000000
00010000
00001000
,
00010000
00000000
00000100
00000000
00000010
00000001
00000100
00000010
,
00000100
00001000
00010000
00001000
00010000
01000000
10000000
00100000
,
01000000
00100000
00010000
00001000
00100000
00000000
00011000
00000000
,
00010100
00000000
00000010
00000000
00000001
00000000
00000100
00001000
,
00010000
00000000
00101000
00000000
00010000
01000000
00100000
00010000
,
00001000
00010000
00001000
00000100
00000010
00000100
00001000
00010000
,
00001000
00100000
01000000
00000000
00110000
00000000
00011000
00001000
,
00020000
00000000
00001000
00000000
01000000
00000000
00031000
00010000
,
00000010
00000000
00000120
00000000
00000031
00000010
00001000
00000100
,
00000010
00001000
00010000
00100000
10000000
00100000
00010000
00001000
,
00000010
00001000
00010000
00000000
00001100
00000000
00000011
00000100
,
00001000
00000000
00011000
00000000
01000000
00100000
00000000
00100000
,
00010000
00000000
00001000
00010000
00000100
00010000
00001000
00000000
,
00000010
00000001
00000010
00001000
00010000
01000000
10000000
01000000
,
00010000
00001000
00000000
00010010
00000000
00001000
00100000
00010000
,
01000000
00010000
00100000
01000000
00010000
00001000
00010000
01000000
,
00100000
00000000
00010000
00001000
00000010
00001000
00010000
00001000
,
00000100
00000010
00000100
00001000
00010000
00100000
00010000
00001000
,
00020000
00000000
00100000
00000000
00031000
00100000
01000000
10000000
,
01000000
00000000
00010000
00000000
00001000
00010000
01000000
00010000
,
00002000
00000000
00000100
00000000
00013000
00000000
00000100
00000010
,
00001000
00010000
00000000
00010000
00001000
00001000
00000100
00000001
,
00001000
00000000
00000110
00000001
00000100
00001000
00010000
00100000
,
01000000
00010000
00100000
01000000
10000000
01000000
00010000
00001000
,
00020000
00000000
01000000
00000000
01030000
00000000
00010000
00001000
,
00000010
00001000
00000000
00001000
00010000
00010000
00100000
01000000
,
00010000
00000000
10100000
10000000
00010000
01000000
00100000
00010000
,
00001000
00010000
00002000
00000000
00000000
00000000
00003000
00000000
,
00010100
00000000
00001100
00000000
00000010
00001000
00010000
00100000
,
01000000
00000000
00100000
00100000
10000000
01000000
00010000
00001000
,
00010000
00000000
01001000
00000000
00100000
00010000
00001000
00010000
,
00000100
00000000
00000010
00000010
00000001
00000100
00001000
00010000
,
00000000
00000000
00100000
00000000
10000000
01000000
00010000
00002000
,
00000000
00000000
00013000
00000000
00001000
00000100
00000001
00000020
,
00000000
00000000
00001030
00000000
00010000
00100000
10000000
00200000
,
00000000
00000000
00310000
00000000
00001000
00000010
00000001
00000020
,
00000000
00000030
00000000
00000000
;

//---------------dance-single - ----------------
#NOTES:
     dance-single:
     :
     Medium:
     9:
     0.320000,0.353889,0.106667,0.062222,0.000000,233.000000,12.000000,7.000000,0.000000,0.000000,0.000000,0.320000,0.353889,0.106667,0.062222,0.000000,233.000000,12.000000,7.000000,0.000000,0.000000,0.000000:
0000
0000
0000
0000
,
0000
0000
0000
0000
,
0000
0000
0000
0000
,
0000
0000
0000
0000
,
0000
0000
0000
0000
0000
0000
0001
1000
,
0000
0000
0010
0000
1000
0000
0001
0100
,
0000
0000
0001
0000
1000
0000
0100
0010
,
0000
0000
0001
0000
1000
0000
0001
0010
,
0000
0000
0100
0000
1000
0000
0001
1000
,
0010
0000
0100
0000
0001
0000
0010
0001
,
0100
0000
0010
0000
1000
0000
0001
0100
,
0010
0000
1000
0000
0010
0000
0100
0001
,
0010
0000
0100
0000
1000
0000
0001
0010
,
0001
0000
1000
0000
0010
0000
1000
0001
,
0010
0000
0001
0000
0100
0000
0010
0100
,
0001
0000
1000
0000
0100
0000
1000
0001
,
0000
0000
0000
0000
,
0110
0000
0000
0000
0001
0100
0001
0000
,
0100
0010
1000
0000
0100
0000
0100
0000
,
1000
0010
0100
0010
0100
0000
0001
0000
,
1000
0100
0001
0100
,
1000
0000
0000
0000
0010
0100
0001
0000
,
0100
0001
0010
0000
0100
0000
0100
0000
,
0001
1000
0100
1000
0100
0000
1000
0000
,
0001
0100
1000
0100
,
0001
0000
0000
0000
1000
0100
1000
0000
,
0100
1000
0010
0000
0100
0000
0100
0000
,
1000
0001
0100
0001
0100
0000
0001
0000
,
0010
0100
1000
0010
,
0100
0000
0000
0000
0001
0100
0002
0003
,
0100
0002
0013
0000
0110
0000
0110
0000
,
0001
1000
0100
1000
0100
0000
0010
0000
,
0001
0100
0010
0100
,
0001
0000
0010
0001
1000
0000
0100
0000
,
1000
0001
0100
0000
1000
0001
0100
0000
,
0010
1010
0101
1100
,
0001
1000
0100
0000
0001
1000
0100
0000
,
1000
0000
0010
1000
0001
0000
0100
0000
,
0001
0010
0100
0000
0001
0010
0100
0000
,
2000
0000
3010
0000
0010
1000
0100
0010
,
0002
0000
0100
0103
,
0002
0000
0000
0000
0000
0000
0103
0010
,
1000
0000
0100
0000
0010
0001
0010
0001
,
0010
0000
0100
0000
1000
0100
1000
0000
,
0001
0000
0100
0000
0010
0000
1000
0100
,
2000
0000
0000
0000
0000
0000
3100
0010
,
0001
0000
0100
0000
0010
1000
0010
0100
,
0010
0000
1000
0000
0100
0000
1000
0001
,
0100
0010
0200
0000
0000
0000
0300
0000
,
0001
0101
1000
1100
,
0001
0000
0011
0000
0100
0001
0010
0001
,
0100
0101
1000
1100
,
0010
0000
1010
0000
0100
0000
0001
0100
,
0000
0000
0000
0000
0000
0000
1000
0100
,
0000
0000
0000
0000
0000
0000
0001
0010
,
0000
0000
0000
0000
0000
0000
1000
0010
,
0000
0000
0000
0000
0000
0000
0001
0100
;

//---------------dance-single - ----------------
#NOTES:
     dance-single:
     :
     Beginner:
     2:
     0.125714,0.150667,0.008889,0.053333,0.000000,92.000000,1.000000,6.000000,0.000000,0.000000,0.000000,0.125714,0.150667,0.008889,0.053333,0.000000,92.000000,1.000000,6.000000,0.000000,0.000000,0.000000:
0000
0000
0000
0000
,
0000
0000
0000
0000
,
0000
0000
0000
0000
,
0000
0000
0000
0000
,
0000
0000
0000
0000
,
1000
0000
1000
0000
,
0001
0000
0001
0000
,
0010
0000
0010
0000
,
0100
0000
0100
0000
,
0001
0000
0001
0000
,
1000
0000
1000
0000
,
0010
0000
0010
0000
,
0100
0000
0100
0000
,
1000
0000
1000
0000
,
0001
0000
0001
0000
,
0010
0000
0010
0000
,
0000
0000
0000
0000
,
1000
0000
0000
0000
,
0001
0000
0001
0000
,
0010
0010
0010
0000
,
0000
0000
0000
0000
,
1000
0000
1000
0000
,
0010
0000
0010
0000
,
0001
0001
0001
0000
,
0000
0000
0000
0000
,
0010
0000
0001
0000
,
0010
0010
0010
0000
,
0100
0100
0100
0000
,
0000
0000
0000
0000
,
1000
0000
1000
0000
,
0001
0000
0001
0000
,
0010
0010
0010
0000
,
0000
0000
0000
0000
,
0001
0000
1000
0000
,
0010
0010
0010
0000
,
0010
0000
1001
0000
,
0010
0000
0000
0000
,
0010
0010
0010
0000
,
0100
0000
0100
0000
,
0001
0000
0001
0000
,
0010
0000
0000
0000
,
0020
0000
0000
0030
,
0010
0000
0001
0000
,
1000
0000
1000
0000
,
0010
0010
0000
0000
,
0020
0000
0000
0030
,
0010
0000
0100
0000
,
0001
0000
0001
0000
,
0010
0010
0000
0000
,
0001
0000
0010
0000
,
1000
0000
1000
0000
,
0001
0000
1000
0000
,
0100
0000
0100
0000
,
2000
0000
3000
0000
,
0002
0000
0003
0000
,
0200
0000
0300
0000
,
0020
0000
0030
0000
;

//---------------dance-single - ----------------
#NOTES:
     dance-single:
     :
     Easy:
     4:
     0.191746,0.227000,0.017778,0.071111,0.000000,141.000000,2.000000,8.000000,0.000000,0.000000,0.000000,0.191746,0.227000,0.017778,0.071111,0.000000,141.000000,2.000000,8.000000,0.000000,0.000000,0.000000:
0000
0000
0000
0000
,
0000
0000
0000
0000
,
0000
0000
0000
0000
,
0000
0000
0000
0000
,
0000
0000
0000
0000
,
1000
0100
1000
0000
,
0001
0100
0001
0000
,
1000
0010
1000
0000
,
0001
0010
0001
0000
,
1000
0100
0010
0000
,
1000
0100
0010
0000
,
0001
1000
0100
0000
,
0001
1000
0100
0000
,
1000
0010
0100
0000
,
1000
0010
0100
0000
,
0001
0100
1000
0000
,
0000
0000
0000
0000
,
1001
0000
0000
0000
,
0001
1000
0001
1000
,
0010
0000
0001
0000
,
1000
0000
1000
0000
,
0100
0000
0010
0010
,
0100
0000
0001
1000
,
0001
0010
0010
0000
,
1000
0000
0000
0000
,
0010
0000
1000
0100
,
1000
0100
1000
0000
,
0010
0001
0010
0000
,
0001
0000
0001
0000
,
0100
0000
0010
1000
,
0010
0000
1000
1000
,
0001
1000
0100
0000
,
2000
0000
0000
3001
,
1000
0001
0100
0000
,
0001
0000
0010
0000
,
0001
1000
1001
0000
,
0001
0000
1000
0000
,
0010
0100
0010
0000
,
0001
0010
0100
0000
,
2000
0000
0000
3010
,
0002
0000
0000
0103
,
0001
0000
0000
1000
,
0100
0000
0010
0010
,
0002
1003
2000
3001
,
0001
0000
0010
0100
,
0010
0000
0000
0001
,
0100
0000
0010
0010
,
2000
3001
0002
1003
,
1000
0020
0000
0030
,
0001
0001
0100
0100
,
0001
0001
1000
1000
,
0010
0010
1000
1000
,
0001
0001
0010
0010
,
0000
0001
0000
1000
,
0000
0100
0000
1000
,
0000
0010
0000
0100
,
0000
0001
0000
1000
;

//---------------dance-double - ----------------
#NOTES:
     dance-double:
     :
     Easy:
     5:
     0.199365,0.227000,0.017778,0.062222,0.000000,148.000000,2.000000,7.000000,0.000000,0.000000,0.000000,0.199365,0.227000,0.017778,0.062222,0.000000,148.000000,2.000000,7.000000,0.000000,0.000000,0.000000:
  // measure 0
00000000
00000000
00000000
00000000
,  // measure 1
00000000
00000000
00000000
00000000
,  // measure 2
00000000
00000000
00000000
00000000
,  // measure 3
00000000
00000000
00000000
00000000
,  // measure 4
00000000
00000000
00000000
00000000
,  // measure 5
00000001
00000100
00001000
00000000
,  // measure 6
00001000
00010000
00100000
00000000
,  // measure 7
00100000
10000000
01000000
00000000
,  // measure 8
01000000
00010000
00001000
00000000
,  // measure 9
00001000
00000100
00000001
00000000
,  // measure 10
00000001
00000010
00001000
00000000
,  // measure 11
00001000
00010000
01000000
00000000
,  // measure 12
01000000
10000000
00100000
00000000
,  // measure 13
00100000
00010000
00001000
00000000
,  // measure 14
00001000
00000010
00000001
00000000
,  // measure 15
00000001
00000100
00001000
00010000
,  // measure 16
00000000
00000000
00000000
00000000
,  // measure 17
00011000
00000000
00000000
00000000
,  // measure 18
00010000
00001000
00000010
00001000
,  // measure 19
00010000
00001000
01000000
00000000
,  // measure 20
00100000
00000000
00010000
00000000
,  // measure 21
00001000
00000000
00100000
00100000
,  // measure 22
01000000
00000000
00010000
00001000
,  // measure 23
00000100
00000001
00000001
00000000
,  // measure 24
00000100
00000000
00001000
00000000
,  // measure 25
00010000
00000000
00001000
00010000
,  // measure 26
00001000
01000000
00100000
00100000
,  // measure 27
10000000
01000000
00010000
00000000
,  // measure 28
00001000
00000000
00010000
00000000
,  // measure 29
00001000
00000000
00000010
00000001
,  // measure 30
00000010
00000000
00001000
00001000
,  // measure 31
00010000
00001000
00000100
00000000
,  // measure 32
00000001
00000000
00000000
00001000
,  // measure 33
00000010
00000100
00001000
00000000
,  // measure 34
00010000
00010000
00001000
00000000
,  // measure 35
00010000
01000000
10010000
00000000
,  // measure 36
00100000
00100000
00010000
00000000
,  // measure 37
00001000
00010000
00001000
00000000
,  // measure 38
00000010
00001000
00010000
00000000
,  // measure 39
00002000
00000000
00000000
00003100
,  // measure 40
00000002
00000000
00000000
00000013
,  // measure 41
00001000
00000000
00000000
00010000
,  // measure 42
00001000
00000000
00000100
00000100
,  // measure 43
00002000
00013000
00020000
01030000
,  // measure 44
10000000
10000000
00100000
00010000
,  // measure 45
00001000
00000000
00000000
00010000
,  // measure 46
00001000
00000000
00000010
00000010
,  // measure 47
00002000
00013000
00020000
00130000
,  // measure 48
10000000
02000000
00000000
03000000
,  // measure 49
00010000
00010000
00001000
00001000
,  // measure 50
00000010
00000001
00000100
00001000
,  // measure 51
00010000
00010000
00001000
00001000
,  // measure 52
00010000
00100000
00010000
00001000
,  // measure 53
00000000
00010000
00000000
01000000
,  // measure 54
00000000
10000000
00000000
00100000
,  // measure 55
00000000
00010000
00000000
00001000
,  // measure 56
00000000
00000100
00000000
00000001
;
