#TITLE:Bonafied Lovin';
#SUBTITLE:;
#ARTIST:Chromeo;
#TITLETRANSLIT:;
#SUBTITLETRANSLIT:;
#ARTISTTRANSLIT:;
#CREDIT:;
#BANNER:Bonafied Lovin'.png;
#BACKGROUND:Bonafied Lovin'-bg.png;
#LYRICSPATH:;
#CDTITLE:./CDTITLES/DanceDanceRevolution HOTTEST PARTY 3.png;
#MUSIC:Bonafied Lovin'.ogg;
#OFFSET:0.000;
#SAMPLESTART:42.300;
#SAMPLELENGTH:15.000;
#SELECTABLE:YES;
#DISPLAYBPM:125.000;
#BPMS:0.000=125.000,4.000=124.912;
#STOPS:;
#BGCHANGES:0.000=Bonafied Lovin'.avi=1.000=0=0=0;

//---------------dance-single - ----------------
#NOTES:
     dance-single:
     :
     Beginner:
     1:
     0.103,0.125,0.035,0.000,0.000:
0000
0000
0000
0000
,
0000
0000
0000
0000
,
0000
0000
0000
0000
,
0000
0000
0000
0000
,
0000
0000
0000
0000
,
0000
0000
0000
0000
,
0001
0000
0000
0000
,
1000
1000
0000
0000
,
0010
0000
1000
0000
,
0001
0001
0000
0000
,
1000
0000
0000
0000
,
0001
0001
0000
0000
,
0010
0000
0001
0000
,
1000
1000
0000
0000
,
0001
0000
0000
0000
,
0100
0000
0000
0000
,
1000
0000
0000
0000
,
0100
0000
0000
0000
,
0010
0000
0000
0000
,
0001
0000
0000
0000
,
0100
0000
0000
0000
,
1001
0000
0000
0000
,
0000
0001
0000
0010
,
0000
0010
0000
0000
,
0000
1000
0000
0010
,
0000
0010
0000
0000
,
0000
1000
0000
0100
,
0000
0100
0000
0000
,
0000
0100
0000
0000
,
1001
0000
0000
0000
,
1000
0000
0000
0010
,
0010
0000
0000
0000
,
0001
0000
0000
0010
,
0010
0000
0000
0000
,
0001
0000
0001
0000
,
1000
0000
1000
0000
,
0010
0000
0010
0000
,
0100
0000
0100
0000
,
1000
0000
1000
0000
,
0001
0000
0001
0000
,
0010
0000
0010
0000
,
0100
0000
0100
0000
,
0000
1000
0000
0010
,
0000
0010
0000
0000
,
0000
0001
0000
0010
,
0000
0010
0000
0000
,
0000
0001
0000
0100
,
0000
0100
0000
0000
,
0000
0100
0000
0000
,
1001
0000
0000
0000
,
0001
0000
0000
0010
,
0010
0000
0000
0000
,
1000
0000
0000
0010
,
0010
0000
0000
0000
,
1000
0000
0000
0100
,
0100
0000
0000
0000
,
0001
0000
1000
0000
,
0001
0000
1001
0000
,
0000
0000
0000
0000
;

//---------------dance-single - ----------------
#NOTES:
     dance-single:
     :
     Easy:
     4:
     0.154,0.175,0.035,0.035,0.000:
0000
0000
0000
0000
,
0000
0000
0000
0000
,
0000
0000
0000
0000
,
0000
0000
0000
0000
,
0000
0000
0000
0000
,
0000
0000
0000
0000
,
1000
0000
0010
0000
,
1000
1000
0100
0000
,
0001
0000
1000
0000
,
0001
1000
0001
0000
,
0001
0000
0100
0000
,
0010
0010
0001
0000
,
0001
0000
1000
0000
,
0010
0001
0010
0000
,
0002
0000
0003
0000
,
0100
0000
0100
0000
,
2000
0000
3000
0000
,
0100
0000
0100
0000
,
0020
0000
0030
0000
,
0001
0000
0001
0000
,
0200
0000
0300
0000
,
1000
0000
1001
0000
,
0000
0001
0000
0010
,
0100
0000
0000
0000
,
0000
0001
0010
0001
,
0000
1000
0000
0001
,
0000
1000
0000
0010
,
0100
0000
0000
0000
,
0000
1000
0001
1000
,
1001
0000
0000
0000
,
1000
0100
0000
0100
,
0000
0010
0000
0100
,
0001
0100
0000
0010
,
0000
0100
0010
0000
,
0001
0001
0001
0000
,
1000
1000
1000
0000
,
0010
0010
0010
0000
,
0100
0100
0100
0000
,
1000
1000
0100
0000
,
0001
0001
0100
0000
,
0010
0010
0001
0000
,
0100
0100
0001
0000
,
0000
0001
0000
0010
,
0100
0000
0000
0000
,
0000
0001
0010
0001
,
0000
1000
0000
0001
,
0000
1000
0000
0010
,
0100
0000
0000
0000
,
0000
1000
0001
1000
,
1001
0000
0000
0000
,
1000
0100
0000
0100
,
0000
0010
0000
0100
,
0001
0100
0000
0010
,
0000
0100
0010
0000
,
0001
0100
0000
0100
,
0000
0010
0000
0100
,
1000
0100
0000
1000
,
0000
0001
1001
0000
,
0000
0000
0000
0000
;

//---------------dance-single - ----------------
#NOTES:
     dance-single:
     :
     Medium:
     6:
     0.213,0.275,0.052,0.035,0.000:
0000
0000
0000
0000
,
0000
0000
0000
0000
,
0000
0000
0000
0000
,
0000
0000
0000
0000
,
0000
0000
0000
0000
,
0000
0000
0000
0000
,
1000
0000
0001
0000
,
1000
1000
0100
0100
,
0001
1000
0100
0000
1000
0000
0100
0000
,
0001
1000
0001
0000
,
0001
0000
0100
0000
,
0010
0010
0001
0001
,
1000
0001
0100
0000
0010
0000
0100
0000
,
0010
0001
1000
0000
,
0002
0000
0003
0000
,
0100
0000
0010
0100
,
2000
0000
3000
0000
,
0100
0000
1000
1000
,
0020
0000
0030
0000
,
0100
0000
0001
0010
,
0200
0000
0300
0000
,
0100
0000
1001
0000
,
0000
0010
0001
0100
,
0000
0000
1000
0000
0010
1000
0010
0000
,
0000
0100
0001
0010
,
0001
1000
0000
0000
,
0000
0010
1000
0100
,
0000
0000
0001
0000
0010
0001
0010
0000
,
0000
0100
0100
0010
,
1001
0000
0000
0000
,
1000
0100
0000
0100
,
0010
0001
0000
0001
,
0100
0010
0000
1000
,
0010
0100
1001
0000
,
0001
1000
0001
0000
1000
0000
0001
0000
,
1000
0001
1000
0000
0001
0000
0000
0000
,
0010
0100
0010
0000
0100
0000
0010
0000
,
0100
0010
0100
0000
0010
0000
0000
0000
,
0001
1000
0001
0000
1000
0000
0100
0000
,
1000
0001
1000
0000
0001
0000
0100
0000
,
0010
0100
0010
0000
0100
0000
0001
0000
,
0100
0010
0100
0000
0001
0000
0000
0000
,
0000
0100
1000
0010
,
0000
0000
0001
0000
0100
0001
0100
0000
,
0000
0010
1000
0100
,
1000
0001
0000
0000
,
0000
0100
0001
0010
,
0000
0000
1000
0000
0100
1000
0100
0000
,
0000
0010
0010
0100
,
1001
0000
0000
0000
,
1000
0100
0000
0100
,
0010
0001
0000
0001
,
0100
0010
0000
1000
,
0010
0100
1001
0000
,
0001
0100
0000
0100
,
0010
1000
0000
1000
,
0100
0010
0000
0001
,
0010
0100
1001
0000
,
0000
0000
0000
0000
;

//---------------dance-single - ----------------
#NOTES:
     dance-single:
     :
     Hard:
     9:
     0.331,0.325,0.043,0.035,0.035:
0000
0000
0000
0000
,
0000
0000
0000
0000
,
0000
0000
0000
0000
,
0000
0000
0000
0000
,
0000
0000
0000
0000
,
0000
0000
0000
0000
,
1000
0100
1000
0000
0001
0100
0001
0000
,
1000
0100
1000
0001
0100
0000
0100
0000
,
0001
0010
0010
0000
1000
0100
0100
0000
,
0001
0010
0100
1000
0001
0000
1000
0000
,
0001
0010
0001
0000
0100
0010
0100
0000
,
0010
1000
0010
0100
0001
0000
1000
0000
,
0001
0100
0100
0000
1000
0010
0010
0000
,
1000
0010
0100
0001
1000
0000
0100
0000
,
0020
0000
0031
0000
,
0100
0010
1000
0100
,
2000
0000
3010
0000
,
0100
0000
0010
0000
1000
0001
1000
0000
,
0020
0000
1030
0000
,
0100
0010
0001
0100
,
0002
0000
0013
0000
,
0100
0000
0010
0000
0001
1000
0001
0000
,
0000
0010
0001
0100
0010
1000
0001
0000
,
0001
1000
0010
0100
0001
0010
0000
0000
,
0000
0010
1000
0100
0010
0001
1000
0000
,
1000
0001
0010
0100
1000
0010
0000
0000
,
0000
0010
0001
0100
0010
1000
0001
0000
,
0001
1000
0010
0100
0001
0010
0000
0000
,
0000
0100
1000
0010
0100
0001
1000
0000
,
1000
0001
0100
0010
1001
0000
0000
0000
,
0100
0000
1000
0000
0000
0001
0100
0000
,
0010
1000
0001
0000
,
0100
0010
1000
0001
,
0010
0100
1001
0000
,
0000
0000
1000
0000
0001
0000
1000
0000
0001
0000
1000
0001
0000
0000
1000
0000
,
0001
0000
1000
0000
0001
0000
1000
0001
0000
0000
0000
0000
0000
0000
0000
0000
,
0000
0000
0010
0000
0100
0000
0010
0000
0100
0000
0010
0100
0000
0000
0010
0000
,
0100
0000
0010
0000
0100
0000
0010
0100
0000
0000
0000
0000
0000
0000
0000
0000
,
0000
0000
0001
0000
1000
0000
0001
0000
1000
0000
0001
0100
0000
0000
0001
0000
,
1000
0000
0001
0000
1000
0000
0001
0100
0000
0000
0000
0000
0000
0000
0000
0000
,
0000
0000
0100
0000
0010
0000
0100
0000
0010
0000
0100
0001
0000
0000
0100
0000
,
0010
0000
0100
0000
0010
0000
0100
0001
0000
0000
0000
0000
0000
0000
0000
0000
,
0000
0010
1000
0100
0010
0001
1000
0000
,
1000
0001
0010
0100
1000
0010
0000
0000
,
0000
0010
0001
0100
0010
1000
0001
0000
,
0001
1000
0010
0100
0001
0010
0000
0000
,
0000
0010
1000
0100
0010
0001
1000
0000
,
1000
0001
0010
0100
1000
0010
0000
0000
,
0000
0100
0001
0010
0100
1000
0001
0000
,
0001
1000
0100
0010
1001
0000
0000
0000
,
0100
0000
1000
0000
0000
0001
0100
0000
,
0010
1000
0001
0000
,
0100
0010
1000
0001
,
0010
0100
1001
0000
,
0100
0000
0001
0000
0000
1000
0100
0000
,
0010
0001
1000
0000
,
0100
0010
0001
1000
,
0010
0100
1001
0000
,
0000
0000
0000
0000
;

//---------------dance-double - ----------------
#NOTES:
     dance-double:
     :
     Easy:
     5:
     0.187,0.201,0.035,0.035,0.000:
00000000
00000000
00000000
00000000
,
00000000
00000000
00000000
00000000
,
00000000
00000000
00000000
00000000
,
00000000
00000000
00000000
00000000
,
00000000
00000000
00000000
00000000
,
00000000
00000000
00000000
00000000
,
10000000
00000000
00010000
00000000
,
00010000
00001000
00000100
00000000
,
00000010
00000000
00000100
00000000
,
00001000
00010000
10000000
00000000
,
00010000
00000000
01000000
00000000
,
00010000
00001000
00000010
00000000
,
00000100
00000000
00000010
00000000
,
00001000
00100000
01000000
00000000
,
00020000
00000000
10030000
00000000
,
01000000
01000000
01000000
00000000
,
00200000
00000000
00301000
00000000
,
00000010
00000010
00000010
00000000
,
00000002
00000000
00000103
00000000
,
00001000
00001000
00001000
00000000
,
02000000
00000000
03100000
00000000
,
10000000
00010000
10010000
00000000
,
00000000
00010000
00000000
00100000
,
00001000
00010000
00000100
00000010
,
00000000
00000001
00001000
00000010
,
00000000
00001000
00010000
01000000
,
00000000
00010000
00000000
01000000
,
00001000
00010000
00000010
00000100
,
00000000
00000001
00000100
00001000
,
00011000
00000000
00000000
00000000
,
10000000
01000000
00000000
00010000
,
00000000
00000100
00000000
00000001
,
00000100
00001000
00000000
00010000
,
00000000
01000000
00100000
00000000
,
00010000
10000000
00010000
01000000
,
00001000
00100000
00001000
00000000
,
00010000
00001000
00010000
00000100
,
00000010
00000001
00000010
00000000
,
00001000
00000001
00001000
00000100
,
00010000
00000010
00010000
00000000
,
00001000
00010000
00001000
01000000
,
00100000
10000000
00100000
00000000
,
00000000
00001000
00000000
00000010
,
00010000
00001000
01000000
00100000
,
00000000
10000000
00010000
00100000
,
00000000
00010000
00001000
00000100
,
00000000
00001000
00000000
00000100
,
00010000
00001000
00100000
01000000
,
00000000
10000000
01000000
00010000
,
00011000
00000000
00000000
00000000
,
10000000
01000000
00000000
00010000
,
00000000
00000100
00000000
00000001
,
00000100
00001000
00000000
00010000
,
00000000
01000000
00100000
00000000
,
10000000
00100000
00000000
00010000
,
00000000
00000010
00000000
00000001
,
00000010
00001000
00000000
00010000
,
00000000
00100000
01000000
10010000
,
00000000
00000000
00000000
00000000
;

//---------------dance-double - ----------------
#NOTES:
     dance-double:
     :
     Medium:
     6:
     0.259,0.250,0.052,0.035,0.000:
00000000
00000000
00000000
00000000
,
00000000
00000000
00000000
00000000
,
00000000
00000000
00000000
00000000
,
00000000
00000000
00000000
00000000
,
00000000
00000000
00000000
00000000
,
00000000
00000000
00000000
00000000
,
00000001
00001000
00000100
00010000
,
00001000
00000000
00001000
01000000
00100000
00000000
00000000
00000000
,
10000000
01000000
00100000
00000000
00001000
00000000
00010000
00000000
,
00001000
00000000
01000000
01000000
00100000
00000000
00000000
00000000
,
10000000
00010000
00100000
00001000
,
00010000
00000000
00010000
00000010
00000100
00000000
00000000
00000000
,
00000001
00000010
00000100
00000000
00010000
00000000
00001000
00000000
,
00010000
00000000
00000010
00000010
00000100
00000000
00000000
00000000
,
00000002
00001000
00000003
00001000
,
00010000
00000000
01000000
00100000
,
02000000
00010000
03000000
00010000
,
00001000
00000000
00000000
00000000
00000001
00001000
00000100
00000000
,
00000002
00000100
00000003
00000100
,
00001000
00010000
01000000
00100000
,
02000000
00010000
13000000
00010000
,
00001000
00000100
00001001
00000000
,
00000100
00001000
00010000
00100000
,
01000000
00000000
00100000
00000000
00010000
00100000
00010000
00000000
,
01000000
00000000
00010000
00000000
00001000
00000010
00000010
00000000
,
00000100
00000000
00000010
00001000
00001000
00000000
00000000
00000000
,
00000010
00001000
00010000
01000000
,
00100000
00000000
01000000
00000000
00010000
01000000
00010000
00000000
,
01000000
00000000
01000000
00010000
00001000
00000000
00000001
00000000
,
00001001
00000000
00000000
00000000
,
00000001
00000100
00000000
00001000
,
00010000
00001000
00000000
01000000
,
10000000
01000000
00000000
00010000
,
00001000
00010000
00011000
00000000
,
00001000
00010000
00000100
00000000
00010000
00000000
00001000
00000000
,
00010000
00001000
01000000
00000000
00001000
00000000
00000000
00000000
,
00100000
01000000
00010000
00000000
00001000
00000000
00010000
00000000
,
00001000
00000010
00000100
00000000
00001000
00000000
00000000
00000000
,
00010000
00001000
01000000
00000000
00001000
00000000
00010000
00000000
,
00001000
00010000
00000100
00000000
00010000
00000000
00000000
00000000
,
00000010
00000100
00001000
00000000
00010000
00000000
00001000
00000000
,
00010000
00100000
01000000
00000000
00010000
00000000
00000000
00000000
,
01000000
00010000
00001000
00000010
,
00000100
00000000
00000010
00000000
00001000
00000010
00001000
00000000
,
00000100
00000000
00001000
00000000
00010000
00100000
00100000
00000000
,
01000000
00000000
00100000
00010000
00010000
00000000
00000000
00000000
,
00100000
00010000
00001000
00000100
,
00000010
00000000
00000100
00000000
00001000
00000100
00001000
00000000
,
00000100
00000000
00000100
00001000
00010000
00000000
10000000
00000000
,
10010000
00000000
00000000
00000000
,
10000000
01000000
00000000
00010000
,
00001000
00010000
00000000
00000100
,
00000001
00000100
00000000
00001000
,
00010000
00001000
00011000
00000000
,
00000001
00000100
00000000
00001000
,
00010000
00001000
00000000
01000000
,
10000000
01000000
00000000
00010000
,
00001000
00010000
00011000
00000000
,
00000000
00000000
00000000
00000000
;

//---------------dance-double - ----------------
#NOTES:
     dance-double:
     :
     Hard:
     10:
     0.359,0.376,0.052,0.035,0.035:
00000000
00000000
00000000
00000000
,
00000000
00000000
00000000
00000000
,
00000000
00000000
00000000
00000000
,
00000000
00000000
00000000
00000000
,
00000000
00000000
00000000
00000000
,
00000000
00000000
00000000
00000000
,
00000001
00000100
00000001
00001000
00000000
00000100
00001000
00000000
,
00010000
01000000
00100000
10000000
01000000
00000000
01000000
00000000
,
00010000
00001000
00001000
00000000
00000010
00000001
00000001
00000000
,
00000100
00000010
00001000
00100000
01000000
00000000
01000000
00000000
,
00100000
10000000
00010000
10000000
00000000
01000000
00010000
00000000
,
00001000
00000100
00000001
00000010
00000100
00000000
00000100
00000000
,
00001000
00010000
00010000
00000000
01000000
10000000
10000000
00000000
,
00100000
01000000
00010000
00000010
00000100
00000000
00000100
00000000
,
00002000
00000010
00000000
00000100
00003000
00000010
00000100
00000000
,
00001000
00010000
01000000
10000000
,
00200000
01000000
00000000
10000000
00300000
01000000
00010000
00000000
,
00001000
00000000
00000010
00000000
00000100
00000001
00001000
00000000
,
00020000
00100000
00000000
10000000
00030000
00100000
00010000
00000000
,
00000010
00000100
00001000
00000001
,
00000200
00001000
00000000
00000001
00000300
00000010
00001000
00000000
,
00010000
00010000
01000000
01000000
00010000
00001000
00000001
00000000
,
00000100
00001000
00010000
00100000
01000000
00010000
00001000
00000000
,
00000010
00001000
00010000
01000000
00100000
00010000
00001000
00000000
,
00000001
00000010
00000001
00000000
00001000
00000001
00000100
00000000
,
00001000
00010000
01000000
10000000
00010000
00000000
00000000
00000000
,
01000000
00010000
00001000
00000010
00000100
00001000
00010000
00000000
,
00100000
00010000
00001000
00000100
00000010
00001000
00010000
00000000
,
10000000
00100000
10000000
00100000
01000000
00000000
01000000
00000000
,
00010000
00001000
00000010
00000100
00001001
00000000
00000000
00000000
,
00000100
00000000
00010000
00000000
00000000
00100000
01000000
00000000
,
00010000
00001000
00000001
00000000
,
00000100
00000010
00001000
01000000
,
00100000
01000000
10010000
00000000
,
00000000
00000000
10000000
00000000
01000000
00000000
00010000
00000000
00001000
00000000
00000100
00000001
00000000
00000000
00000001
00000000
,
00000100
00000000
00001000
00000000
00010000
00000000
01000000
10000000
00000000
00000000
00000000
00000000
00000000
00000000
00000000
00000000
,
00000000
00000000
00010000
00000000
00001000
00000000
00100000
00000000
00001000
00000000
01000000
00001000
00000000
00000000
00010000
00000000
,
00001000
00000000
00010000
00000000
00000010
00000000
00010000
00001000
00000000
00000000
00000000
00000000
00000000
00000000
00000000
00000000
,
00000000
00000000
00000001
00000000
00000100
00000000
00001000
00000000
00010000
00000000
01000000
10000000
00000000
00000000
10000000
00000000
,
01000000
00000000
00010000
00000000
00001000
00000000
00000100
00000001
00000000
00000000
00000000
00000000
00000000
00000000
00000000
00000000
,
00000000
00000000
00001000
00000000
00010000
00000000
00000010
00000000
00010000
00000000
00000100
00010000
00000000
00000000
00001000
00000000
,
00010000
00000000
00001000
00000000
00100000
00000000
00001000
00010000
00000000
00000000
00000000
00000000
00000000
00000000
00000000
00000000
,
00000010
00001000
00010000
01000000
00100000
00010000
00001000
00000000
,
00000100
00001000
00010000
00100000
01000000
00010000
00001000
00000000
,
00000001
00000100
00000001
00000000
00001000
00000001
00000010
00000000
,
00001000
00010000
00100000
10000000
00010000
00000000
00000000
00000000
,
00100000
00010000
00001000
00000100
00000010
00001000
00010000
00000000
,
01000000
00010000
00001000
00000010
00000100
00001000
00010000
00000000
,
10000000
01000000
10000000
01000000
00100000
00000000
00100000
00000000
,
00010000
00001000
00000100
00000010
00001001
00000000
00000000
00000000
,
00000100
00000000
00010000
00000000
00000000
00100000
01000000
00000000
,
00010000
00001000
00000001
00000000
,
00000100
00000010
00001000
01000000
,
00100000
01000000
10010000
00000000
,
01000000
00000000
00001000
00000000
00000000
00000010
00000100
00000000
,
00001000
00010000
10000000
00000000
,
01000000
00100000
00010000
00000100
,
00000010
00000100
00000110
00001001
,
00000000
00000000
00000000
00000000
;
