#TITLE:BRE∀K DOWN!;
#SUBTITLE:;
#ARTIST:BeForU;
#TITLETRANSLIT:;
#SUBTITLETRANSLIT:;
#ARTISTTRANSLIT:;
#CREDIT:;
#BANNER:BREAK DOWN!-jacket.png;
#BACKGROUND:BREAK DOWN!-bg.png;
#LYRICSPATH:;
#CDTITLE:./CDTITLES/DDRMAX2 -Dance Dance Revolution 7thMIX-.PNG;
#MUSIC:BREAK DOWN!.ogg;
#OFFSET:0.000;
#SAMPLESTART:48.935;
#SAMPLELENGTH:15.000;
#SELECTABLE:YES;
#DISPLAYBPM:190.000;
#BPMS:0.000=190.476,4.000=190.047;
#STOPS:;
#BGCHANGES:;

//---------------dance-single - ----------------
#NOTES:
     dance-single:
     :
     Beginner:
     3:
     0.143,0.191,0.019,0.000,0.000:
0000
0000
0000
0000
,
0000
0000
0000
0000
,
0000
0000
0000
0000
,
0000
0000
0000
0000
,
0000
0000
0000
0000
,
0001
0000
0000
0000
,
0001
0000
0000
0000
,
1000
0000
0000
0000
,
1000
0000
0000
0000
,
0010
0000
0000
0000
,
0010
0000
0000
0000
,
0100
0000
0000
0000
,
0100
0000
0000
0000
,
0001
0000
1000
0000
,
0010
0000
0100
0000
,
1000
0000
0000
0000
,
0010
0000
0000
0000
,
0100
0000
0000
0000
,
0001
0000
0000
0000
,
1000
0000
0000
0000
,
0010
0000
0000
0000
,
0100
0000
0001
0000
,
1000
0000
0001
0000
,
1000
0000
0000
0000
,
0010
0000
0000
0000
,
0100
0000
0000
0000
,
0001
0000
0000
0000
,
1000
0000
0000
0000
,
0010
0000
0000
0000
,
0100
0000
0001
0000
,
1000
0000
0001
0000
,
1000
1000
0000
0000
,
0001
0000
0000
0000
,
0010
0000
0000
0000
,
0100
0000
0000
0000
,
0001
0001
0000
0000
,
1000
0000
0000
0000
,
0010
0000
0000
0000
,
0100
0000
0000
0000
,
1001
0000
0000
0000
,
0001
0000
0100
0000
,
0010
0000
1000
0000
,
0001
0000
0100
0000
,
0010
0000
1000
0000
,
0001
0000
0001
0000
,
1000
0000
1000
0000
,
0100
0000
0100
0000
,
0100
0000
0000
0000
,
1000
0000
0100
0000
,
0001
0000
0100
0000
,
1000
0000
0100
0000
,
0001
0000
0100
0000
,
1000
0000
0000
0000
,
1000
0000
0000
0000
,
0010
0000
0100
0000
,
1001
0000
0000
0000
,
0000
0000
1000
0000
,
0001
0000
0000
0000
,
0000
0000
0001
0000
,
1000
0000
0000
0000
,
0000
0000
1000
0000
,
0001
0000
0000
0000
,
0001
0000
1000
0000
,
0000
0000
0000
0000
,
1000
0000
0000
0000
,
1000
0000
0000
0000
,
0001
0000
0000
0000
,
0001
0000
0000
0000
,
1000
0000
0001
0000
,
1000
0000
0001
0000
,
0001
0000
1000
0000
,
0010
0000
0000
0000
,
0100
0000
0000
0000
,
0010
0000
0000
0000
,
1000
0000
0001
0000
,
0010
0000
0010
0000
,
0001
0000
0001
0000
,
1000
0000
0001
0000
,
0100
0000
0100
0000
,
0000
0000
0000
0000
,
0010
0000
0000
0000
,
0000
0000
0000
0000
;

//---------------dance-single - ----------------
#NOTES:
     dance-single:
     :
     Easy:
     5:
     0.240,0.305,0.238,0.067,0.000:
0000
0000
0000
0000
,
0000
0000
0000
0000
,
0000
0000
0000
0000
,
0000
0000
0000
0000
,
0000
0000
0000
0000
,
0001
0000
0001
0000
,
0001
0000
0001
0000
,
1001
0000
1001
0000
,
0010
1000
0100
0000
,
1000
0000
1000
0000
,
1000
0000
1000
0000
,
1001
0000
1001
0000
,
0010
0001
0100
0000
,
1001
0000
1001
0000
,
0010
1000
0100
0000
,
1000
0000
0100
0000
,
1000
0000
1001
0000
,
0001
0000
0100
0000
,
1001
0000
1001
0000
,
0001
0000
0100
0000
,
0001
0000
1001
0000
,
1000
0000
0100
0000
,
0010
0000
0001
0000
,
1000
0000
0100
0000
,
1000
0000
1001
0000
,
0001
0000
0100
0000
,
1001
0000
1001
0000
,
0001
0000
0100
0000
,
0001
0000
1001
0000
,
0010
0000
0010
0000
,
0100
0000
0100
0000
,
1000
2000
0000
0000
,
0001
0000
0001
3000
,
0010
0000
0001
0000
,
0100
0000
0000
0000
,
0001
0002
0000
0000
,
1000
0000
1000
0003
,
0010
0000
1000
0000
,
0100
0000
0100
0000
,
1001
0000
1000
0000
,
0001
0000
1001
0000
,
0010
0000
0010
0000
,
0100
0000
0010
0000
,
1001
0000
1000
0000
,
0001
0000
1001
0000
,
0010
0000
0010
0000
,
0100
0000
0100
0000
,
0110
0000
0010
0000
,
1000
0000
0100
0000
,
0110
0000
0010
0000
,
0001
0000
0100
0000
,
0110
0000
0010
0000
,
1000
0000
0100
0000
,
0110
0000
0010
0000
,
0010
0001
0100
0000
,
2000
0000
0000
0000
,
0000
3000
1000
0000
,
0002
0000
0000
0000
,
0000
0003
0001
0000
,
2000
0000
0000
0000
,
0000
3000
1000
0000
,
0002
0000
0000
0003
,
0001
0100
1000
1000
,
1001
0000
0000
0000
,
1000
0000
0001
0000
,
1001
0000
0000
0000
,
1000
0000
0001
0000
,
1001
0000
0000
0000
,
1000
0000
0001
0000
,
1000
0000
1000
0000
,
0001
0000
0001
0000
,
0010
0000
1000
0000
,
0100
0000
1000
0000
,
0010
0000
0001
0000
,
0100
0000
0001
0000
,
0010
0000
1000
0000
,
0100
0000
1000
0000
,
0010
0000
0001
0000
,
0100
0000
0200
0000
,
0000
0000
0000
0000
,
0310
0000
0000
0000
,
0000
0000
0000
0000
;

//---------------dance-single - ----------------
#NOTES:
     dance-single:
     :
     Medium:
     7:
     0.474,0.496,0.496,0.162,0.000:
0000
0000
0000
0000
,
0000
0000
0000
0000
,
0000
0000
0000
0000
,
0000
0000
0000
0000
,
0000
0000
0000
0000
,
1000
1100
0001
1100
,
0001
0101
1000
0101
,
0010
1001
0100
1001
,
0010
0001
1000
1000
,
0001
0101
1000
0101
,
1000
1100
0001
1100
,
0010
1001
0100
1001
,
0010
1000
0001
0001
,
0010
1001
1000
1100
,
0001
0101
0100
0100
,
0010
0001
1000
0010
,
0100
0001
1000
0101
,
0010
1000
0001
0010
,
0100
1000
0001
1100
,
0010
0001
0100
1000
,
0100
0001
0010
1000
,
0001
0101
1000
1100
,
0001
0101
1000
1100
,
0010
1000
0001
0010
,
0100
1000
0001
1100
,
0010
0001
1000
0010
,
0100
0001
1000
0101
,
0010
1000
0100
0001
,
0100
1000
0010
0001
,
0010
0010
0010
0010
,
0100
0100
0100
0100
,
1000
0001
0010
0020
,
0100
0100
0200
0330
,
1000
1100
0001
0101
,
0010
1001
0100
1000
,
0001
1000
0100
0200
,
0010
0010
0020
0330
,
1100
0001
0101
1000
,
0010
1000
0100
0000
,
1000
0010
0100
1000
,
0100
0001
0100
0010
,
0100
0100
0100
1001
,
0100
1001
0100
1001
,
0010
0001
0100
1000
,
0001
0010
1000
0100
,
1001
0100
1001
0100
,
1100
0101
1000
0100
,
1000
0010
0100
1000
,
0100
0001
0100
0010
,
0101
1000
1100
0001
,
0010
0001
0100
1001
,
0010
0001
0100
1000
,
0001
0010
1000
0100
,
0010
1001
0100
1001
,
0010
1000
0100
0000
,
2200
0000
3300
0000
0001
0100
0000
1000
,
0000
0001
0000
1000
0100
0000
0000
0000
,
0202
0000
0303
0000
1000
0100
0000
0001
,
0000
1000
0000
0001
0100
0000
0000
0000
,
2200
0000
3300
0000
0001
0100
0000
1000
,
0000
0001
0000
1000
0100
0000
0100
0000
,
0010
0001
0100
1000
,
1100
0101
1000
0100
,
0002
0000
0100
0000
,
0100
0000
0100
0003
,
2000
0000
0100
0000
,
0100
0000
0100
3000
,
0002
0003
0200
0300
,
2000
3000
0200
0300
,
0001
1000
0100
1100
,
0001
0101
1000
1000
,
0001
0010
0001
0100
,
0010
0100
0001
1000
,
0101
1000
0100
1001
,
0010
0010
0010
1001
,
1000
0010
1000
0100
,
0010
0100
1000
0001
,
1100
0001
0100
1001
,
0010
0000
1000
0000
0100
0000
0000
0002
,
0000
0000
0000
0000
,
1003
0000
0000
0000
,
0000
0000
0000
0000
;

//---------------dance-single - ----------------
#NOTES:
     dance-single:
     :
     Hard:
     12:
     0.631,0.649,0.515,0.057,0.000:
0000
0000
0000
0000
,
0000
0000
0000
0000
,
0000
0000
0000
0000
,
0000
0000
0000
0000
,
0000
0000
0000
0000
,
0001
0100
0010
1000
0100
0010
1000
0000
,
0001
0100
0010
1000
0100
0010
1000
0000
,
1000
0001
1000
0000
0011
0000
1000
0000
,
1000
0100
0010
0001
0010
0100
1000
0000
,
1000
0100
0010
0001
0100
0010
0001
0000
,
1000
0100
0010
0001
0100
0010
0001
0000
,
0001
1000
0001
0000
1010
0000
0001
0000
,
0001
0100
0010
1000
0010
0100
0001
0000
,
1000
1100
0001
0101
,
1000
0100
0001
0010
1000
0000
0110
0000
,
1000
1000
0100
0000
0001
0001
0100
0000
,
1000
0100
0001
0100
1000
0010
0001
0000
,
1000
1000
0010
0000
0001
0001
0010
0000
,
1000
0010
0001
0010
1000
0100
0001
0000
,
1000
1000
0100
0000
0001
0001
0100
0000
,
0010
1000
0001
0010
0100
1000
0001
0000
,
1100
1001
0101
1001
,
0010
1000
0100
0001
,
0010
0001
0010
0000
0100
1000
0100
0000
,
1000
0010
0100
1000
0001
0010
0100
0000
,
0010
1000
0010
0000
0100
0001
0100
0000
,
0001
0010
0100
0001
1000
0010
0100
0000
,
0010
0001
0010
0000
0100
1000
0100
0000
,
0010
0001
1000
0010
0100
0001
1000
0000
,
1100
1001
0101
1001
,
0010
0010
0010
0010
,
1000
0000
1100
0000
0001
0100
1000
0000
,
0001
0000
0101
0000
1000
0100
0001
0000
,
0010
0001
0100
0000
0010
0100
0001
0000
,
0010
1000
0100
1000
0010
0100
1000
0000
,
0001
0000
0101
0000
1000
0100
0001
0000
,
1000
0000
1100
0000
0001
0100
1000
0000
,
0010
1000
0100
0000
0010
0100
1000
0000
,
0000
0001
1000
0100
0010
0000
0000
0000
,
1000
0100
0001
0000
1000
0100
0001
0000
,
1000
1100
0001
0101
,
1000
0100
0001
0000
1000
0100
0001
0000
,
0010
1001
0100
1001
,
1000
0100
0001
0000
1000
0100
0001
0000
,
0010
0001
0101
1100
,
1000
0100
0001
0000
1000
0100
0001
0000
,
1100
0101
1100
0101
,
0001
0100
1000
0000
0001
0100
1000
0000
,
0010
0010
1001
0100
,
0001
0100
1000
0000
0001
0100
1000
0000
,
0010
0100
0011
1010
,
0001
0100
1000
0000
0001
0100
1000
0000
,
1100
0001
1100
0001
,
0001
0100
1000
0000
0001
0100
1000
0000
,
0000
1000
0100
0001
0010
0000
0000
0000
,
2010
0000
0001
0001
0001
0001
0000
0100
,
0000
0001
0000
0010
0010
0000
3000
0000
,
0012
0000
1000
1000
1000
1000
0000
0100
,
0000
1000
0000
0010
0010
0000
0003
0000
,
0210
0000
0001
0001
0001
0001
0000
1000
,
0000
0001
0000
1000
1000
0000
0300
0000
,
0220
0000
0000
0330
,
1001
1100
0101
1001
,
0110
0000
1000
0100
0001
0010
1000
0000
,
0110
0000
0001
0100
1000
0010
0001
0000
,
0110
0000
1000
0100
0001
0010
1000
0000
,
0110
0000
0001
0100
1000
0010
0001
0000
,
1000
0100
1000
0000
0001
0100
0001
0000
,
1000
0100
0001
0000
1000
0100
0001
0000
,
0010
1000
0001
0000
0010
1000
0001
0000
,
1100
1001
0101
1001
,
1000
0100
0010
0100
1000
0100
0001
0000
,
1010
0100
0010
0101
,
0001
0100
0010
0100
1000
0100
0001
0000
,
0101
0010
1100
0010
,
1000
0010
0100
1000
0001
0010
0100
0000
,
1001
0100
1001
0100
,
0001
0010
0100
0001
1000
0010
0100
0000
,
0000
0001
0100
1000
0010
0000
0000
0200
,
0000
0000
0000
0000
,
0310
0000
0000
0000
,
0000
0000
0000
0000
;

//---------------dance-double - ----------------
#NOTES:
     dance-double:
     :
     Easy:
     5:
     0.243,0.305,0.162,0.086,0.000:
00000000
00000000
00000000
00000000
,
00000000
00000000
00000000
00000000
,
00000000
00000000
00000000
00000000
,
00000000
00000000
00000000
00000000
,
00000000
00000000
00000000
00000000
,
00000001
00000000
00000100
00000000
,
00001000
00000000
00000100
00000000
,
00000001
00000000
00001000
00000000
,
00010000
00000000
10000000
00000000
,
10000000
00000000
01000000
00000000
,
00010000
00000000
01000000
00000000
,
10000000
00000000
00010000
00000000
,
00001000
00000000
00000001
00000000
,
00001001
00000000
00001001
00000000
,
00000010
00000001
00001000
00000000
,
00001001
00000000
00001001
00000000
,
00000100
00000000
00001000
00000000
,
00010000
00000000
00011000
00000000
,
01000000
00000000
10000000
00000000
,
10010000
00000000
10010000
00000000
,
10000000
00000000
00010000
00000000
,
00100000
00000000
10000000
00000000
,
01000000
00000000
00010000
00000000
,
10000000
00000000
00010000
00000000
,
00001000
00000000
00000001
00000000
,
00000001
00000000
00001000
00000000
,
00010000
00000000
10000000
00000000
,
10000000
00000000
00010000
00000000
,
00001000
00000000
00000001
00000000
,
00001001
00000000
00001001
00000000
,
00000010
00000000
00001001
00000000
,
00000010
00000000
00000020
00000000
,
00000100
00000000
00000130
00000000
,
00001000
00000000
00010000
00000000
,
01000000
00000000
10000000
00000000
,
00100000
00000000
00200000
00000000
,
01000000
00000000
01300000
00000000
,
00010000
00000000
00001000
00000000
,
00000100
00000000
00000110
00000000
,
00000100
00000000
00000100
00000000
,
00001000
00010000
00001000
00000000
,
00000100
00000000
00000100
00000000
,
00001000
00010000
01000000
00000000
,
01000000
00000000
01000000
00000000
,
00010000
00001000
00010000
00000000
,
01000000
00000000
01000000
00000000
,
00010000
00001000
00000100
00000001
,
00000100
00000000
00000100
00000000
,
00001000
00010000
00001000
00000000
,
00000100
00000000
00000100
00000000
,
00001000
00010000
01000000
00000000
,
01000000
00000000
01000000
00000000
,
00010000
00001000
00010000
00000000
,
01000000
00000000
01000000
00000000
,
00010000
00001000
00010000
00000000
,
00120000
00000000
00000000
00000000
,
00000000
00030000
00100000
00000000
,
00012000
00000000
00000000
00000000
,
00000000
00003000
00010000
00000000
,
00002010
00000000
00000000
00000000
,
00000000
00003000
00000010
00000000
,
00021000
00000000
00000000
00030000
,
00001000
00000000
01000000
00000000
,
10000000
00000000
01000000
00000000
,
00010000
00000000
00001000
00000000
,
00001000
00000000
00010000
00000000
,
01000000
00000000
10000000
00000000
,
10000000
00000000
01000000
00000000
,
00010000
00000000
00001000
00000000
,
00001000
00000000
00001000
00000000
,
00010000
00000000
00001000
00000000
,
00021000
00000000
01000000
00000000
,
01000000
00000000
00031000
00000000
,
00012000
00000000
00000100
00000000
,
00000100
00000000
00013000
00000000
,
01000000
00000000
00010000
00000000
,
00001000
00000000
00000100
00000000
,
00000100
00000000
00001000
00000000
,
00010000
00000000
02000000
00000000
,
00000000
00000000
00000000
00000000
,
03100000
00000000
00000000
00000000
,
00000000
00000000
00000000
00000000
;

//---------------dance-double - ----------------
#NOTES:
     dance-double:
     :
     Medium:
     8:
     0.465,0.496,0.458,0.162,0.000:
00000000
00000000
00000000
00000000
,
00000000
00000000
00000000
00000000
,
00000000
00000000
00000000
00000000
,
00000000
00000000
00000000
00000000
,
00000000
00000000
00000000
00000000
,
00000001
00000100
00001000
00000100
,
00001000
00010000
01000000
10000000
,
00010000
11000000
00010000
11000000
,
00010000
10000000
01000000
01000000
,
10000000
01000000
00010000
01000000
,
00010000
00001000
00000100
00000001
,
00001000
00000101
00001000
00000101
,
00001000
00000001
00000100
00000100
,
00000110
00001000
00000110
00000001
,
00000010
00001000
00010000
00010000
,
01000000
00010000
00001000
00000110
,
00001000
00000100
00000001
00000002
,
00000010
00000010
00000010
00000010
,
00000100
00000103
00001001
00000100
,
00000010
00001000
00010000
00001000
,
00000100
00001000
00010000
01000000
,
01100000
00010000
01100000
10000000
,
00100000
00010000
01000000
10000000
,
00010000
01100000
10000000
01000000
,
00010000
00001000
00000100
00000110
,
00001000
00000110
00000001
00000100
,
00001000
00010000
00001000
00000100
,
00000001
00000101
00001000
00001100
,
00000001
00000101
00001000
00001100
,
00000001
00000110
00001000
00000100
,
00001000
00010000
01000000
10000000
,
01000000
00100000
00000000
00000000
,
20020000
30030000
02000000
03000000
,
20000000
30000000
02000000
03000000
,
00020000
00030000
00002000
00003000
,
00000100
00000010
00000000
00000000
,
00002002
00003003
00000200
00000300
,
00001000
00010000
00001000
00000110
,
00001000
00010000
02000000
03000000
,
00010000
00001000
00010000
01000000
,
00010000
00001000
00000100
00000001
,
00000110
00000001
00000110
00001000
,
00000001
00000100
00001000
00010000
,
00100000
00010000
00001000
00010010
,
00000100
00001000
00010000
01000000
,
10000000
10010000
10000000
11000000
,
00010000
00001000
00000100
00000100
,
00001000
00010000
00001000
00000100
,
00001000
00010000
01000000
10000000
,
01100000
10000000
01100000
00010000
,
10000000
01000000
00010000
00001000
,
00000010
00001000
00010000
00101000
,
01000000
00010000
00001000
00000100
,
00000110
00001000
00000100
00000001
,
00001001
00000000
00000100
00000000
,
00002200
00000000
00000000
00000000
00003300
00000000
00000000
00000001
,
00000000
00001000
00000000
00000001
00000100
00000000
00000000
00000000
,
00000202
00000000
00000000
00000000
00000303
00000000
00000000
00001000
,
00000000
00000001
00000000
00001000
00000100
00000000
00000000
00000000
,
00001001
00000001
00000100
00001000
,
00000110
00001000
00010000
01000000
,
11000000
00010000
01000000
10000000
,
01010000
10000000
11000000
00010000
,
10000000
01000000
00010000
00001000
,
00100000
00001000
00010000
01000000
,
00010000
00001000
00000100
00000010
,
00010000
00001000
00000100
00000001
,
00000010
00000001
00000100
00001001
,
00000100
00001000
00000010
00001001
,
00000100
00001001
00000100
00001001
,
00001100
00000101
00001000
00000100
,
00000001
00000100
00001000
00010000
,
00000010
00010000
00001000
00000100
,
00001000
00010000
01000000
00100000
,
00001000
00010000
01000000
10000000
,
01100000
00010000
00001000
00010000
,
01100000
00010000
00001000
00010000
,
01100000
10000000
01100000
00010000
,
00001000
00000000
00000100
00000000
00000001
00000000
00000000
00002000
,
00000000
00000000
00000000
00000000
,
00003100
00000000
00000000
00000000
,
00000000
00000000
00000000
00000000
;

//---------------dance-double - ----------------
#NOTES:
     dance-double:
     :
     Hard:
     13:
     0.635,0.610,0.448,0.010,0.000:
00000000
00000000
00000000
00000000
,
00000000
00000000
00000000
00000000
,
00000000
00000000
00000000
00000000
,
00000000
00000000
00000000
00000000
,
00000000
00000000
00000000
00000000
,
00000010
00001000
00010000
00000000
00100000
00001000
00010000
00000000
,
00100000
00010000
01000000
00000000
00100000
00010000
00001000
00000000
,
00000100
00000001
00000100
00000000
00001010
00000000
00000101
00000000
,
00000100
00000000
00001000
00000100
00000000
00001000
00000010
00000000
,
00000100
00001000
00010000
00000000
01000000
00001000
00010000
00000000
,
01000000
00010000
00100000
00000000
01000000
00010000
10000000
00000000
,
01000000
10000000
01000000
00000000
00110000
00000000
11000000
00000000
,
00010000
00000000
10000000
01000000
00000000
00010000
01000000
00000000
,
00100000
00100000
10010000
00000000
01000000
01000000
10010000
00000000
,
00100000
00100000
01000000
00100000
00100000
00000000
10010000
00000000
,
10000000
01000000
10000000
00000000
00010000
01000000
00010000
00000000
,
00010000
00001000
00000100
00000000
00000110
00000000
00001001
00000000
,
00000001
00000100
00000001
00000000
00001000
00000100
00001000
00000000
,
00001000
00010000
01000000
00000000
01100000
00000000
10010000
00000000
,
10000000
01000000
10000000
00100000
00010000
00100000
00010000
00001000
,
00000100
00001000
00000100
00000001
00000010
00000001
00000010
00000000
,
00001001
00000000
00000000
00000110
00000000
00000000
00001000
00000000
,
00010000
01000000
00010000
00000000
00010000
01000000
10000000
00000000
,
10000000
01000000
00010000
00000000
00010000
01000000
10000000
00000000
,
00100000
00001000
00010000
00000000
00010010
00000000
00001010
00000000
,
00000001
00000100
00000001
00000000
00001000
00000100
00001000
00000000
,
00001000
00010000
01000000
00000000
01100000
00000000
10010000
00000000
,
10000000
01000000
00010000
01000000
00010000
00001000
00010000
00001000
,
00000100
00001000
00000100
00000001
00000010
00000001
00000010
00000000
,
00000110
00000000
00000000
00001001
00000000
00000010
00000001
00000100
,
00000000
00001000
00000100
00000001
00000100
00000000
00000000
00000000
,
00000001
00000001
00000001
00000001
00000000
00001000
00000100
00000000
,
00000110
00000000
00010000
00000010
00000000
00010000
00001000
00000000
,
00010000
01000000
00010000
00000000
10000000
01000000
10000000
00000000
,
00010000
00001000
00010000
01000000
10000000
01000000
10000000
00000000
,
00010000
00010000
00010000
00010000
00000000
00100000
01000000
00000000
,
10010000
00000000
01000000
00010000
00000000
00001000
00000100
00000000
,
00000010
00010000
00001000
00000100
00000010
00001000
00000100
00000010
,
00000000
00001000
00010000
01000000
10000000
00000000
00000000
00000000
,
00010000
00000000
01010000
00000000
10000000
01000000
00010000
00000000
,
00001000
00000000
01001000
00000000
00010000
01000000
10000000
00000000
,
01000000
00010000
00001000
00000000
00000100
00001000
00010000
00000000
,
00000010
00001000
00010000
00100000
00010000
00001000
00000100
00000000
,
00000001
00000000
00000101
00000000
00000001
00000010
00001000
00000000
,
00010000
00000000
00010100
00000000
00001000
00000001
00000100
00000000
,
00000001
00000100
00001000
00000000
00010000
01000000
10000000
00000000
,
10010000
01010000
10010000
11000000
,
00110000
00000000
10000000
00000000
00100000
00010000
01000000
00000000
,
01001000
00000000
00010000
00000000
00001000
00000100
00000010
00000000
,
00000010
00010000
00001000
00000000
00000010
00001000
00000100
00000000
,
00000010
00001000
00010000
00100000
00010000
00001000
00000100
00000000
,
00000101
00000000
00001000
00000000
00000010
00000100
00000001
00000000
,
00001010
00000000
00000001
00000000
00000100
00001000
00010000
00000000
,
01000000
00010000
00001000
00000000
00000100
00001000
00010000
00000000
,
00000000
01000000
10000000
00010000
01000000
00000000
00000000
00000000
,
10100000
00000000
01000000
00010000
00001000
01000000
00000000
00001000
,
00000000
00010000
00000000
00000100
00001000
00000000
00001000
00000000
,
00000011
00000000
00000100
00001000
00010000
00000100
00000000
00010000
,
00000000
00001000
00000000
01000000
00010000
00000000
00010000
00000000
,
01100000
00000000
00010000
00001000
00000100
00000001
00000000
00000110
,
00000000
00001001
00000000
00000001
00000100
00000000
00000100
00000000
,
00000110
00000000
00001000
00010000
01000000
00010000
01000000
00000000
,
10000000
01000000
10000000
01000000
00010000
01000000
00010000
00000000
,
11000000
00010000
01100000
00010000
,
00101000
00010000
00010010
00001000
,
00000001
00000100
00000001
00000000
00001000
00000000
00001000
00000000
,
00010000
01000000
00010000
00000000
10000000
01000000
10000000
00000000
,
00100000
00010000
01000000
00100000
00010000
00001000
00100000
00010000
,
01000000
00100000
00010000
00001000
00100000
00010000
01000000
00100000
,
10000000
01000000
00010000
00000000
00010000
01000000
10000000
00000000
,
10000000
01000000
00010000
00001000
00000100
00000010
00001000
00000000
,
00000110
00000001
00000110
00001000
,
00010010
00001000
01001000
00010000
,
00100000
00010000
00001000
00000000
00001000
00000000
00100000
00000000
,
00100000
00010000
00001000
00000000
00010000
00001000
00000100
00000000
,
00001000
00010000
00000010
00000100
00001000
00010000
00001000
00010000
,
00000010
00000100
00001000
00010000
00001000
00010000
00000010
00000000
,
00000100
00001000
00010000
00000000
01000000
00010000
00001000
00000000
,
00000000
00001000
00100000
00010000
01000000
00000000
00000000
20000000
,
00000000
00000000
00000000
00000000
,
30010000
00000000
00000000
00000000
,
00000000
00000000
00000000
00000000
;
