#TITLE:BRILLIANT 2U;
#SUBTITLE:;
#ARTIST:NAOKI;
#TITLETRANSLIT:;
#SUBTITLETRANSLIT:;
#ARTISTTRANSLIT:;
#CREDIT:;
#BANNER:BRILLIANT 2U.png;
#BACKGROUND:BRILLIANT 2U-bg.png;
#LYRICSPATH:;
#CDTITLE:./CDTITLES/DANCE DANCE REVOLUTION 2NDMIX.PNG;
#MUSIC:BRILLIANT 2U.ogg;
#OFFSET:0.000;
#SAMPLESTART:27.197;
#SAMPLELENGTH:15.000;
#SELECTABLE:YES;
#DISPLAYBPM:150.000;
#BPMS:0.000=150.000,20.000=150.000;
#STOPS:;
#BGCHANGES:;

//---------------dance-single - ----------------
#NOTES:
     dance-single:
     :
     Beginner:
     3:
     0.169,0.177,0.081,0.000,0.000:
0000
0000
0000
0000
,
0000
0000
0000
0000
,
0000
0000
0000
0000
,
0000
0000
0000
0000
,
0000
0000
0000
0000
,
0000
0000
0000
0000
,
0000
0000
0000
0000
,
0010
0010
0000
0001
,
0000
0100
0000
1000
,
1000
0000
0001
0000
,
0010
0000
1001
0000
,
0010
0000
0010
0000
,
0100
0000
0100
0000
,
1000
0000
0001
0000
,
0010
0000
1001
0000
,
0010
0000
0010
0000
,
0100
0000
0100
0000
,
0010
0000
0010
0000
,
0000
1000
0000
1000
,
1000
0000
0001
0000
,
0000
0010
0010
0010
,
0010
0000
0010
0000
,
0000
1000
0000
1000
,
1000
0000
0001
0000
,
0000
0010
0010
0010
,
0000
0001
0000
0010
,
0000
1000
0000
1001
,
0000
0001
0000
0010
,
0000
1000
0000
1001
,
0000
1000
0000
0100
,
0000
0001
0000
1001
,
0000
1000
0000
0100
,
0000
0001
0001
0001
,
0001
0000
1000
0000
,
0010
0000
1001
0000
,
0010
0000
0010
0000
,
0100
0000
0100
0000
,
0001
0000
1000
0000
,
0010
0000
1001
0000
,
0010
0000
0010
0000
,
0100
0000
0100
0000
,
0010
0000
0010
0000
,
0000
1000
0000
1000
,
1000
0000
0001
0000
,
0000
0010
0010
0010
,
0010
0000
0010
0000
,
0000
1000
0000
1000
,
1000
0000
0001
0000
,
0000
0010
0010
0010
,
0010
0000
0000
0000
,
1000
0000
0001
0001
,
0001
0000
0000
0000
,
0000
0000
0000
0000
;

//---------------dance-single - ----------------
#NOTES:
     dance-single:
     :
     Easy:
     6:
     0.284,0.295,0.116,0.000,0.000:
0000
0000
0000
0000
,
0000
0000
0000
0000
,
0000
0000
0000
0000
,
0000
0000
0000
0000
,
0000
0000
0000
0000
,
0000
0000
0000
0000
,
0000
0000
0000
0000
,
0010
0010
0001
0001
,
0100
0100
1000
1000
,
0010
0000
0010
0000
,
0010
0000
0100
0000
0001
1000
0100
0000
,
0010
0000
0010
0100
,
0010
0001
0010
1000
,
0010
0000
0100
0000
0001
1000
0100
0000
,
0010
0000
0010
0100
,
0010
0001
0010
1000
,
0010
0000
0100
0000
0010
0001
1000
0000
,
0010
0100
0010
0110
,
0000
0100
0000
0100
,
0010
0000
0010
1001
,
0000
0100
0100
0100
,
0100
0001
0010
0110
,
0000
0010
0010
0010
,
0010
0100
0010
1001
,
0000
1000
1000
1000
,
0010
0000
0010
0000
,
0010
0100
0110
0000
,
0010
0000
0010
0000
,
0001
0100
1000
0000
,
0010
0100
0001
0100
,
1000
0100
1001
0000
,
0010
0100
1000
0010
,
0001
0010
0001
0100
,
0010
0000
0010
0000
,
0010
0000
0100
0000
0001
1000
0100
0000
,
0010
0001
0100
1000
,
0010
0001
0010
1000
,
0010
0000
0100
0000
0001
1000
0100
0000
,
0010
0001
0100
1000
,
0010
0001
0010
1000
,
0010
0000
0100
0000
0010
0001
1000
0000
,
0010
0100
0010
0110
,
0000
0100
0001
0100
,
0010
0100
0010
1001
,
0000
1000
0100
0001
,
0010
0001
0010
0110
,
0000
0001
0100
1000
,
0010
0100
0010
1001
,
0000
1000
1000
1000
,
0100
0100
0000
0000
0000
0000
0000
0001
,
0001
0001
0000
0001
0001
0001
0001
0001
,
0001
0000
0000
0000
,
0000
0000
0000
0000
;

//---------------dance-single - ----------------
#NOTES:
     dance-single:
     :
     Medium:
     6:
     0.365,0.413,0.521,0.000,0.000:
0000
0000
0000
0000
,
0000
0000
0000
0000
,
0000
0000
0000
0000
,
0000
0000
0000
0000
,
0000
0000
0000
0000
,
0000
0000
0000
0000
,
0000
0000
0000
0000
,
0010
0010
0001
0100
,
1000
1000
0100
0001
,
0010
0000
0010
0000
,
0011
0000
1100
0000
0001
1000
0100
0000
,
0010
0001
0011
0100
,
0010
1000
0010
1010
,
1010
0000
0101
0000
1000
0001
0100
0000
,
0010
1000
1010
0100
,
0010
0001
0010
0011
,
0011
0000
1100
0000
0010
0001
1000
0000
,
0001
0100
1000
0100
,
0001
1100
1000
0101
,
1000
0100
0001
0100
,
1000
0101
0001
1100
,
0010
0100
0010
0110
,
0010
0001
0100
1000
,
0010
0001
0100
1001
,
0000
1000
1000
1000
,
0010
0100
1010
1100
,
0010
0100
1001
0000
,
0001
1000
0011
1010
,
0001
1000
0110
0000
,
0100
0010
0101
0011
,
0100
0010
1001
0000
,
1000
0001
1100
0101
,
1000
0001
1100
0101
,
0010
0000
0010
0000
,
0011
0000
1100
0000
0001
1000
0100
0000
,
0010
0001
0011
0100
,
0010
1001
0010
1010
,
1010
0000
0101
0000
1000
0001
0100
0000
,
0010
1000
1010
0100
,
0010
1001
0010
0011
,
0010
0000
0100
0000
0010
0001
1000
0000
,
0001
0100
1000
0100
,
0001
1100
1000
0101
,
1000
0100
0001
0100
,
1000
0101
0001
1100
,
0010
0100
0010
0110
,
0010
0001
0100
1000
,
0010
0001
0100
1001
,
0000
1000
1000
1000
,
0100
1000
0000
0000
0000
0000
0000
0100
,
1000
0010
0000
1000
0100
1000
0010
1000
,
0001
0000
0000
0000
,
0000
0000
0000
0000
;

//---------------dance-single - ----------------
#NOTES:
     dance-single:
     :
     Hard:
     10:
     0.438,0.472,0.463,0.000,0.041:
0000
0000
0000
0000
,
0000
0000
0000
0000
,
0000
0000
0000
0000
,
0000
0000
0000
0000
,
0000
0000
0000
0000
,
0000
0000
0000
0000
,
0000
0000
0000
0000
,
0010
0000
0010
0000
0001
0100
0001
0000
,
1000
0000
1000
0000
0100
1000
0001
0000
,
0010
0000
0100
0000
0010
0010
0010
0000
,
0011
0000
1100
0000
0001
1000
0100
0000
,
0010
0000
0010
0000
0010
1000
0100
0000
,
0010
0000
1000
0000
0001
0001
1000
0000
,
1010
0000
0101
0000
1100
0101
1100
0000
,
0010
0010
1000
0000
1001
0000
1100
0000
,
0010
0001
0010
1000
,
0010
1000
0100
0000
0001
0100
1000
0000
,
0001
0100
0100
0100
,
0001
1100
0101
1100
,
0001
0100
0100
0100
,
1100
0101
1100
0101
,
0100
0010
0100
0010
,
1010
0011
1010
0011
,
0100
1000
0100
0001
,
1000
1000
1000
1000
,
0010
0000
0100
0000
0010
1000
0001
0000
0100
0000
0000
0000
0001
0000
0000
0000
,
0010
0000
0100
0000
0010
1000
0001
0000
0100
0000
0000
0000
0010
0000
0000
0000
,
0001
0000
1000
0000
0001
1000
0100
0000
0001
0000
0000
0000
0100
0000
0000
0000
,
1000
0000
0001
0000
1000
0001
0100
0000
1000
0000
0000
0000
0100
0000
0000
0000
,
0010
0000
0100
0000
0010
1000
0001
0000
0100
0000
0000
0000
0001
0000
0000
0000
,
0010
0000
0100
0000
0010
1000
0001
0000
0100
0000
0000
0000
0010
0000
0000
0000
,
0001
0000
1000
0000
0001
1000
0100
0000
0001
0000
0000
0000
0100
0000
0000
0000
,
0010
0001
0100
1000
0010
0001
0100
1000
,
0010
0000
0100
0000
0010
0010
0010
0000
,
0011
0000
1100
0000
0001
1000
0100
0000
,
0010
0000
0010
0000
0010
1000
0100
0000
,
0010
0000
1000
0000
0001
0001
1000
0000
,
1010
0000
0101
0000
1100
0101
1100
0000
,
0010
0010
1000
0000
1001
0000
1100
0000
,
0110
0000
1001
0000
0110
0000
0010
0100
,
0010
0100
0010
1000
,
0001
0100
1000
0100
,
0001
0000
1100
0000
0101
0000
1000
0100
,
0001
0101
1100
0101
,
1000
0000
0011
0000
1010
0000
0001
0010
,
1000
0100
0010
0110
,
0010
0010
0100
1000
,
0010
0001
0100
1000
,
0010
0001
0100
1000
,
0100
1000
0100
0000
1000
0000
0100
0000
,
1000
0010
0100
0000
0100
1000
0010
1000
,
0001
0000
0000
0000
,
0000
0000
0000
0000
;

//---------------dance-single - ----------------
#NOTES:
     dance-single:
     :
     Challenge:
     10:
     0.489,0.502,0.370,0.000,0.104:
0000
0000
0000
0000
,
0000
0000
0000
0000
,
0000
0000
0000
0000
,
0000
0000
0000
0000
,
0000
0000
0000
0000
,
0000
0000
0000
0000
,
0000
0000
0000
0000
,
0010
0000
0010
0000
0001
1000
0100
0000
,
1000
0001
0100
0010
1000
0001
0100
0000
,
0011
0000
1100
0000
0001
1000
0100
0000
,
1000
0000
0001
0000
1000
0001
0100
0000
,
0010
0000
0010
0000
0010
1000
0100
0000
,
1000
0001
0100
0000
1000
0100
0001
0000
,
1001
0000
0101
0000
0010
0010
0010
0000
,
1000
0001
0100
0000
0110
0000
0101
0000
,
0010
1000
0001
0100
0010
1000
0001
0100
,
0010
0010
0010
0000
1000
0001
0100
0000
,
1001
0000
0110
0000
0001
1000
0100
0000
,
0010
1000
0100
0001
0100
1000
0001
0001
,
0001
0000
1001
0000
0010
1000
0100
0000
,
0001
0100
0010
1000
0100
0010
0001
0001
,
0001
0000
1100
0000
0010
1000
0100
0000
,
0010
0100
0001
1000
0100
0010
0001
1000
,
0100
0000
0101
0000
0010
1000
0100
0000
,
0001
1000
0100
0001
0100
1000
0001
0000
,
0001
0000
1000
0000
0010
0100
0000
0001
0000
1000
0000
0000
0000
0000
0000
0000
,
0001
0000
1000
0000
1000
0100
0000
0010
0000
0000
0000
0000
0000
0000
0000
0000
,
1000
0000
0001
0000
0001
1000
0000
0010
0000
0100
0000
0000
0000
0000
0000
0000
,
1000
0000
0010
0000
1000
0100
0000
0010
0000
0000
0000
0000
0000
0000
0000
0000
,
0001
0000
1000
0000
0100
0010
0000
0001
0000
0100
0000
0000
0000
0000
0000
0000
,
0010
0000
0010
0000
0001
1000
0000
0001
0000
0000
0000
0000
0000
0000
0000
0000
,
0010
0000
0010
0000
0001
1000
0000
0001
0000
1000
0000
0000
0000
0000
0000
0000
,
0010
0100
1000
0001
0100
0010
1000
0100
,
0110
0000
1001
0000
0010
0010
0010
0000
,
0100
0000
1001
0000
0001
1000
0100
0000
,
0010
1000
0010
1000
0001
0101
0101
0000
,
0010
1000
0100
0000
1001
0100
0010
0000
,
0010
0001
0010
0001
1000
1100
1100
0000
,
0001
1000
0100
0000
1001
0000
0101
0000
,
1001
0110
1001
0010
,
1001
0100
0010
0000
1001
0100
0010
0000
,
0001
0100
0001
0100
0010
1000
0100
0000
,
0001
0000
1000
0000
0001
0000
0110
0001
,
1000
0100
1000
0100
0010
0001
0100
0000
,
0001
0000
1000
0000
0001
0000
1001
0100
,
0010
0001
0010
0001
1000
0010
0100
0000
,
1001
0000
0110
0000
1001
0100
0010
0000
,
0001
1000
0100
0010
0001
0001
0100
0000
,
1000
0001
0100
1001
,
0010
1000
0100
0001
0100
0001
0100
1000
,
0001
0100
0001
0100
0010
1000
0100
1000
,
0010
0000
0000
0000
,
0000
0000
0000
0000
;

//---------------dance-double - ----------------
#NOTES:
     dance-double:
     :
     Easy:
     6:
     0.288,0.295,0.104,0.000,0.000:
00000000
00000000
00000000
00000000
,
00000000
00000000
00000000
00000000
,
00000000
00000000
00000000
00000000
,
00000000
00000000
00000000
00000000
,
00000000
00000000
00000000
00000000
,
00000000
00000000
00000000
00000000
,
00000000
00000000
00000000
00000000
,
00100000
00100000
10000000
01000000
,
10000000
10000000
01000000
00010000
,
00001000
00000010
00000001
00000100
,
00000010
00000000
00000100
00000000
00000001
00001000
00000100
00000000
,
00000010
00000100
00000010
00001000
,
00010000
00100000
10000000
01000000
,
00100000
00000000
01000000
00000000
00010000
10000000
01000000
00000000
,
00100000
01000000
00100000
00010000
,
00001000
00000010
00000001
00000100
,
00000010
00000000
00000100
00000000
00000010
00000001
00001000
00000000
,
00000010
00000100
00001000
00001001
,
00000000
00001000
00000000
00010000
,
00100000
00000000
00100000
10010000
,
00000000
01000000
00100000
00010000
,
00001000
00000100
00000010
00000110
,
00000000
00000010
00000001
00000100
,
00000010
00000100
00000010
00001001
,
00000000
00001000
00010000
01000000
,
00100000
00000000
00100000
00000000
,
00100000
01000000
01100000
00000000
,
00100000
00000000
00010000
00000000
,
00001000
00000100
00000001
00000000
,
00000010
00000100
00000001
00000100
,
00001000
00000100
00001000
00000000
,
00010000
00100000
01000000
00100000
,
00010000
00100000
10000000
01000000
,
00010000
00100000
10000000
01000000
,
00100000
00000000
01000000
00000000
10000000
00010000
01000000
00000000
,
00100000
01000000
00100000
00010000
,
00001000
00000010
00000001
00000100
,
00000010
00000000
00000100
00000000
00001000
00000001
00000100
00000000
,
00000010
00000100
00000010
00001000
,
00010000
00100000
10000000
01000000
,
00100000
00000000
01000000
00000000
00100000
10000000
00010000
00000000
,
00100000
01000000
00010000
10010000
,
00000000
00010000
00000000
00001000
,
00000010
00000000
00000010
00001001
,
00000000
00000100
00000010
00001000
,
00010000
01000000
00100000
01100000
,
00000000
00100000
10000000
01000000
,
00100000
01000000
00100000
10010000
,
00000000
00010000
00001000
00000000
,
00000100
00000100
00000000
00000000
00000000
00000000
00000000
00000001
,
00000001
00000001
00000000
00000001
00000001
00000001
00000001
00000001
,
00000001
00000000
00000000
00000000
,
00000000
00000000
00000000
00000000
;

//---------------dance-double - ----------------
#NOTES:
     dance-double:
     :
     Medium:
     7:
     0.417,0.472,0.833,0.000,0.000:
00000000
00000000
00000000
00000000
,
00000000
00000000
00000000
00000000
,
00000000
00000000
00000000
00000000
,
00000000
00000000
00000000
00000000
,
00000000
00000000
00000000
00000000
,
00000000
00000000
00000000
00000000
,
00000000
00000000
00000000
00000000
,
00100000
00100000
10000000
01000000
,
10000000
10000000
01000000
00010000
,
00001000
00000010
00000001
00000100
,
00000011
00000000
00001100
00000000
00000001
00001000
00000100
00000000
,
00000010
00001000
00001100
00001000
,
00010000
00100000
10000000
01000000
,
10100000
00000000
01010000
00000000
10000000
00010000
01000000
00000000
,
00100000
10000000
00110000
00010000
,
00001000
00000010
00000001
00001010
,
00000011
00001100
00000010
00000010
,
00001010
00001100
00001001
00011000
,
00010000
01000000
10000000
01000000
,
00110000
01010000
10010000
00011000
,
00001000
00000100
00000001
00000100
,
00001010
00001100
00001001
00011000
,
00010000
01000000
10000000
01000000
,
00110000
01010000
10010000
00011000
,
00000010
00000100
00001000
00010000
,
00100000
01000000
10100000
11000000
,
00100000
01000000
10010000
00011000
,
00000010
00000100
00000011
00000101
,
00000010
00000100
00001001
00000000
,
00001010
00001100
00110000
01010000
,
00001010
00001100
00010100
00000000
,
00110000
01010000
00001010
00001100
,
00001010
00001100
00110000
01010000
,
10000000
00100000
00010000
01000000
,
00110000
00000000
11000000
00000000
00010000
10000000
01000000
00000000
,
00100000
10000000
01010000
00010000
,
00001000
00000010
00000001
00000100
,
00000011
00000000
00001100
00000000
00000001
00001000
00000100
00000000
,
00000010
00000001
00001010
00001000
,
00010000
00100000
10000000
00110000
,
10100000
01010000
00100000
00100000
,
00110000
01010000
10010000
00011000
,
00001000
00000100
00000001
00000100
,
00001010
00001100
00001001
00011000
,
00010000
01000000
10000000
01000000
,
00110000
01010000
10010000
00011000
,
00001000
00000100
00000001
00000100
,
00001010
00001100
00001001
00011000
,
00100000
01000000
00010000
00000000
,
00001000
00000010
00000000
00000000
00000000
00000000
00000000
00001000
,
00000010
00001000
00000000
00000010
00000001
00000010
00001000
00000010
,
00000100
00000000
00000000
00000000
,
00000000
00000000
00000000
00000000
;

//---------------dance-double - ----------------
#NOTES:
     dance-double:
     :
     Hard:
     9:
     0.440,0.472,0.451,0.000,0.000:
00000000
00000000
00000000
00000000
,
00000000
00000000
00000000
00000000
,
00000000
00000000
00000000
00000000
,
00000000
00000000
00000000
00000000
,
00000000
00000000
00000000
00000000
,
00000000
00000000
00000000
00000000
,
00000000
00000000
00000000
00000000
,
00100000
00000000
00100000
00000000
10000000
00010000
01000000
00000000
,
00001000
00010000
00000100
00000010
00000001
00000000
00001100
00000000
,
00010000
00000000
00001000
00000000
01000000
00010000
00100000
00000000
,
00001000
00010000
00000100
00000010
00000001
00001000
00000100
00000000
,
00010000
00000000
00001000
00000000
00100000
00010000
01000000
00000000
,
00100000
10000000
01000000
00100000
00010000
01000000
00100000
00000000
,
10000000
00000000
01000000
00000000
00100000
00001000
00010000
00000000
,
00000100
00000010
00000001
00000100
00000010
00001000
00000100
00000000
,
00011000
00110000
11000000
00100000
,
00011000
00001010
00000101
00000010
,
00001000
00000100
00010000
00001000
,
00110000
00000000
11000000
00000000
01010000
00000000
00100000
00001000
,
00010000
00000100
00000010
00000001
,
00001100
00000000
00011000
00000000
00110000
00000000
00001000
00010000
,
00000100
00010000
00001000
00100000
,
01010000
00000000
10100000
00000000
00110000
00000000
00001000
00010000
,
00000100
00000010
00000001
00000100
,
00000010
00001000
00000100
00010000
00001000
01000000
00010000
10000000
,
01000000
00000000
00100000
00001000
00010000
00000100
00000010
00000000
,
00000001
00000000
00000100
00000010
00001000
00000000
00011000
00000000
,
00000100
00000000
00001000
00000010
00010000
00001000
00100000
00000000
,
01000000
00000000
10000000
00100000
01000000
00000000
00011000
00000000
,
00000010
00000000
00000100
00000001
00001000
00000100
00010000
00000000
,
00001000
00000000
01000000
00100000
10000000
00000000
01010000
00000000
,
00100000
00000000
00001000
00010000
00000100
00000010
00000001
00000000
,
00001000
00000100
00010000
00001000
00100000
00010000
10000000
00100000
,
01000000
00000000
00001000
00000000
00010000
00000100
00001000
00000000
,
00000001
00000000
00000100
00000000
00000010
00010000
00001000
00000000
,
00100000
00000000
01000000
00000000
10000000
00010000
01000000
00000000
,
00001000
00000000
00010000
00000000
00000100
00000010
00000001
00000000
,
00000100
00000000
00000010
00000000
00001000
00000100
00010000
00000000
,
00101000
00000000
00010100
00000000
00000010
00001000
00000001
00000000
,
00011000
10010000
01100000
00011000
,
00000100
00000000
00000010
00000000
00000001
00000100
00000010
00000000
,
00010000
00001000
01000000
00010000
,
11000000
00000000
01001000
00000000
00010010
00000000
00000100
00000010
,
00000001
00000100
00000010
00001000
,
00010100
00000000
00101000
00000000
10010000
00000000
01000000
00100000
,
00010000
01000000
00001000
00010000
,
00001100
00000000
00000011
00000000
00001010
00000000
00000100
00010000
,
00001000
00000000
00100000
00000000
01001000
10000000
00010000
00000000
,
00011000
00001001
00000110
00011000
,
00000010
00000100
00000000
00000000
00000000
00000000
00000000
00000001
,
00001000
00000100
00000000
00010000
01000000
10000000
00100000
00010000
,
00001000
00000000
00000000
00000000
,
00000000
00000000
00000000
00000000
;

//---------------dance-double - ----------------
#NOTES:
     dance-double:
     :
     Challenge:
     10:
     0.425,0.413,0.231,0.093,0.127:
00000000
00000000
00000000
00000000
,
00000000
00000000
00000000
00000000
,
00000000
00000000
00000000
00000000
,
00000000
00000000
00000000
00000000
,
00000000
00000000
00000000
00000000
,
00000000
00000000
00000000
00000000
,
00000000
00000000
00000000
00000000
,
00010000
00100000
10000000
00000000
01100000
00000000
00010000
00000000
,
00001000
00000100
00000001
00000000
00000110
00000000
00001000
00000000
,
00010000
00000000
00000000
01000000
00000000
00000000
10000000
00000000
00000000
00100000
00000000
00000000
00010000
00000000
00000000
00000000
,
01100000
00000000
10010000
00000000
10000000
01000000
00010000
00000000
,
00001000
00000000
00000000
00000010
00000000
00000000
00000001
00000000
00000000
00000100
00000000
00000000
00001000
00000000
00000000
00000000
,
00000110
00000000
00001001
00000000
00000001
00000010
00001000
00000000
,
00010000
00000000
00000000
01000000
00000000
00000000
10000000
00000000
00000000
00100000
00000000
00000000
00010000
00000000
00000000
00000000
,
00100000
10000000
01000000
00000000
01010000
00000000
11000000
00000000
,
00100000
00001000
00010000
00000000
00010000
01000000
00010000
00000000
,
00001000
00000010
00001000
00010000
00001000
00000100
00000001
00000000
,
00000010
00000000
00000000
00001000
00000000
00000000
00010000
00000000
00000000
00001000
00000000
00000000
00000010
00000000
00000001
00000000
,
00000200
00001000
00000010
00000301
,
00000000
00000000
00000010
00000000
00000000
00000100
00000000
00000000
00001000
00000000
00000000
00000000
00010000
00000000
01000000
00000000
,
00200000
10000000
01000000
00310000
,
00000000
00000000
00100000
00000000
00000000
00001000
00000000
00000000
00010000
00000000
00000000
00000000
00001000
00000000
00100000
00000000
,
02000000
10000000
00100000
03010000
,
00000000
00000000
10000000
00000000
00000000
01000000
00000000
00000000
00010000
00000000
00000000
00000000
00001000
00000000
00000100
00000000
,
00000020
00000001
00000100
00001030
,
00000010
00001000
00000100
00000000
00010100
00000000
00001000
00000000
,
00010000
01000000
10000000
00000000
00110000
00000000
11000000
00000000
,
00100000
01000000
00010000
00000000
01001000
00000000
00010000
00000000
,
00001000
00000100
00000010
00000000
00001001
00000000
00000110
00000000
,
00000010
00001000
00000100
00000000
00010100
00000000
00001000
00000000
,
00100000
00001000
00010000
00000000
00101000
00000000
00110000
00000000
,
10000000
00100000
01000000
00000000
01001000
00000000
00010000
00000000
,
00001000
00000100
00000001
00000000
00000001
00000100
00001000
00000000
,
00000010
00000000
00000000
00010000
00000000
00000000
00001000
00000000
00000000
00010000
00000000
00000000
01000000
00000000
10000000
00000000
,
00200000
00010000
01000000
10300000
,
00010000
00000000
00000000
01000000
00000000
00000000
00001000
00000000
00000000
00010000
00000000
00000000
01000000
00000000
00010000
00000000
,
02000000
10000000
00100000
03010000
,
00100000
00000000
00000000
00001000
00000000
00000000
00010000
00000000
00000000
00100000
00000000
00000000
00010000
00000000
00001000
00000000
,
00000200
00000001
00000010
00001300
,
00000001
00000010
00000100
00000000
00000100
00001000
00010000
00000000
,
00001000
00010000
01000000
00000000
01000000
00100000
10000000
00000000
,
10000000
00000000
00000000
00100000
00000000
00000000
00001000
00000000
00000000
01000000
00000000
00000000
10000000
00000000
01000000
00000000
,
00010000
00100000
00001000
00000000
00010000
00000010
00001000
00000000
,
00000000
00000000
00000100
00000000
00000000
00010000
00000000
00000000
00001000
00000000
00000000
00000000
00000100
00000000
00000001
00000000
,
00000010
00001000
00010000
00000000
00000010
00001000
00010000
00000000
,
00000000
00000000
01000000
00000000
00000000
10000000
00000000
00000000
00100000
00000000
00000000
00000000
00010000
00000000
00001000
00000000
,
00010000
00100000
10000000
00000000
00010000
01000000
10000000
00000000
,
00000000
00000000
00100000
00000000
00000000
00010000
00000000
00000000
00001000
00000000
00000000
00000000
00010000
00000000
01000000
00000000
,
01100000
00010000
00001000
00000110
,
00000002
00000100
00000000
00000100
00000000
00000103
00000000
00000100
,
00001000
00010000
00000000
01000000
00010000
00001000
00010000
01000000
,
10000000
00000000
00000000
00000000
,
00000000
00000000
00000000
00000000
;

//---------------dance-couple - ----------------
#NOTES:
     dance-couple:
     :
     Easy:
     4:
     0.516,0.561,1.000,0.000,0.000:
00000000
00000000
00000000
00000000
,
00000000
00000000
00000000
00000000
,
00000000
00000000
00000000
00000000
,
00000000
00000000
00000000
00000000
,
00000000
00000000
00000000
00000000
,
00000000
00000000
00000000
00000000
,
00000000
00000000
00000000
00000000
,
00100010
00000010
00100001
00000001
,
00100100
00000100
00101000
00001000
,
10000010
00000000
10000010
00000000
,
00100010
00000000
01000100
00000000
10000001
00001000
01000100
00000000
,
00010000
00000010
00010000
00000100
,
00100010
10000001
00100010
00011000
,
00100010
00000000
01000100
00000000
10000001
00001000
01000100
00000000
,
00100000
00000010
00100000
00000100
,
00100010
10000001
00100010
00011000
,
00100010
00000000
01000100
00000000
00100010
00000001
00011000
00000000
,
10000010
01000100
00010010
00100110
,
00000000
01000100
00000000
01000100
,
00100010
01000000
00100010
01001001
,
10000000
00000100
10000100
00000100
,
00100100
00010001
01000010
10000110
,
00000000
00100010
00000010
00100010
,
00000010
01000100
00100010
10011001
,
00000000
00011000
00001000
00001000
,
00100010
00000000
00100010
00000000
,
00100010
01000100
01100110
00000000
,
00100010
00000000
00100010
00000000
,
10000001
01000100
00011000
00000000
,
00100010
01000100
10000001
01000100
,
00011000
01000100
10011001
00000000
,
00100010
01000100
00011000
00100010
,
10000001
00100010
10000001
01000100
,
00100001
00000000
00100001
00000000
,
00100010
00000000
01000100
00000000
10000001
00010000
01000100
00000000
,
00101000
10000000
01001000
00010000
,
00100010
10000001
00100010
00011000
,
00100010
00000000
01000100
00000000
10000001
00010000
01000100
00000000
,
00100010
10000000
01000010
00010000
,
00100010
10000001
00100010
00011000
,
00100010
00000000
01000100
00000000
00100010
10000000
00011000
00000000
,
00100001
01000100
00101000
01100010
,
00000000
01000100
10000000
01000100
,
00100010
01000100
00100010
10010100
,
00000001
00010000
01000001
10000000
,
00100010
10001000
00100100
01100001
,
00000000
10000010
01000000
00010010
,
00100000
01000100
00100010
10011001
,
00000000
00011000
00011000
00011000
,
01000100
01000100
00000000
00000000
00000000
00000000
00000000
10000001
,
10000001
10000001
00000000
10000001
10000001
10000001
10000001
10000001
,
10000001
00000000
00000000
00000000
,
00000000
00000000
00000000
00000000
;

//---------------dance-couple - ----------------
#NOTES:
     dance-couple:
     :
     Medium:
     5:
     0.665,0.767,1.000,0.000,0.000:
00000000
00000000
00000000
00000000
,
00000000
00000000
00000000
00000000
,
00000000
00000000
00000000
00000000
,
00000000
00000000
00000000
00000000
,
00000000
00000000
00000000
00000000
,
00000000
00000000
00000000
00000000
,
00000000
00000000
00000000
00000000
,
00100010
00100010
00011000
01000100
,
10000001
10000001
01000100
00011000
,
00100010
00000000
00100010
00000000
,
00101010
00000000
01000101
00000000
00011000
10000001
01000100
00000000
,
00100010
00011000
00101010
10000100
,
00100010
10000001
00100010
10101000
,
10100010
00000000
01010100
00000000
10000001
00011000
01000100
00000000
,
00100010
10000001
10100010
01000100
,
00100010
00011000
00100010
00111001
,
00110010
00000000
11000100
00000000
00100010
00011000
10000001
00000000
,
00010000
11000000
00001000
00000101
,
00011000
11000101
10000001
01011100
,
00000001
00001100
10000000
01010000
,
10000001
01011100
00011000
11000101
,
00100000
00000100
00100010
01100110
,
00000010
10000000
01000100
10011001
,
00000010
00010000
01000100
10011001
,
00000000
10000001
10000001
10000001
,
00100010
01000100
10100011
11000101
,
00000010
00000100
00101001
01000000
,
00011000
10000001
00111010
10100011
,
00010000
10000000
01101000
00000001
,
01000100
00100010
01011100
00111010
,
00000100
00000010
00101001
01000000
,
10000001
00011000
11000101
00011000
,
10000001
00011000
11000101
01011100
,
00000010
00000010
00100000
00100000
,
00101010
00000000
01000101
00000000
00011000
10000001
01000100
00000000
,
00100010
00011000
00111010
01000100
,
00100010
10011001
00100010
10100011
,
10100010
00000000
01010100
00000000
10000001
00011000
01000100
00000000
,
00100010
00011000
10000011
01000100
,
00100010
10011001
00100010
00111000
,
00100010
00000000
01000100
00000000
00100010
00011000
10000001
00000000
,
00011000
01000100
10000001
01000100
,
00011000
11000100
10000001
01010100
,
10000001
01000100
00011000
01000100
,
10000001
01001100
00011000
01000101
,
00100000
00000100
00100000
01100110
,
00100010
00011000
01000100
10000001
,
00100010
00011000
01000100
10011001
,
00001000
10000000
00000001
10000000
,
01000100
10000001
00000000
00000000
00000000
00000000
00000000
01000100
,
10000001
00100010
00000000
10000001
01000100
10000001
00100010
10000001
,
00011000
00000000
00000000
00000000
,
00000000
00000000
00000000
00000000
;

//---------------dance-couple - ----------------
#NOTES:
     dance-couple:
     :
     Hard:
     6:
     0.876,0.944,1.000,0.000,0.041:
00000000
00000000
00000000
00000000
,
00000000
00000000
00000000
00000000
,
00000000
00000000
00000000
00000000
,
00000000
00000000
00000000
00000000
,
00000000
00000000
00000000
00000000
,
00000000
00000000
00000000
00000000
,
00000000
00000000
00000000
00000000
,
00100010
00000000
00100010
00000000
00011000
01000100
00011000
00000000
,
10000001
00000000
10000001
00000000
01000100
10000001
00011000
00000000
,
00100010
00000000
01000100
00000000
00100010
00100010
00100010
00000000
,
00111010
00000000
11000101
00000000
00011000
10000001
01000100
00000000
,
00100010
00000000
00100010
00000000
00100010
10000001
01000100
00000000
,
00100010
00000000
10000001
00000000
00011000
00011000
10000001
00000000
,
10100011
00000000
01011100
00000000
11000101
01011100
11000101
00000000
,
00100010
00100010
10000001
00000000
10011001
00000000
11000101
00000000
,
00100010
00011000
00100010
10000001
,
00100010
10000001
01000100
00000000
00011000
01000100
10000001
00000000
,
00011000
10000001
10000001
10000001
,
00011000
11000101
01011100
11000101
,
00011000
01000100
01000100
01000100
,
11000101
01011100
11000101
01011100
,
01000100
00100010
01000100
00100010
,
10100011
00111010
10100011
00111010
,
01000100
10000001
01000100
00011000
,
10000001
10000001
10000001
10000001
,
00100010
00000000
01000100
00000000
00100010
10000001
00011000
00000000
01000100
00000000
00000000
00000000
00011000
00000000
00000000
00000000
,
00100010
00000000
01000100
00000000
00100010
10000001
00011000
00000000
01000100
00000000
00000000
00000000
00100010
00000000
00000000
00000000
,
00011000
00000000
10000001
00000000
00011000
10000001
01000100
00000000
00011000
00000000
00000000
00000000
01000100
00000000
00000000
00000000
,
10000001
00000000
00011000
00000000
10000001
00011000
01000100
00000000
10000001
00000000
00000000
00000000
01000100
00000000
00000000
00000000
,
00100010
00000000
01000100
00000000
00100010
10000001
00011000
00000000
01000100
00000000
00000000
00000000
00011000
00000000
00000000
00000000
,
00100010
00000000
01000100
00000000
00100010
10000001
00011000
00000000
01000100
00000000
00000000
00000000
00100010
00000000
00000000
00000000
,
00011000
00000000
10000001
00000000
00011000
10000001
01000100
00000000
00011000
00000000
00000000
00000000
01000100
00000000
00000000
00000000
,
00100010
00011000
01000100
10000001
00100010
00011000
01000100
10000001
,
00100010
00000000
01000100
00000000
00100010
00100010
00100010
00000000
,
00111010
00000000
11000101
00000000
00011000
10000001
01000100
00000000
,
00100010
00000000
00100010
00000000
00100010
10000001
01000100
00000000
,
00100010
00000000
10000001
00000000
00011000
00011000
10000001
00000000
,
10100011
00000000
01011100
00000000
11000101
01011100
11000101
00000000
,
00100010
00100010
10000001
00000000
10011001
00000000
11000101
00000000
,
01100110
00000000
10011001
00000000
01100110
00000000
00100010
01000100
,
00100010
01000100
00100010
10000001
,
00011000
01000100
10000001
01000100
,
00011000
00000000
11000101
00000000
01011100
00000000
10000001
01000100
,
00011000
01011100
11000101
01011100
,
10000001
00000000
00111010
00000000
10100011
00000000
00011000
00100010
,
10000001
01000100
00100010
01100110
,
00100010
00100010
01000100
10000001
,
00100010
00011000
01000100
10000001
,
00100010
00011000
01000100
10000001
,
01000100
10000001
01000100
00000000
10000001
00000000
01000100
00000000
,
10000001
00100010
01000100
00000000
01000100
10000001
00100010
10000001
,
00011000
00000000
00000000
00000000
,
00000000
00000000
00000000
00000000
;

//---------------dance-solo - ----------------
#NOTES:
     dance-solo:
     :
     Easy:
     4:
     0.278,0.295,0.116,0.000,0.000:
000000
000000
000000
000000
,
000000
000000
000000
000000
,
000000
000000
000000
000000
,
000000
000000
000000
000000
,
000000
000000
000000
000000
,
000000
000000
000000
000000
,
000000
000000
000000
000000
,
000010
000010
100000
100000
,
000001
000001
010000
010000
,
000100
000000
000100
000000
,
000100
000000
001000
000000
000001
100000
001000
000000
,
010000
000000
000001
001000
,
000100
100000
000010
010000
,
000001
000000
000100
000000
001000
100000
001000
000000
,
000100
000000
010000
001000
,
000100
000001
000010
001000
,
000100
000000
000001
000000
010000
000010
100000
000000
,
000100
001000
000100
001100
,
000000
001000
000000
001000
,
000010
000000
010000
100001
,
000000
001000
001000
001000
,
001000
000010
000100
001100
,
000000
000100
000100
000100
,
000100
001000
000010
100001
,
000000
010000
010000
010000
,
000010
000000
000010
000000
,
000100
001000
001100
000000
,
000010
000000
000010
000000
,
000001
001000
100000
000000
,
000100
001000
000001
100000
,
000010
001000
100001
000000
,
000100
001000
100000
000100
,
010000
000010
001000
000001
,
000100
000000
000100
000000
,
000100
000000
001000
000000
010000
000001
001000
000000
,
000100
100000
001000
010000
,
000100
000001
000100
100000
,
000010
000000
001000
000000
000100
100000
001000
000000
,
010000
000001
001000
000010
,
100000
000100
001000
000001
,
100000
000000
001000
000000
010000
000001
001000
000000
,
000100
100000
000001
001100
,
000000
001000
000001
001000
,
000010
001000
000100
100001
,
000000
010000
001000
000100
,
000001
010000
000100
100001
,
000000
000010
001000
000100
,
100000
001000
000100
100001
,
000000
010000
010000
010000
,
000010
000000
000100
000000
,
001000
001000
001000
001000
,
001000
000000
000000
000000
;

//---------------dance-solo - ----------------
#NOTES:
     dance-solo:
     :
     Medium:
     5:
     0.365,0.413,0.521,0.000,0.000:
000000
000000
000000
000000
,
000000
000000
000000
000000
,
000000
000000
000000
000000
,
000000
000000
000000
000000
,
000000
000000
000000
000000
,
000000
000000
000000
000000
,
000000
000000
000000
000000
,
010000
010000
000001
001000
,
000010
000010
100000
000001
,
000100
000000
000100
000000
,
010010
000000
100100
000000
000001
001000
000100
000000
,
100000
000001
000110
001000
,
010000
000001
000100
010100
,
000110
000000
100001
000000
010000
001000
000100
000000
,
000001
100000
010100
000001
,
000100
000001
010000
000110
,
010100
000000
101000
000000
000100
000001
100000
000000
,
000010
001000
000100
100000
,
000001
011000
000100
100001
,
001000
000100
000001
001000
,
000100
100001
001000
010001
,
000010
000100
001000
001100
,
010000
000001
001000
000100
,
100000
000001
001000
100010
,
000000
010000
010000
010000
,
000001
000100
011000
100001
,
000100
001000
100001
000000
,
000010
010000
000101
100100
,
000001
001000
100100
000000
,
001000
010000
100001
001010
,
000100
100000
010010
000000
,
000100
000001
011000
100001
,
001000
000010
100100
001001
,
000100
000000
000100
000000
,
010010
000000
000101
000000
001000
010000
001000
000000
,
000001
100000
001010
000100
,
100000
010010
000100
100001
,
100001
000000
001010
000000
100000
000001
000100
000000
,
001000
100000
001001
000100
,
001000
100001
010000
000110
,
001000
000000
010000
000000
000001
000100
001000
000000
,
100000
000001
001000
000100
,
100000
001010
100000
001001
,
100000
001000
000100
001000
,
010000
100001
000100
001010
,
100000
000001
000100
001100
,
010000
000001
100000
000010
,
001000
000100
001000
100001
,
000000
000010
000010
000010
,
001000
000100
000000
000000
000000
000000
000000
100000
,
001000
000100
000000
000001
001000
000010
000100
000001
,
100000
000000
000000
000000
;

//---------------dance-solo - ----------------
#NOTES:
     dance-solo:
     :
     Hard:
     7:
     0.430,0.472,0.405,0.000,0.041:
000000
000000
000000
000000
,
000000
000000
000000
000000
,
000000
000000
000000
000000
,
000000
000000
000000
000000
,
000000
000000
000000
000000
,
000000
000000
000000
000000
,
000000
000000
000000
000000
,
010000
000000
010000
000000
000001
001000
000001
000000
,
100000
000000
100000
000000
001000
010000
000001
000000
,
000100
000000
001000
000000
000100
000100
000100
000000
,
010001
000000
100100
000000
001000
000010
100000
000000
,
000100
000000
000100
000000
000100
010000
001000
000000
,
000100
000000
100000
000000
000001
000001
010000
000000
,
100010
000000
001001
000000
100000
001000
011000
000000
,
000100
000100
001000
000000
100001
000000
011000
000000
,
000100
000001
000100
001000
,
010000
000001
001000
000000
000010
001000
100000
000000
,
000001
001000
001000
001000
,
000001
101000
001010
010100
,
000001
001000
001000
001000
,
101000
010001
000110
010001
,
001000
000100
000001
000010
,
001100
110000
101000
000101
,
001000
100000
001000
000001
,
010000
010000
010000
010000
,
000100
000000
001000
000000
000100
001000
000001
000000
100000
000000
000000
000000
001000
000000
000000
000000
,
010000
000000
100000
000000
010000
100000
000100
000000
001000
000000
000000
000000
000010
000000
000000
000000
,
000001
000000
100000
000000
000001
100000
001000
000000
000100
000000
000000
000000
000001
000000
000000
000000
,
100000
000000
000001
000000
100000
000001
001000
000000
000100
000000
000000
000000
010000
000000
000000
000000
,
000010
000000
000100
000000
000010
000100
001000
000000
100000
000000
000000
000000
000001
000000
000000
000000
,
001000
000000
000010
000000
001000
000010
100000
000000
000100
000000
000000
000000
001000
000000
000000
000000
,
000001
000000
100000
000000
000001
100000
001000
000000
000100
000000
000000
000000
000010
000000
000000
000000
,
010000
000001
000100
001000
000010
001000
000100
000001
,
010000
000000
001000
000000
100000
100000
100000
000000
,
010001
000000
000110
000000
000001
010000
001000
000000
,
000100
000000
000100
000000
000100
000001
001000
000000
,
000100
000000
100000
000000
000010
000010
010000
000000
,
100100
000000
001001
000000
100000
001000
000001
000000
,
010000
010000
000001
000000
100010
000000
001100
000000
,
100001
000000
010010
000000
001100
000000
000100
001000
,
000100
001000
000100
010000
,
000010
001000
100000
001000
,
000001
000000
011000
000000
001010
000000
100000
001000
,
000010
100001
001010
000101
,
100000
000000
011000
000000
100001
000000
000010
000100
,
001000
010000
000100
001010
,
000100
000100
001000
100000
,
000100
001000
000010
100000
,
001000
000100
000001
010000
,
001000
100000
001000
000000
100000
000000
000010
000000
,
001000
000100
001000
000000
010000
100000
000100
001000
,
000010
000000
000000
000000
;
