#TITLE:BUMBLE BEE;
#SUBTITLE:;
#ARTIST:bambee;
#TITLETRANSLIT:;
#SUBTITLETRANSLIT:;
#ARTISTTRANSLIT:;
#CREDIT:;
#BANNER:BUMBLE BEE.png;
#BACKGROUND:BUMBLE BEE-bg.png;
#LYRICSPATH:;
#CDTITLE:./CDTITLES/ZIPMANIA III.PNG;
#MUSIC:BUMBLE BEE.ogg;
#OFFSET:0.000;
#SAMPLESTART:17.391;
#SAMPLELENGTH:15.000;
#SELECTABLE:YES;
#DISPLAYBPM:138.000;
#BPMS:0.000=138.000;
#STOPS:;
#BGCHANGES:;

//---------------dance-single - ----------------
#NOTES:
     dance-single:
     :
     Easy:
     3:
     0.212,0.277,0.043,0.000,0.000:
0000
0000
0000
0000
,
0000
0000
0000
0000
,
0000
0000
0000
0000
,
0000
0000
0000
0000
,
0000
0000
0000
0000
,
0000
0000
0000
0000
,
1000
0000
0000
0000
,
0001
0000
0000
0000
,
0100
0000
0000
0000
,
1001
0000
0000
0000
,
1000
1000
0001
0001
,
0010
0001
0100
1000
,
0001
0001
1000
0001
,
1000
1000
0001
1000
,
0100
0100
0010
0010
,
0100
1000
0010
0001
,
1000
1000
0001
1000
,
0001
0001
1000
0001
,
1001
0000
0000
0000
,
0010
0000
0010
0000
,
0001
1000
0100
0000
,
1000
1000
1000
0000
,
0001
0001
0001
0000
,
0010
0000
0100
0000
,
0001
1000
0001
0000
,
0001
0001
0010
0001
,
0010
0001
0100
0000
,
0001
0000
1000
0000
,
0001
0000
1000
0000
,
0010
0000
0010
0000
,
0100
0000
0100
0000
,
1000
0000
0001
0000
,
1000
0000
0001
0000
,
0100
0000
0010
0010
,
1001
0000
0000
0000
,
1000
1000
0001
0001
,
0010
0001
0100
1000
,
0001
0001
1000
0001
,
1000
1000
0001
1000
,
0100
0100
0010
0010
,
0100
1000
0010
0001
,
0100
0100
0010
0100
,
0010
0010
0100
0010
,
0001
0000
0100
0000
,
1000
0000
0010
0000
,
0001
0001
0001
0100
,
0001
0001
0001
0010
,
0001
0000
1000
0000
,
0010
0000
1000
0000
,
1000
1000
1000
0100
,
1000
1000
1000
0010
,
1001
0000
0000
0000
;

//---------------dance-single - ----------------
#NOTES:
     dance-single:
     :
     Medium:
     5:
     0.339,0.387,0.315,0.000,0.000:
0000
0000
0000
0000
,
0000
0000
0000
0000
,
0000
0000
0000
0000
,
0000
0000
0000
0000
,
0000
0000
0000
0000
,
0000
0000
0000
0000
,
0001
0010
1000
0100
,
1000
0010
0001
0100
,
0001
0010
0100
1000
,
1000
0010
0100
0001
,
1000
0000
1000
0000
0001
0100
0001
0000
,
0010
0000
0010
0000
0100
0010
0100
0000
,
1001
1001
0010
0100
,
1001
1001
0010
0100
,
0001
0000
0001
0000
1000
0010
1000
0000
,
0100
0000
0100
0000
0010
0100
0010
0000
,
1001
1001
0100
0010
,
1001
1001
0100
0010
,
1001
0000
0000
0000
0000
0000
0000
1000
,
0100
0000
0010
0001
0010
0000
0000
0000
,
1000
0000
0100
0010
0000
0000
0000
0000
,
1001
0000
1100
0000
0101
0000
0010
1000
,
0100
0000
0001
0000
0100
0000
0010
1000
,
0010
0000
0100
0001
0100
0000
0000
0000
,
0010
0000
0001
0100
0000
0000
0000
0000
,
1000
0100
1000
0100
1000
0000
0010
0001
,
0001
1000
0010
0000
,
0100
0000
0001
0010
0001
0000
1000
0000
,
1000
0000
1000
0100
0000
0000
0000
0000
,
1000
0000
0001
1000
0001
0000
1000
0000
,
0001
0000
0000
0000
,
1000
0000
0001
0010
0001
0000
1000
0000
,
0010
0000
0100
0001
0000
0000
0000
0000
,
1000
0000
0100
0010
0100
0000
1000
0000
,
0001
0000
0000
0000
,
0001
0000
0001
0000
0010
0100
0010
0000
,
0001
0000
0001
0000
1000
0100
1000
0000
,
1001
1001
0100
0010
,
1001
0110
1000
0001
,
0010
0000
0100
1000
0100
1000
0100
0000
,
0010
0000
0001
0000
0100
0010
0100
0000
,
1001
1100
0001
0100
,
1001
0101
1000
0100
,
0010
0001
1000
0010
,
0100
0001
1000
0010
,
0101
0000
1100
0000
0010
0001
0010
0000
,
1100
0000
0101
0000
1000
0010
1000
0000
,
0001
0100
1000
0100
,
0010
0001
1000
0010
,
0101
0000
1010
0000
0100
0010
0100
0000
,
1001
0000
0110
0000
1000
0100
0001
0000
,
1001
0000
0000
0000
;

//---------------dance-single - ----------------
#NOTES:
     dance-single:
     :
     Hard:
     7:
     0.412,0.443,0.098,0.000,0.152:
0000
0000
0000
0000
,
0000
0000
0000
0000
,
0000
0000
0000
0000
,
0000
0000
0000
0000
,
0000
0000
0000
0000
,
0000
0000
0000
0000
,
0001
0000
0000
0000
1000
0000
0000
0100
0000
0000
1000
0000
0000
0000
1000
0000
,
0001
0000
0000
0000
0010
0000
0000
0100
0000
0000
1000
0000
0010
0000
1000
0000
,
0001
0000
0000
0000
1000
0000
0000
0100
0000
0000
0010
0000
0000
0000
0010
0000
,
0001
0000
0000
0000
1000
0000
0000
0100
0000
0000
0010
0000
0001
0000
0010
0000
,
0100
0000
1000
0000
0001
0100
0001
0000
,
0010
0100
1000
0100
0010
0001
0010
0000
,
0100
0000
1000
0100
0000
1000
0100
0000
0010
0000
0000
0000
0001
0000
0000
0000
,
1000
0000
0100
0010
0000
0100
0010
0000
0001
0000
0000
0000
1000
0000
0000
0000
,
0010
0000
0100
0001
0100
0010
1000
0000
,
0001
0010
0100
1000
0001
0010
0001
0000
,
0100
0000
0001
0010
0000
0100
1000
0000
0001
0000
0000
0000
0100
0000
0000
0000
,
0010
0000
1000
0001
0000
0100
0010
0000
1000
0000
0000
0000
0100
0000
0000
0000
,
0101
0000
0000
0000
,
1000
0100
0010
0100
0010
0001
1000
0000
,
0010
0100
0001
0100
0000
0000
0000
0000
,
0001
0010
0100
0010
0001
0000
1100
0000
,
0010
0001
1000
0001
0100
0000
1100
0000
,
0010
0001
0100
0010
1000
0100
0010
0000
,
0001
0100
0010
0100
0000
0000
0000
0000
,
0010
1000
0001
0010
0100
0000
1001
0000
,
0100
0010
0100
0000
1001
0000
0000
0000
,
0010
0100
1000
0100
0010
0000
0001
0100
,
0010
0000
1000
0100
0000
0000
0000
0000
,
0010
0000
0001
0100
0001
0000
1000
0100
,
0000
0010
0000
0000
0000
0000
0000
0000
,
0001
0000
1000
0010
1000
0000
1000
0100
,
1000
0000
0010
0001
0000
0000
0000
0000
,
1000
0000
0010
0100
0010
0000
0100
0000
,
1001
0000
0000
0000
,
1100
0000
0010
0001
1000
0100
0010
0000
,
0001
1000
0001
0100
0001
0010
0010
0000
,
0100
0000
1000
0010
0000
0100
0010
0000
1000
0000
0000
0000
0001
0000
0000
0000
,
0010
0000
0100
1000
0000
0100
0010
0000
0001
0000
0000
0000
0100
0000
0000
0000
,
1100
0000
0010
0001
1000
0100
0010
0000
,
0001
1000
0001
0100
0010
0100
0100
0000
,
0001
0000
0010
0100
0000
1000
0100
0000
0010
0000
0000
0000
0001
0000
0000
0000
,
1000
0000
0010
0100
0000
0001
0100
0000
0010
0000
0000
0000
1000
0000
0000
0000
,
0100
0000
0010
0001
0000
1000
0000
1000
,
0100
0000
0010
0001
0000
0001
0010
0100
,
1000
0000
0100
0010
0000
0100
1000
0000
0001
0000
0000
0000
0010
0000
0000
0000
,
0100
0000
1000
0010
0000
0100
0001
0000
0100
0000
0000
0000
0010
0000
0000
0000
,
1000
0000
0100
0010
0000
0001
0000
1000
,
0010
0000
0100
0010
0000
1000
0100
0010
,
0001
0000
0100
0010
0000
1000
0100
0000
0010
0000
0000
0000
0001
0000
0000
0000
,
0100
0000
0010
1000
0000
0100
0010
0000
0001
0000
0000
0000
1000
0000
0000
0000
,
0110
0000
0000
0000
;

//---------------dance-couple - ----------------
#NOTES:
     dance-couple:
     :
     Medium:
     7:
     0.474,0.775,0.933,0.000,0.065:
00000000
00000000
00000000
00000000
,
00000000
00000000
00000000
00000000
,
00000000
00000000
00000000
00000000
,
00000000
00000000
00000000
00000000
,
00000000
00000000
00000000
00000000
,
00000000
00000000
00000000
00000000
,
00010000
00000000
00000000
00000000
10000000
00000000
00000000
01000000
00000000
00000000
10000000
00000000
00000000
00000000
10000000
00000000
,
00010000
00000000
00000000
00000000
00100000
00000000
00000000
01000000
00000000
00000000
10000000
00000000
00100000
00000000
10000000
00000000
,
00000001
00000000
00000000
00000000
00001000
00000000
00000000
00000100
00000000
00000000
00000010
00000000
00000000
00000000
00000010
00000000
,
00000001
00000000
00000000
00000000
00001000
00000000
00000000
00000100
00000000
00000000
00000010
00000000
00000001
00000000
00000010
00000000
,
10000000
00000000
10000001
00000000
00010000
01000000
00010001
00000000
,
00100000
00000000
00100001
00000000
01000000
00100000
01000001
00000000
,
10010000
10010001
00100000
01000001
,
10010000
10010001
00100000
01000000
,
00000001
00000000
10000001
00000000
00001000
00000010
10001000
00000000
,
00000100
00000000
10000100
00000000
00000010
00000100
10000010
00000000
,
00001001
10001001
00000100
10000010
,
00001001
10001001
00000100
00000010
,
10011001
00000000
00000000
00000000
00000000
00000000
01000000
10000000
,
01000000
00000000
00100100
00010000
00100000
00000000
00000100
00000000
,
10000000
00000000
01000100
00100000
00000000
00000000
00000100
00000000
,
10010000
00000000
00000101
00000000
01010000
00000000
00100000
10000000
,
01000000
00000000
00100100
00000000
00010100
00000000
00000010
00001000
,
00000010
00000000
01000100
00000001
00000100
00000000
01000000
00000000
,
00000010
00000000
01000001
00000100
00000000
00000000
01000000
00000000
,
00001001
00000000
11000000
00000000
00000101
00000000
00000010
00001000
,
00000100
01000010
01000001
00000000
,
01000010
00000000
00010000
00100000
00010000
00000000
10000000
00000000
,
10000010
00000000
10000000
01000000
00000000
00000000
00000000
00000000
,
10000010
00000000
00010000
10000000
00010000
00000000
10000000
00000000
,
00010010
00000000
00000000
00000000
,
00101000
00000000
00000001
00000010
00000001
00000000
00001000
00000000
,
00100010
00000000
00000100
00000001
00000000
00000000
00000000
00000000
,
00101000
00000000
00000100
00000010
00000100
00000000
00001000
00000000
,
00100001
00000000
00000000
00000000
,
10000000
00000000
10000000
00000000
00000010
00000100
00000010
00000000
,
10000000
00000000
10000000
00000000
00001000
00000100
00001000
00000000
,
10010000
10010000
00000001
00000100
,
10010000
01100000
00001000
00000100
,
00000001
00000000
00000001
00000000
00010000
10000000
00010000
00000000
,
00000001
00000000
00000001
00000000
01000000
00100000
01000000
00000000
,
00001001
00001001
00010000
01000000
,
00001001
00000110
10000000
01000000
,
01000100
00000000
00100010
00010001
00000000
10001000
00000000
10001000
,
01000100
00000000
00100010
00010001
00000000
00010001
00100010
01000100
,
10001000
00000000
01000100
00100010
00000000
01000100
10001000
00000000
00010001
00000000
00000000
00000000
00100010
00000000
00000000
00000000
,
01000100
00000000
10001000
00100010
00000000
01000100
00010001
00000000
01000100
00000000
00000000
00000000
00100010
00000000
00000000
00000000
,
10001000
00000000
01000100
00100010
00000000
00010001
00000000
10001000
,
00100010
00000000
01000100
00100010
00000000
10001000
01000100
00100010
,
00010000
00000000
01000000
00100000
00000000
10000000
01000000
00000000
00100000
00000000
00000000
00000000
00010000
00000000
00000000
00000000
,
00000001
00000000
00000100
00000010
00000000
00001000
00000100
00000000
00000010
00000000
00000000
00000000
00000001
00000000
00000000
00000000
,
01100110
00000000
00000000
00000000
;

//---------------dance-double - ----------------
#NOTES:
     dance-double:
     :
     Easy:
     3:
     0.215,0.277,0.043,0.000,0.000:
00000000
00000000
00000000
00000000
,
00000000
00000000
00000000
00000000
,
00000000
00000000
00000000
00000000
,
00000000
00000000
00000000
00000000
,
00000000
00000000
00000000
00000000
,
00000000
00000000
00000000
00000000
,
00010000
00000000
00001000
00000000
,
00000100
00000000
00000001
00000000
,
00001000
00000000
00000000
00000000
,
00011000
00000000
00000000
00000000
,
00100000
00100000
01000000
10000000
,
00010000
01000000
10000000
00100000
,
01000000
01000000
00001000
00000100
,
00000010
00000010
00010000
01000000
,
00100000
00100000
01000000
10000000
,
00010000
01000000
10000000
00100000
,
01000000
01000000
00001000
00000100
,
00000010
00000010
00010000
01000000
,
10010000
00000000
00000000
00000000
,
00001000
00000000
00001000
00000000
,
00010000
00001000
00000100
00000000
,
00000001
00000001
00000001
00000000
,
00001000
00001000
00001000
00000000
,
00000100
00000000
00010000
00000000
,
00001000
00100000
01000000
00000000
,
10000000
00010000
01000000
00100000
,
10000000
00010000
01000000
00000000
,
00100000
00000000
10000000
00000000
,
01000000
00000000
00010000
00000000
,
00001000
00000000
00000100
00000000
,
00000001
00000000
00000010
00000000
,
00000010
00000000
00000001
00000000
,
00000100
00000000
00001000
00000000
,
00010000
00000000
01000000
10000000
,
01100000
00000000
00000000
00000000
,
00100000
00100000
01000000
10000000
,
00010000
01000000
10000000
00100000
,
01000000
01000000
00001000
00000100
,
00000010
00000010
00010000
01000000
,
00100000
00100000
01000000
10000000
,
00010000
01000000
10000000
00100000
,
01000000
01000000
00001000
00000100
,
00000010
00000010
00010000
01000000
,
10000000
00000000
00010000
00000000
,
10000000
00000000
00010000
00000000
,
01000000
01000000
00010000
00010000
,
00000100
00000100
00000001
00000001
,
00001000
00000000
00000001
00000000
,
00000010
00000000
00000001
00000000
,
00001000
00001000
01000000
01000000
,
10000000
10000000
00010000
00010000
,
10010000
00000000
00000000
00000000
;

//---------------dance-double - ----------------
#NOTES:
     dance-double:
     :
     Medium:
     5:
     0.347,0.387,0.510,0.000,0.000:
00000000
00000000
00000000
00000000
,
00000000
00000000
00000000
00000000
,
00000000
00000000
00000000
00000000
,
00000000
00000000
00000000
00000000
,
00000000
00000000
00000000
00000000
,
00000000
00000000
00000000
00000000
,
00000001
00000010
00000100
00010000
,
00001000
00100000
01000000
10000000
,
00010000
00000000
01000000
01000000
00000000
00100000
00100000
00000000
,
10010000
00000000
01000000
01000000
00000000
00000000
00000000
00000000
,
00011000
00000000
00001010
00000000
00000000
00000001
00000001
00000000
,
00001100
00000000
00011000
00000000
00000000
00100000
00100000
00000000
,
10010000
01100000
00001000
00010000
,
00001010
00000101
00001000
00000100
,
00011000
00000000
00110000
00000000
00000000
10000000
10000000
00000000
,
01100000
00000000
10010000
00000000
00000000
01000000
01000000
00000000
,
00011000
00001010
00000100
00000001
,
00001100
00011000
00100000
01000000
,
10010000
00000000
00000000
00000000
,
00100000
00001000
00010000
00000000
00000100
00010000
00001000
00000000
,
00100000
00010000
01000000
00000000
11000000
00000000
00000000
00000000
,
00100000
00001000
00010000
00000100
,
00000010
00000001
00001100
00000000
,
00010000
00001000
01000000
00000000
00010000
10000000
01000000
00000000
,
00100000
00001000
00010000
00000000
00001010
00000000
00000000
00000000
,
00010000
00000100
00000010
00000001
,
00001000
00000100
00011000
00000000
,
00100000
00000000
01000000
10000000
00000000
10000000
01000000
00000000
,
00100000
00000000
00001000
00010000
00000000
00000000
00000000
00000000
,
00000010
00000100
00000001
00001000
,
00000110
00000000
00000000
00000000
,
00010000
00001000
00010000
00000100
00000000
00010000
00001000
00000000
,
00100000
00000000
00010000
01000000
00000000
00000000
00000000
00000000
,
00001000
00010000
00000010
00000100
,
00001001
00000000
00000000
00000000
,
00011000
00000000
01010000
00000000
00000000
00100000
00100000
00000000
,
10010000
00000000
01100000
00000000
00000000
00010000
00010000
00000000
,
00011000
00001010
00000001
00000010
,
00001100
00011000
00100000
00010000
,
11000000
00000000
01010000
00000000
00000000
00001000
00001000
00000000
,
00011000
00000000
00001010
00000000
00000000
00000100
00000100
00000000
,
00011000
00110000
10000000
01000000
,
00110000
00011000
00000100
00000010
,
00000001
00000100
00000010
00010000
,
00001000
00100000
01000000
10000000
,
01010000
00000000
00001000
00001000
00000000
00010000
00010000
00000000
,
00001010
00000000
00000100
00000100
00000000
00000000
00001001
00000000
,
00000010
00000100
00010000
00001000
,
00100000
01000000
10000000
00100000
,
01010000
00000000
00001000
00001000
00000000
00010000
00010000
00000000
,
00001010
00000000
00000001
00000001
00000000
00000000
00000110
00000000
,
00011000
00000000
00000000
00000000
;

//---------------dance-double - ----------------
#NOTES:
     dance-double:
     :
     Hard:
     7:
     0.420,0.443,0.293,0.000,0.000:
00000000
00000000
00000000
00000000
,
00000000
00000000
00000000
00000000
,
00000000
00000000
00000000
00000000
,
00000000
00000000
00000000
00000000
,
00000000
00000000
00000000
00000000
,
00000000
00000000
00000000
00000000
,
10000000
00010000
00100000
00001000
00000000
00010000
00000000
00010000
,
00000100
00000010
00000001
00000100
00000000
00000010
00000010
00000010
,
00010000
00001000
00100000
00010000
00000000
01000000
00000000
01000000
,
00100000
10000000
01000000
00100000
00000000
00010000
00010000
00010000
,
01000000
00000000
00001000
00010000
00000100
00001000
00000100
00000000
,
00010000
00001000
00010000
00000000
00000010
00001000
00000010
00000000
,
00000100
00000001
00000100
00000001
00000100
00000000
00001100
00000000
,
00010000
00001000
00010000
00001000
00010000
00000000
00110000
00000000
,
10000000
00000000
00100000
01000000
00010000
00100000
00001000
00000000
,
00010000
00000010
00001000
00000000
00000100
00010000
00001000
00000000
,
00100000
00010000
01000000
00100000
10000000
00000000
01010000
00000000
,
00100000
00001000
00010000
00000100
00001000
00000000
00000101
00000000
,
00001100
00000000
00000000
00000000
,
00010000
00001000
00100000
00000000
00010000
01000000
00100000
00000000
,
10000000
01000000
00100000
00010000
01000000
00000000
00000000
00000000
,
00011000
00001001
00000110
00011000
,
00100000
00010000
10000000
01000000
00100000
00000000
00000000
00000000
,
00010000
01000000
00001000
00000000
00010000
00001000
00100000
00000000
,
00001000
00010000
00000010
00001000
00000100
00000000
00000000
00000000
,
00011000
10010000
01100000
00011000
,
00000010
00000100
00000001
00000000
00001100
00000000
00000000
00000000
,
00010000
00000000
00001000
00001000
00001000
00000000
00100000
00010000
,
00100000
00000000
01000000
10000000
00000000
00000000
00000000
00000000
,
00100000
01000000
00001000
00010000
00000100
00000000
00000010
00000001
,
00000000
00000001
00000000
00000000
00000000
00000000
00000000
00000000
,
00001000
00000000
00000100
00010000
00001000
00000000
00100000
00010000
,
10000000
00000000
00100000
01000000
00000000
00000000
00000000
00000000
,
00010000
00100000
00001000
00010000
00000010
00000000
00001001
00000000
,
00000100
00000010
00001000
00000100
,
00010000
00000000
00001000
00100000
00010000
01000000
00100000
00000000
,
10000000
01000000
00100000
00010000
01000000
00001000
00001000
00000000
,
00010010
00000000
00001001
00000000
00000100
00000010
00000010
00000000
,
00011000
00000000
10010000
00000000
01000000
00100000
00100000
00000000
,
10000000
01000000
00100000
00010000
01000000
00000000
00011000
00000000
,
00000010
00001000
00000100
00000010
00000000
00000001
00000001
00000000
,
00001000
00000100
00010000
00001000
00100000
00000000
10010000
00000000
,
01000000
00010000
01000000
00000000
00011000
00000000
00001001
00000000
,
00000100
00000010
00001000
00000100
00000000
00010000
00000000
00010000
,
00001000
00100000
01000000
10000000
00000000
00100000
01000000
00000000
,
00010000
01000000
00001000
00010000
00000010
00000000
00001001
00000000
,
00000010
00000100
00010000
00001000
00000000
00100000
00100000
00000000
,
01000000
10000000
00100000
01000000
00010000
00000000
00011000
00000000
,
00000010
00000100
00000001
00000010
00000000
00000100
00000100
00000000
,
00010000
00001000
00100000
00010000
10000000
00000000
01100000
00000000
,
00001000
00000000
00010000
00000100
00000000
00000010
00000001
00000000
,
00001100
00000000
00000000
00000000
;

//---------------dance-solo - ----------------
#NOTES:
     dance-solo:
     :
     Easy:
     4:
     0.236,0.277,0.033,0.000,0.000:
000000
000000
000000
000000
,
000000
000000
000000
000000
,
000000
000000
000000
000000
,
000000
000000
000000
000000
,
000000
000000
000000
000000
,
000000
000000
000000
000000
,
000010
000000
001000
000000
,
010000
000000
001000
000000
,
000100
001000
000010
010000
,
000001
000001
100000
100000
,
000010
001000
100000
001000
,
000001
001000
010000
001000
,
000010
000010
100000
000001
,
001000
001000
100000
000001
,
010000
001000
000001
001000
,
100000
001000
000010
001000
,
000100
000100
100000
000001
,
001000
001000
100000
000010
,
100001
000000
000000
000000
,
000010
000010
100000
000001
,
010000
010000
000001
001000
,
000010
010000
001000
000000
,
010000
000010
001000
000000
,
010000
010000
000001
100000
,
000010
000010
100000
001000
,
000010
010000
001000
000000
,
010000
000010
001000
000000
,
000100
000000
000100
000000
,
001000
000000
001000
000000
,
000001
001000
100000
001000
,
000010
000010
010000
010000
,
001000
000000
001000
000000
,
000100
000000
000100
000000
,
100000
001000
000001
001000
,
001000
001000
001000
000000
,
000010
001000
100000
001000
,
000001
001000
010000
001000
,
000100
000100
100000
000010
,
001000
001000
100000
000001
,
010000
001000
000001
001000
,
100000
001000
000010
001000
,
000100
000100
100000
000001
,
001000
001000
010000
000001
,
100000
000000
000000
000000
,
000001
000000
000000
000000
,
010000
010000
000001
100000
,
000010
000010
100000
000001
,
010000
000000
000000
000000
,
000001
000000
000000
000000
,
000100
001000
000010
100001
,
001000
001000
000001
010000
,
100001
000000
000000
000000
;

//---------------dance-solo - ----------------
#NOTES:
     dance-solo:
     :
     Medium:
     5:
     0.346,0.387,0.401,0.000,0.000:
000000
000000
000000
000000
,
000000
000000
000000
000000
,
000000
000000
000000
000000
,
000000
000000
000000
000000
,
000000
000000
000000
000000
,
000000
000000
000000
000000
,
000010
001000
100000
001000
,
000001
001000
010000
001000
,
000010
000010
010000
010000
,
001000
001000
100000
100000
,
000010
000000
010000
000000
000001
100000
001000
000000
,
010000
000000
000010
000000
100000
000001
001000
000000
,
010100
010010
001000
001000
,
000110
010010
001000
001000
,
000010
000000
010000
000000
000001
100000
001000
000000
,
010000
000000
000010
000000
100000
000001
001000
000000
,
010100
010010
001000
001000
,
000110
010010
001000
001000
,
100001
000000
000000
000000
,
010000
000000
000010
010000
000001
000000
010000
000010
,
100000
000000
100000
000001
000000
000000
000000
000000
,
010010
000000
001001
000000
101000
000000
000001
100000
,
001000
000100
100001
000000
,
000001
100000
000010
010000
,
001000
000000
100000
000001
000000
000000
000000
000000
,
010010
000000
001001
000000
101000
000000
000001
100000
,
001000
000000
000100
001000
000000
000000
000000
000000
,
000100
000000
100000
000001
001000
000000
010000
000000
,
000010
000000
100000
000001
000000
000000
000000
000000
,
000100
001000
100000
000001
,
001000
001000
000100
000100
,
100000
000000
000001
001000
000001
000000
010000
000000
,
000010
000000
100000
001000
000000
000000
000000
000000
,
100000
000000
001000
000100
001000
000000
010000
000000
,
000010
001000
001000
000000
,
000010
000000
010000
000000
000001
100000
001000
000000
,
010000
000000
000010
000000
100000
000001
001000
000000
,
000110
010010
001000
001000
,
010100
010010
001000
001000
,
000010
000000
010000
000000
000001
100000
001000
000000
,
010000
000000
000010
000000
100000
000001
001000
000000
,
000110
010010
001000
001000
,
010100
010010
001000
001000
,
100000
001000
000001
001000
,
010000
000010
100000
001000
,
000110
101000
000001
000001
,
010100
001001
100000
001000
,
000100
000001
100000
001000
,
100000
000001
000100
001000
,
000110
000110
101000
101000
,
010100
010100
001001
001001
,
100001
000000
000000
000000
;

//---------------dance-solo - ----------------
#NOTES:
     dance-solo:
     :
     Hard:
     7:
     0.389,0.470,0.239,0.000,0.130:
000000
000000
000000
000000
,
000000
000000
000000
000000
,
000000
000000
000000
000000
,
000000
000000
000000
000000
,
000000
000000
000000
000000
,
000000
000000
000000
000000
,
010000
000000
000001
001000
000001
000000
000100
000000
,
001000
100000
001000
100000
000000
000001
010000
000000
,
000010
000010
100000
100000
,
000001
100000
000001
001000
000000
100000
001000
000000
,
010000
000000
000001
000000
100000
000001
001000
000000
,
000010
000000
100000
000000
000001
100000
001000
000000
,
100000
000000
000100
100000
000000
000100
100000
000000
000010
000000
000000
000000
001000
000000
000000
000000
,
000001
000000
000100
000001
000000
000100
000001
000000
010000
000000
000000
000000
001000
000000
000000
000000
,
000010
000000
100000
000000
000001
100000
001000
000000
,
010000
000000
000001
000000
100000
000001
001000
000000
,
000001
000000
000100
000001
000000
000100
000001
000000
010000
000000
000000
000000
001000
000000
000000
000000
,
100000
000000
000100
100000
000000
000100
100000
000000
000010
000000
000000
000000
001000
000000
000000
000000
,
100001
000000
000000
000000
000000
000000
000000
000100
,
001000
000000
100000
000001
001000
000000
010000
000010
,
001000
000000
100000
000001
000000
000000
000000
000000
,
010010
000000
101000
000000
001001
000000
100000
001000
,
100001
000000
000100
000000
010010
000000
000001
100000
,
001000
100000
000001
001000
,
000100
000000
100000
000001
000000
000000
000000
000000
,
010010
101000
001001
100000
,
000001
000000
000100
001000
000000
000000
000000
000000
,
100000
000000
000001
001000
000001
000000
100000
000000
,
000001
000000
000100
000001
000000
000000
000000
000000
,
010000
010000
000010
000010
,
000100
000001
100000
001000
,
000001
000000
100000
001000
100000
000000
000010
000000
,
010000
000000
000001
100000
000000
000000
000000
000000
,
000010
000000
000010
010000
001000
000000
100000
000000
,
001000
001000
001000
000000
,
010000
000000
000001
000000
100000
000001
001000
000000
,
000010
000000
100000
000000
000001
100000
001000
000000
,
100000
000000
000100
100000
000000
000100
100000
000000
000010
000000
000000
000000
001000
000000
000000
000000
,
000001
000000
000100
000001
000000
000100
000001
000000
010000
000000
000000
000000
001000
000000
000000
000000
,
000010
000000
100000
000000
000001
100000
001000
000000
,
010000
000000
000001
000000
100000
000001
001000
000000
,
000001
000000
000100
000001
000000
000100
000001
000000
010000
000000
000000
000000
001000
000000
000000
000000
,
100000
000000
000100
100000
000000
000100
100000
000000
000010
000000
000000
000000
001000
000000
000000
000000
,
000010
101000
010000
001001
,
100000
101000
000001
001001
,
000001
000000
000100
000001
000000
000100
000001
000000
010000
000000
000000
000000
001000
000000
000000
000000
,
100000
000000
000100
100000
000000
000100
100000
000000
000010
000000
000000
000000
001000
000000
000000
000000
,
000001
101000
100000
001001
,
101000
101000
001001
001001
,
000001
000000
000100
000001
000000
000100
000001
000000
010000
000000
000000
000000
101000
000000
000000
000000
,
100000
000000
000100
100000
000000
000100
100000
000000
000010
000000
000000
000000
001001
000000
000000
000000
,
100001
000000
000000
000000
;
