#TITLE:CANDY☆;
#SUBTITLE:;
#ARTIST:Luv UNLIMITED;
#TITLETRANSLIT:;
#SUBTITLETRANSLIT:;
#ARTISTTRANSLIT:;
#CREDIT:;
#BANNER:CANDY STAR.png;
#BACKGROUND:CANDY STAR-bg.png;
#LYRICSPATH:;
#CDTITLE:./CDTITLES/DDRMAX -Dance Dance Revolution 6thMIX-.PNG;
#MUSIC:CANDY STAR.ogg;
#OFFSET:0.000;
#SAMPLESTART:33.753;
#SAMPLELENGTH:15.000;
#SELECTABLE:YES;
#DISPLAYBPM:192.000;
#BPMS:0.000=192.513,4.000=192.000;
#STOPS:;
#BGCHANGES:;

//---------------dance-single - ----------------
#NOTES:
     dance-single:
     :
     Beginner:
     4:
     0.157,0.311,0.111,0.000,0.000:
0000
0000
0000
0000
,
0000
0000
0000
0000
,
0000
0000
0000
0000
,
0000
0000
0000
0000
,
0000
0000
0000
0000
,
0010
0000
0000
0000
,
0100
0000
0000
0000
,
0001
0000
0000
0000
,
0001
0000
0000
0000
,
0010
0000
0000
0000
,
0100
0000
0000
0000
,
1001
0000
0000
0000
,
1000
0000
0000
0000
,
0110
0000
0000
0000
,
0001
0000
0000
0000
,
1001
0000
0000
0000
,
0001
0000
0000
0000
,
0110
0000
0000
0000
,
1000
0000
0001
0001
,
0001
0000
0000
0000
,
1000
0000
0000
0000
,
0001
0000
0000
0000
,
0001
0000
0000
0000
,
1000
0000
0000
0000
,
1000
0000
0000
0000
,
1000
0000
0000
0000
,
0001
0001
0001
0000
,
0010
0000
0010
0000
,
0100
0000
0100
0000
,
0010
0000
0010
0000
,
0100
0000
0100
0000
,
0001
0000
0000
0000
,
1000
0000
0000
0000
,
0001
0000
0000
0000
,
0100
0000
0000
0000
,
0001
0000
0001
0000
,
1000
0000
1000
0000
,
0001
0000
0001
0000
,
1000
0000
1000
0000
,
0010
0000
0000
0000
,
0010
0000
0000
0000
,
0100
0000
0000
0000
,
0100
0000
0000
0000
,
1000
0000
0000
0000
,
0100
0000
0000
0000
,
1000
0000
0000
0000
,
0100
0000
0000
0000
,
1000
0000
0000
0000
,
0010
0000
0000
0000
,
1000
0000
0000
0000
,
0010
0000
0000
0000
,
1000
1000
1000
0000
,
1000
0000
0000
0000
,
0010
0010
0010
0000
,
0010
0000
0000
0000
,
1001
0000
0000
0000
,
0001
0000
0000
0000
,
1000
0000
0000
0000
,
0001
0000
0000
0000
,
0010
0010
0010
0000
,
0010
0000
0000
0000
,
0001
0001
0001
0000
,
0001
0000
0000
0000
,
1001
0000
0000
0000
,
0001
0000
0000
0000
,
1000
0000
0000
0000
,
0001
0000
0000
0000
,
1001
0000
0100
0000
,
0110
0000
0001
0000
,
1001
0000
0100
0000
,
1001
0000
0000
0000
,
0000
0000
0000
0000
;

//---------------dance-single - ----------------
#NOTES:
     dance-single:
     :
     Easy:
     6:
     0.289,0.350,0.133,0.000,0.000:
0000
0000
0000
0000
,
0000
0000
0000
0000
,
0000
0000
0000
0000
,
0000
0000
0000
0000
,
0000
0000
0000
0000
,
0010
0000
1001
0000
,
0100
0100
1001
0000
,
0001
0000
0001
0000
,
0001
0001
0001
0000
,
0010
0000
0010
0000
,
0100
0000
0100
0000
,
1000
0000
1001
0000
,
1000
0001
1000
0000
,
0001
0000
0001
0000
,
0001
1000
1001
0000
,
1000
0000
1000
0000
,
0001
0000
0001
0000
,
1000
0000
0001
0000
,
1000
1000
0001
0000
,
0001
0000
1001
0000
,
1000
0001
0100
0000
,
0001
0000
0001
0000
,
0001
1000
0100
0000
,
1000
0000
0001
0000
,
1000
0001
0100
0000
,
1000
0000
1000
0000
,
0001
1000
0100
0000
,
0010
1000
0100
0000
,
0100
1000
0010
0000
,
0010
1000
0100
0000
,
0100
1000
0010
0000
,
0001
0000
0001
0000
,
1000
0000
1000
0000
,
0001
0000
0001
0000
,
0100
0000
0100
0000
,
0010
0001
0100
0000
,
0100
0001
0010
0000
,
0010
0001
0100
0000
,
0100
0001
0010
0000
,
0010
0000
1000
0000
,
0010
0000
1000
0000
,
0100
0000
0001
0000
,
0100
0000
0001
0000
,
1000
0010
0001
0010
,
0100
0010
0100
0010
,
1000
0010
0001
0010
,
0100
0010
0100
0010
,
1000
0100
0001
0100
,
0010
0100
0010
0100
,
1000
0100
0001
0100
,
0010
0100
0010
0100
,
1000
0000
0001
0000
,
1000
0000
0001
0000
,
0010
0000
0100
0000
,
0010
1000
0100
0000
,
1001
0000
1000
0000
,
0001
0000
1001
0000
,
1000
0100
0001
0000
,
0001
0100
1000
0000
,
1000
0000
0001
0000
,
1000
0000
0001
0000
,
0010
0000
0100
0000
,
0010
1000
0100
0000
,
1001
0000
1000
0000
,
0001
0000
1001
0000
,
1000
0100
0001
0000
,
0001
0100
1000
0000
,
1000
0000
1001
0000
,
0001
0000
1001
0000
,
0010
0000
0100
0000
,
1001
0000
0000
0000
,
0000
0000
0000
0000
;

//---------------dance-single - ----------------
#NOTES:
     dance-single:
     :
     Medium:
     7:
     0.424,0.428,0.167,0.178,0.000:
0000
0000
0000
0000
,
0000
0000
0000
0000
,
0000
0000
0000
0000
,
0000
0000
0000
0000
,
0000
0000
0000
0000
,
0001
0000
0000
0000
,
1000
0000
0000
0000
,
0001
0000
1000
0000
,
0001
1000
0100
0000
,
1000
0000
0000
1000
0000
0000
0000
0000
,
0001
0000
0000
0001
0000
0000
0000
0000
,
0010
0001
1000
1001
,
0100
1000
0001
1001
,
0010
0001
0100
1000
,
0010
1000
0100
0100
,
0010
1000
0001
1001
,
0100
0001
1000
1001
,
0010
1000
0001
0010
,
0100
1000
0001
0000
,
0110
0001
0110
1000
,
0010
0100
0001
0010
,
1100
0010
1000
0100
,
0010
0001
1000
1000
,
0010
1000
0100
1000
,
0001
0101
1000
0100
,
0010
0110
0001
0010
,
0100
1000
0010
0000
,
0010
0000
0001
0000
0100
0000
0001
1000
,
0000
1000
0001
0000
0100
0000
0001
0000
,
0010
0000
0100
0000
1000
0000
0100
0010
,
0000
0010
0100
0000
1000
0000
0001
0000
,
2000
0000
0200
3300
,
0001
0100
1000
1000
,
0010
0000
1000
0000
0100
0000
0010
0100
,
0000
1000
0001
0000
0100
0000
0010
0000
,
0010
0000
1000
0000
0100
0000
1000
0001
,
0000
0001
1000
0000
0100
0000
1000
0000
,
0010
0000
0100
0000
0001
0000
0100
0010
,
0000
0010
0100
0000
0001
0000
1000
0000
,
0020
0000
0200
0330
,
0001
0001
1000
0001
,
0010
0000
0001
0000
1000
0000
0010
0100
,
0000
0001
1000
0000
0001
0000
0100
0000
,
2000
0000
3010
0000
,
0002
0000
0013
0000
,
2000
3000
0002
0003
,
0100
0001
1000
0100
,
2000
0000
3010
0000
,
0002
0000
0013
0000
,
0200
0300
0020
0030
,
0001
1000
0001
0100
,
0010
0000
1001
0000
0100
0000
0001
1000
,
0000
1000
0001
0000
0100
0000
1001
0000
,
0001
0000
0101
0000
1000
0000
1000
0100
,
0000
0001
0100
0000
1000
0000
0100
0000
,
0020
0030
0200
0300
,
0010
0100
0010
0100
,
0010
1000
0100
1000
,
1000
0100
0001
0100
,
1000
0000
1100
0000
0001
0000
0001
0100
,
0000
1000
0100
0000
0001
0000
0100
0000
,
0010
0000
1001
0000
0100
0000
1000
0001
,
0000
0001
1000
0000
0100
0000
1001
0000
,
2000
0000
0002
3003
,
1000
0100
0001
0100
,
0010
1000
0001
0010
,
0100
1000
0001
0100
,
1000
0100
0001
0100
,
1000
1000
0001
0001
,
1000
0100
0001
0010
,
1000
0000
0000
0000
,
0000
0000
0000
0000
;

//---------------dance-single - ----------------
#NOTES:
     dance-single:
     :
     Hard:
     11:
     0.613,0.583,0.333,0.322,0.000:
0000
0000
0000
0000
,
0000
0000
0000
0000
,
0000
0000
0000
0000
,
0000
0000
0000
0000
,
0000
0000
0000
0000
,
1100
0000
0001
0000
1000
0010
0001
0010
,
0000
1000
0000
0100
0001
1000
0100
0000
,
0001
0000
1000
0000
0001
0100
0010
1000
,
0100
1000
0010
0100
0000
1000
0010
0000
,
1002
0100
0010
1003
,
2001
0010
0100
3001
,
1000
0000
0110
0000
0001
0010
0100
1000
,
0000
0010
0001
0000
0100
1000
0010
0001
,
1000
0000
0110
0000
0001
0010
0100
1000
,
0000
0010
0001
0000
0100
1000
0010
0001
,
1000
0000
0100
0000
0010
1000
0001
0010
,
0000
1000
0010
0000
0001
0100
1000
0010
,
1000
0000
0100
0000
0010
1000
0001
0010
,
0000
1000
0010
0001
0100
0000
1000
0000
,
0001
0000
0010
0000
1000
0010
0001
0010
,
0000
0001
0100
0000
1000
0100
0001
0100
,
1000
0000
0010
0000
0001
0010
1000
0010
,
0000
1000
0100
0000
0001
0100
1000
0100
,
0010
0000
0001
0000
0100
0001
0010
0001
,
0000
1000
0010
0000
0100
1000
0010
0100
,
0010
0000
0001
0000
0100
0001
0010
0001
,
0000
1000
0010
0100
1000
0000
0010
0000
,
0001
0000
0120
0000
2030
0000
3001
0010
,
0000
2000
0100
0000
3010
0000
0001
0000
,
1000
0000
0120
0000
0032
0000
1003
0010
,
0000
0002
0100
0000
0013
0000
1000
0000
,
0020
0000
0030
0010
0010
0000
0000
0000
,
0200
2300
3002
0103
,
0010
0000
2000
0000
0001
0000
3001
0100
,
0000
0200
1000
0300
0100
0000
0001
0000
,
1000
0000
0120
0000
0032
0000
1003
0010
,
0000
0002
0100
0000
0013
0000
1000
0000
,
0001
0000
0120
0000
2030
0000
3001
0010
,
0000
2000
0100
0000
3010
0000
0001
0000
,
0020
0000
0030
0010
0010
0000
0000
0000
,
0200
0302
2003
3100
,
0010
0000
0002
0000
1000
0000
1003
0100
,
0000
0200
0001
0300
0100
0000
1000
0000
,
1001
0000
1000
0100
0000
1000
0100
0000
,
0100
1000
0000
1000
0100
0000
1100
0000
,
1001
0000
0100
1000
0000
0100
1000
0000
,
0100
1000
0000
1000
0100
0000
1100
0000
,
1001
0000
0100
0001
0000
0001
0100
0000
,
0100
0001
0000
0001
0100
0000
0101
0000
,
1001
0000
0001
0100
0000
0001
0100
0000
,
0001
0100
0000
0001
0000
0100
0001
0000
,
1100
0000
0101
0000
1100
0000
0001
0100
,
0000
1000
0100
0000
0101
0000
1100
0000
,
0010
0000
0001
0000
0100
0000
0001
0010
,
0000
0001
0100
0000
0010
0000
0100
0000
,
1100
0101
1100
0101
,
0010
1000
0100
0001
,
0010
0000
1000
0000
0100
0000
0010
1000
,
0000
0100
1000
0000
0100
0000
0010
0000
,
0001
0000
0010
0000
1000
0001
0010
1000
,
0000
0001
0010
0000
1000
0010
0001
1000
,
0001
0000
0010
0000
1000
0001
0100
1000
,
0000
0001
0100
0000
1000
0100
0001
0000
,
1000
1001
0001
1001
,
2001
3002
2003
3001
,
0110
0000
0001
0000
1100
0000
0001
0100
,
0000
0010
1000
0000
0001
0000
0100
0000
,
1000
0000
1000
0100
0000
0001
0100
0100
,
0001
0000
0001
0100
0000
0100
1000
0100
,
1000
0000
0100
0001
0000
0100
0001
0100
,
1000
0000
0000
0000
,
0000
0000
0000
0000
;

//---------------dance-double - ----------------
#NOTES:
     dance-double:
     :
     Easy:
     5:
     0.316,0.350,0.011,0.000,0.000:
00000000
00000000
00000000
00000000
,
00000000
00000000
00000000
00000000
,
00000000
00000000
00000000
00000000
,
00000000
00000000
00000000
00000000
,
00000000
00000000
00000000
00000000
,
00100000
00000000
00100000
00000000
,
10000000
01000000
00010000
00011000
,
00000010
00000000
00000100
00000000
,
00001000
00010000
00001000
00000000
,
00100000
00000000
00010000
00000000
,
10000000
01000000
10000000
01000000
,
00010000
00010000
01000000
01000000
,
00001000
00001000
00010000
00010000
,
00000010
00000000
00001000
00000000
,
00000001
00000000
00000100
00000000
,
00001000
00001000
00000100
00000100
,
00010000
00010000
00001000
00001000
,
00100000
00000000
00010000
00000000
,
10000000
00000000
01000000
00000000
,
00100000
10000000
01000000
01000000
,
00010000
00000000
00001000
00000000
,
00010000
00000010
00000100
00000100
,
00000001
00000000
00000100
00000000
,
00000010
00000001
00000100
00000100
,
00001000
00000000
00010000
00000000
,
00001000
00100000
01000000
01000000
,
10000000
00000000
01000000
00000000
,
00010000
10000000
00010000
10000000
,
00010000
10000000
00010000
00000000
,
00001000
00010000
00001000
00010000
,
00001000
00010000
00001000
00000000
,
00000010
00000000
00000010
00000000
,
00000100
00000000
00000100
00000000
,
00001000
00000000
00010000
00000000
,
00001000
00010000
00000100
00000000
,
00001000
00000001
00001000
00000001
,
00001000
00000001
00001000
00000000
,
00010000
00001000
00010000
00001000
,
00010000
00001000
00010000
00000000
,
00100000
00000000
00100000
00000000
,
01000000
00000000
01000000
00000000
,
00010000
00000000
00001000
00000000
,
00010000
00001000
01000000
01000000
,
00100000
00100000
00100000
00100000
,
10000000
10000000
10000000
10000000
,
01000000
01000000
01000000
01000000
,
00010000
00001000
00010000
00001000
,
00000100
00000100
00000100
00000100
,
00000001
00000001
00000001
00000001
,
00000010
00000010
00000010
00000010
,
00000100
00000100
00010000
00000000
,
00001000
00010000
00001000
00010000
,
00001000
00010000
00001000
00000000
,
00100000
01000000
00100000
01000000
,
00100000
01000000
00100000
00000000
,
00001000
00000000
00010000
00000000
,
00000010
00000000
00000100
00000000
,
00000001
00000000
00001000
00000000
,
00000010
00000010
00000100
00000100
,
00010000
00001000
00010000
00001000
,
00010000
00001000
00010000
00000000
,
00000010
00000100
00000010
00000100
,
00000010
00000100
00000010
00000000
,
00010000
00000000
00001000
00000000
,
00100000
00000000
01000000
00000000
,
10000000
00000000
00010000
00000000
,
00100000
00100000
01000000
01000000
,
10000000
00000000
01000000
00000000
,
00010000
00000000
00001000
00000000
,
00000100
00000000
00000001
00000000
,
00000001
00000000
00000000
00000000
,
00000000
00000000
00000000
00000000
;

//---------------dance-double - ----------------
#NOTES:
     dance-double:
     :
     Medium:
     8:
     0.390,0.428,0.133,0.300,0.000:
00000000
00000000
00000000
00000000
,
00000000
00000000
00000000
00000000
,
00000000
00000000
00000000
00000000
,
00000000
00000000
00000000
00000000
,
00000000
00000000
00000000
00000000
,
10000000
00000000
01000000
00000000
00100000
00010000
01000000
00001000
,
00000000
00001000
00000000
00001000
00010000
00001000
00010000
00000000
,
00000010
00000000
00001000
00000000
00000100
00000010
00000001
00000000
,
00000100
00000010
00000000
00001001
00000000
00000000
00000000
00000000
,
00000200
00000000
00000000
00000300
,
00010000
00010000
00010000
00010000
,
00001000
00000000
00100000
00000000
00010000
00000000
00000000
10000000
,
00000000
10000000
01000000
00000000
00100000
00000000
00000000
00000000
,
00001000
00000000
00010000
00000000
00000100
00000000
00000000
00000010
,
00000000
00000010
00000001
00000000
00000100
00000000
00000000
00000000
,
00001000
00000000
00010000
00000000
01000000
00000000
00000000
10000000
,
00000000
10000000
00100000
00000000
01000000
00000000
00000000
00000000
,
00001000
00010000
00000010
00000000
,
00000100
00000001
00000010
00000100
,
00002000
00000000
00003001
00000000
00000000
00000000
00000100
00001000
,
00000000
00010000
00001000
00000000
01000000
00000000
00000000
00000000
,
00200000
00000000
10300000
00000000
00000000
00000000
01000000
00100000
,
00000000
00001000
00010000
00000000
00000100
00000000
00000000
00000000
,
00000020
00000000
00000031
00000000
00000000
00000000
00001000
00000010
,
00000000
00000100
00001000
00000000
00010000
00000000
00000000
00000000
,
02000000
13000000
00000000
00010000
,
01000000
00100000
10000000
00000000
,
01000000
00010000
00001000
00000000
,
00000100
00001001
00001001
00000000
,
00000100
00010000
00001000
00000000
,
00100000
10010000
10010000
00000000
,
02000000
03000000
00200000
00000000
,
00300000
10000000
00100000
00010000
,
00001000
00000010
00000001
00000001
,
00001000
00000100
00000010
00000010
,
00000001
00000100
00001000
00000000
,
00010000
00110000
00110000
00000000
,
10000000
00100000
00010000
00000000
,
00001000
00001100
00001100
00000000
,
00000020
00000030
00000020
00000000
,
00000030
00000001
00000100
00000010
,
00010000
00001000
00100000
01000000
,
10000000
00100000
01000000
00010000
,
20000000
00000000
00000000
30000000
,
02000000
00000000
00000000
03000000
,
00020000
00000000
00000000
00030000
,
00002000
00000000
00003000
00000200
00000000
00000300
00000001
00000000
,
00000020
00000000
00000000
00000030
,
00000200
00000000
00000000
00000300
,
00020000
00000000
00000000
00030000
,
00001000
00000010
00010000
00100000
,
10000000
00000000
01000000
00000000
00100000
00000000
00000000
00010000
,
00000000
00010000
01000000
00000000
00001000
00000000
00000000
00000000
,
00010000
00000000
00001000
00000000
00000010
00000000
00000000
00000001
,
00000000
00000001
00000100
00000000
00000010
00000000
00000000
00000000
,
00002000
00003000
00000002
00000003
,
00000010
00000100
00001000
00000001
,
00000100
00001000
00010000
01000000
,
10000000
10000000
00010000
01000000
,
00100000
00000000
10000000
00000000
01000000
00000000
00000000
00010000
,
00000000
00010000
00001000
00000000
00011000
00000000
00000000
00000000
,
00000010
00000000
00000100
00000000
00000001
00000000
00000000
00000010
,
00000000
00000010
00000100
00000000
00001001
00000000
00000000
00000000
,
00000200
00000300
00002000
00003000
,
00010000
01000000
10000000
00010000
,
01000000
00000000
00100000
00000000
10000000
00000000
01000000
00010000
,
00000000
00010000
00001000
00000000
00000100
00000000
00000001
00000000
,
00002000
00000000
00003000
00002000
00000000
00003000
00000000
00000000
,
00000200
00000000
00000300
00000200
00000000
00000300
00000000
00000000
,
00020000
00000000
00030000
00002000
00000000
00003000
00100000
00000000
,
10010000
00000000
00000000
00000000
,
00000000
00000000
00000000
00000000
;

//---------------dance-double - ----------------
#NOTES:
     dance-double:
     :
     Hard:
     11:
     0.625,0.700,0.656,0.111,0.000:
00000000
00000000
00000000
00000000
,
00000000
00000000
00000000
00000000
,
00000000
00000000
00000000
00000000
,
00000000
00000000
00000000
00000000
,
00000000
00000000
00000000
00000000
,
00000110
00000000
00001001
00000000
00000001
00000100
00001000
00000100
,
00000000
00000001
00000000
00000010
00000100
00010000
00001000
01000000
,
00010000
00000000
10000000
00000000
00010000
01000000
00010000
01000000
,
10000000
01000000
10000000
01000000
00000000
00010000
00001000
00000000
,
00010010
00001000
00000100
00000001
,
00000100
00001000
00010000
01000000
,
01100000
00000000
00010000
00000000
00001000
00000100
00000001
00000100
,
00000000
00001000
00010000
00000000
00000100
00010000
00001000
01000000
,
00010000
00000000
00100000
00000000
10000000
01000000
00010000
01000000
,
00000000
01000000
10000000
00000000
00100000
01000000
00001000
00010000
,
00001000
00000000
00000110
00000000
00000001
00000000
00001000
00000100
,
00000000
00000001
00000100
00000000
00001000
00000000
00010000
00000000
,
01100000
00000000
10000000
00000000
01100000
00000000
00010000
01000000
,
00000000
10000000
01000000
00010000
01000000
00000000
00000000
00000000
,
01100000
00000000
00010000
00000000
00001000
00000100
00000001
00000100
,
00000000
00001000
00010000
00000000
00000100
00010000
00001000
01000000
,
00010000
00000000
00100000
00000000
10000000
01000000
00010000
01000000
,
00000000
01000000
10000000
00000000
00100000
01000000
00001000
00010000
,
00001000
00000000
00000110
00000000
00001001
00000000
00000010
00000001
,
00000000
00000001
00000100
00000000
00001000
00000000
00010000
00000000
,
01000000
00000000
01100000
00000000
10010000
00000000
00100000
10000000
,
00000000
10000000
01000000
00000000
00010000
00000000
00001000
00000000
,
00000010
00000000
00001000
00000000
00010000
00001000
00020000
00000000
,
00130000
00000000
00010000
00000000
00001000
00010000
00002000
00000000
,
00003100
00000000
00001000
00000000
00010000
00001000
00020000
00000000
,
01030000
00000000
00010000
00000000
00001000
00010000
00002000
00000000
,
00003100
00000000
00000000
00000100
00000010
00000000
00000000
00000000
,
00001001
00000100
00001000
00010000
,
01000000
00000000
00010000
00000000
00001000
00000000
00010000
00001000
,
00000000
00000100
00000001
00000000
00001100
00000000
00001001
00000000
,
00000010
00000100
00002002
00003003
,
00000100
00001000
00020000
01030000
,
00100000
01000000
20020000
30030000
,
01000000
00010000
00002000
00003100
,
00000001
00000000
00000000
00000100
00001000
00000000
00000000
00000000
,
00010000
01000000
01100000
00010000
,
00001000
00000000
00000100
00000000
00000110
00000000
00001000
00000100
,
00000000
00001000
00010000
00000000
01100000
00000000
10000000
00000000
,
01100000
10010000
11000000
01010000
,
10010000
00011000
00001001
00011000
,
00010100
00011000
00101000
00011000
,
00011000
10010000
00011000
00001001
,
00000110
00001001
00000101
00001100
,
00001001
00011000
10010000
00011000
,
01001000
01010000
01001000
00011000
,
00010100
00001100
00010100
00011000
,
00001001
00000000
00000100
00000000
00000001
00000010
00000100
00001000
,
00000000
00000010
00000100
00000000
00000001
00000010
00000100
00001000
,
00001001
00000000
00000100
00000000
00001000
00010000
00001000
00000100
,
00000000
00000100
00000010
00000000
00000100
00000001
00000100
00001000
,
00010000
01000000
10000000
01000000
,
00100000
00010000
01000000
00000000
00100000
10000000
01000000
00000000
,
00100000
00010000
00100000
01000000
00100000
00010000
10000000
01000000
,
10000000
01000000
00100000
01000000
00100000
00010000
01000000
00000000
,
10010000
00000000
01000000
00000000
10000000
00100000
01000000
00010000
,
00000000
00100000
01000000
00000000
10000000
00100000
01000000
00010000
,
10010000
00000000
01000000
00000000
00010000
00001000
00010000
01000000
,
00000000
01000000
00100000
00000000
01000000
10000000
01000000
00010000
,
00001000
00000100
00000001
00000100
,
00000010
00001000
00000100
00000000
00000010
00000001
00000100
00000000
,
00000010
00001000
00000010
00000100
00000010
00001000
00000001
00000100
,
00000001
00000100
00000010
00000100
00000010
00001000
00000100
00000000
,
00000001
00000110
00001000
00010000
,
01100000
10000000
01100000
00010000
,
10000000
01000000
00010000
00001000
,
00000100
00000000
00000000
00000000
,
00000000
00000000
00000000
00000000
;
