#TITLE:celebrate;
#SUBTITLE:;
#ARTIST:JJ COMPANY;
#TITLETRANSLIT:;
#SUBTITLETRANSLIT:;
#ARTISTTRANSLIT:;
#CREDIT:;
#BANNER:celebrate.png;
#BACKGROUND:celebrate-bg.png;
#LYRICSPATH:;
#CDTITLE:./CDTITLES/Dance Dance Revolution CLUB VERSION.png;
#MUSIC:celebrate.ogg;
#OFFSET:0.000;
#SAMPLESTART:17.911;
#SAMPLELENGTH:15.000;
#SELECTABLE:YES;
#DISPLAYBPM:134.000;
#BPMS:0.000=133.997;
#STOPS:;
#BGCHANGES:;

//---------------dance-single - ----------------
#NOTES:
     dance-single:
     :
     Beginner:
     1:
     0.117,0.176,0.091,0.000,0.000:
0000
0000
0000
0000
,
0000
0000
0000
0000
,
0000
0000
0000
0000
,
0000
0000
0000
0000
,
0000
0000
0000
0000
,
0000
0000
0000
0000
,
0010
0000
0000
0000
,
0100
0000
0000
0000
,
0010
0000
0000
0000
,
0100
0000
0000
0000
,
0001
0000
0001
0000
,
1000
0000
1000
0000
,
0010
0000
0100
0000
,
0110
0000
0110
0000
,
0001
0000
0001
0000
,
1000
0000
1000
0000
,
0001
0000
1000
0000
,
1001
0000
1001
0000
,
0001
0000
0000
0000
,
0010
0000
0000
0000
,
0001
0000
0010
0000
,
0001
0000
0010
0000
,
1000
0000
0000
0000
,
0010
0000
0000
0000
,
1000
0000
0010
0000
,
1000
0000
0010
0000
,
0100
0000
0000
0000
,
0100
0000
0000
0000
,
0100
0000
0100
0000
,
0100
0000
0100
0000
,
0001
0000
0000
0000
,
1000
0000
0000
0000
,
0010
0000
0010
0000
,
0010
0000
1001
0000
,
0010
0000
0010
0000
,
0010
0000
0010
0000
,
1001
0000
1001
0000
,
1000
0000
0001
0000
,
0100
0000
0100
0000
,
0100
0000
0100
0000
,
1001
0000
1001
0000
,
0010
0000
0010
0000
,
1000
0000
0000
0000
,
0100
0000
0000
0000
,
0001
0000
0000
0000
,
0010
0000
0000
0000
,
1000
0000
0100
0000
,
0001
0000
0010
0000
,
1000
0000
0100
0000
,
0001
0000
0010
0000
,
0000
0000
0000
0000
;

//---------------dance-single - ----------------
#NOTES:
     dance-single:
     :
     Easy:
     4:
     0.264,0.328,0.162,0.000,0.000:
0000
0000
0000
0000
,
0000
0000
0000
0000
,
0000
0000
0000
0000
,
0000
0000
0000
0000
,
0000
0000
0000
0000
,
0000
0000
0000
0000
,
0010
0000
0010
0000
,
1000
0000
1000
0000
,
0100
0000
0100
0000
,
0001
0000
0001
0000
,
0010
1000
0100
0000
,
0100
1000
0010
0000
,
0010
1000
0001
0100
,
0010
1000
0100
0001
,
1000
1000
0100
0000
,
0001
0001
0100
0000
,
0001
0001
1000
0001
,
0010
1001
0010
1001
,
1000
1000
0001
0100
,
1000
1000
0001
0100
,
0001
0001
1000
0100
,
0001
0001
1000
0100
,
0010
0010
1000
0100
,
0010
0010
0001
0100
,
0100
0100
0010
0100
,
0100
0100
0010
0100
,
0001
0001
1000
1000
,
0001
1000
0001
0001
,
1000
0100
0010
0100
,
0001
0001
1001
1001
,
0001
0100
0001
0100
,
1000
0100
1000
0100
,
0001
0001
1000
1000
,
0001
1000
0001
0100
,
1000
1000
1100
0010
,
0001
0001
0101
0010
,
1000
0100
0001
0100
,
0001
0001
1000
1000
,
0010
0010
1001
0010
,
0010
0010
1001
0010
,
0010
1000
0100
0001
,
0110
1001
1100
0101
,
1000
1000
0001
0001
,
0010
0010
0100
0100
,
0010
1000
0001
0100
,
0010
1000
0001
0100
,
0010
1001
0100
1001
,
0010
1100
0010
0101
,
0001
1000
0001
1000
,
0001
1000
0100
0000
1000
0001
0100
0000
,
0000
0000
0000
0000
;

//---------------dance-single - ----------------
#NOTES:
     dance-single:
     :
     Medium:
     5:
     0.280,0.303,0.051,0.000,0.000:
0000
0000
0000
0000
,
0000
0000
0000
0000
,
0000
0000
0000
0000
,
0000
0000
0000
0000
,
0000
0000
0000
0000
,
0000
0000
0000
0000
,
0010
0001
0010
0001
,
0100
0001
0100
0001
,
0010
1000
0010
1000
,
0100
1000
0100
1000
,
0010
1000
0100
1001
,
0100
1000
0010
1001
,
0010
1000
0100
0000
0001
0100
0000
0000
,
0010
1000
0100
0001
,
1000
0000
0100
0000
0001
0100
0000
0000
,
0001
0000
0100
0000
1000
0100
0000
0000
,
0010
0001
0100
0000
0001
0010
1000
0000
,
1000
1000
0100
1000
,
0010
0010
0001
0010
,
0001
0001
0100
0001
,
0010
1000
0010
1000
,
0001
0100
0001
0100
,
0010
1000
0100
0001
,
1000
0001
0100
0100
,
0010
0100
0010
0000
1000
0000
0001
0000
,
0010
0000
0010
1000
0100
0000
0100
0000
,
1000
0000
1000
0100
0001
0000
0001
0000
,
1000
1000
0001
0001
,
0010
1000
0001
0000
1000
0000
1000
0000
,
0001
0100
0001
0000
1000
0000
1000
0000
,
0001
0100
0001
0100
,
1000
0100
1000
0100
,
0010
0010
0001
0001
,
1000
1000
0100
0100
,
0001
0100
1000
0000
0010
0010
0000
0000
,
1000
0100
0001
0000
0010
0010
0000
0000
,
0010
0001
1000
0000
0010
1000
0001
0000
,
0001
0001
0100
1000
,
1010
0001
0100
0000
,
0011
1000
0100
0000
,
0010
1000
0100
0001
,
1000
0100
0001
0100
,
0010
0001
0010
0001
,
0010
1000
0010
1000
,
0010
0010
1000
1000
,
0100
0100
0001
0001
,
0010
1000
0100
0001
,
0010
1000
0100
0001
,
0100
1000
0100
0001
,
1001
0100
0100
0000
1000
0010
0010
0000
,
0000
0000
0000
0000
;

//---------------dance-single - ----------------
#NOTES:
     dance-single:
     :
     Hard:
     8:
     0.380,0.429,0.020,0.000,0.036:
0000
0000
0000
0000
,
0000
0000
0000
0000
,
0000
0000
0000
0000
,
0000
0000
0000
0000
,
0000
0000
0000
0000
,
0000
0000
0000
0000
,
0010
0010
0001
0000
0010
0010
1000
0000
,
0000
0000
0001
1000
0001
0000
0000
0000
0100
0000
0000
0000
0100
0000
0000
0000
,
0010
0100
0000
0001
0000
1000
0100
0000
0000
0000
0000
0000
0100
0000
0000
0000
,
0010
0010
1000
0001
0100
0100
0010
0010
,
1000
1000
1000
0000
0001
0100
0000
0000
,
0001
0001
0001
0000
1000
0100
0000
0001
,
0010
1000
0100
0000
0001
0100
0100
0000
,
0010
1000
0001
1000
,
0001
0001
0001
0000
1000
0100
0000
0000
,
1000
1000
1000
0000
0001
0100
0000
0000
,
0010
0001
0100
0000
0010
1000
1000
0000
,
0001
1000
0001
1000
,
1000
0010
1000
0001
1000
0010
1000
0000
,
0001
0100
0001
1000
0001
0100
0001
0000
,
1000
0010
1000
0100
1000
0010
1000
0000
,
0001
0100
0001
0010
0001
0100
0001
0000
,
1000
0100
0001
0100
1000
0100
0001
0000
,
0100
0010
1000
0010
0001
0010
0100
0000
,
0010
1000
0010
1000
0001
1000
0100
0000
,
0010
0001
0010
0001
1000
0001
0100
0000
,
0000
0010
0001
0100
0000
1000
0000
0001
,
0010
0001
0100
1000
0000
0000
0000
0000
,
0000
0000
0010
0000
0001
0000
1000
0000
0100
0000
0000
0000
0000
0000
1000
0100
,
1000
0001
0000
0000
0100
0000
0100
0000
,
0000
0000
0000
0000
0000
0000
0000
0000
0000
0000
0001
0000
1000
0100
0000
0000
,
0000
0000
0000
0000
0000
0000
0000
0000
0000
0000
1000
0000
0001
0100
0000
0000
,
0100
0100
0001
0001
,
1000
1000
0100
0100
,
0001
0100
0001
0001
0010
0010
0000
0000
,
1000
0100
1000
1000
0010
0010
0000
0001
,
0010
0001
1000
0010
0010
1000
0001
0000
,
1000
1000
0001
0001
0010
1000
0001
0000
,
1010
0001
0001
0100
0100
0100
0000
0000
,
0011
1000
1000
0100
0100
0100
0000
0000
,
0010
1000
0001
0100
0010
1000
0001
0100
,
1000
1000
0001
0001
0100
0000
0100
0000
,
0010
0001
0010
0001
0010
0001
0010
0001
,
0100
0001
0100
0001
0100
0001
0100
0001
,
0100
1000
0100
1000
0100
1000
0100
1000
,
0010
1000
0010
1000
0010
1000
0010
1000
,
0001
0000
0100
0000
1000
0100
0010
0000
,
0001
0000
0100
0000
1000
0100
0010
0000
,
1000
0100
0001
0100
,
1000
0100
0100
0000
0001
0100
0100
0000
,
0000
0000
0000
0000
;

//---------------dance-double - ----------------
#NOTES:
     dance-double:
     :
     Easy:
     5:
     0.270,0.303,0.030,0.000,0.000:
00000000
00000000
00000000
00000000
,
00000000
00000000
00000000
00000000
,
00000000
00000000
00000000
00000000
,
00000000
00000000
00000000
00000000
,
00000000
00000000
00000000
00000000
,
00000000
00000000
00000000
00000000
,
00000010
00010000
01000000
10000000
,
00100000
00001000
00000100
00000001
,
00000010
00010000
01000000
10000000
,
00010000
00000010
00000100
00000100
,
00000010
00001000
00010000
01000000
,
00100000
00010000
00001000
00000100
,
00000010
00000000
00001000
00000000
00010000
00100000
10000000
00000000
,
00100000
00010000
00001000
00000001
,
00001000
00000000
00010000
00000000
01000000
10000000
00000000
00000000
,
00010000
00000000
00001000
00000000
00000100
00000001
00000000
00000000
,
00000010
00010000
01000000
00000000
,
10000000
00000000
00010000
00010000
,
10000000
00010000
00001000
00000001
,
00000001
00001000
00010000
10000000
,
00100000
00010000
00001000
00000010
,
00000100
00001000
00010000
01000000
,
10000000
00100000
00010000
00000100
,
00000001
00000010
00001000
01000000
,
00100000
00010000
00001000
00000000
00000001
00000000
00000100
00000000
,
00001000
00000000
00010000
00000010
00000100
00000000
00000001
00000000
,
00010000
00000000
00100000
00001000
01000000
00000000
10000000
00000000
,
10000000
10000000
00010000
00010000
,
00001000
00001000
00000001
00000001
,
00000001
00000100
00001000
00000000
00010000
00000000
10010000
00000000
,
00100000
10000000
01000000
00010000
,
00001000
00000100
00000001
00000010
,
00000001
00000001
00000100
00001000
,
00010000
00010000
01000000
10000000
,
00100000
10000000
01000000
00000000
00010000
00000100
00000000
00000000
,
00000010
00000001
00000100
00000000
00001000
01000000
00000000
00000000
,
00100000
00010000
01000000
00000000
00000010
00001000
00000100
00000000
,
00010000
00010000
00001000
00000100
,
00000101
00001000
00010000
00000000
,
11000000
00010000
00001000
00000000
,
00000010
00000001
00000100
00001000
,
00010000
01000000
10000000
00100000
,
00010000
01000000
00100000
00100000
,
00001000
00000100
00000010
00000010
,
00010000
01000000
10000000
00100000
,
00001000
00000100
00000001
00000010
,
00010000
01000000
00100000
00001000
,
00000100
00000010
00010000
01000000
,
00100000
10000000
00100000
10000000
,
01000000
00010000
00010000
00000000
00000100
00001000
00001000
00000000
,
00000000
00000000
00000000
00000000
;

//---------------dance-double - ----------------
#NOTES:
     dance-double:
     :
     Medium:
     8:
     0.384,0.429,0.030,0.000,0.015:
00000000
00000000
00000000
00000000
,
00000000
00000000
00000000
00000000
,
00000000
00000000
00000000
00000000
,
00000000
00000000
00000000
00000000
,
00000000
00000000
00000000
00000000
,
00000000
00000000
00000000
00000000
,
00000010
00001000
00010000
00000000
01000000
10000000
10000000
00000000
,
00100000
00010000
00001000
00000000
00000100
00000001
00000001
00000000
,
00000010
00001000
00010000
00000000
01000000
00010000
10010000
00000000
,
00010000
00000000
00001000
00000000
00000001
00001000
00000100
00000100
,
00000010
00000001
00000100
00000000
00000100
00001000
00000000
00000000
,
00100000
10000000
01000000
00000000
01000000
00010000
00000000
00001000
,
00100000
00010000
01000000
00000000
00000010
00001000
00000100
00000000
,
00100000
00010000
00000010
00001000
,
00000001
00000100
00001000
00000000
00010000
01000000
00000000
00000000
,
10000000
01000000
00010000
00000000
00001000
00000100
00000000
00000000
,
00000100
00001000
00010000
00000000
01000000
00010000
00001000
00000000
,
00100000
00010000
00000100
00001000
,
00000010
00000100
00001000
00010000
00100000
01000000
10000000
00000000
,
00100000
01000000
00010000
00001000
00000010
00000100
00000001
00000000
,
00000010
00000100
00001000
00010000
00100000
01000000
10000000
00000000
,
00100000
01000000
00010000
00001000
00000010
00000100
00000001
00000000
,
00000010
00001000
00010000
01000000
10000000
01000000
00010000
00000000
,
00100000
00010000
00001000
00000100
00000001
00000100
00001000
00000000
,
00000010
00001000
00010000
01000000
10000000
01000000
00010000
00000000
,
00100000
00010000
00001000
00000100
00000001
00000100
00001000
00000000
,
00000000
00100000
00001000
00010000
00000000
00000010
00000000
00000010
,
00010000
00001000
01000000
01000000
00000000
00000000
00000000
00000000
,
00000000
00000000
00100000
00000000
00001000
00000000
00010000
00000000
00000100
00000000
00000000
00000000
00000000
00000000
00010000
00001000
,
00010000
00001000
00000000
00000000
00000100
00000000
00000100
00000000
,
00000000
00000000
00000000
00000000
00000000
00000000
00000000
00000000
00000000
00000000
00000001
00000000
00000100
00000001
00000000
00000000
,
00000000
00000000
00000000
00000000
00000000
00000000
00000000
00000000
00000000
00000000
10000000
00000000
01000000
10000000
00000000
00000000
,
10000000
10000000
00010000
00010000
,
00001000
00001000
00000001
00000001
,
00000010
00000001
00000100
00001000
00010000
00010000
00000000
00000000
,
00100000
10000000
01000000
00010000
00001000
00001000
00000000
00010000
,
00001000
00000100
00000001
00000100
00001000
00010000
00001000
00000000
,
00100000
00010000
00001000
00010000
00100000
00010000
00001000
00000000
,
00000101
00001000
00001000
00001000
00010000
01000000
00000000
00000000
,
11000000
00010000
00010000
00010000
00001000
00000100
00000000
00000000
,
00000100
00000001
00000010
00000100
00001000
00000001
00000100
00001000
,
00010000
01000000
10000000
00010000
,
00100000
10000000
00010000
01000000
00000010
00001000
00000001
00000100
,
00000010
00001000
00010000
01000000
00100000
10000000
00010000
01000000
,
00000010
00001000
00000001
00000100
00000010
00001000
00010000
01000000
,
00100000
10000000
00010000
01000000
00000010
00001000
00000001
00000000
,
00000010
00001000
00010000
00001000
00100000
00010000
00001000
00010000
,
01000000
00010000
00001000
00010000
00000100
00001000
00000001
00000100
,
00000001
00001000
00010000
10000000
,
00010000
10000000
00010000
00000000
00001000
00000001
00001000
00000000
,
00000000
00000000
00000000
00000000
;

//---------------dance-double - ----------------
#NOTES:
     dance-double:
     :
     Hard:
     8:
     0.393,0.455,0.264,0.193,0.030:
00000000
00000000
00000000
00000000
,
00000000
00000000
00000000
00000000
,
00000000
00000000
00000000
00000000
,
00000000
00000000
00000000
00000000
,
00000000
00000000
00000000
00000000
,
00000000
00000000
00000000
00000000
,
00011000
00000000
00000000
00000000
,
00000000
00000000
00001000
00000000
00001000
00000100
00000000
00000000
00000000
00000000
00000000
00000000
00000000
00000000
00000000
00000000
,
00000100
00001000
00000000
00010000
00000000
01000000
00010000
00000000
00000000
00000000
00000000
00000000
00001000
00000100
00001000
00000100
,
00001000
00000000
00000110
00000000
00000001
00000100
00000001
00000100
,
00000201
00000000
00001300
00000000
00010000
00001000
00000000
00000000
,
00001200
00000000
00000301
00000000
00000010
00000001
00000000
00000000
,
00000001
00000100
00001000
00010000
00001000
00000100
00001000
00000000
,
00001000
00010000
00001000
00000000
00000010
00001000
00000010
00000000
,
00020010
00000000
00031000
00000000
00010000
01000000
00000000
00000000
,
02100000
00000000
03010000
00000000
00001000
00000100
00000000
00000000
,
00000100
00000001
00000010
00000000
00000100
00001000
00000010
00000000
,
00000010
00010000
00001000
00100000
00010000
00000000
11000000
00000000
,
10000000
02000000
00000000
00100000
00000000
00010000
00000000
03100000
,
01000000
00010000
00001000
00000000
00010000
00001000
00000100
00000000
,
00000001
00000200
00000000
00000010
00000000
00001000
00000000
00000310
,
00000100
00001000
00010000
00000000
00001000
00010000
00001000
00000000
,
00001000
00000010
00000001
00000000
00001100
00000000
00000011
00000000
,
00000001
00000100
00001000
00000000
00000011
00000000
00001100
00000000
,
00000100
00001000
00010000
00000000
00010000
00001000
00000100
00000000
,
00000100
00001000
00000100
00000000
00000100
00000001
00000100
00000000
,
00000000
00000010
00010000
00001000
00000000
00000010
00001000
00001000
,
00000000
00001000
00000010
00010000
00001000
00000000
00101000
00000000
,
00100000
00001000
00010000
00000000
00010000
00001000
00100000
00000000
,
00010000
00100000
00100000
00000000
11000000
00000000
01010000
00000000
,
00100000
10000000
02000000
00000000
03000000
00100000
00010000
01000000
,
00100000
10000000
02000000
00000000
03000000
00100000
00010000
01000000
,
01000000
00001000
00010000
00000000
00010000
00000100
00001000
00000000
,
00002200
00000000
00003300
00000100
00000001
00000000
00000000
00000000
,
00010200
00000000
00001300
00000000
00010000
00001000
00000000
00000000
,
02001000
00000000
03010000
00000000
00001000
00010000
00000000
00000000
,
00010000
00000010
00001000
00000000
00001000
00000010
00010000
00000000
,
00001000
00000010
00001000
00000000
00000010
00010000
00001000
00000000
,
00012000
00000000
01003000
00000000
00010000
01000000
00000000
00000000
,
00021000
00000000
00030100
00000000
00001000
00000100
00000000
00000000
,
00000010
00000001
00000010
00000000
00000100
00001000
00000000
00000000
,
00010100
00001000
00101000
00010000
,
00100000
00000000
01010000
00000000
00001000
00000200
00000001
00000000
,
00000310
00000000
00001100
00000000
00010000
02000000
10000000
00000000
,
03100000
00000000
01010000
00000000
00001000
00000200
00000001
00000000
,
00000310
00000000
00001100
00000000
00010000
02000000
10000000
00000000
,
03100000
01000000
00010000
00000000
00001000
00000100
00000010
00000000
,
00000010
00000100
00001000
00000000
00010000
01000000
00100000
00000000
,
00120000
10000000
01000000
10030000
,
01000000
00010000
00001000
00000000
00000100
00001000
00010000
00000000
,
00000000
00000000
00000000
00000000
;
