#TITLE:CENTERFOLD(130BPM move it remix);
#SUBTITLE:;
#ARTIST:CAPTAIN JACK;
#TITLETRANSLIT:;
#SUBTITLETRANSLIT:;
#ARTISTTRANSLIT:;
#CREDIT:;
#BANNER:CENTERFOLD(130BPM move it remix).png;
#BACKGROUND:CENTERFOLD(130BPM move it remix)-bg.png;
#LYRICSPATH:;
#CDTITLE:./CDTITLES/Dancemania EX2.png;
#MUSIC:CENTERFOLD(130BPM move it remix).ogg;
#OFFSET:0.000;
#SAMPLESTART:52.100;
#SAMPLELENGTH:15.000;
#SELECTABLE:YES;
#DISPLAYBPM:130.000;
#BPMS:0.000=129.032,4.000=129.004;
#STOPS:;
#BGCHANGES:;

//---------------dance-single - ----------------
#NOTES:
     dance-single:
     :
     Beginner:
     3:
     0.147,0.154,0.022,0.000,0.000:
0000
0000
0000
0000
,
0000
0000
0000
0000
,
0010
0010
0010
0000
,
0100
0000
0010
0000
,
1000
0000
1000
0000
,
0100
0000
0010
0000
,
1000
0000
1000
0000
,
0100
0000
0100
0000
,
0010
0000
0010
0000
,
1000
0000
0001
0000
,
0010
0000
0100
0000
,
0010
0000
1001
0000
,
0010
0000
0010
0000
,
1000
0000
0001
0000
,
0010
0000
0100
0000
,
0010
0000
1001
0000
,
1000
0000
0001
0000
,
0100
0000
0010
0000
,
1000
0000
0001
0000
,
0100
0000
0010
0000
,
1000
0000
1000
0000
,
0001
0000
1000
0000
,
0010
0000
0100
0000
,
0010
0000
1000
0000
,
0010
0000
0010
0000
,
0001
0000
1000
0000
,
0010
0000
0100
0000
,
1000
0000
0001
0000
,
0001
0000
0001
0000
,
1000
0000
0010
0000
,
1000
0000
1000
0000
,
0001
0000
0010
0000
,
0100
0000
0100
0000
,
0010
0000
0001
0000
,
1000
0000
1000
0000
,
0001
0000
0100
0000
,
0010
0000
0010
0000
,
0001
0000
1000
0000
,
0010
0000
0100
0000
,
0010
0000
1000
0000
,
0010
0000
0010
0000
,
0001
0000
1000
0000
,
0010
0000
0100
0000
,
1000
0000
0001
0000
,
0001
0000
0001
0000
,
1000
0000
0010
0000
,
1000
0000
1000
0000
,
0001
0000
0010
0000
,
0000
0000
0000
0000
;

//---------------dance-single - ----------------
#NOTES:
     dance-single:
     :
     Easy:
     4:
     0.201,0.206,0.065,0.000,0.000:
0000
0000
0000
0000
,
0000
0000
0000
0000
,
0010
0010
0010
1001
,
0100
0000
0010
0000
,
1000
0001
1000
0001
,
0100
0000
0010
0000
,
1000
0001
1000
0001
,
0100
0000
0100
0000
,
0010
0000
0010
0000
,
1000
0100
0001
0000
,
0010
0000
0100
0000
,
0010
0000
1001
0000
,
0010
0000
0010
0000
,
1000
0100
0001
0000
,
0010
0000
0100
0000
,
0010
0000
1001
0000
,
1000
0000
0001
0000
,
0100
0000
0010
0100
,
1000
0000
0001
0000
,
0100
0000
0010
0100
,
1000
0001
1000
0000
,
0001
0000
1000
0000
,
0010
0000
0100
0000
,
0010
0000
1000
0001
,
0010
0100
0010
0000
,
0001
0000
1000
0000
,
0010
0000
0100
0010
,
1000
0000
0001
1000
,
0001
0000
0001
0000
,
1000
0100
0010
0001
,
1000
0000
1000
0000
,
0001
0100
0010
1001
,
0100
0000
0100
0000
,
0010
1000
0001
0100
,
1000
0000
1000
0000
,
0001
0010
0100
1001
,
0010
0100
0010
0000
,
0001
0000
1000
0000
,
0010
0000
0100
0000
,
0010
0000
1000
0001
,
0010
0100
0010
0000
,
0001
0000
1000
0000
,
0010
0000
0100
0010
,
1000
0000
0001
1000
,
0001
0000
0001
0000
,
1000
0100
0010
0001
,
1000
0000
1000
0000
,
0001
0100
0010
1001
,
0000
0000
0000
0000
;

//---------------dance-single - ----------------
#NOTES:
     dance-single:
     :
     Medium:
     7:
     0.329,0.310,0.065,0.000,0.000:
0000
0000
0000
0000
,
0000
0000
0000
0000
,
0010
0100
0010
1001
,
1000
0000
0100
0000
0010
0001
0100
0000
,
0010
1000
0100
0000
1000
0000
0001
0010
,
0100
0000
1000
0000
0001
0100
0010
0000
,
1000
0100
0010
0000
0001
0000
1000
0000
,
0100
0000
0100
0000
,
1000
0100
0000
0000
0001
0100
0000
0000
,
1000
0000
0001
0010
0100
0000
0000
0000
,
1000
0000
0001
0000
1000
0100
0010
0000
,
0001
0000
1000
0010
0100
0000
0000
0000
,
1000
0100
0000
0000
0001
0100
0000
0000
,
1000
0000
0010
0100
0001
0000
0000
0000
,
1000
0000
0001
0000
0010
0100
1000
0000
,
0001
0000
1000
0010
0100
0000
0000
0000
,
0001
0000
0010
0000
0100
0000
1000
0010
,
0100
0001
1000
0000
,
0001
0000
0010
0000
0100
0000
1000
0010
,
0100
0001
1000
0000
,
0010
0100
0000
1001
0000
0000
0000
0000
,
1000
0000
0001
0100
0010
0000
1000
0000
,
0001
0010
0100
0000
1000
0000
0000
0000
,
0001
0000
1000
0000
0010
0100
0000
0000
,
0001
1000
0000
0110
0000
0000
0000
0000
,
1000
0000
0001
0010
0100
0000
1000
0000
,
0001
0000
0100
0000
1000
0100
0010
0000
,
0001
0000
1000
0000
0010
0100
0000
0000
,
0001
0000
1000
0000
0001
0010
0100
0000
,
1000
0010
0100
0000
0001
0000
1000
0100
,
0001
0000
1000
0000
0001
0100
1000
0000
,
0001
0010
0100
0000
1000
0000
0010
0100
,
0001
0000
1000
0000
0100
0010
0001
0000
,
1000
0010
0100
0000
0001
0000
1000
0100
,
0001
0000
1000
0000
0001
0100
1000
0000
,
0001
0010
0100
0000
1000
0000
0001
0000
,
0100
0010
0000
1001
0000
0000
0000
0000
,
0001
0000
1000
0010
0100
0000
0001
0000
,
1000
0100
0010
0000
0001
0000
0000
0000
,
1000
0000
0001
0000
0100
0010
0000
0000
,
1000
0001
0000
0110
0000
0000
0000
0000
,
0001
0000
1000
0100
0010
0000
0001
0000
,
1000
0000
0010
0000
0001
0010
0100
0000
,
1000
0000
0001
0000
0100
0010
0000
0000
,
1000
0000
0001
0000
1000
0100
0010
0000
,
0001
0100
0010
0000
1000
0000
0001
0010
,
1000
0000
0001
0000
1000
0010
0001
0000
,
1000
0000
0100
0010
0100
0000
1001
0000
,
0000
0000
0000
0000
;

//---------------dance-single - ----------------
#NOTES:
     dance-single:
     :
     Hard:
     10:
     0.424,0.413,0.076,0.000,0.097:
0000
0000
0000
0000
,
0000
0000
0000
0000
,
1000
0100
0010
1001
,
1000
0000
0000
0000
0001
0000
0000
1000
0100
0000
0010
0000
0100
0000
0000
0000
,
1000
0000
0010
0000
0100
0000
0001
1000
0001
0000
0100
0000
0010
0000
1000
0000
,
0100
0000
0000
0000
0010
0000
0000
0001
1000
0000
0100
0000
0010
0000
0000
0000
,
0001
0000
0100
0000
0010
0000
1000
0001
1000
0000
0100
0000
0010
0000
0000
0000
,
0001
0100
0000
0000
1000
0100
0000
0000
,
0001
0100
0001
0000
1000
0100
1000
0000
,
1000
0100
0010
0001
1000
0000
0000
0000
,
0001
0100
0010
1000
0100
0010
0001
0000
,
1000
0100
1000
0010
0100
0000
0000
0000
,
0001
0010
0001
0000
1000
0010
1000
0000
,
0001
0010
0100
1000
0001
0000
0000
0000
,
1000
0010
0100
0001
0010
0100
0010
0000
,
0001
0000
1000
0100
0010
0000
0000
0000
,
0001
0100
0001
0000
1000
0000
0001
0100
,
0010
0001
1000
0000
,
1000
0100
1000
0000
0001
0000
1000
0100
,
0010
1000
0001
0000
,
0010
0100
0000
1001
0000
0000
0000
0000
,
1000
0100
0000
0100
0010
0001
1000
0000
,
0001
0100
0010
0000
1000
0100
0000
0000
,
0001
0010
0100
0000
1000
0010
0000
0000
,
0100
0010
0000
1001
0000
0000
0110
0000
,
1000
0001
0000
0001
1000
0100
0010
0000
,
0001
0000
0000
0000
1000
0000
0000
0001
0100
0000
0010
0000
0100
0000
0000
0000
,
0001
0010
0100
0000
1000
0010
0000
0000
,
0001
0000
0000
0000
1000
0000
0000
0001
0100
0000
0010
0000
0100
0000
0000
0000
,
0001
0000
0010
0000
0100
0000
1000
0001
1000
0000
0100
0000
0010
0000
0001
0000
,
0100
0000
0000
0000
0010
0000
0000
1000
0001
0000
0100
0000
0010
0000
0000
0000
,
1000
0000
0100
0000
0010
0000
0001
1000
0001
0000
0100
0000
0010
0000
1000
0000
,
0100
0000
0000
0000
0010
0000
0000
0001
1000
0000
0100
0000
0010
0000
0000
0000
,
0001
0000
0100
0000
0010
0000
1000
0100
1000
0000
0001
0000
0100
0000
0010
0000
,
1000
0000
0000
0000
0001
0000
0000
0010
0100
0000
1000
0000
0001
0000
0000
0000
,
0100
0000
0010
0000
0100
0000
0001
1000
0001
0000
0100
0000
0010
0000
0000
0000
,
1000
0001
0000
0110
0000
0000
0000
0000
,
0001
0010
0000
0010
0100
1000
0001
0000
,
1000
0010
0100
0000
0001
0010
0000
0000
,
1000
0100
0010
0000
0001
0100
0000
0000
,
0010
0100
0000
1001
0000
0000
0110
0000
,
0001
1000
0000
1000
0001
0010
0100
0000
,
1000
0000
0000
0000
0001
0000
0000
1000
0010
0000
0100
0000
0010
0000
0000
0000
,
1000
0100
0010
0000
0001
0100
0000
0000
,
1000
0000
0000
0000
0001
0000
0000
1000
0100
0000
0010
0000
0100
0000
0000
0000
,
1000
0000
0010
0000
0100
0000
0001
1000
0001
0000
0100
0000
0010
0000
1000
0000
,
0100
0000
0000
0000
0010
0000
0000
0001
0100
0000
0010
0000
1000
0000
0000
0000
,
0001
0000
0010
0000
0100
0000
1000
0001
1000
0000
0100
0000
0010
0000
0000
0000
,
0000
0000
0000
0000
;

//---------------dance-double - ----------------
#NOTES:
     dance-double:
     :
     Easy:
     3:
     0.167,0.232,0.011,0.000,0.000:
00000000
00000000
00000000
00000000
,
00000000
00000000
00000000
00000000
,
00010000
00001000
00010000
00011000
,
00100000
00000000
00100000
00010000
,
10000000
00000000
01000000
00000000
,
00010000
00000000
00001000
00010000
,
00000010
00000000
00000010
00000000
,
00001000
00000000
00000100
00000000
,
00010000
00000000
00010000
00000000
,
00001000
00010000
00000010
00000000
,
00001000
00000000
00000001
00000000
,
00000100
00001000
00010000
00000000
,
00000010
00000000
00000010
00000000
,
00001000
00000001
00000010
00000000
,
00000100
00000000
00010000
00000000
,
00001000
00100000
00010000
00000000
,
10000000
00000000
00000000
00000000
,
00010000
00000000
01000000
00000000
,
00001000
00000000
00000000
00000000
,
00010000
00000000
00000010
00000000
,
00001000
00000000
00000001
00000000
,
00001000
00000000
00000100
00000000
,
00010000
00000000
00001000
00000000
,
00100000
00000000
00010000
00000000
,
10000000
00000000
00010000
00000000
,
01000000
00000000
00001000
00000000
,
00010000
00000000
00001000
00100000
,
00010000
00000000
01000000
00000000
,
00100000
00000000
00100000
10000000
,
01000000
00000000
00010000
00000000
,
00001000
00000000
00001000
00010000
,
00000010
00000000
00001000
00000000
,
00000001
00000000
00000010
00000100
,
00001000
00000000
00000001
00000000
,
00000100
00000000
00001000
00010000
,
00100000
00000000
10000000
00000000
,
01000000
00000000
00100000
00000000
,
00010000
00000000
10000000
00000000
,
01000000
00000000
00010000
00000000
,
00001000
00000000
00000100
00000000
,
00000001
00000000
00001000
00000000
,
00001000
00000000
00000001
00000000
,
00000100
00000000
00001000
00010000
,
01000000
00000000
00100000
00000000
,
00010000
00000000
10000000
00010000
,
01000000
00000000
00001000
00000000
,
00010000
00000000
00000010
00001000
,
00000100
00000000
00010000
00001000
,
00000000
00000000
00000000
00000000
;

//---------------dance-double - ----------------
#NOTES:
     dance-double:
     :
     Medium:
     7:
     0.332,0.310,0.000,0.000,0.000:
00000000
00000000
00000000
00000000
,
00000000
00000000
00000000
00000000
,
00000000
01000000
00000000
00001000
00000000
00010000
00000010
00001000
,
00000000
00000001
00000000
00000010
00000000
00000100
00000000
00001000
,
00000000
00000010
00000000
00010000
00000000
00001000
00000000
01000000
,
00000000
00010000
00000000
10000000
00000000
01000000
00000000
00100000
,
00000000
00010000
00000000
10000000
00000000
01000000
00010000
00001000
,
00000100
00000001
00000000
00001000
00000100
00001000
00000000
00000001
,
00000000
00000100
00000000
00000100
00000000
00000010
00000000
00000010
,
00000000
00001000
00000000
00000001
00000000
00000100
00000000
00001000
,
00000000
00010000
00000000
01000000
00000000
10000000
00000000
00010000
,
00000000
10000000
00000000
00100000
00000000
01000000
00100000
00000000
,
00000000
10000000
00000000
10000000
00000000
00010000
00000000
00010000
,
00000000
01000000
00000000
00001000
00000000
00010000
00000000
00000010
,
00000000
00001000
00000000
00000100
00000000
00000010
00000000
00000001
,
00000000
00001000
00000000
00000010
00000000
00000100
00000010
00000000
,
00000000
00001000
00000000
00000100
00000000
00010000
00000000
00001000
,
00000000
00100000
00000000
00010000
10000000
00100000
01000000
00010000
,
00000000
10000000
00000000
01000000
00000000
00100000
00000000
00010000
,
00000000
01000000
00000000
00001000
00010000
00000010
00001000
00000001
,
00000000
00000010
00000000
00000010
00000000
00000100
00001000
00000100
,
00000000
00010000
00000000
00010000
00000000
00001000
00100000
00001000
,
00000000
00010000
00000000
00010000
00000000
00000010
00001000
00000010
,
00000000
00000100
00000000
00000100
00000000
00001000
00010000
00001000
,
00000000
00100000
00000000
00100000
00000000
00010000
01000000
00010000
,
00000000
10000000
00000000
10000000
00000000
01000000
00100000
01000000
,
00000000
00100000
00000000
00010000
00000000
01000000
00001000
00010000
,
00000000
00000010
00000000
00000010
00000000
00001000
00000100
00001000
,
00000000
00000010
00000000
00000001
00000000
00000100
00000000
00001000
,
00000000
00010000
00000000
01000000
00000000
10000000
00000000
00010000
,
00000000
01000000
00000000
00100000
00000000
10000000
00000000
01000000
,
00000000
00010000
00000000
00001000
00000000
00000100
00000001
00000010
,
00000000
00000100
00000000
00010000
00000000
00001000
00000000
00100000
,
00000000
00010000
00000000
10000000
00000000
00100000
00000000
01000000
,
00000000
00010000
00000000
10000000
00000000
01000000
00000000
00010000
,
00000000
00001000
00000000
00000100
00000000
00000001
00000010
00000001
,
00000000
00001000
00000000
00001000
00000000
00000100
00010000
00000100
,
00000000
00001000
00000000
00001000
00000000
00000010
00000100
00000010
,
00000000
00001000
00000000
00001000
00000000
00000001
00000010
00000001
,
00000000
00000100
00000000
00000100
00000000
00001000
00010000
00001000
,
00000000
00100000
00000000
00100000
00000000
00010000
01000000
00010000
,
00000000
10000000
00000000
10000000
00000000
01000000
00100000
01000000
,
00000000
10000000
00000000
00010000
00000000
01000000
00100000
10000000
,
00000000
01000000
00000000
01000000
00000000
00010000
00001000
00010000
,
00000010
00000000
00000010
00000000
00001000
00000100
00000010
00000000
,
00000001
00000000
00001000
00000000
00000010
00000100
00001000
00010000
,
01000000
00000000
01000000
00000000
10000000
00010000
01000000
00000000
,
00100000
00000000
00010000
00000000
00001000
00000010
00000001
00000000
,
00000000
00000000
00000000
00000000
;

//---------------dance-double - ----------------
#NOTES:
     dance-double:
     :
     Hard:
     9:
     0.411,0.387,0.076,0.032,0.049:
00000000
00000000
00000000
00000000
,
00000000
00000000
00000000
00000000
,
10000000
01000000
00010000
00011000
,
00000100
00000000
00000100
00001000
00000010
00000100
00000001
00000000
,
00001000
00000100
00000010
00000000
00000001
00001000
00000010
00000100
,
00000001
00000000
00000001
00001000
00000100
00000010
00000001
00000000
,
00000100
00001000
00010000
00000000
00010000
00001000
00000100
00000000
,
00000001
00000010
00000000
00000000
00000100
00001000
00000000
00000000
,
00000001
00000000
00000000
00000100
00000000
00000000
00001000
00000000
00000000
00000000
00010000
00000000
00001000
00000000
00000000
00000000
,
00100000
00000000
00000000
00010000
00000000
00000000
10000000
00000000
00000000
00000000
00100000
00000000
10000000
00000000
00000000
00000000
,
10000000
00000000
00000000
01000000
00000000
00000000
00010000
00000000
00000000
00000000
00001000
00000000
00010000
00000000
00000000
00000000
,
00000010
00000000
00000000
00001000
00000000
00000000
00000001
00000000
00000000
00000000
00000010
00000000
00000001
00000000
00000000
00000000
,
00001000
00000000
00000000
00000100
00000000
00000000
00010000
00000000
00000000
00000000
00001000
00000000
00100000
00000000
00000000
00000000
,
00010000
00000000
00000000
01000000
00000000
00000000
00100000
00000000
00000000
00000000
10000000
00000000
00010000
00000000
00000000
00000000
,
00010000
00000000
00000000
01000000
00000000
00000000
00001000
00000000
00000000
00000000
00010000
00000000
00000010
00000000
00000000
00000000
,
00001000
00000000
00001000
00000100
00000010
00000000
00000000
00000000
,
00000002
00000000
00000000
00000003
,
00002000
00003000
00010100
00011000
,
00101000
00000000
00000000
00000000
,
02000000
03000000
10010000
01100000
,
10010000
00000000
10000000
01000000
00000000
00100000
00100000
00000000
,
00010000
01000000
00100000
10000000
01000000
00100000
00100000
00000000
,
00010000
01000000
00001000
00010000
00000010
00001000
00001000
00000000
,
00000100
00000010
00000001
00000100
00000010
00001000
00001000
00000000
,
00000001
00000010
00000100
00001000
00000000
00000010
00000010
00000000
,
00000100
00001000
00010000
00000000
01000000
10000000
00010000
00000000
,
00010000
00000000
00000000
00000000
10000000
00000000
00000000
00010000
01000000
00000000
00100000
00000000
00100000
00000000
00000000
00000000
,
10000000
01000000
00010000
00000000
00001000
00010000
00000000
00000000
,
00000010
00000000
00001000
00000001
00000010
00000100
00001000
00000000
,
00000001
00000100
00001000
00000000
00000001
00000010
00000100
00001000
,
00000010
00000000
00010000
00001000
01000000
00010000
10000000
00000000
,
10000000
01000000
00010000
00000000
10000000
00100000
01000000
00010000
,
10000000
00000000
01000000
00010000
00001000
00000100
00000001
00000000
,
00000001
00000010
00001000
00000000
00000001
00000100
00000010
00001000
,
00000100
00000000
00010000
00001000
00100000
00010000
10000000
00000000
,
10000000
00100000
00010000
00000000
10000000
01000000
00010000
00000000
,
00001000
00000100
00000010
00001000
00000000
00000001
00000001
00000000
,
00000010
00000100
00001000
00000010
00000100
00000001
00000001
00000000
,
00001000
00000100
00010000
00001000
00100000
00010000
00010000
00000000
,
10000000
00100000
01000000
00010000
00100000
01000000
01000000
00000000
,
10000000
00100000
00010000
00001000
00000000
00000010
00000010
00000000
,
00000001
00001000
00000010
00000100
00000001
00001000
00000100
00000000
,
00010000
00000000
00000000
00000000
00001000
00000000
00000000
00100000
00010000
00000000
01000000
00000000
01000000
00000000
00000000
00000000
,
00100000
10000000
01000000
00000000
00010000
00001000
00000000
00000000
,
00100000
00000000
00010000
10000000
01000000
00010000
00001000
00000000
,
00000010
00000001
00000100
00000000
00000010
00001000
00000100
00010000
,
00001000
00000000
00000010
00000001
00000100
00001000
00010000
00000000
,
00100000
10000000
01000000
00000000
00010000
00001000
00010000
00000000
,
00000000
00000000
00000000
00000000
;
