#TITLE:Colors ～for EXTREME～;
#SUBTITLE:;
#ARTIST:dj TAKA;
#TITLETRANSLIT:Colors ~for EXTREME~;
#SUBTITLETRANSLIT:;
#ARTISTTRANSLIT:;
#CREDIT:;
#BANNER:Colors ~for EXTREME~.png;
#BACKGROUND:Colors ~for EXTREME~-bg.png;
#LYRICSPATH:;
#CDTITLE:./CDTITLES/beatmaniaIIDX.PNG;
#MUSIC:Colors ~for EXTREME~.ogg;
#OFFSET:0.000;
#SAMPLESTART:77.960;
#SAMPLELENGTH:15.000;
#SELECTABLE:YES;
#DISPLAYBPM:150.000;
#BPMS:0.000=152.542,4.000=149.991;
#STOPS:;
#BGCHANGES:;

//---------------dance-single - ----------------
#NOTES:
     dance-single:
     :
     Beginner:
     3:
     0.184,0.261,0.232,0.000,0.000:
0000
0000
0000
0000
,
0000
0000
0000
0000
,
0000
0000
0000
0000
,
0000
0000
0000
0000
,
0000
0000
0000
0000
,
1001
0000
1000
0000
,
1001
0000
0001
0000
,
1001
0000
1001
0000
,
1001
0000
0000
0000
,
0100
0000
0100
0000
,
0100
0000
0100
0000
,
1000
0000
1000
0000
,
0001
0000
0001
0000
,
0100
0000
0100
0000
,
0100
0000
0100
0000
,
0001
0000
0001
0000
,
1000
0000
1000
0000
,
0010
0000
0000
0100
,
0000
0010
0010
0000
,
0010
0000
0100
0000
,
0010
0010
0010
0000
,
0100
0000
0010
0000
,
1000
1000
0000
0000
,
0001
0000
0010
0000
,
0001
0001
0001
0000
,
0100
0000
1001
0000
,
0001
0000
1001
0000
,
0010
0000
1001
0000
,
1000
0000
1001
0000
,
0100
0000
1001
0000
,
1000
0000
1001
0000
,
0010
0000
1001
0000
,
0100
0000
1001
0000
,
0100
0000
0000
0000
,
0001
0000
0000
0000
,
0010
0000
0000
0000
,
0000
0000
0000
0000
,
0001
0000
0000
0000
,
1000
0000
0000
0000
,
0100
0000
0000
0000
,
0010
0000
0000
0000
,
1000
0000
1000
0000
,
0001
0000
0001
0000
,
0100
0000
0100
0000
,
0010
0000
0010
0000
,
0100
0000
1001
0000
,
0010
0000
1001
0000
,
0100
0000
1001
1001
,
0000
0000
0000
0000
,
0100
0000
1001
0000
,
0010
0000
1001
0000
,
1000
0000
1001
0000
,
0001
0000
1001
0000
,
0010
0010
0010
0000
,
0001
0001
0001
0000
,
1000
1000
1000
0000
,
0100
0000
0100
0000
,
0010
0000
1001
0000
,
0100
0000
1001
0000
,
1000
0000
1001
0000
,
0001
0000
1001
0000
,
0100
0100
0100
0000
,
0001
0001
0001
0000
,
1000
1000
1000
0000
,
0010
0000
0010
0000
,
1001
0000
0000
0000
,
0000
0000
0000
0000
;

//---------------dance-single - ----------------
#NOTES:
     dance-single:
     :
     Easy:
     5:
     0.281,0.384,0.223,0.125,0.000:
0000
0000
0000
0000
,
0000
0000
0000
0000
,
0000
0000
0000
0000
,
0000
0000
0000
0000
,
0000
0000
0000
0000
,
1001
1000
1000
1000
,
1001
0001
0001
0001
,
1001
1000
1001
0001
,
2002
0000
0000
3003
,
0100
0000
0100
0010
,
0100
0000
0100
0010
,
1000
0000
1000
0001
,
0001
1000
0001
1000
,
0100
0000
0100
0010
,
0100
0000
0100
0010
,
0001
0000
0001
1000
,
1000
0001
1000
0001
,
0010
0001
0000
0100
,
0000
0010
0010
0000
,
0010
1000
0000
0100
,
0000
0010
0010
0010
,
0001
0100
0000
0010
,
0000
1000
1000
0000
,
1000
0100
0000
0010
,
0000
0001
0001
0001
,
0100
0000
1001
0000
,
0001
0000
1001
0000
,
0010
0000
1001
0000
,
1000
0000
1001
0000
,
0100
0000
1001
0000
,
1000
0000
1001
0000
,
0010
0000
1001
0000
,
0001
0000
1001
1001
,
0200
0000
0000
0300
,
0002
0000
0000
0003
,
0020
0000
0000
0000
,
0000
0000
0000
0030
,
0002
0000
1000
0003
,
2000
0000
0001
3000
,
0200
0000
0010
0300
,
0100
0100
0010
0010
,
1000
1000
0001
1000
,
0001
0001
1000
0001
,
0010
0100
0010
1000
,
0100
0010
0100
0001
,
0200
0300
1001
0000
,
0020
0030
1001
0000
,
0200
0300
1001
1001
,
0200
0000
0300
0010
,
1000
0100
1000
1001
,
0001
0100
0001
1001
,
1000
1000
0001
0001
,
0010
0100
1000
0001
,
0100
0010
1000
0100
,
0010
0001
0100
0010
,
1000
0001
0100
0001
,
0010
0100
1000
1001
,
0001
0010
0001
1001
,
1000
0010
1000
1001
,
0001
0001
1000
1000
,
0100
0010
0001
1000
,
0010
0100
0001
0010
,
0100
1000
0010
0100
,
0001
1000
0010
1000
,
0100
0010
0001
1001
,
0220
0000
0000
0000
,
0000
0330
0000
0000
,
0000
0000
0000
0000
;

//---------------dance-single - ----------------
#NOTES:
     dance-single:
     :
     Medium:
     8:
     0.384,0.384,0.196,0.098,0.000:
0000
0000
0000
0000
,
0000
0000
0000
0000
,
0000
0000
0000
0000
,
0000
0000
0000
0000
,
0000
0000
0000
0000
0000
0000
0000
0100
,
0001
0000
0001
0000
1000
0000
1000
0100
,
0010
0000
0010
0000
0100
0000
0100
1000
,
0100
0000
0100
0010
0001
0000
0001
0000
,
2002
3003
0100
0100
,
0010
1000
0010
0000
0001
0000
0001
0000
,
0010
0001
0010
0000
1000
0000
1000
0000
,
0001
0100
0001
0000
0010
0000
0010
0000
,
0100
1000
0010
0011
,
0100
1000
0100
0000
0001
0000
0001
0000
,
0100
0001
0100
0000
1000
0000
1000
0000
,
0001
0010
0001
0000
0100
0000
0100
0000
,
0010
1010
0100
0101
,
0010
1001
1000
1000
,
0100
0010
0010
0010
,
0100
1001
0001
0001
,
0100
0010
0100
0000
0010
0000
0010
0000
,
1000
0110
0010
0010
,
0001
1000
1000
1000
,
0001
0110
0100
0100
,
1000
1001
0001
1001
,
0100
0001
0100
0000
0010
0000
0010
0000
,
0100
0000
0001
0000
0100
0001
0100
0000
,
1000
1000
0100
0100
,
0010
0010
0001
1001
,
0100
1000
0100
0000
0010
0000
0010
0000
,
0100
0000
1000
0000
0100
1000
0100
0000
,
0001
1000
0001
0000
0100
0010
0100
0000
,
0010
0100
0010
0000
1000
0000
1001
0000
,
0200
0000
0010
0300
,
0002
0000
1000
0003
,
0020
0000
0100
0000
,
1000
0000
0100
0030
,
0001
0001
1000
1000
,
0001
0001
1000
1000
,
0001
0100
0001
0000
1000
0100
1000
0000
,
0001
0100
0001
0000
1000
0100
1000
0100
,
0010
0000
0010
0000
0010
0001
0010
0000
,
0001
0000
0001
0000
0001
1000
0001
0100
,
0010
0000
0010
0000
0010
1000
0010
0000
,
1000
0000
1000
0000
1000
0001
1000
0100
,
0020
0000
0001
0030
,
0002
0000
1000
0003
,
2000
0000
0100
3000
,
0200
0000
0310
0001
,
1000
0000
1000
0000
1000
0100
0010
0000
,
0001
0000
0001
0000
0001
0100
0010
0000
,
1000
0000
1000
0000
0001
0100
0010
0000
,
0001
1001
1000
1001
,
0100
0000
0010
0001
0010
0000
1000
0000
,
0001
0100
0010
0000
1000
0000
0100
0000
,
0010
0001
1000
0001
,
0100
0101
0110
0101
,
0001
0000
0001
0000
0001
0010
0100
0000
,
1000
0000
1000
0000
1000
0010
0100
0000
,
0001
0000
0001
0000
1000
0010
0100
0000
,
1000
1001
0001
1001
,
0010
0000
0100
1000
0100
0000
0001
0000
,
1000
0010
0100
0000
0001
0000
0010
0000
,
0100
1001
0010
1001
,
1000
0100
1000
0100
0010
0001
0010
0001
,
0220
0000
0000
0000
,
0000
0330
0000
0000
,
0000
0000
0000
0000
;

//---------------dance-single - ----------------
#NOTES:
     dance-single:
     :
     Hard:
     9:
     0.440,0.444,0.205,0.107,0.027:
0000
0000
0000
0000
,
0000
0000
0000
0000
,
0000
0000
0000
0000
,
0000
0000
0000
0000
,
0000
0000
0000
0000
0000
0000
0000
0100
,
0001
0000
0001
0000
0001
0000
0001
0010
,
1000
0000
1000
0000
1000
0000
1000
0001
,
0100
0000
0100
1000
0010
0000
0010
0000
,
2002
3003
0100
0100
,
0001
0000
0010
0000
0001
0000
0000
0000
1000
0000
0000
1000
0000
0000
0100
0000
,
1000
0000
0010
0000
1000
0000
0000
0000
0001
0000
0000
0001
0000
0000
0100
0000
,
0010
0000
0001
0000
0010
0000
0000
0000
1000
0000
0000
1000
0000
0000
0100
0000
,
0010
0001
0010
0010
1000
0000
1100
0000
,
1000
0000
0100
0000
1000
0000
0000
0000
0001
0000
0000
0001
0000
0000
0010
0000
,
0001
0000
0100
0000
0001
0000
0000
0000
1000
0000
0000
1000
0000
0000
0010
0000
,
0100
0000
1000
0000
0100
0000
0000
0000
0001
0000
0000
0001
0000
0000
0010
0000
,
0100
1000
0100
0100
0001
0000
0011
0000
,
1000
0000
1100
0000
0001
0100
0001
0100
,
0000
0110
0101
0001
,
0001
0000
0101
0000
1000
0100
1000
0100
,
0010
0001
0100
0010
0000
0110
0000
0000
,
0010
0000
1010
0000
0001
0100
0001
1000
,
0000
1000
0000
1000
0000
0100
0010
0001
,
0100
0000
0010
1000
0001
0000
0001
0100
,
0000
0010
0000
0100
0000
0001
0000
0100
,
0010
1000
0010
0000
0001
0000
0100
0000
,
0001
0000
1000
0000
0100
1000
0100
1000
,
0100
0000
0010
0000
0001
0000
0100
0010
,
1000
0000
1000
0100
0000
0100
0010
0000
,
0100
0000
0100
1000
0001
0000
0010
0000
,
0100
0000
0001
0000
0100
0000
0010
1000
,
0010
0100
0010
0000
0010
1000
0010
0000
,
0100
0010
0100
0000
0100
0001
0100
0010
,
0200
0000
0001
0301
,
0002
0000
0010
0013
,
2000
0000
0001
0000
,
0010
0001
0100
3001
,
0001
0100
0001
0000
1000
0000
0001
0000
,
1000
0010
1000
0000
0001
0000
1000
0000
,
0010
0100
0010
0000
1000
0100
1000
0000
,
0100
0010
0100
0010
0001
0100
0001
0100
,
0010
1000
0010
0000
0100
0000
0101
0000
,
0010
0001
0010
0000
0100
0000
1100
0000
,
0010
1000
0001
0000
0100
0000
1100
0000
,
0010
0001
1000
0000
0100
0000
0101
0000
,
2001
0010
0001
3001
,
1020
0000
0100
0000
1000
0000
1030
0100
,
0012
1000
0010
0013
,
0220
0000
0330
0110
,
1000
0000
0100
0000
0010
0001
0010
0001
,
0000
0000
1000
0100
0010
0001
0100
0010
,
1000
0000
1000
0001
0010
0000
0100
1000
,
0000
0001
0100
0000
0100
0000
1001
0000
,
0100
0000
0010
0001
1000
0010
0000
0010
,
0000
1000
1000
0000
0100
0000
0001
0000
,
1000
0100
1000
0000
0010
0000
0001
0000
,
0100
1010
0100
0011
,
1000
0000
0010
0000
0100
0001
0100
0001
,
0000
0000
1000
0010
0100
0001
0010
0100
,
1000
0000
1000
0001
0100
0000
0010
1000
,
0000
0001
0010
0000
0010
0000
1001
0000
,
0010
0000
0100
0001
1000
0100
0000
0100
,
0000
1000
1000
0000
0010
0000
0001
0000
,
1000
0010
1000
0000
0001
0100
0001
0000
,
0010
0100
1000
0100
0010
0001
0100
0000
,
2002
0000
0000
0000
,
0000
3003
0000
0000
,
0000
0000
0000
0000
;

//---------------dance-single - ----------------
#NOTES:
     dance-single:
     :
     Challenge:
     13:
     0.578,0.710,0.125,0.080,0.268:
0000
0000
0000
0000
,
0000
0000
0000
0000
,
0000
0000
0000
0000
,
0000
0000
0000
0000
,
0000
0000
0000
0000
0000
0000
0000
0100
,
1001
0000
0010
0000
1000
0000
0010
0100
,
1001
0000
0001
0000
1000
0000
0010
0100
,
1001
0000
1000
0100
0010
0000
0001
0100
,
1001
0000
0000
0000
0001
0100
0010
1000
,
0010
0000
0100
0000
0100
0010
0000
0000
1000
0000
1000
0100
0000
0000
0010
0000
,
0010
0000
0100
0000
0100
0010
0000
0000
0001
0000
0001
0100
0000
0000
0010
0000
,
1000
0000
0100
0000
0100
0010
0000
0000
0010
0000
0001
1000
0000
0000
0100
0000
,
0010
0001
0010
0000
0001
0000
0001
0000
1000
0100
1000
0000
0010
0000
0010
0000
,
0100
0000
0010
0000
0010
0100
0000
0000
0001
0000
0001
0010
0000
0000
0100
0000
,
0100
0000
0010
0000
0010
0100
0000
0000
1000
0000
1000
0010
0000
0000
0100
0000
,
0001
0000
0010
0000
0010
0100
0000
0000
0100
0000
1000
0001
0000
0000
0010
0000
,
0100
1000
0100
0000
1000
0000
1000
0000
0001
0010
0001
0000
0100
0000
0100
0000
,
0010
0000
1001
0000
0100
0001
0100
1000
,
0100
0000
0110
0000
1010
0000
1000
0100
,
0010
0000
0001
0000
0010
0100
0010
0001
,
0010
0100
0010
1000
0000
0010
0001
0100
,
0010
0000
1001
0000
0100
0001
0100
1000
,
0010
0000
1000
0000
0001
0000
1000
0100
,
0010
0000
0001
0100
0001
0000
1000
0010
,
0000
1000
0000
0001
0000
1000
0010
1000
,
0110
0000
0010
0000
0001
0100
1000
0100
,
0010
0000
0100
0000
1000
0100
0001
0100
,
0010
0000
1000
0000
0100
0000
0010
0001
,
0010
0000
0100
0000
1000
0010
1000
0100
,
0110
0000
0001
0000
0100
1000
0100
0001
,
0010
0000
1000
0000
0100
0010
0001
0010
,
0100
1000
0100
0000
1000
0000
0001
0000
0010
0001
0010
0000
0001
0000
1000
0000
,
0010
0100
0010
0000
0100
0000
0001
0000
0100
0000
1000
0000
0100
0000
0001
0000
,
0020
0000
0000
0000
0030
0000
0000
0001
0200
0000
0000
0000
0300
0000
0000
0000
,
0020
0000
0000
0000
0030
0000
0000
1000
0100
0000
0100
0000
0000
0000
0100
0000
,
2000
0000
0001
3001
,
0002
0000
1000
1003
,
0010
1000
0010
0000
0100
0000
0100
0000
,
0010
0001
0010
0000
0100
0000
0100
0000
,
1010
1000
0001
0000
1001
1000
0100
0000
,
0010
0000
0001
0000
0010
0000
1000
0000
0010
0000
0001
0000
0100
0010
0100
0000
,
0001
0000
0100
0000
0001
0000
0010
0000
1000
0000
0010
0000
0001
0010
0001
0000
,
0010
0000
1000
0000
0010
0000
0001
0000
0010
0000
0100
0000
1000
0100
1000
0000
,
0010
0000
1000
0000
0010
0000
0001
0000
0010
0000
0100
0000
0001
0100
0001
0000
,
1000
0000
0010
0000
0100
0001
0100
0000
0001
0000
0010
0000
0100
1000
0100
0000
,
0010
0001
0010
0000
0001
0000
0001
0000
1000
0100
1000
0000
0100
0000
0100
0000
,
1000
0010
1000
0000
0010
0000
0010
0000
0100
0001
0100
0000
0001
0000
0001
0000
,
1000
0100
1000
0000
0001
0100
0001
0000
1000
0100
1000
0000
0001
0100
0001
0000
,
0220
0000
0000
0000
0330
0000
0000
0000
1000
0010
1000
0000
0001
0100
0001
0000
,
1000
0000
0000
0000
0001
0000
0100
0000
0010
1000
0010
0000
1000
0000
0100
0000
,
0000
0000
0010
0000
0010
0000
0001
0000
1000
0000
0100
0000
1000
0100
1000
0000
,
0001
0000
0000
0000
0100
0000
0010
1000
0010
0000
0000
0100
0000
0000
0001
0000
,
0000
0000
0100
0000
0000
0000
0100
0000
0000
0000
0010
0000
1000
0100
1000
0000
,
0001
0000
0000
0000
0010
0000
0000
0000
0100
0000
0010
0000
0001
0010
0001
0000
,
1000
0000
0000
0000
0100
0000
0000
0000
0010
0000
0100
0000
0010
0001
0010
0000
,
0100
0000
0000
0000
1000
0000
0001
1000
0001
0000
0000
0000
0001
0000
1000
0001
,
1000
0000
0000
0000
0100
0000
0010
0000
0001
0010
0001
0000
1000
0000
1000
0000
,
0001
0000
0000
0000
1000
0000
0100
0000
0010
0001
0010
0000
0001
0000
0100
0000
,
0000
0000
0010
0000
0010
0000
1000
0000
0001
0000
0100
0000
0001
0100
0001
0000
,
1000
0000
0000
0000
0100
0000
0010
0001
0010
0000
0000
0100
0000
0000
1000
0000
,
0000
0000
0100
0000
0000
0000
0100
0000
0000
0000
0010
0000
0001
0100
0001
0000
,
1000
0000
0000
0000
0010
0000
0000
0000
0100
0000
0010
0000
1000
0010
1000
0000
,
0001
0000
0000
0000
0100
0000
0000
0000
0010
0000
0100
0000
0010
1000
0010
0000
,
1000
0100
1000
0000
0001
0000
0001
0000
0001
0100
0001
0000
1000
0000
1000
0000
,
0001
0100
0001
0000
1000
0010
1000
0000
0001
0100
0001
0000
1000
0010
1000
0000
,
0220
0000
0000
0000
,
0000
0330
0000
0000
,
0000
0000
0000
0000
;

//---------------dance-double - ----------------
#NOTES:
     dance-double:
     :
     Easy:
     5:
     0.258,0.296,0.196,0.071,0.000:
00000000
00000000
00000000
00000000
,
00000000
00000000
00000000
00000000
,
00000000
00000000
00000000
00000000
,
00000000
00000000
00000000
00000000
,
00000000
00000000
00000000
00000000
,
10010000
01000000
01000000
01000000
,
00010000
00010000
00010000
00010000
,
00011000
00000000
00010100
00000000
,
00000020
00000000
00000000
00000030
,
00000001
00000000
00000100
00000100
,
00001000
00000000
00010000
00010000
,
00001000
00000000
00000100
00000100
,
00001000
00010000
00100000
10000000
,
10000000
00000000
00100000
00100000
,
00010000
00000000
00001000
00001000
,
00010000
00000000
00100000
00100000
,
00010000
00001000
00000100
00000001
,
00000010
00000001
00000000
00000100
,
00000000
00001000
00011000
00000000
,
00010000
00100000
00000000
10000000
,
00100000
00010000
00000000
00011000
,
00001000
00000100
00000000
00000001
,
00001000
00000100
00000000
00000010
,
00000001
00000100
00001000
00010000
,
00001000
00000100
00001000
00010000
,
00100000
00000000
10100000
00000000
,
10000000
00000000
11000000
00000000
,
01000000
00000000
01010000
00000000
,
00010000
00001000
00000010
00001000
,
00000010
00000000
00000011
00000000
,
00000001
00000000
00000101
00000000
,
00000100
00000000
00001000
00000000
,
00010000
00000000
00100000
00000000
,
20000000
00000000
00000000
30000000
,
02000000
00000000
00000000
03000000
,
00020000
00000000
00000000
00030000
,
00001000
00000000
00001000
00000000
,
00000010
00000010
00000010
00000000
,
00000001
00001000
00000001
00000000
,
00000100
00000100
00000100
00000000
,
00001000
00010000
00001000
00010000
,
00100000
10000000
00100000
00010000
,
00001000
00000000
00001000
00000000
,
00000010
00000001
00000010
00001000
,
00010000
00000000
00010000
00000000
,
00011000
00000000
01001000
00000000
,
00011000
00000000
00010100
00000000
,
00000010
00000001
00000100
00001000
,
00022000
00000000
00000000
00033000
,
00010000
00100000
00100000
00000000
,
00100000
10000000
10000000
00000000
,
10000000
01000000
00010000
00001000
,
00010000
01000000
10000000
01100000
,
00001000
00010000
00000100
00000000
,
00000010
00000001
00000100
00000000
,
00001000
00000000
00011000
00000000
,
00010000
00100000
00010000
00011000
,
00001000
00000010
00000010
00000000
,
00000010
00000001
00000001
00000000
,
00000001
00000100
00001000
00010000
,
00001000
00000100
00000001
00000110
,
00010000
00001000
01000000
00000000
,
00100000
10000000
01000000
00000000
,
00010000
00000000
00011000
00000000
,
00001000
00000010
00001000
00011000
,
00022000
00000000
00000000
00000000
,
00000000
00033000
00000000
00000000
,
00000000
00000000
00000000
00000000
;

//---------------dance-double - ----------------
#NOTES:
     dance-double:
     :
     Medium:
     7:
     0.367,0.355,0.152,0.054,0.000:
00000000
00000000
00000000
00000000
,
00000000
00000000
00000000
00000000
,
00000000
00000000
00000000
00000000
,
00000000
00000000
00000000
00000000
,
00000000
00000000
00000000
00000000
00000000
00000000
00000000
00010000
,
00001000
00000000
00001000
00000000
00000010
00000000
00000010
00000001
,
00000100
00000000
00000100
00000000
00001000
00000000
00001000
00010000
,
00000100
00000000
00000100
00000010
00000001
00000000
00000001
00000100
,
00002000
00000000
00000000
00003000
,
00010000
00100000
10000000
00100000
,
00010000
00001000
00000100
00001000
,
00010000
00100000
10000000
01000000
,
00010000
00001000
00001000
00000000
00000010
00000000
00000110
00000000
,
00001000
00000100
00000001
00000100
,
00001000
00010000
00100000
00010000
,
00001000
00000100
00000001
00000010
,
00001000
00010000
00010000
00000000
01000000
00000000
01100000
00000000
,
10000000
01000000
10000000
00000000
01000000
00000000
00010000
00000000
,
00001000
00001010
00000011
00000001
,
00000001
00000100
00000001
00000000
00000100
00000000
00001000
00000000
,
00010000
00100000
00010000
00100000
00000000
00000000
10100000
00000000
,
10000000
01000000
00010000
00000000
00001000
00000000
00000100
00000000
,
00001000
00010000
01000000
00010000
,
00001000
00000100
00001000
00000000
00000100
00000000
00000001
00000000
,
00000010
00000100
00000010
00000001
00000100
00000000
00001000
00000000
,
00010000
00100000
10000000
00100000
,
00010000
00011000
00001000
00011000
,
00000010
00000001
00000100
00001000
,
00010000
00000000
01000000
00000000
00010000
00001000
00010000
00000100
,
00000010
00000001
00000010
00001000
,
00010000
01000000
10000000
01000000
,
00010000
00001000
00010000
00000000
00000100
00000000
00000100
00000000
,
00000010
00000001
00000010
00000000
00000001
00000000
00000001
00000000
,
00000200
00000000
00001000
00000300
,
00002000
00000000
00010000
00003000
,
00020000
00000000
00001000
00000000
,
00100000
00000000
00100000
00030000
,
10000000
10000000
01000000
01000000
,
00100000
00100000
00001000
00001000
,
00010000
00010000
00000100
00000100
,
00000010
00000000
00000010
00000000
00000001
00001000
00000001
00000100
,
00000010
00010000
00001000
00000000
00010000
00000000
00010000
00000000
,
00001000
01000000
00010000
00000000
10000000
00000000
10000000
00000000
,
01000000
00010000
00001000
00000010
,
00000001
00000010
00001000
00010000
,
00100000
10000000
00100000
00000000
10000000
00000000
10000000
00000000
,
01000000
00010000
01000000
00000000
00010000
00000000
00010000
00000000
,
00001000
00000010
00001000
00000000
00000010
00000000
00000010
00000000
,
00001000
00010000
01000000
01100000
,
10000000
00000000
01000000
00000000
00010000
00001000
00010000
00000000
,
00001000
00010000
00100000
00010000
,
00001000
00000000
00000010
00000000
00000001
00000100
00000001
00000000
,
00000100
00001010
00000001
00000101
,
00000001
00000000
00000100
00000000
00001000
00010000
00001000
00000000
,
00000100
00000000
00000001
00000000
00000010
00000000
00001000
00010000
,
00001000
00010000
00100000
10000000
,
01000000
11000000
10010000
00100000
,
10000000
00000000
00100000
00000000
00010000
00001000
00010000
00000000
,
00001000
00010000
01000000
00010000
,
00001000
00000000
00000100
00000000
00000001
00000010
00000001
00000000
,
00000010
00001100
00000001
00000011
,
00000001
00000000
00000010
00000000
00001000
00010000
00001000
00000000
,
00000010
00000000
00000001
00000000
00000100
00000000
00001000
00010000
,
00001000
00010000
01000000
00000000
10000000
01000000
00010000
00000000
,
00001000
00001010
00000001
00000101
,
00002002
00000000
00000000
00000000
,
00000000
00003003
00000000
00000000
,
00000000
00000000
00000000
00000000
;

//---------------dance-double - ----------------
#NOTES:
     dance-double:
     :
     Hard:
     10:
     0.441,0.445,0.107,0.107,0.027:
00000000
00000000
00000000
00000000
,
00000000
00000000
00000000
00000000
,
00000000
00000000
00000000
00000000
,
00000000
00000000
00000000
00000000
,
00000000
00000000
00000000
00000000
00000000
00000000
00000000
01000000
,
10000000
00000000
10000000
00000000
01000000
00000000
00010000
00001000
,
00000010
00000000
00000010
00000000
00000001
00000000
00000001
00001000
,
00000100
00000000
00000100
00010000
00001000
00000000
00001000
00000000
,
00022000
00033000
00010000
00010000
,
00100000
00000000
10000000
00000000
00100000
00000000
00000000
00000000
10000000
00000000
00000000
00010000
00000000
00000000
00100000
00000000
,
00001000
00000000
00010000
00000000
00001000
00000000
00000000
00000000
00010000
00000000
00000000
00000100
00000000
00000000
00000010
00000000
,
00000001
00000000
00000100
00000000
00000001
00000000
00000000
00000000
00001000
00000000
00000000
00000001
00000000
00000000
00000100
00000000
,
00001000
00010000
00001000
00000100
00000001
00000000
00001001
00000000
,
00000010
00000000
00000001
00000000
00000010
00000000
00000000
00000000
00000001
00000000
00000000
00001000
00000000
00000000
00000010
00000000
,
00010000
00000000
00001000
00000000
00010000
00000000
00000000
00000000
00001000
00000000
00000000
01000000
00000000
00000000
00100000
00000000
,
10000000
00000000
01000000
00000000
10000000
00000000
00000000
00000000
00010000
00000000
00000000
10000000
00000000
00000000
01000000
00000000
,
00010000
00001000
00010000
01000000
10000000
00000000
10010000
00000000
,
01000000
00000000
01010000
00000000
00001000
00010000
00000100
00000010
,
00000000
00000011
00001001
00000100
,
00000010
00000000
00000101
00000000
00000100
00001000
00010000
00001000
,
01000000
00100000
10000000
00010000
00000000
11000000
00000000
00000000
,
00010000
00000000
01100000
00000000
10000000
01000000
00010000
01000000
,
00000000
00100000
00000000
00001000
00000000
00010000
00001000
00000100
,
00000001
00000000
00001000
00000100
00000010
00000000
00000001
00000100
,
00000000
00001000
00000000
00010000
00000000
01000000
00000000
00100000
,
00001000
00000100
00001000
00000000
00010000
00000000
01000000
00000000
,
10000000
00000000
00100000
00000000
00010000
00001000
00010000
00100000
,
10000000
00000000
01000000
00000000
00010000
00000000
00001000
00000010
,
00000001
00000000
00001000
00000100
00000000
00000100
00000010
00000000
,
00000001
00000000
00000100
00000010
00010000
00000000
00001000
00000000
,
00010000
00000000
01000000
00000000
10000000
00000000
00100000
01000000
,
00100000
10000000
01000000
00000000
01000000
00010000
00001000
00000000
,
00001000
00000010
00000001
00000000
00000001
00000010
00001000
00010000
,
02000000
00000000
10000000
03000000
,
20000000
00000000
00010000
30100000
,
00200000
00000000
10000000
00000000
,
01000000
00000000
00010000
00310000
,
00001000
00010000
00001000
00000000
00000010
00000000
00000010
00000000
,
00000001
00001000
00000001
00000000
00000100
00000000
00000100
00000000
,
00001000
00010000
00001000
00000000
00010000
00100000
00010000
00000000
,
00100000
10000000
01000000
00100000
00001000
00010000
00000100
00000010
,
00000001
00000100
00001000
00000000
00010000
00000000
00001000
00000000
,
00010000
01000000
10000000
00000000
01000000
00000000
00010000
00000000
,
00001000
00000010
00001000
00000000
00000010
00000001
00000010
00000000
,
00000001
00000100
00000010
00000000
00010000
00001000
01000000
00100000
,
20000000
00010000
01000000
31000000
,
00020000
01000000
00001000
00031000
,
00002000
00000010
00010000
00013000
,
00022000
00000000
00033000
00011000
,
00001000
00000000
00000010
00000000
00000001
00001000
00000100
00000010
,
00000001
00000000
00000100
00000000
00001000
00010000
00001000
01000000
,
00100000
00000000
10000000
01000000
00010000
00000000
00001000
00000100
,
00000001
00000000
00000100
00000001
00000010
00000000
00000001
00000000
,
00000100
00000000
00001000
00010000
00001000
01000000
00100000
00000000
,
10000000
00000000
01000000
00010000
00001000
00010000
01000000
00000000
,
00010000
00001000
00000100
00000000
00000100
00000001
00000010
00000000
,
00000010
00001000
00010000
01000000
10000000
00100000
01000000
00001000
,
00010000
00000000
00100000
00000000
10000000
00010000
01000000
00100000
,
10000000
00000000
01000000
00000000
00010000
00001000
00010000
00000100
,
00000010
00000000
00000001
00000100
00001000
00000000
00010000
01000000
,
10000000
00000000
01000000
10000000
00100000
00000000
10000000
00000000
,
01000000
00000000
00010000
00001000
00010000
00000100
00000010
00000000
,
00000001
00000000
00000100
00001000
00010000
00001000
00000100
00000000
,
00001000
00010000
01000000
00000000
01000000
10000000
00100000
00000000
,
00100000
00010000
00001000
00000100
00000001
00000010
00000100
00010000
,
00022000
00000000
00000000
00000000
,
00000000
00000000
00033000
00000000
,
00000000
00000000
00000000
00000000
;

//---------------dance-double - ----------------
#NOTES:
     dance-double:
     :
     Challenge:
     13:
     0.552,0.621,0.214,0.080,0.138:
00000000
00000000
00000000
00000000
,
00000000
00000000
00000000
00000000
,
00000000
00000000
00000000
00000000
,
00000000
00000000
00000000
00000000
,
00000000
00000000
00000000
00000000
00000000
00000000
00000000
00000100
,
00000011
00000000
00000001
00000000
00000100
00000000
00001000
00010000
,
00011000
00000000
00000010
00000000
00001000
00000000
00010000
00001000
,
00011000
00000000
00100000
10000000
10100000
00000000
10000000
01000000
,
10010000
00000000
00000000
00000000
01000000
00100000
00001000
00010000
,
00001000
00000000
00000010
00000000
00000001
00001000
00000000
00000000
00000100
00000000
00000010
00000001
00000000
00000000
00000100
00000000
,
00001000
00000000
00010000
00000000
00001000
00010000
00000000
00000000
00100000
00000000
01000000
00010000
00000000
00000000
00100000
00000000
,
01000000
00000000
00010000
00000000
00001000
00010000
00000000
00000000
00001000
00000000
00000010
00000100
00000000
00000000
00010000
00000000
,
00001000
00000000
00000010
00000000
00001000
00000000
00010000
00000000
00001000
00010000
00001000
00000000
00000100
00000000
00001000
00000000
,
00010000
00000000
00100000
00000000
10000000
00010000
00000000
00000000
01000000
00000000
00100000
10000000
00000000
00000000
01000000
00000000
,
00010000
00000000
00001000
00000000
00010000
00001000
00000000
00000000
00000010
00000000
00000100
00001000
00000000
00000000
00000010
00000000
,
00000100
00000000
00001000
00000000
00010000
00001000
00000000
00000000
00010000
00000000
00100000
01000000
00000000
00000000
00001000
00000000
,
00010000
00000000
00100000
00000000
00010000
00000000
00001000
00000000
00010000
00001000
00010000
00000000
01000000
00000000
00010000
00000000
,
00001000
00000000
00010010
00000000
00000100
00000001
00000010
00001000
,
00010000
00000000
01001000
00000000
01100000
00000000
10000000
01000000
,
00010000
00000000
01100000
00000000
00001000
00010000
00100000
00010000
,
00001000
00000100
00000001
00001000
00000000
00000100
00000010
00001000
,
00010000
00000000
00101000
00000000
01000000
10000000
00100000
00010000
,
00001000
00000000
00010100
00000000
00000110
00000000
00000001
00000100
,
00000001
00000000
00000010
00001000
00010000
00000000
00001000
01000000
,
00000000
01100000
00000000
10100000
00000000
01000000
00010000
01000000
,
10000000
00000000
10100000
00000000
00100000
00010000
00001000
00000100
,
00001000
00000000
00010000
00000000
00001000
00000100
00000001
00000100
,
00001000
00000000
00011000
00000000
01000000
00000000
00100000
10000000
,
01000000
00000000
10000000
00100000
00000000
01000000
10000000
01000000
,
00010000
00000000
01100000
00000000
01000000
00010000
00001000
00000100
,
00001000
00000000
00010000
00000000
00100000
00010000
00001000
00000100
,
00001000
00010000
00001000
00000000
00010000
00000000
00010000
00000000
00010000
00001000
00010000
00000000
00001000
00000000
00001000
00000000
,
00001000
00010000
00001000
00000000
00010000
00000000
00010000
00000000
00001000
00000000
00000010
00000000
00000001
00000000
00001000
00000000
,
00000200
00000000
00000000
00000000
00000300
00000000
00000000
00000010
00000002
00000000
00000000
00000000
00000003
00000000
00000000
00000000
,
00002000
00000000
00000000
00000000
00003000
00000000
00000000
00000001
00000100
00000000
00000100
00000000
00000000
00000000
00001000
00000000
,
00020000
00030000
00200000
00300000
,
10100000
01100000
01001000
00011000
,
00000010
00001000
00000010
00000000
00000100
00000000
00000100
00000000
,
00000001
00000100
00000001
00000000
00001000
00000000
00001000
00000000
,
00000001
00000010
00000010
00000000
00000010
00001000
00001000
00000000
,
00010000
00000000
00100000
00000000
00010000
00000000
00001000
00000000
00000100
00000000
00001000
00000000
00010000
00001000
00010000
00000000
,
00100000
10000000
01000000
00010000
01000000
10000000
00100000
01000000
,
00001000
00010000
00001000
00000010
00000001
00000100
00000010
00010000
,
00001000
00000010
00000001
00000100
00001000
00010000
00100000
00010000
,
00001000
01000000
00100000
10000000
01000000
00010000
00001000
00000010
,
00000001
00001000
00000001
00000000
00000100
00000000
00001000
00000000
00010000
00000000
00001000
00000000
00010000
00000000
00100000
00000000
,
10000000
00010000
10000000
00000000
01000000
00000000
00010000
00000000
00001000
00000000
00000010
00000000
00001000
00000000
00010000
00000000
,
00001000
01000000
00001000
00000000
00001000
00000000
00001000
00000000
00010000
00000010
00010000
00000000
00010000
00000000
00010000
00000000
,
00022000
00000000
00000000
00000000
00033000
00000000
00000000
00000000
01001000
00000000
00001000
00000000
00010000
00001000
00010000
00000000
,
00001000
00000000
00000000
00000000
00000010
00000000
00000001
00000000
00001000
00000100
00001000
00000000
00000001
00000000
00000100
00000000
,
00000000
00000000
00000010
00000000
00010000
00000000
00001000
00000000
00000010
00000000
00000001
00000000
00000100
00000010
00000100
00000000
,
00000001
00000000
00000000
00000000
00000010
00000000
00000100
00000000
00001000
00000000
00000100
00010000
00000000
00000000
00001000
00000000
,
00000000
00010000
00000000
00100000
00000000
10000000
00010000
10000000
,
01000000
00000000
00100000
00000000
00001000
00010000
00001000
01000000
,
00100000
00000000
10000000
00000000
01000000
00010000
01000000
00100000
,
00001000
00000000
00010000
00001000
00000010
00000000
00000001
00001000
,
00000010
00000000
00000100
00000001
00000010
00001000
00010000
00001000
,
00010000
00000000
00000000
00000000
00100000
00000000
10000000
00000000
00010000
01000000
00010000
00000000
10000000
00000000
01000000
00000000
,
00000000
00000000
00100000
00000000
00001000
00000000
00010000
00000000
00100000
00000000
10000000
00000000
01000000
00100000
01000000
00000000
,
10000000
00000000
00000000
00000000
00100000
00000000
01000000
00000000
00010000
00000000
01000000
00001000
00000000
00000000
00010000
00000000
,
00000000
00001000
00000000
00000010
00000000
00000001
00001000
00000001
,
00000100
00000000
00000010
00000000
00010000
00001000
00010000
00000100
,
00000010
00000000
00000001
00000000
00000100
00001000
00000100
00000010
,
00010000
00000000
00001000
00010000
00100000
00000000
10000000
00010000
,
00100000
00000000
01000000
10000000
00100000
00010000
00001000
00010000
,
00022000
00000000
00000000
00000000
,
00000000
00033000
00000000
00000000
,
00000000
00000000
00000000
00000000
;
