#TITLE:Cosy Catastrophe;
#ARTIST:SYUNN;
#BANNER:Cosy Catastrophe.png;
#BACKGROUND:Cosy Catastrophe-bg.png;
#CDTITLE:./CDTitles/DDR A.png;
#MUSIC:Cosy Catastrophe.ogg;
#SAMPLESTART:13.333;
#SAMPLELENGTH:15;
#BPMS:0=90,19=360,87=90,103=360,167=180,231=360,355=90,356=180,388=360;

//---------------dance-single - ----------------
#NOTES:
     dance-single:
     :
     Medium:
     13:
     0.591,0.956,0.258,0.116,0.036:
0000
0000
0000
0000
,
0000
0000
0000
0000
,
0000
0000
0000
0000
,
1000
0000
0000
0000
0001
0000
0100
0000
1000
0100
0001
0000
0101
0000
0000
0000
,
0001
0000
0000
0000
1000
0000
0010
0000
0001
0010
1000
0000
1010
0000
0000
0000
,
0000
0000
0000
0001
,
0000
0100
0000
0000
1000
0000
0000
0100
,
0000
0001
0000
1000
,
0000
0100
0000
0000
0001
0000
0000
0100
,
0000
1000
0000
0010
,
0000
0100
0000
0000
1000
0000
0000
0100
,
0000
0010
0000
1000
,
0000
0100
0000
0000
0010
0000
0000
0100
,
0000
1000
0000
0100
,
1000
0100
1000
0001
,
0100
0001
0000
0010
,
0001
0010
0001
1000
,
0100
1000
0000
0010
,
0100
0001
0010
0001
,
0010
0100
1000
1200
,
0000
0000
0000
0000
,
0000
0310
0000
1001
,
0010
0000
0001
0000
1000
0001
1000
0001
1000
0000
0010
0000
1000
0000
0200
0000
,
0010
0010
1300
0001
1000
0000
1010
0000
,
1000
0000
0100
0000
0010
0001
0010
0001
1000
0000
0100
0000
1000
0000
0001
0000
,
1000
0000
0100
0000
0010
0000
0001
0000
0100
0001
1000
0100
0010
0000
0000
0000
,
0000
1100
0000
0010
,
0100
0010
0000
1000
,
0100
0010
0001
0100
,
0010
0001
0000
0010
,
1000
0010
0001
0010
,
0100
1000
0100
0001
,
0010
0001
1000
0100
,
1000
1001
0000
0001
,
1000
0010
0001
0010
,
1000
0001
0100
0010
,
0001
0010
1000
0100
,
0001
0100
0010
0001
,
0100
0001
0010
0100
,
1000
0010
0100
0002
,
0000
1000
0000
1000
,
0000
0013
0000
0210
,
0000
0000
0000
0000
,
0000
0000
0000
2000
,
0000
3000
0000
0002
,
0000
0003
0000
2300
,
0000
0000
0000
0000
,
0000
0000
0000
0200
,
0000
0300
0000
0020
,
0000
0000
0030
0000
0000
0000
3001
0100
,
0001
0100
0000
0100
0001
0010
0001
0010
,
0000
0010
0100
1000
0100
0000
0010
0001
,
0010
0100
0000
1000
0001
0000
0100
0010
,
0100
0001
0000
0001
0100
0000
0010
1000
,
0010
1000
0000
1000
0010
0100
0001
0010
,
0000
0100
0010
0001
0100
0000
0001
0010
,
0100
1000
0000
1000
0100
1000
0001
0010
,
0001
0100
1000
0100
0001
0010
0100
0000
,
1000
0100
0001
0100
,
1000
0100
1000
0010
,
0100
0001
0100
0101
,
0000
1001
0000
1000
,
0001
0010
0100
1000
,
0100
0001
0100
1000
,
0010
0100
0010
1000
,
0001
1001
0000
1000
,
0100
0010
0001
0100
,
0001
0010
1000
0010
,
0001
0100
1000
1100
,
0000
0101
0000
0001
,
1000
0100
0010
0100
,
0010
0001
0100
1000
,
0100
0010
0100
0001
,
1000
1001
0000
1100
,
0000
0001
0100
1000
,
0010
0002
0000
1003
,
0100
0001
0000
1000
,
0100
0001
0000
0100
,
0010
0001
1000
0010
,
0100
0001
0010
0001
,
0010
0100
0010
1000
,
0010
0002
0000
1003
,
0000
0010
0001
0010
,
1000
0020
0000
0130
,
0001
0010
1000
0010
,
0001
0100
0000
0010
,
0100
0010
1000
0001
,
1000
0100
0010
0100
,
1000
0010
0100
0101
,
0001
0100
1000
0100
,
0101
0000
1100
0000
0101
0000
0001
0001
,
1000
0100
0001
0100
,
1100
0000
0101
0000
1100
0000
1000
1000
,
0001
0100
0110
1010
,
0011
0101
0011
1100
,
0001
1000
0001
0100
0010
0100
0001
0010
,
0100
0010
0100
1000
0200
0000
0000
0000
,
1300
0100
0010
0001
,
0100
0010
1000
0100
,
0010
0001
0100
0010
,
1000
0100
0001
0100
,
1000
0100
0010
0100
,
1000
0010
0001
0010
,
1000
0100
0010
0001
,
0100
0010
1000
0100
,
0001
0100
1000
0001
,
0100
1000
0001
0010
,
1000
0001
0010
1000
,
0010
0100
1000
0100
,
0010
0001
0100
0010
,
1000
0100
0001
0100
,
1000
0010
1000
0100
,
1000
0001
0010
0001
,
0101
0000
0000
0000
;

//---------------dance-single - ----------------
#NOTES:
     dance-single:
     :
     Hard:
     16:
     0.801,1,0.615,0.089,0.156:
0000
0000
0000
0000
,
0000
0000
0000
0000
,
0000
0000
0000
0000
,
0110
0000
0000
1000
0001
0010
0100
0000
1000
0100
0010
0001
0011
0000
0000
0010
,
0001
0000
0000
0100
0001
0010
0001
0010
0100
1000
0100
0000
1001
0000
0000
0000
,
0000
0000
0001
1000
0100
0010
0001
0000
,
0000
1000
0000
0000
0110
0000
0000
0110
,
0000
1001
0000
1000
,
0000
0001
0000
0000
0110
0000
0000
0110
,
0000
1001
0000
0001
,
0000
1000
0000
0000
0011
0000
0000
0011
,
0000
0110
0000
1000
,
0000
0001
0000
0000
1010
0000
0000
1010
,
0000
0110
0000
0010
,
1000
0010
1000
0100
,
0010
0100
0010
0001
,
0010
0001
0100
0010
,
1000
0000
0010
0000
0100
0000
0001
0010
,
0001
0000
0100
0001
0100
0000
0001
1000
,
0100
0010
0001
0010
0100
1000
0002
0000
,
0000
0000
0000
0003
,
0000
0000
0000
0000
0110
0000
0000
0000
0000
0000
0000
0000
1100
0000
0000
1000
,
0100
0000
0000
0000
0010
0000
0000
0000
0001
0010
0001
0010
0001
0000
1000
0000
0001
0000
1000
0000
0000
0000
1000
0000
0100
0000
0000
0000
0001
0000
0100
0000
,
1000
0000
0000
0101
0000
0000
0101
0000
0001
0000
0100
0000
0000
0000
1000
0000
0100
0000
0000
0000
0000
0000
0000
0000
1001
0000
0000
0000
0010
0000
0100
0000
,
1000
0000
0100
0000
0010
0000
0000
0000
0001
1000
0001
1000
0001
0000
1000
0000
0100
0000
0010
0000
0011
0000
0000
0000
0001
0000
0000
0010
0000
0000
0001
0000
,
0000
0100
0000
0000
0101
0000
0000
0000
1000
0000
0000
0010
0000
0000
1000
0000
0000
0100
0000
0000
1100
0000
0000
0000
1001
0000
0000
0000
0000
0000
0000
0000
,
0000
0000
0010
0000
0001
0000
0100
1000
,
0100
0010
0000
1000
,
0100
0000
0010
0001
0010
0000
1100
0000
,
0110
1100
0000
1000
,
0100
0000
0001
0100
1000
0000
0010
0000
,
0001
0000
0010
1000
0100
0000
1000
0000
,
0100
0001
1000
0010
,
0001
0000
1000
0001
1000
0000
1001
0000
,
0010
0100
1000
0000
0001
0100
0001
0000
,
0100
0101
0000
1001
,
0010
0100
0001
0000
1000
0100
1000
0000
,
0100
0000
1100
0000
0000
0000
1000
0010
,
1000
0010
0001
0000
0010
1000
0010
1000
,
0100
0000
0001
0100
1000
0002
2000
0000
,
0000
0000
0000
3003
,
0000
0000
0001
1000
0100
0010
0200
0000
,
0000
0000
0000
0000
,
0000
0000
0000
0002
,
0000
0003
0000
0020
,
0000
0030
0000
2300
,
0000
0100
0000
0000
0100
0000
0000
0010
,
0000
0100
0100
3002
,
0000
0100
0000
0000
0010
0000
0000
1000
,
0000
0000
0013
0000
1001
0000
1000
0100
,
1000
0001
0010
0001
0100
0010
0100
1000
,
0100
1000
0100
0001
0010
1000
0010
0100
,
0010
0001
0010
0001
0101
0000
1001
0100
,
0010
0100
1000
0001
0110
0000
1001
0010
,
0001
0100
1000
0100
0001
0100
0010
1000
,
0010
0001
0011
0000
1010
1000
0001
0010
,
0001
0010
1000
0010
0110
0000
1001
0100
,
0010
0001
0010
0100
0010
1000
0001
0000
,
0100
1000
0001
0010
,
1000
0000
0100
0010
0001
0000
0010
0000
,
1000
0001
0100
1000
,
0001
0000
0010
0100
1000
0000
0100
0000
,
0010
0001
0100
0010
,
0001
0000
0010
1000
0100
0000
0010
0100
,
1000
0000
0010
0000
0100
1000
0100
0000
,
0001
0000
0100
0001
0010
0000
0001
0000
,
0100
0000
1000
0000
0100
0001
1000
0000
,
0100
0000
1000
0001
0100
0000
1000
0000
,
0100
0001
0010
0100
,
0010
0000
0001
0100
0010
0000
1000
0000
,
0100
0000
0001
0000
0100
1000
0001
0000
,
0100
0000
0001
1000
0100
0000
0001
0100
,
1000
0000
0010
0000
0001
0010
1000
0000
,
0010
0000
1000
0100
0010
0000
0001
0000
,
0010
0000
0100
0000
1000
0100
1000
0100
,
1000
0100
0010
0001
,
0100
0000
0010
0000
0100
0010
0100
0000
,
0001
0000
1100
0000
0100
0000
0010
0001
,
0010
0000
0001
0000
1000
0100
1000
0000
,
0010
0000
0001
0010
0001
0000
0010
0000
,
0100
1000
0100
0000
1000
0000
0100
0000
,
0001
0000
1001
0000
0010
0100
0010
0000
,
0001
0000
1000
0000
0001
0100
0001
0100
,
0001
0010
0100
1000
,
0100
0000
1000
0000
0100
0001
0100
0000
,
1000
0001
0100
0110
,
0010
1000
0100
0010
,
1000
0001
0100
0110
,
0010
0000
0000
0000
0001
0000
0000
0000
0100
0000
0000
0000
0010
0000
0010
0010
,
0110
0000
1010
0000
0011
0001
0010
1000
,
1100
0000
0110
0000
1001
0001
0001
0000
,
0110
0000
1100
0000
0101
0001
0100
1000
,
1010
0000
0011
0000
1001
1000
1000
0000
,
0110
0000
1100
0000
0101
0001
0010
0100
,
1100
0000
0101
0000
1100
1000
1010
0000
,
0101
0000
0001
1001
0000
0100
0110
0000
,
1001
0000
0100
0220
0000
0000
0330
0000
,
1000
0000
0100
0010
0001
0000
1000
0000
,
0010
0100
0001
0000
1000
0000
0001
0010
,
0100
0000
1000
0000
0001
0100
0010
0000
,
0100
0000
0010
0100
0010
0000
1000
0000
,
0100
0000
0010
0001
0100
0000
0010
0000
,
0100
0001
0010
0000
0001
1000
0001
0000
,
0100
0000
0010
1000
0100
0000
0010
0000
,
0100
1000
0010
0000
0001
0000
0010
1000
,
0010
0000
0100
0001
1000
0000
0100
0000
,
0010
0001
0100
0000
0010
0000
1000
0001
,
0100
0000
0010
0000
0100
0001
0010
0000
,
0001
0000
0010
0100
0010
0000
0001
0000
,
1000
0000
0010
1000
0100
0000
0010
0000
,
0100
1000
0010
0000
0001
0000
0010
1000
,
0100
0000
0010
0001
0100
0000
1000
0000
,
0100
0001
0010
0000
0100
0000
1000
0000
,
1100
0000
0000
0000
;

//---------------dance-double - ----------------
#NOTES:
     dance-double:
     :
     Hard:
     16:
     0.761,1,0.445,0.089,0.147:
00000000
00000000
00000000
00000000
,
00000000
00000000
00000000
00000000
,
00000000
00000000
00000000
00000000
,
00001010
00000000
00000000
00001000
00000010
00000000
00010000
00000100
00001000
00000100
00000010
00000000
00000011
00000000
00000000
00000001
,
00000100
00000000
00000000
00001000
00010000
00001000
00010000
01000000
00100000
00010000
10000000
00000000
10010000
00000000
00000000
00000000
,
00000000
00000000
00010000
10000000
01000000
00100000
00010000
00000000
,
00000000
01000000
00000000
00000000
00001000
00000000
00000000
00100000
,
00000000
00101000
00000000
00000010
,
00000000
00000001
00000000
00000000
00000100
00000000
00000000
00001000
,
00000000
00001100
00000000
00000010
,
00000000
00010000
00000000
00000000
00000100
00000000
00000000
00010000
,
00000000
00110000
00000000
10000000
,
00000000
01000000
00000000
00000000
00001000
00000000
00000000
01000000
,
00000000
11000000
00000000
00100000
,
10000000
00100000
10000000
01000000
,
00100000
01000000
00100000
00010000
,
00100000
00010000
00100000
00001000
,
00010000
00000000
00000100
00000000
00001000
00000000
00000010
00000100
,
00000010
00000000
00000100
00000001
00000100
00000000
00000010
00001000
,
00000010
00001000
00000100
00010000
00001000
00010000
00002000
00000000
,
00000000
00000000
00000000
00003000
,
00000000
00000000
00000000
00000000
01100000
00000000
00000000
00000000
00000000
00000000
00000000
00000000
11000000
00000000
00000000
10000000
,
01000000
00000000
00000000
00000000
00100000
00000000
00000000
00000000
00010000
00100000
00010000
00100000
00010000
00000000
10000000
00000000
00010000
00000000
10000000
00000000
00000000
00000000
10000000
00000000
01000000
00000000
00000000
00000000
00010000
00000000
00001000
00000000
,
00010000
00000000
00000000
00010000
00000000
00000000
00010000
00000000
00000010
00000000
00000001
00000000
00000000
00000000
00000010
00000000
00001000
00000000
00000000
00000000
00000000
00000000
00000000
00000000
00000001
00000000
00000000
00000000
00000010
00000000
00001000
00000000
,
00010000
00000000
00001000
00000000
00000010
00000000
00000000
00000000
00001000
00010000
00001000
00010000
00001000
00000000
00010000
00000000
01000000
00000000
10000000
00000000
11000000
00000000
00000000
00000000
00010000
00000000
00000000
00010000
00000000
00000000
00100000
00000000
,
00000000
00100000
00000000
00000000
00010000
00000000
00000000
00000000
00001000
00000000
00000000
00001000
00000000
00000000
00000010
00000000
00000000
00000010
00000000
00000000
00001000
00000000
00000000
00000000
00001001
00000000
00000000
00000000
00000000
00000000
00000000
00000000
,
00000000
00000000
00000010
00000000
00000001
00000000
00000100
00001000
,
00000100
00000010
00000000
00010000
,
00001000
00000000
00000010
00001000
00000010
00000000
00001000
00000000
,
00010000
00100000
00000000
10000000
,
01000000
00000000
00010000
01000000
10000000
00000000
00100000
00000000
,
00010000
00000000
00001000
00010000
00100000
00000000
10000000
00000000
,
01000000
00010000
00000100
00000010
,
00000001
00000000
00001000
00000001
00001000
00000000
00001001
00000000
,
00000001
00001000
00000100
00000000
00000010
00000000
00000100
00001000
,
00000100
00010100
00000000
00011000
,
00001000
00010000
00001000
00000000
00010000
00000000
00001000
00010000
,
01000000
00000000
01100000
00000000
00000000
00000000
10000000
00100000
,
10000000
00000000
00010000
00100000
00010000
00000000
00001000
00000100
,
00001000
00000100
00000010
00000100
00001000
00000200
00002000
00000000
,
00000000
00000000
00000000
00003300
,
00000000
00000000
00001000
00000100
00000010
00000001
00000200
00000000
,
00000000
00000000
00000000
00000000
,
00000000
00000000
00000000
00000002
,
00000000
00000003
00000000
00000020
,
00000000
00000030
00000000
00020300
,
00000000
01000000
00000000
00000000
01000000
00000000
00000000
00100000
,
00001000
01000000
01000000
00032000
,
00000000
00000100
00000000
00000000
00000010
00000000
00000000
00010000
,
00000000
00000000
00003010
00000000
00011000
00000000
10000000
01000000
,
10000000
00010000
00100000
00010000
01000000
00100000
01000000
00001000
,
00010000
00001000
00011000
00000000
00000110
00000010
00000100
00001000
,
00000100
00000001
00000010
00000001
00001000
00000100
00000010
00000001
,
00001000
00000100
00001100
00000000
00011000
00001000
00010000
00100000
,
00010000
00001000
00010000
00001000
00100000
01000000
00100000
00010000
,
10000000
00010000
01000000
00100000
00010000
00001000
00000100
00000001
,
00000100
00001000
00010000
00100000
10000000
00100000
00010000
00000010
,
00010000
00001000
00000010
00000001
00000100
00001000
00010000
00000000
,
01000000
10000000
00010000
00100000
,
10000000
00000000
00100000
00010000
00001000
00000000
00000100
00000000
,
00000001
00000100
00001000
00000010
,
00000001
00000000
00000010
00000100
00000001
00000000
00001100
00000000
,
00000100
00000010
00000100
00010000
,
01000000
00000000
00100000
00010000
10000000
00000000
01010000
00000000
,
01000000
00100000
00010000
00001000
,
00000100
00000000
00000010
00000100
00000001
00000000
00000100
00000000
,
00001000
00010000
00001000
00100000
,
01000000
00000000
00100000
00010000
10000000
00000000
00100000
00000000
,
01000000
10000000
01000000
00100000
,
00010000
00000000
00001000
00000100
00000010
00000000
00001000
00000000
,
00000100
00000001
00000100
00001000
,
00000010
00000000
00001000
00010000
00001000
00000000
00010000
00000000
,
01000000
10000000
01000000
00010000
,
00100000
00000000
00010000
00001000
00010000
00000000
00001000
00000000
,
00000100
00000000
00000010
00000000
00000001
00000100
00000001
00000100
,
00000001
00001000
00000100
00010000
,
00001000
00000000
00000010
00000000
00000100
00000010
00000100
00000000
,
00010000
00000000
00011000
00000000
00000000
00000000
00001000
00010000
,
00001000
00000000
00010000
00000000
00100000
10000000
00100000
00000000
,
10000000
00000000
01000000
00010000
01000000
00000000
00010000
00000000
,
01000000
10000000
01000000
00000000
10000000
00000000
01000000
00000000
,
00010000
00000000
00001000
00010000
00001000
00010000
00001000
00000000
,
00000100
00000000
00000001
00000000
00001000
00000100
00001000
00000100
,
00001000
00000010
00001000
00010000
,
01000000
00000000
10000000
00000000
01000000
00010000
01000000
00000000
,
00010000
10000000
01000000
01100000
,
00100000
00010000
01000000
00100000
,
00010000
00001000
00010000
00011000
,
00001000
00000000
00000010
00000000
00000001
00000000
00000100
00000100
,
00000110
00000000
00001010
00000000
00000011
00000001
00000010
00001000
,
00001100
00000000
00000110
00000000
00011000
00001000
00001000
00000000
,
01100000
00000000
11000000
00000000
01010000
00010000
01000000
10000000
,
10100000
00000000
00110000
00000000
00011000
00010000
00010000
00000000
,
00000110
00000000
00000101
00000000
00001100
00001000
00010000
01000000
,
01010000
00000000
11000000
00000000
01100000
00100000
00110000
00000000
,
00011000
00000000
00000010
00000110
00000000
00001000
00001001
00000000
,
00010100
00000000
00100000
00202000
00000000
00000000
00303000
00000000
,
00010000
01000000
00100000
00010000
,
00001000
00000010
00001000
00010000
,
00100000
00010000
00001000
00000010
,
00001000
00000000
00100000
00010000
00100000
00000000
00001000
00000000
,
00000010
00000001
00000010
00001000
,
00010000
00000000
00100000
00000000
00010000
00001000
00010000
00000000
,
00001000
00000010
00000100
00010000
,
00001000
00000100
00001000
00000000
00010000
00000000
01000000
10000000
,
01000000
00000000
00100000
00010000
00100000
00000000
00001000
00000000
,
00000100
00001000
00000100
00000000
00001000
00000000
00010000
01000000
,
00010000
00000000
00001000
00000000
00000100
00001000
00000100
00000000
,
00000001
00000000
00000010
00000100
00000010
00000000
00001000
00000000
,
00010000
00000000
00001000
00010000
00000010
00000000
00000100
00000000
,
00000001
00000100
00000010
00000000
00010000
00000000
00001000
00010000
,
00001000
00000000
00100000
01000000
00100000
00000000
00001000
00000000
,
00010000
00100000
00010000
00000000
00001000
00000000
00000100
00000000
,
00000101
00000000
00000000
00000000
;
