#TITLE:CURUS;
#SUBTITLE:;
#ARTIST:D-crew;
#TITLETRANSLIT:;
#SUBTITLETRANSLIT:;
#ARTISTTRANSLIT:;
#CREDIT:;
#BANNER:CURUS.png;
#BACKGROUND:CURUS-bg.png;
#LYRICSPATH:;
#CDTITLE:./CDTITLES/Pop'n Music.png;
#MUSIC:CURUS.ogg;
#OFFSET:0.000;
#SAMPLESTART:75.191;
#SAMPLELENGTH:15.000;
#SELECTABLE:YES;
#DISPLAYBPM:184.000:188.000;
#BPMS:0.000=184.615,4.000=183.979,164.000=188.032;
#STOPS:;
#BGCHANGES:;

//---------------dance-single - ----------------
#NOTES:
     dance-single:
     :
     Beginner:
     2:
     0.121,0.190,0.000,0.000,0.000:
0000
0000
0000
0000
,
0000
0000
0000
0000
,
1000
0000
0000
0000
,
1000
0000
0000
0000
,
1000
0000
0000
0000
,
1000
0000
0000
0000
,
0001
0000
0000
0000
,
0001
0000
0000
0000
,
1000
0000
0000
0000
,
1000
0000
0000
0000
,
1000
0000
0000
0000
,
1000
0000
0000
0000
,
0001
0000
0000
0000
,
0001
0000
0000
0000
,
1000
0000
0000
0000
,
1000
0000
0000
0000
,
0001
0000
0000
0000
,
0001
0000
0000
0000
,
0001
0000
0000
0000
,
1000
0000
0000
0000
,
0001
0000
0000
0000
,
1000
0000
0000
0000
,
0001
0000
0000
0000
,
1000
0000
0000
0000
,
1000
0000
0000
0000
,
0001
0000
0000
0000
,
1000
0000
1000
0000
,
0001
0000
0000
0000
,
1000
0000
1000
0000
,
0001
0000
0000
0000
,
1000
0000
1000
0000
,
0001
0000
0001
0000
,
0001
0000
0000
0000
,
1000
0000
0000
0000
,
0001
0000
0000
0000
,
0001
0000
0000
0000
,
0001
0000
0000
0000
,
1000
0000
0000
0000
,
1000
0000
0000
0000
,
1000
0000
0000
0000
,
0000
0000
0000
0000
,
0000
0000
0000
0000
,
1000
0000
0000
0000
,
0001
0000
0000
0000
,
1000
0000
0000
0000
,
0001
0000
0000
0000
,
1000
0000
0000
0000
,
0001
0000
0000
0000
,
1000
0000
0000
0000
,
0001
0000
0000
0000
,
1000
0000
0000
0000
,
0001
0000
0000
0000
,
1000
0000
0000
0000
,
0001
0000
0001
0000
,
0001
0000
0000
0000
,
1000
0000
0000
0000
,
1000
0000
0000
0000
,
1000
0000
0000
0000
,
0001
0000
0000
0000
,
0001
0000
1000
0000
,
0001
0000
0000
0000
,
1000
0000
0001
0000
,
1000
0000
0000
0000
,
0001
0000
1000
0000
,
0001
0000
0000
0000
,
1000
0000
0001
0000
,
1000
0000
0000
0000
,
1000
0000
0000
0000
,
0001
0000
0000
0000
,
0001
0000
0001
0000
,
1000
0000
0000
0000
,
1000
0000
0001
0000
,
0001
0000
0000
0000
,
1000
0000
0001
0000
,
0000
0000
0000
0000
;

//---------------dance-single - ----------------
#NOTES:
     dance-single:
     :
     Easy:
     3:
     0.134,0.190,0.000,0.000,0.000:
0000
0000
0000
0000
,
0000
0000
0000
0000
,
1000
0000
0000
0000
,
1000
0000
0000
0000
,
0100
0000
0000
0000
,
0100
0000
0010
0000
,
0001
0000
0000
0000
,
0001
0000
0000
0000
,
0100
0000
0000
0000
,
0100
0000
0010
0000
,
1000
0000
0000
0000
,
1000
0000
0000
0000
,
0001
0000
0000
0000
,
0010
0000
0100
0000
,
1000
0000
0000
0000
,
0001
0000
0000
0000
,
0100
0000
0000
0000
,
0010
0000
0100
0000
,
0001
0000
0001
0000
,
1000
0000
0000
0000
,
0001
0000
0001
0000
,
0100
0000
0000
0000
,
0001
0000
0001
0000
,
0010
0000
0100
0000
,
1000
0000
0000
0000
,
0001
0000
0000
0000
,
1000
0000
1000
0000
,
0100
0000
0000
0000
,
1000
0000
1000
0000
,
0001
0000
0000
0000
,
1000
0000
1000
0000
,
0010
0000
0100
0000
,
0010
0000
0000
0000
,
0100
0000
0000
0000
,
0001
0000
0000
0000
,
0001
0000
0000
0000
,
0001
0000
0000
0000
,
1000
0000
0000
0000
,
0100
0000
0000
0000
,
0100
0000
0000
0000
,
0000
0000
0000
0000
,
0000
0000
0000
0000
,
1000
0000
0000
0000
,
0001
0000
0000
0000
,
1000
0000
0000
0000
,
0100
0000
0000
0000
,
0010
0000
0000
0000
,
0001
0000
0000
0000
,
1000
0000
0000
0000
,
0100
0000
0000
0000
,
0010
0000
0000
0000
,
0001
0000
0000
0000
,
1000
0000
0000
0000
,
0010
0000
0100
0000
,
0001
0000
0000
0000
,
1000
0000
0000
0000
,
0100
0000
0000
0000
,
0100
0000
0000
0000
,
0010
0000
0000
0000
,
0001
0000
1000
0000
,
0010
0000
0000
0000
,
1000
0000
0001
0000
,
0100
0000
0000
0000
,
0001
0000
1000
0000
,
0100
0000
0000
0000
,
1000
0000
0001
0000
,
1000
0000
0000
0000
,
1000
0000
0000
0000
,
0001
0000
0000
0000
,
0001
0000
0010
0000
,
0100
0000
0000
0000
,
0100
0000
0010
0000
,
0001
0000
0000
0000
,
1000
0000
0001
1000
,
0000
0000
0000
0000
;

//---------------dance-single - ----------------
#NOTES:
     dance-single:
     :
     Medium:
     7:
     0.263,0.343,0.041,0.527,0.000:
0000
0000
0000
0000
,
0000
0000
0000
0000
,
1000
0000
1000
0000
,
0001
0100
1000
0000
,
0001
0000
0001
0000
,
1000
0100
0001
0000
,
0010
0000
0100
0000
,
1000
0100
0001
0000
,
1000
0000
0001
0000
,
1000
0010
0001
0000
,
1000
0000
0100
0000
,
0010
0001
0100
0000
,
1000
0000
0010
0000
,
0100
0001
0010
0000
,
0100
0000
1000
0000
,
0001
0100
1000
0000
,
1000
0100
0010
0001
,
0100
0010
1000
0000
,
0020
0030
0010
0000
,
1000
0100
0010
0001
,
0200
0300
0100
0000
,
0100
0000
0020
0030
,
2000
3000
0001
0000
,
0020
0030
0100
0100
,
1001
0000
1100
0000
,
1001
0000
0101
0000
,
2000
3000
1000
0000
,
0100
0000
0100
0100
,
0020
0030
0010
0000
,
0001
0000
0200
0300
,
0100
0000
0010
0000
,
1000
0001
0010
0100
,
2000
3000
0002
0003
,
0200
0300
0020
0030
,
2000
0000
0000
0000
,
0000
0000
0000
0000
,
0000
0000
0000
3000
,
0200
0000
0000
0300
,
0020
0000
0000
0000
,
0000
0000
0000
0030
,
0000
0001
0000
0001
,
0000
0001
0000
0001
,
2000
0000
0000
0000
,
0200
0000
0000
3000
,
0020
0000
0000
0300
,
0002
0030
0200
0303
,
0020
0000
0000
0000
,
2000
0000
0000
0030
,
0002
0000
0000
3000
,
0200
0003
0020
0300
,
2000
0000
0000
0030
,
0002
0000
0000
3000
,
0020
0000
0000
0003
,
0200
0030
2000
0300
,
0002
0000
0000
3000
,
0200
0000
0000
0003
,
0020
0000
0000
0300
,
0000
0000
0000
0030
,
2000
0000
0000
0000
,
0200
3000
0020
0300
,
0002
0000
0000
0030
,
0200
0003
2000
0300
,
0200
3000
0000
0000
,
0002
0300
2000
0003
,
0200
0000
0000
3000
,
0020
0300
0002
0003
,
0200
0000
0000
0000
,
0000
0000
0000
0030
,
2000
0000
0000
3000
,
0000
0000
0002
0003
,
2000
0000
0000
0000
,
0000
0300
0002
0003
,
0200
0000
0000
0000
,
0000
0000
0000
3300
,
0000
0000
0000
0000
;

//---------------dance-single - ----------------
#NOTES:
     dance-single:
     :
     Hard:
     10:
     0.547,0.648,0.351,0.444,0.000:
0000
0000
0000
0000
,
0000
0000
0000
0000
,
1000
0000
0100
0010
0001
0100
0010
0000
,
1000
0000
0010
0100
0001
0010
0100
0000
,
1000
0000
0001
0100
0010
1000
0100
0000
,
1000
0000
0001
0010
0100
1000
0010
0000
,
0100
0000
0001
1000
0100
0010
0001
0000
,
0100
0000
0001
1000
0010
0100
0001
0000
,
0010
0000
0100
0001
0100
1000
0001
0000
,
0110
1001
0110
0000
,
1000
0000
0001
0100
0010
1000
0100
0000
,
0010
0000
0001
0100
0010
1000
0001
0000
,
0100
0000
0010
1000
0100
0010
0001
0000
,
1000
0000
0010
0100
0001
1000
0100
0000
,
0010
0000
0001
1000
0010
0100
0001
0000
,
1000
0000
0100
0010
0001
1000
0010
0000
,
0100
0000
0001
1000
0100
0001
0100
0000
,
1100
1001
0101
0000
,
2000
3100
0100
0000
,
0010
0001
1000
0100
,
1001
0000
0000
0000
1010
0000
0000
0101
,
0000
0000
2000
3000
,
0200
0300
0010
0000
,
0002
0003
1100
1001
,
0202
0303
2200
3300
,
0022
0033
0202
0303
,
2000
3100
0100
0000
,
0020
0032
2003
3000
,
0110
0000
0000
0000
1001
0000
0000
0110
,
0000
0000
2000
3000
,
0002
0000
0003
0000
0100
0000
0000
0010
,
0000
1000
0100
0010
,
2002
3003
2200
3300
,
0022
0033
2200
0300
,
0001
0000
0000
0100
0000
0000
0000
0000
,
0001
0000
0000
0100
0000
0000
0000
0000
,
0001
0000
0000
0100
0000
0000
3000
0000
,
0201
0000
0000
0010
0000
0000
0300
0000
,
2001
0000
0000
0010
0000
0000
3000
0000
,
0001
0000
0000
0010
0000
0000
0000
0000
,
1000
0100
0010
0001
1000
0100
0010
0001
,
1000
0010
0100
0001
0010
0100
1000
0001
,
0200
0001
0000
0301
,
2000
0001
0100
3100
,
0020
0001
0000
0001
,
0000
0031
0210
0310
,
2000
0001
0000
3001
,
0020
0001
0000
0031
,
0200
0001
0000
0301
,
2000
3000
0002
0003
,
0020
0000
0000
0000
,
0000
0000
0000
0030
,
0200
0000
0000
0300
,
2000
0000
0000
3001
,
0120
1000
0100
0031
,
2100
0001
0010
3001
,
0210
1000
0010
0301
,
1000
0010
0100
0001
0000
1000
0000
0001
,
0000
0000
1000
0010
0100
0001
0010
1000
,
0010
0001
0100
0010
1000
0001
0100
0000
,
1010
0000
0001
0010
0100
1000
0010
0001
,
0010
1000
0100
0010
0001
1000
0010
0000
,
0101
0000
1000
0100
0010
0001
1000
0010
,
0100
0001
0100
1000
0100
0001
0010
0000
,
1100
0000
0010
0001
0100
0010
1000
0000
,
0001
0100
1000
0100
0001
0010
1000
0000
,
0001
0000
0000
0001
0100
0000
0001
0000
,
0001
0000
0000
0001
0010
0000
0001
0000
,
0001
0000
0000
0001
0100
0000
0001
0000
,
1000
0000
0000
0010
0100
0000
0001
0000
,
1000
0000
1000
0100
0000
0000
0011
0000
,
0100
0000
0010
1000
0000
0000
0101
0000
,
0010
0000
0100
1000
0000
0000
1010
0000
,
0100
0001
0010
0100
1000
0001
0100
0010
,
0000
0000
0000
0000
;

//---------------dance-double - ----------------
#NOTES:
     dance-double:
     :
     Easy:
     4:
     0.146,0.190,0.000,0.000,0.000:
00000000
00000000
00000000
00000000
,
00000000
00000000
00000000
00000000
,
00010000
00000000
00000000
00000000
,
00001000
00000000
00000000
00000000
,
00000010
00000000
00000000
00000000
,
00000001
00000000
00000000
00000000
,
00001000
00000000
00000000
00000000
,
00000100
00000000
00000000
00000000
,
00010000
00000000
00000000
00000000
,
00001000
00000000
00010000
00000000
,
00100000
00000000
00000000
00000000
,
10000000
00000000
00000000
00000000
,
01000000
00000000
00000000
00000000
,
00010000
00000000
00000000
00000000
,
00001000
00000000
00000000
00000000
,
00000100
00000000
00000000
00000000
,
00000001
00000000
00000000
00000000
,
00001000
00000000
00000001
00000000
,
00000100
00000000
00001000
00000000
,
00010000
00000000
00000000
00000000
,
00100000
00000000
10000000
00000000
,
01000000
00000000
00000000
00000000
,
00010000
00000000
00001000
00000000
,
00000100
00000000
00000001
00000000
,
00001000
00000000
00000100
00000000
,
00001000
00000000
00000100
00000000
,
00010000
00000000
00001000
00000000
,
00100000
00000000
00010000
00000000
,
10000000
00000000
00100000
00000000
,
01000000
00000000
10000000
00000000
,
01000000
00000000
00010000
00000000
,
10000000
00000000
01000000
00000000
,
00010000
00000000
00001000
00000000
,
00000010
00000000
00000001
00000000
,
00000100
00000000
00000000
00000000
,
00000100
00000000
00000000
00000000
,
00000100
00000000
00000000
00000000
,
00000010
00000000
00000000
00000000
,
00001000
00000000
00000000
00000000
,
00000100
00000000
00000000
00000000
,
00010000
00000000
00000000
00000000
,
00010000
00000000
00000000
00000000
,
00001000
00000000
00000000
00000000
,
00100000
00000000
00000000
00000000
,
00010000
00000000
00000000
00000000
,
10000000
00000000
00000000
00000000
,
00100000
00000000
00000000
00000000
,
01000000
00000000
00000000
00000000
,
00001000
00000000
00000000
00000000
,
00010000
00000000
00000000
00000000
,
00000010
00000000
00000000
00000000
,
00000100
00000000
00000000
00000000
,
00000010
00000000
00000000
00000000
,
00000010
00000000
00000000
00000000
,
00000100
00000000
00000000
00000000
,
00000001
00000000
00000000
00000000
,
00001000
00000000
00000000
00000000
,
00000100
00000000
00010000
00000000
,
00001000
00000000
00100000
00000000
,
00010000
00000000
01000000
00000000
,
00100000
00000000
10000000
00000000
,
01000000
00000000
00010000
00000000
,
00001000
00000000
00000100
00000000
,
00000001
00000000
00000010
00000000
,
00000100
00000000
00010000
00000000
,
00001000
00000000
00100000
00000000
,
01000000
00000000
00000000
00000000
,
01000000
00000000
00000000
00000000
,
01000000
00000000
00000000
00000000
,
01000000
00000000
00100000
00000000
,
00001000
00000000
00000000
00000000
,
00000000
00000000
00010000
00000000
,
00000100
00000000
00000000
00000000
,
00001000
00000000
00000001
00000000
,
00000000
00000000
00000000
00000000
;

//---------------dance-double - ----------------
#NOTES:
     dance-double:
     :
     Medium:
     5:
     0.270,0.343,0.000,0.145,0.000:
00000000
00000000
00000000
00000000
,
00000000
00000000
00000000
00000000
,
00000000
00100000
10000000
01000000
,
00000000
00001000
00000010
00000100
,
00000000
00010000
00100000
01000000
,
00000000
10000000
00100000
01000000
,
00000000
00001000
00100000
01000000
,
00000000
10000000
00010000
01000000
,
00000000
00001000
00010000
00000010
,
00000000
00001000
00000001
00000010
,
00000000
00000100
00010000
00001000
,
00000000
00100000
00010000
10000000
,
00000000
00100000
01000000
00001000
,
00000000
00010000
01000000
10000000
,
00000000
00010000
00100000
01000000
,
00000000
00010000
00001000
00000100
,
00000000
00000001
00001000
00000100
,
00000000
00000010
00000001
00000100
,
00000010
00000000
00000010
00000000
,
00001000
00000100
00010000
00001000
,
00100000
00000000
00100000
01000000
,
00100000
00000000
10000000
00000000
,
10000000
00000000
10000000
00000000
,
01000000
00000000
00010000
00001000
,
00000100
00000000
00000100
00000000
,
00000100
00000000
00000001
00000000
,
00001000
00000000
00001000
00000000
,
00000010
00000100
00000001
00000010
,
00001000
00000000
00001000
00000000
,
00001000
00000000
00010000
00000000
,
01000000
00000000
01000000
00000000
,
01000000
10000000
00010000
01000000
,
00100000
00000000
00100000
00010000
,
00001000
00000000
00000010
00000000
,
00000001
00000000
00000000
00000000
,
00000001
00000000
00000000
00000000
,
00000001
00000000
00000000
00000000
,
00000001
00000000
00000000
00000000
,
00001000
00000000
00000000
00000000
,
00000100
00000000
00000000
00000000
,
00010000
00000000
00000000
00000000
,
00001000
00000000
00000000
00000000
,
00200000
00000000
00000000
00300000
,
20000000
00000000
00000000
30000000
,
00020000
00000000
00000000
00000000
,
00000000
00030000
00002000
00003000
,
00000200
00000000
00000000
00000300
,
00000002
00000000
00000000
00000003
,
00002000
00000000
00000000
00003000
,
00000200
00000000
00000000
00000300
,
00010000
00010000
00010000
00010000
,
00001000
00001000
00001000
00001000
,
00100000
00100000
00100000
00100000
,
00010000
00010000
00010000
00010000
,
10000000
10000000
10000000
10000000
,
01000000
01000000
01000000
01000000
,
00010000
00010000
00010000
00010000
,
00001000
00001000
00010000
00001000
,
00000000
00100000
01000000
10000000
,
00000000
00001000
00000010
00000100
,
00000000
00010000
00001000
00010000
,
00000100
00000010
00000001
00000100
,
00000000
00001000
00010000
01000000
,
00000000
10000000
00100000
00010000
,
00000000
00001000
00000010
00000001
,
00000100
00001000
00010000
01000000
,
20000000
00000000
00000000
00000000
,
00000000
00000000
00000000
30000000
,
00200000
00000000
00000000
00000000
,
00000000
00300000
00020000
00030000
,
00002000
00000000
00000000
00000000
,
00000000
00003000
00000020
00000030
,
00000002
00000000
00000000
00000000
,
00000000
00000000
00000000
00000003
,
00000000
00000000
00000000
00000000
;

//---------------dance-double - ----------------
#NOTES:
     dance-double:
     :
     Hard:
     12:
     0.465,0.648,0.000,0.000,0.005:
00000000
00000000
00000000
00000000
,
00000000
00000000
00000000
00000000
,
10000000
00000000
00000000
01000000
00000000
00000000
00100000
00000000
,
00010000
00000000
00000000
01000000
00000000
00000000
00100000
00000000
,
10000000
00000000
00000000
01000000
00000000
00000000
00010000
00000000
,
00001000
00000100
00000001
00000010
,
00000001
00000000
00000000
00000100
00000000
00000000
00000010
00000000
,
00001000
00000000
00000000
00000100
00000000
00000000
00000010
00000000
,
00000001
00000000
00000000
00000100
00001000
00000000
00000000
00010000
,
00000000
01000000
10000000
00000000
00010000
00000000
01000000
00000000
,
00100000
00000000
10000000
01000000
00000000
01000000
00100000
00000000
,
00010000
00000000
01000000
00100000
00000000
00100000
10000000
00000000
,
01000000
00000000
00100000
00001000
00000000
00001000
00000100
00000000
,
00001000
00000000
00010000
01000000
00000000
01000000
00000000
10000000
,
00010000
00000000
01000000
00100000
00000000
00100000
00010000
00000000
,
00001000
00000000
00000010
00000001
00000000
00000001
00000100
00000000
,
00000010
00000000
00001000
00000100
00000010
00000000
00000001
00000100
,
00000000
00000010
00000000
00001000
00000100
00000010
00000001
00001000
,
00000010
00000000
00000000
00000100
00000000
00000100
00001000
00000000
,
00010000
00000000
00000000
01000000
00000000
00000000
10000000
00000000
,
00010000
00000000
00000000
01000000
00000000
00100000
10000000
00000000
,
01000000
00000000
00000000
00100000
00000000
00000000
00010000
00000000
,
10000000
00000000
00000000
01000000
00000000
00100000
00010000
00000000
,
01000000
00000000
00000000
00001000
00000000
00000000
00000010
00000000
,
00000001
00000000
00000000
00000100
00000010
00000000
00000000
00001000
,
00000000
00000100
00000010
00000000
00000001
00000000
00000100
00001000
,
00010000
00000000
00000000
01000000
00000000
10000000
00100000
00000000
,
00010000
00000000
00000000
00001000
00000000
00000010
00000001
00000000
,
00001000
00000000
00000010
00000100
00000000
00000100
00000010
00001000
,
00000100
00000000
00010000
00001000
00000000
00001000
00000010
00000001
,
00000100
00000000
00001000
00010000
00000000
00100000
10000000
01000000
,
00100000
00000000
00010000
10000000
00000000
00100000
01000000
00010000
,
00100000
00000000
01000000
00010000
00000000
00010000
00001000
00000100
,
00000010
00000000
00001000
00000000
00000100
00010000
00001000
00100000
,
00010000
00000000
00000000
10000000
00000000
00000000
00000000
00000000
,
10000000
00000000
00000000
01000000
00000000
00000000
00000000
00000000
,
01000000
00000000
00000000
00100000
00000000
00000000
00000000
00000000
,
00100000
00000000
00000000
00001000
00000000
00000000
00000000
00000000
,
00001000
00000000
00000000
00010000
00000000
00000000
00000000
00000000
,
00010000
00000000
00000000
00000010
00000000
00000000
00000000
00000000
,
00001000
00000100
00000010
00000001
00000100
00000010
00001000
00000100
,
00000010
00000001
00000100
00000010
00001000
00000001
00000010
00000100
,
00010000
00000000
00000000
00010000
00001000
00000000
00100000
00000000
,
00010000
00000000
00000000
10000000
00000000
00000000
01000000
00000000
,
00100000
00000000
00000000
00010000
00000000
00000000
01000000
00000000
,
00100000
10000000
00000000
01000000
00000000
00010000
00000000
00001000
,
00010000
00000000
00000000
00000100
00000000
00000000
00000010
00000000
,
00000001
00000000
00000000
00000100
00000000
00000000
00000010
00000000
,
00001000
00000000
00000000
00000001
00000000
00000000
00000010
00000000
,
00000100
00000000
00000000
00001000
00000000
00000000
00000001
00000000
,
00000100
00001000
00010000
00100000
,
10000000
01000000
00010000
00001000
,
00000010
00000001
00000100
00001000
,
00010000
00100000
10000000
01000000
,
00010000
00001000
00000010
00000001
,
00000100
00001000
00010000
00100000
,
10000000
01000000
00010000
00001000
,
00000010
00000000
00000001
00000000
00000100
00000010
00000100
00000010
,
00001000
00000100
00001000
00000100
00010000
00001000
00010000
00001000
,
00100000
00010000
00100000
00010000
10000000
00100000
10000000
00100000
,
01000000
10000000
01000000
10000000
00010000
01000000
00010000
01000000
,
00001000
00010000
00001000
00010000
00000010
00001000
00000010
00001000
,
00000001
00000010
00000001
00000010
00000100
00000001
00000100
00000001
,
00001000
00000100
00001000
00000100
00010000
00001000
00010000
00001000
,
00100000
00010000
00100000
00010000
10000000
00100000
10000000
00100000
,
01000000
00000000
00010000
00000000
01000000
00000000
00010000
00000000
00100000
00000000
00001000
00000000
00010000
00000000
00001000
00010000
,
00000000
00000000
00100000
00000000
,
00000000
00000000
00000010
00000000
,
00000000
00000000
01000000
00000000
,
00000000
00000000
00000100
00000000
,
00000000
00010000
00000000
00100000
,
00000000
00001000
00000000
00000010
,
00000000
00010000
00000000
01000000
,
10000000
00100000
00010000
00001000
00000010
00000001
00000100
00001000
,
00000000
00000000
00000000
00000000
;
