#TITLE:CUTIE CHASER;
#SUBTITLE:;
#ARTIST:CLUB SPICE;
#TITLETRANSLIT:;
#SUBTITLETRANSLIT:;
#ARTISTTRANSLIT:;
#CREDIT:;
#BANNER:CUTIE CHASER.png;
#BACKGROUND:CUTIE CHASER-bg.png;
#LYRICSPATH:;
#CDTITLE:./CDTITLES/DANCE DANCE REVOLUTION HOME VERSION.PNG;
#MUSIC:CUTIE CHASER.ogg;
#OFFSET:0.000;
#SAMPLESTART:36.153;
#SAMPLELENGTH:15.000;
#SELECTABLE:YES;
#DISPLAYBPM:126.000;
#BPMS:0.000=126.227,10.000=126.129;
#STOPS:;
#BGCHANGES:;

//---------------dance-single - ----------------
#NOTES:
     dance-single:
     :
     Beginner:
     3:
     0.150,0.153,0.134,0.000,0.000:
0000
0000
0000
0000
,
0000
0000
0000
0000
,
0000
0000
0000
0000
,
0000
0000
0000
0000
,
0001
0000
0001
0001
,
0001
0000
1000
0000
,
1000
1000
1000
0000
,
0001
0000
0001
0001
,
0000
0010
0010
0000
,
0100
0100
0000
1000
,
1000
0000
0100
0100
,
0000
0010
0010
0000
,
0001
0001
0000
0010
,
0010
0000
0000
1001
,
0000
0000
0100
0000
,
0000
1001
0000
0000
,
0010
0000
0000
1001
,
0000
0000
0100
0000
,
0000
1001
0000
0000
,
1000
0000
0000
0100
,
0100
0000
0000
0001
,
0000
0100
0100
0000
,
1000
0000
0000
0100
,
0100
0000
0000
0001
,
0000
0100
0100
0000
,
1001
0000
0000
0000
,
1001
0000
0000
0010
,
0000
0000
0110
0000
,
0000
1000
0000
0000
,
0001
0000
0010
0010
,
0000
1000
1000
0000
,
0100
0100
0000
0001
,
0001
0000
1001
0000
,
0000
1000
0000
0000
,
0001
0000
0000
1001
,
0000
0000
1001
0000
,
0000
1000
0000
0000
,
0001
0000
0000
1001
,
0000
0000
1000
1000
,
0000
1000
0000
0000
,
0100
0100
0000
0100
,
0000
0000
0001
0001
,
0000
0001
0000
0100
,
0100
0000
0100
0000
,
0100
0000
0001
0000
,
1000
0000
1001
0000
,
0000
0000
0000
0000
;

//---------------dance-single - ----------------
#NOTES:
     dance-single:
     :
     Easy:
     5:
     0.257,0.282,0.145,0.000,0.000:
0000
0000
0000
0000
,
0000
0000
0000
0000
,
0000
0000
0000
0000
,
0000
0000
0000
0000
,
0010
0010
0010
0001
,
0100
0000
0010
0010
,
0010
1000
0100
0000
,
1001
0010
1000
0100
,
0001
0010
0100
0001
,
0001
0010
1000
1000
,
0010
0010
0000
0100
,
0100
0000
0001
0001
,
0000
1000
1000
0000
,
1001
0010
0100
0010
,
1000
0001
0110
0001
,
0100
0001
0100
1000
,
0010
0100
0000
0100
,
1000
0000
1000
0010
,
0000
0010
0001
0000
,
0010
1000
0100
0001
,
0010
1001
0010
0001
,
0100
0010
0010
1001
,
0010
1000
0100
0001
,
1000
0110
0001
1000
,
0100
0001
0010
1000
,
1001
0010
0010
0010
,
1000
0001
0000
1000
0000
0000
0001
0000
,
0000
0000
0100
0000
,
0000
0001
0000
0000
,
0100
0000
0010
0100
,
1000
0010
1000
0001
,
0100
0010
0001
1000
,
0100
0001
0110
0001
,
1000
0010
0001
0010
,
1001
0100
0010
0001
,
1000
0100
1000
0001
,
0000
0100
0010
0000
,
0001
1000
0000
1001
,
0110
0000
0010
1000
,
0100
0001
0010
1000
,
0010
0001
0100
0010
,
0010
1001
0010
1000
,
0100
0001
0010
0001
,
0100
1000
0010
1000
,
0001
0100
1001
0010
,
0010
0000
0010
0000
0001
1000
0000
0100
,
0000
0000
0000
0000
;

//---------------dance-single - ----------------
#NOTES:
     dance-single:
     :
     Medium:
     7:
     0.321,0.359,0.179,0.000,0.000:
0000
0000
0000
0000
,
0000
0000
0000
0000
,
0000
0000
0000
0000
,
0000
0000
0000
0000
,
0110
0000
0000
1000
0000
0100
0000
0000
,
0001
0001
0000
1000
0100
0000
0000
0001
,
0000
0011
0000
0000
1000
0100
0000
0010
,
0001
0010
1000
0100
,
0001
0000
0010
0000
0100
0000
0001
1000
,
0001
0000
0010
0000
1000
0001
1000
0000
,
0100
0100
0000
0010
,
0001
0000
0100
1000
,
0000
0010
0100
0000
,
1001
0000
0010
0001
0100
0000
0010
0000
,
0001
1000
0001
0000
0110
0000
0001
0010
,
0100
0000
0010
0000
1000
0001
1000
0000
,
0011
0010
0000
0101
,
0001
0000
1100
0100
,
0000
1010
1000
0000
,
0010
1000
0100
0001
,
0010
1001
0010
0001
,
0100
0000
0010
0100
0010
0000
1001
0000
,
0010
1000
0100
0001
,
0010
0100
0010
0000
0001
0000
1000
0000
,
0100
0000
0001
0000
0010
1000
0001
0000
,
1001
0000
0000
0010
0000
1001
0000
0000
,
0010
0001
0000
1000
0010
0000
0010
0000
,
0001
1000
0010
0000
1000
0000
1000
0001
,
0010
0000
0010
0000
0100
1000
0001
0000
,
0001
1000
0100
0000
0010
0000
1000
0001
,
1000
0010
0100
0010
,
0100
0000
0010
0001
1000
0000
0010
0000
,
1000
0000
0001
0000
0010
0001
0100
0000
,
0001
0000
0010
0100
0010
0000
1000
0000
,
0010
0001
0100
0000
0010
0000
1000
0100
,
1000
0110
0001
1000
,
0010
1000
0100
0000
0010
1000
0001
0000
,
0100
0000
0001
0000
0100
1000
0010
0000
,
0001
0010
0100
0000
0010
0000
1000
0000
,
0100
0001
0010
1000
,
0010
0000
0001
0000
0100
0000
0010
0100
,
0010
1001
0010
1000
,
0100
0001
0010
0001
,
0100
0000
1000
0000
0010
0000
1000
0010
,
0001
0000
0100
0000
0010
0000
0000
1001
,
0000
0010
0000
0000
0100
0010
0000
1001
,
0000
0000
0000
0000
;

//---------------dance-single - ----------------
#NOTES:
     dance-single:
     :
     Hard:
     10:
     0.457,0.487,0.335,0.000,0.173:
0000
0000
0000
0000
,
0000
0000
0000
0000
,
0000
0000
0000
0000
,
0000
0000
0000
0000
,
0110
0000
0000
1010
0000
0101
0000
0000
,
0011
1100
0000
1001
1001
0000
0000
0011
,
0000
1100
0000
0000
1001
0101
0000
0110
,
0001
0000
0000
0000
0000
0000
0000
0000
1000
0000
0001
0000
0100
0000
0000
1000
,
0001
0000
0000
0000
0010
0000
1000
0000
0100
0000
0000
0001
1000
0000
0000
0000
,
0001
0000
0100
0000
0010
0000
0000
0001
1000
0000
0000
0000
0001
0000
1000
0000
,
0100
0000
0000
0001
0100
0000
0001
0000
0100
0000
1000
0000
0010
0000
0000
1000
,
0001
0000
0000
0000
0100
0000
0001
0000
0100
0000
0000
0001
1000
0000
0001
0000
,
0100
0000
1000
0000
0010
0000
0000
1000
0100
0000
0001
0000
0100
0000
0000
0000
,
1001
0000
0010
0001
0100
0000
1010
0000
,
0001
1000
0001
0000
0010
0000
0001
0010
,
0100
0000
0011
0000
1000
0001
0100
0000
,
1000
0000
0010
0100
0000
0010
0100
0000
0001
0000
0000
0000
0001
0000
0010
0100
,
0000
0010
0100
0000
1000
0000
0001
0000
1000
0000
0010
0100
0000
0010
0100
0000
,
0001
0000
0000
0000
0001
0000
0010
0100
0000
0010
0100
0000
1000
0000
0001
0000
,
0010
0000
1000
0001
0100
0000
0001
0000
,
0010
0000
1001
0000
0010
0100
0001
1000
,
0010
0100
0001
0100
0010
0000
0100
0000
,
0000
0010
0000
0001
0000
0100
0000
1000
,
0010
0100
0010
0000
1000
0001
0100
0001
,
1000
0001
0010
0000
1000
0100
0001
0000
,
1001
0000
0000
0110
0000
1001
0000
0000
,
0101
0000
1100
0000
0000
0000
1001
0000
0010
0000
0000
1000
0100
0000
0000
0010
,
0001
0000
0100
0000
0010
0000
0000
1000
0100
0000
0000
0010
0001
0000
0100
0000
,
0010
0000
0000
1000
0100
0000
0000
0010
0001
0000
0100
0000
0010
0000
0000
1000
,
0100
0000
0000
0010
0100
0000
0000
0000
0001
0000
0000
0000
1000
0000
0100
0000
,
1000
0001
0100
0000
0001
0000
0010
1000
,
0100
0000
1000
0000
0001
0100
0010
0000
,
1000
0010
0001
1000
0010
0001
0100
0000
,
0001
0000
0010
1000
0010
0000
1001
0000
,
0010
0001
0100
0000
0010
0000
1000
0100
,
1000
0000
0000
0000
0001
0000
0000
0000
1000
0000
0010
0100
0000
0010
0100
0000
,
0001
0000
0000
0000
0001
0000
0010
0100
0000
0010
0100
0000
1000
0000
0001
0000
,
1000
0000
0010
0100
0000
0010
0100
0000
0001
0000
0000
0000
0001
0000
0010
0100
,
0000
0010
0100
0000
1000
0000
0000
0000
0010
0000
0000
0000
1000
0000
0001
0000
,
0100
0001
0010
1001
,
0010
0100
0001
1000
0010
0100
0001
0100
,
0010
0000
0100
0000
0000
0010
0000
0001
,
0000
0100
0000
1000
0010
0100
0010
0000
,
1000
0001
0100
0001
1000
0001
0010
0100
,
1000
0000
0001
0000
1001
0000
0000
1010
,
0000
0101
0000
0000
0101
1100
0000
1001
,
0000
0000
0000
0000
;

//---------------dance-double - ----------------
#NOTES:
     dance-double:
     :
     Easy:
     5:
     0.257,0.282,0.145,0.000,0.000:
00000000
00000000
00000000
00000000
,
00000000
00000000
00000000
00000000
,
00000000
00000000
00000000
00000000
,
00000000
00000000
00000000
00000000
,
00100000
00100000
00100000
01000000
,
00001000
00000000
00000010
00000010
,
00000010
00000001
00000100
00000000
,
00001010
00000100
00010000
00100000
,
10000000
00010000
00001000
00000001
,
00000001
00000010
00001000
00001000
,
00010000
00010000
00000000
01000000
,
01000000
00000000
00100000
00100000
,
00000000
10000000
10000000
00000000
,
01010000
00000100
00001000
00000010
,
00000001
00000100
00000110
00001000
,
00010000
00100000
01000000
10000000
,
00100000
01000000
00000000
01000000
,
10000000
00000000
10000000
00010000
,
00000000
01000000
00001000
00000000
,
00000010
00000001
00001000
00000010
,
00000001
00000110
00001000
00010000
,
00100000
01000000
00100000
10010000
,
00100000
10000000
01000000
00010000
,
00001000
00001010
00000001
00001000
,
00000100
00010000
00100000
10000000
,
10010000
00100000
00100000
00100000
,
10000000
00010000
00000000
10000000
00000000
00000000
00010000
00000000
,
00000000
00000000
00001000
00000000
,
00000000
00000001
00000000
00000000
,
00000100
00000000
00000010
00000100
,
00001000
00010000
00100000
10000000
,
01000000
00100000
00010000
00001000
,
00000010
00000001
00000110
00000001
,
00001000
00010000
00100000
01000000
,
10010000
01000000
00010000
00001000
,
00000001
00000100
00001000
00010000
,
00000000
01000000
00100000
00000000
,
00010000
10000000
00000000
10010000
,
01100000
00000000
01000000
00000100
,
00001000
00000001
00000010
00001000
,
00010000
00100000
10000000
01000000
,
00100000
10010000
01000000
10000000
,
00010000
00001000
00000001
00000100
,
00000010
00001000
00010000
10000000
,
01000000
01000000
10010000
00100000
,
00100000
00000000
00100000
00000000
00010000
10000000
00000000
01000000
,
00000000
00000000
00000000
00000000
;

//---------------dance-double - ----------------
#NOTES:
     dance-double:
     :
     Medium:
     7:
     0.321,0.359,0.168,0.000,0.000:
00000000
00000000
00000000
00000000
,
00000000
00000000
00000000
00000000
,
00000000
00000000
00000000
00000000
,
00000000
00000000
00000000
00000000
,
01100000
00000000
00000000
00010000
00000000
00001000
00000000
00000000
,
00000010
00000010
00000000
00001000
00000001
00000000
00000000
00000001
,
00000000
00000011
00000000
00000000
00001000
00000100
00000000
00001000
,
00010000
00100000
10000000
01000000
,
00010000
00000000
00001000
00000000
00000010
00000000
00001000
00000001
,
00001000
00000000
00000010
00000000
00001000
00000100
00001000
00000000
,
00000100
00010000
00000000
00100000
,
10000000
00000000
01000000
00010000
,
00000000
00001000
00000001
00000000
,
00000110
00000000
00000010
00000001
00000100
00000000
00000010
00000000
,
00001000
00000001
00001000
00000000
00001010
00000000
00000001
00001000
,
00000100
00000000
00010000
00000000
00100000
01000000
00100000
00000000
,
10010000
01000000
00000000
00011000
,
00000100
00000000
00000101
00000010
,
00000000
00001010
00000100
00000000
,
00000001
00001000
00010000
10000000
,
00100000
10010000
00100000
00010000
,
00001000
00000000
00000010
00000100
00000010
00000000
00001100
00000000
,
00000001
00001000
00010000
10000000
,
00100000
01000000
00100000
00000000
00010000
00000000
00001000
00000000
,
00000001
00000000
00000100
00000000
00000010
00001000
00000001
00000000
,
00000110
00000000
00000000
00001000
00000000
00000010
00000100
00000000
,
00000010
00000100
00000000
00000001
00000100
00000000
00000100
00000000
,
00001000
00010000
01000000
00000000
01000000
00000000
01000000
10000000
,
00100000
00000000
00100000
00000000
01000000
10000000
00010000
00000000
,
00010000
10000000
01000000
00000000
00100000
00000000
10000000
00010000
,
10000000
01000000
00000100
00001000
,
00000010
00000000
00001000
00000001
00000100
00000000
00000001
00000000
,
00001000
00000000
00010000
00000000
10000000
00010000
01000000
00000000
,
00010000
00000000
00100000
01000000
00100000
00000000
10000000
00000000
,
00100000
10000000
00010000
00000000
00001000
00000000
00000001
00001000
,
00000001
00000110
00000001
00000100
,
00001000
00000100
01000000
00000000
00100000
01000000
00010000
00000000
,
10000000
00000000
00010000
00000000
01000000
00100000
10000000
00000000
,
10000000
00010000
01000000
00000000
00010000
00000000
00000100
00000000
,
00001000
00000010
00000001
00000010
,
00001000
00000000
00000100
00000000
00010000
00000000
00100000
01000000
,
00100000
10010000
00100000
00010000
,
00001000
00000010
00000001
00000100
,
00001000
00000000
00010000
00000000
00100000
00000000
10000000
00100000
,
00010000
00000000
01000000
00000000
00100000
00000000
00000000
00011000
,
00000000
00000010
00000000
00000000
00000100
00000010
00000000
00001001
,
00000000
00000000
00000000
00000000
;

//---------------dance-double - ----------------
#NOTES:
     dance-double:
     :
     Hard:
     10:
     0.452,0.487,0.324,0.000,0.173:
00000000
00000000
00000000
00000000
,
00000000
00000000
00000000
00000000
,
00000000
00000000
00000000
00000000
,
00000000
00000000
00000000
00000000
,
01100000
00000000
00000000
00110000
00000000
00011000
00000000
00000000
,
00001010
00000011
00000000
00001001
00001001
00000000
00000000
00001010
,
00000000
00001100
00000000
00000000
00001001
00001010
00000000
00011000
,
00010000
00000000
00000000
00000000
00000000
00000000
00000000
00000000
00100000
00000000
00010000
00000000
00100000
00000000
00000000
10000000
,
00010000
00000000
00000000
00000000
00100000
00000000
10000000
00000000
01000000
00000000
00000000
00010000
10000000
00000000
00000000
00000000
,
00010000
00000000
01000000
00000000
00100000
00000000
00000000
00010000
10000000
00000000
00000000
00000000
00100000
00000000
10000000
00000000
,
00010000
00000000
00000000
01000000
00010000
00000000
10000000
00000000
00100000
00000000
01000000
00000000
00010000
00000000
00000000
00001000
,
00010000
00000000
00000000
00000000
00000010
00000000
00000100
00000000
00001000
00000000
00000000
00000001
00001000
00000000
00000001
00000000
,
00000100
00000000
00000010
00000000
00001000
00000000
00000000
00000010
00001000
00000000
00000001
00000000
00000100
00000000
00000000
00000000
,
00000110
00000000
00001000
00000010
00000100
00000000
00001100
00000000
,
00010000
00100000
10000000
00000000
00100000
00000000
10000000
00100000
,
01000000
00000000
00100000
00000000
00010000
10000000
00010000
00000000
,
10000000
00000000
00100000
01000000
00000000
00100000
01000000
00000000
00010000
00000000
00000000
00000000
00010000
00000000
00100000
01000000
,
00000000
00100000
01000000
00000000
10000000
00000000
00000000
00000000
10000000
00000000
00100000
01000000
00000000
00100000
01000000
00000000
,
00010000
00000000
00000000
00000000
00010000
00000000
00100000
01000000
00000000
00100000
01000000
00000000
10000000
00000000
00000000
00000000
,
10000000
00000000
00010000
00001000
00000010
00000000
00000001
00000000
,
00000010
00000000
00001010
00000000
00000010
00000100
00000001
00001000
,
00000010
00000100
00000001
00000100
00000010
00000000
00000100
00000000
,
00000000
00000010
00000000
00001000
00000000
00100000
00000000
01000000
,
00100000
01000000
00100000
00000000
10000000
00010000
01000000
00100000
,
10000000
01000000
00010000
00000000
00100000
10000000
00010000
00000000
,
00011000
00000000
00000000
00001010
00000000
00001001
00000000
00000000
,
00000101
00000000
00001100
00000000
00000000
00000000
00001001
00000000
00000010
00000000
00000000
00001000
00000100
00000000
00000000
00000010
,
00000001
00000000
00000100
00000000
00000010
00000000
00000000
00001000
00000100
00000000
00000000
00000010
00000001
00000000
00000100
00000000
,
00000010
00000000
00000000
00001000
00000100
00000000
00000000
00000010
00000001
00000000
00000100
00000000
00000010
00000000
00000000
00000001
,
00001000
00000000
00000000
00000010
00000100
00000000
00000000
00000000
00001000
00000000
00000000
00000000
00010000
00000000
00100000
00000000
,
10000000
00010000
01000000
00000000
00010000
00000000
00100000
10000000
,
01000000
00000000
10000000
00000000
00010000
01000000
00100000
00000000
,
10000000
00100000
00010000
10000000
00100000
00010000
10000000
00000000
,
00100000
00000000
00100000
01000000
00010000
00000000
00011000
00000000
,
00000010
00001000
00000001
00000000
00000010
00000000
00001000
00000001
,
00000100
00000000
00000000
00000000
00000001
00000000
00000000
00000000
00001000
00000000
00000010
00000100
00000000
00000010
00000100
00000000
,
00000001
00000000
00000000
00000000
00001000
00000000
00000010
00000100
00000000
00000010
00000100
00000000
00001000
00000000
00000001
00000000
,
00001000
00000000
00000010
00000100
00000000
00000010
00000100
00000000
00000001
00000000
00000000
00000000
00001000
00000000
00000010
00000100
,
00000000
00000010
00000100
00000000
00001000
00000000
00000000
00000000
00010000
00000000
00000000
00000000
00100000
00000000
10000000
00000000
,
01000000
00010000
10000000
01100000
,
00010000
01000000
00001000
00010000
00000010
00010000
00000010
00001000
,
00000001
00000000
00001000
00000000
00000000
00000010
00000000
00001000
,
00000000
00010000
00000000
01000000
00100000
01000000
00100000
00000000
,
01000000
00010000
10000000
00010000
10000000
00100000
10000000
00010000
,
01000000
00000000
00010000
00000000
10010000
00000000
00000000
00110000
,
00000000
00011000
00000000
00000000
00001010
00000011
00000000
00001001
,
00000000
00000000
00000000
00000000
;

//---------------dance-couple - ----------------
#NOTES:
     dance-couple:
     :
     Medium:
     7:
     0.457,0.718,0.716,0.000,0.089:
00000000
00000000
00000000
00000000
,
00000000
00000000
00000000
00000000
,
00000000
00000000
00000000
00000000
,
00000000
00000000
00000000
00000000
,
01100110
00000000
00000000
10001000
00000000
01000100
00000000
00000000
,
00010001
00010001
00000000
10001000
01000100
00000000
00000000
00010001
,
00000000
00110011
00000000
00000000
10001000
01000100
00000000
00100010
,
00000001
00000100
00000001
00100000
,
10000000
01000000
00000010
00001000
,
00001000
01000000
00010000
00010000
,
00000100
00000100
00000000
00100000
,
00100000
00000000
00001000
00001000
,
00000000
00010000
00010000
00000000
,
00001001
00000000
00000010
00000100
00000010
00000000
01100000
00000000
,
00010000
10000000
00010000
00000000
00001001
00000000
00000010
00000001
,
00000100
00000000
01100000
00000000
10000000
00010000
01000000
00000000
,
10000000
00000000
00100000
01000000
00000000
00100000
01000000
00000000
00010000
00000000
00000000
00000000
00000001
00000000
00000010
00000100
,
00000000
00000010
00000100
00000000
00001000
00000000
00000000
00000000
00010000
00000000
00100000
01000000
00000000
00100000
01000000
00000000
,
10000000
00000000
00000000
00000000
00001000
00000000
00000010
00000100
00000000
00000010
00000100
00000000
00000001
00000000
00000000
00000000
,
00100000
10000000
01000000
00010000
,
00100000
10010000
00000010
00001000
,
00000100
00000001
00000010
00001001
,
00100000
10000000
01000000
00010000
,
00100000
01000000
00100000
00000000
00000010
00000000
00001000
00000000
,
00000100
00000000
00000001
00000000
00000010
00000100
00000010
00000000
,
10011001
00000000
00000000
01100110
00000000
10011001
00000000
00000000
,
01010101
11001100
00000000
10011001
00000000
00000000
00010000
00000000
,
00000000
00000000
00000100
00000000
,
00000000
10000000
00000000
00000000
,
00000010
00000000
00100000
01000000
,
00010000
00001000
00000001
00000100
,
10000000
01000000
00100000
00000010
,
00001000
00000000
00000001
00000000
00100000
00010000
01000000
00000000
,
00010000
00000000
00000010
00000100
00000010
00000000
00001000
00000000
,
00100000
01000000
00100000
00000000
10000000
00000000
00000001
00000100
,
00000010
00000000
00000000
00000000
00001000
00000000
00000000
00000000
10000000
00000000
00100000
01000000
00000000
00100000
01000000
00000000
,
00010000
00000000
00000000
00000000
00001000
00000000
00000010
00000100
00000000
00000010
00000100
00000000
00000001
00000000
00000000
00000000
,
00010000
00000000
00100000
01000000
00000000
00100000
01000000
00000000
10000000
00000000
00000000
00000000
00000001
00000000
00000010
00000100
,
00000000
00000010
00000100
00000000
00001000
00000000
00000000
00000000
00100010
00000000
00000000
00000000
10001000
00000000
00010001
00000000
,
01000100
00010001
00100010
10011001
,
00100010
01000100
00010001
10001000
00100010
01000100
00010001
01000100
,
00100010
00000000
01000100
00000000
00000000
00100010
00000000
00010001
,
00000000
01000100
00000000
10001000
00100010
01000100
00100010
00000000
,
10001000
00010001
01000100
00010001
10001000
00010001
00100010
01000100
,
10001000
00000000
00010001
00000000
10011001
00000000
00000000
10100000
,
00000000
00000101
00000000
00000000
01010000
00001100
00000000
10011001
;

//---------------dance-solo - ----------------
#NOTES:
     dance-solo:
     :
     Easy:
     4:
     0.284,0.308,0.134,0.000,0.000:
000000
000000
000000
000000
,
000000
000000
000000
000000
,
000000
000000
000001
000000
,
000000
000000
000000
000000
,
000100
000000
001000
100000
,
000100
000100
000100
100000
,
001000
000001
000100
000100
,
000010
000001
010000
100000
,
000010
000001
100001
010000
,
100000
000010
000001
010000
,
100001
000010
000001
010000
,
100000
000010
100001
000100
,
000010
000100
010000
000100
,
000001
000001
001000
100000
,
100000
001000
000001
000001
,
001000
100000
100000
001000
,
000010
000010
001000
010000
,
010000
100001
000010
000010
,
001000
010000
010000
100001
,
000010
010000
000001
100000
,
001000
001000
000001
100000
,
000010
010000
000100
000100
,
000010
010000
000001
100000
,
001000
001000
000001
100000
,
000010
010000
000100
000100
,
001000
000000
000000
000100
000000
001000
000000
000000
,
000010
010000
000000
000100
000000
000000
100001
000000
,
000010
000010
100001
010000
,
010000
100001
000100
000100
,
100001
001000
001000
100001
,
000010
000010
100001
010000
,
010000
100001
000100
000100
,
001000
000000
000100
000010
,
000001
000100
010000
001000
,
000100
000010
000001
000100
,
010000
001000
000100
000010
,
000001
000100
010000
001000
,
000100
000010
000001
000100
,
010000
001000
000100
010000
,
000100
001000
100000
100000
,
000100
000010
000100
001000
,
000001
000001
000100
010000
,
000100
001000
100000
100000
,
000100
000010
000100
001000
,
000001
000000
000001
000000
000100
000000
000000
001000
,
000000
000100
000000
000000
010000
000010
000000
010000
;

//---------------dance-solo - ----------------
#NOTES:
     dance-solo:
     :
     Medium:
     6:
     0.375,0.436,0.313,0.000,0.000:
000000
000000
000000
000000
,
000000
000000
000000
000000
,
000000
000000
000000
000000
,
000000
000000
000000
000000
,
000100
000000
100001
000000
000010
010000
000010
000000
,
100000
100000
000000
000010
000100
000000
000000
001000
,
000000
100001
000000
000000
010000
000010
000000
000000
,
000101
000010
001000
000001
,
000100
001000
100100
010000
,
001000
100000
000100
001000
,
101000
000100
010000
100000
,
001000
000100
001001
000100
,
000010
000001
001000
000100
,
010000
000000
001000
000000
010000
000001
100000
000000
,
100000
001000
000010
001000
,
000010
100000
000001
000000
000001
000000
001000
000000
,
000100
000000
001000
000000
000100
100000
000001
000000
,
000001
001000
000100
001000
,
000010
010000
000001
000000
000001
000000
001000
000000
,
000100
010000
000100
010000
000100
010000
000100
000100
,
100100
000000
000101
000000
000100
000010
000100
000010
,
000100
000010
000100
000100
000101
000000
100100
000000
,
100000
001000
100000
001000
100000
001000
100000
100000
,
010100
000000
101000
000000
000001
001000
000001
001000
,
000001
001000
000001
000001
000110
000000
001001
000000
,
010010
000000
000000
001100
000000
100001
000000
000000
,
000010
000010
000000
001000
000000
000000
100001
000000
,
000000
001000
000100
000000
100001
000000
000000
001000
,
000100
000000
100001
000000
000000
000100
001000
000000
,
100001
000000
000000
000100
001000
000000
001010
000000
,
000000
100000
001000
000000
011000
000000
000000
000001
,
001000
000000
001010
000000
000000
100000
001000
000000
,
010010
000000
000100
000001
,
010000
001000
000010
000000
000010
000000
001000
000000
,
000100
000000
100000
000000
000010
001000
010000
000000
,
010000
001000
000100
000001
,
010000
001000
000010
000000
000001
000000
001000
000000
,
000100
000000
100000
000000
000010
001000
010000
000000
,
100000
000000
001000
000000
000100
000001
000100
000010
,
000100
000001
000100
000010
100000
000000
100000
000000
,
000100
100000
000100
010000
000100
100000
000100
010000
,
000001
000000
000001
000000
010000
000010
010000
000100
,
010000
000010
010000
000100
100000
000000
100000
000000
,
000010
010000
000010
000100
000010
010000
000010
000100
,
000001
000000
000001
000000
010010
000000
000000
001100
,
000000
100001
000000
000000
000010
000010
000000
010000
;

//---------------dance-solo - ----------------
#NOTES:
     dance-solo:
     :
     Hard:
     8:
     0.495,0.513,0.827,0.000,0.179:
000000
000000
000000
000000
,
000000
000000
000000
000000
,
000000
000000
000000
000000
010010
000000
000000
000101
,
000000
100100
000000
000000
000010
000010
000000
010000
,
010000
000000
000000
000000
000100
010000
000001
000000
,
001000
001000
000000
000001
100000
000000
000000
000101
,
000000
100100
000000
000000
100010
010001
000000
001001
,
101000
000100
010000
100000
,
000001
001000
110000
000100
,
000010
000001
100000
001000
,
000011
000100
010000
100000
,
000001
001000
110000
000100
,
000010
000001
100000
001000
,
000100
000000
000001
001000
000000
000001
001000
000000
000010
000000
010000
000000
001000
000000
100000
001000
,
000000
100000
001000
000000
100000
000000
000000
000000
000100
000000
100000
001000
000000
100000
001000
000000
,
010000
000000
000010
000000
001000
000000
000001
001000
000000
000001
001000
000000
000001
000000
000000
000000
,
100000
000000
000001
000100
000000
000001
000100
000000
000010
000000
010000
000000
000100
000000
100000
001000
,
000000
100000
001000
000000
100000
000000
000000
000000
000001
000000
100000
000100
000000
100000
000100
000000
,
010000
000000
000010
000000
000100
000000
000001
001000
000000
000001
001000
000000
000001
000000
000000
000000
,
000101
000000
100100
000000
101000
000000
001001
000001
,
010000
000010
100100
000101
,
001001
000000
101000
100000
000010
000000
010000
000000
,
000110
000000
101000
000000
001001
000000
010100
000100
,
000011
110000
010100
001001
,
101000
000000
000110
000100
110000
000000
000011
000000
,
001000
000000
000000
101000
000000
001001
000000
000000
,
000100
000100
000000
010010
000000
000000
000100
000000
,
000000
100010
010001
000000
000100
000000
000000
101000
,
001001
000000
000100
000000
000000
000101
100100
000000
,
000100
000000
000000
001010
011000
000000
001100
000000
,
000000
000010
000010
000000
001100
000000
000000
010000
,
010000
000000
001100
000000
000000
010000
000010
000000
,
000000
000000
000000
000000
000000
000000
000000
000000
000100
000000
000001
001000
000000
000001
001000
000000
,
000010
000000
010000
000000
000010
000000
100000
001000
000000
100000
001000
000000
100000
000000
000000
000000
,
000100
000000
100000
001000
000000
100000
001000
000000
010000
000000
000010
000000
010000
000000
000001
001000
,
000000
000001
001000
000000
000001
000000
000000
000000
100000
000000
000001
000100
000000
000001
000100
000000
,
000010
000000
010000
000000
000100
000000
100000
001000
000000
100000
001000
000000
100000
000000
000000
000000
,
000001
000000
100000
000100
000000
100000
000100
000000
010000
000000
000010
000000
000100
000000
000001
001000
,
000000
000001
001000
000000
000001
000000
000000
000000
000011
000000
000000
000000
010010
000000
000000
000000
,
110000
000000
100001
100000
000101
000000
101000
000000
,
110000
000000
010010
000000
000011
000000
100001
000001
,
100100
001001
000110
101000
,
001001
000000
010100
010000
000101
000000
100100
000000
,
010100
000000
001001
000000
101000
000000
000110
000010
,
100100
000000
000101
000000
001100
000000
000000
101000
,
000000
001001
000000
000000
000100
000100
000000
010010
;
