#TITLE:CUTIE CHASER(MORNING MIX);
#SUBTITLE:;
#ARTIST:CLUB SPICE;
#TITLETRANSLIT:;
#SUBTITLETRANSLIT:;
#ARTISTTRANSLIT:;
#CREDIT:;
#BANNER:CUTIE CHASER(MORNING MIX).png;
#BACKGROUND:CUTIE CHASER(MORNING MIX)-bg.png;
#LYRICSPATH:;
#CDTITLE:./CDTITLES/DANCE DANCE REVOLUTION HOME VERSION.PNG;
#MUSIC:CUTIE CHASER(MORNING MIX).ogg;
#OFFSET:0.000;
#SAMPLESTART:35.676;
#SAMPLELENGTH:15.000;
#SELECTABLE:YES;
#DISPLAYBPM:126.000;
#BPMS:0.000=126.168,9.000=126.141;
#STOPS:;
#BGCHANGES:;

//---------------dance-single - ----------------
#NOTES:
     dance-single:
     :
     Beginner:
     3:
     0.143,0.181,0.152,0.000,0.000:
0000
0000
0000
0000
,
0000
0000
0000
0000
,
0000
0000
0000
0000
,
0000
0000
0000
0010
,
0000
0000
0010
0000
,
0000
0010
0000
0000
,
0010
0000
0000
1000
,
1000
0000
0100
0100
,
0000
1000
1000
0000
,
0100
0100
0000
0001
,
0001
0000
0001
0001
,
0000
0001
0001
0000
,
0001
0001
0000
0110
,
0000
0000
0001
0000
,
0000
0100
0000
0000
,
1000
0000
0000
0110
,
0000
0000
0001
0000
,
0000
0100
0000
0000
,
1000
0000
0000
0001
,
0000
0000
0001
0000
,
0000
0010
0000
0000
,
0010
0000
0000
0001
,
0000
0000
0001
0000
,
0000
0010
0000
0000
,
0010
0000
0000
1000
,
1000
1000
1000
1000
,
1000
1000
0000
0000
,
0110
0000
0000
0001
,
0000
0000
0110
0000
,
0000
1000
0000
0000
,
0110
0000
0000
0001
,
0001
0000
0100
0000
,
0000
1000
1000
0000
,
0100
0000
0000
0001
,
0001
0000
0100
0000
,
0000
1000
1000
0000
,
0100
0000
0000
0110
,
0000
0000
0110
0000
,
0000
1001
0000
0000
,
1001
0000
0000
0110
,
0000
0000
0110
0000
,
0000
1001
0000
0000
,
1001
0000
0000
1000
,
1000
0000
0100
0000
,
0001
0001
0000
0000
,
0000
0000
0000
0000
;

//---------------dance-single - ----------------
#NOTES:
     dance-single:
     :
     Easy:
     3:
     0.155,0.181,0.023,0.000,0.000:
0000
0000
0000
0000
,
0000
0000
0000
0000
,
0000
0000
0000
0000
,
0000
0000
0000
0010
,
0000
0000
0100
0000
,
0000
0001
0000
0000
,
1000
0000
0000
0010
,
0000
0000
0001
0100
,
0000
0010
0000
0000
,
1000
0100
0000
0010
,
0000
0000
0001
0100
,
0000
0010
0000
0000
,
1000
0001
0000
0010
,
0000
0000
0010
0001
,
0001
0100
0000
0000
,
0010
1000
1000
0100
,
0000
0000
0001
0000
,
0000
0100
0000
0000
,
1000
0000
0000
0000
,
0010
1000
0100
0001
,
0000
0000
0001
0100
,
1000
0000
0000
0000
,
0010
1000
0100
0001
,
0000
0000
0010
0100
,
0001
0000
0000
1001
,
0000
0010
0010
1000
,
0001
0000
0001
0000
,
0000
0100
0000
0001
,
0001
0000
0100
0100
,
0000
1000
1000
0000
,
0010
0010
0000
0010
,
0000
0000
0010
0001
,
0001
0100
0000
0000
,
0010
1000
1000
0100
,
0000
0000
0001
0000
,
0000
0100
0000
0000
,
1000
0000
0000
0001
,
0010
1000
0100
0001
,
0000
0000
0001
0100
,
1000
0000
0000
1000
,
0010
0001
0100
1000
,
0000
0000
0010
0100
,
0001
0000
0000
1001
,
0000
0010
0010
0001
,
1000
0100
0000
0000
,
0000
0000
0000
0000
;

//---------------dance-single - ----------------
#NOTES:
     dance-single:
     :
     Medium:
     4:
     0.240,0.258,0.047,0.000,0.000:
0000
0000
0000
0000
,
0000
0000
0000
0000
,
0000
0000
0000
0000
,
0000
0000
0000
0010
,
0010
0000
0100
0100
,
0000
0001
0001
0000
,
1000
1000
0000
0010
,
0010
0010
0001
0100
,
0000
0010
0010
0010
,
1000
0100
0000
0010
,
0001
0100
0010
1000
,
0100
1001
0000
0010
,
0010
0001
1000
0001
,
0010
0100
0010
1000
,
0001
1000
0010
0100
,
0010
0001
1000
0010
,
0100
0000
0100
1000
,
0000
1000
0010
0000
,
0010
0001
0000
0010
,
1000
0100
0001
0010
,
1000
0010
0001
0100
,
0010
0100
0000
0010
,
0001
0100
1000
0010
,
0001
1000
0001
0100
,
1000
0010
0000
1001
,
0000
0010
0010
1000
,
0001
1000
0001
0000
,
0000
0100
0000
0010
,
0100
1000
0010
1000
,
0001
0100
0010
0001
,
1000
0100
0001
0001
,
0010
0100
0010
1000
,
0001
1000
0010
0100
,
0010
0001
1000
1000
,
0001
0000
0100
0010
,
0000
0001
1000
0000
,
1000
0010
0000
0010
,
1000
0100
0001
0010
,
1000
0010
0001
0100
,
0010
0100
1001
0010
,
1000
0100
0001
0010
,
0001
0100
1000
0010
,
1000
0001
0000
1001
,
0000
0010
0010
0001
,
1000
0100
0000
0000
,
0000
0000
0000
0000
;

//---------------dance-single - ----------------
#NOTES:
     dance-single:
     :
     Hard:
     9:
     0.407,0.412,0.245,0.093,0.000:
0000
0000
0000
0000
,
0000
0000
0000
0000
,
0000
0000
0000
0000
,
0000
0000
0000
0010
,
0010
0000
0001
0100
,
0000
0100
1000
0000
,
1000
0010
0000
0110
,
1000
0100
0001
0100
1000
0000
1100
0000
,
0101
0000
0110
0000
0001
0100
1000
0100
,
0001
0101
1100
1001
,
0100
0001
1000
0100
0010
0000
1100
0000
,
0101
0000
1001
0000
0000
1000
0000
0001
,
0000
0000
1000
0001
0000
0001
1000
0001
,
0100
0001
1000
0000
1000
0001
0100
0001
,
1000
0000
0001
0010
0100
0010
0001
0000
,
0001
0010
0100
0010
0001
0000
1000
0001
,
0100
0100
0100
0000
0001
1000
0100
0100
,
0100
0000
0010
0001
0010
0001
0100
0000
,
1000
0100
1000
0100
0010
0000
2000
0000
,
0010
3100
0002
0010
,
0103
2000
0010
3100
,
0002
0010
0103
2000
,
0010
3100
0002
0010
,
0103
2000
0010
3100
,
0002
0010
0103
1001
,
0000
0100
0000
0010
0000
0000
1000
0001
,
0000
0001
0110
0000
1000
0100
0001
0010
,
1000
0110
1001
0110
,
0001
0100
1000
0010
0001
0000
0110
0000
,
1001
0000
0110
0000
1000
0010
0001
0100
,
1000
0000
0010
0100
0000
0010
0100
0001
,
0010
0001
0100
0000
0010
1000
0001
1000
,
0010
0000
1000
0001
0100
0001
1000
0000
,
0010
0100
1000
0100
0010
0000
0001
0010
,
0100
0010
0001
0000
0010
0100
0001
0100
,
0010
0000
1000
0001
0010
0001
1000
0000
,
1000
0100
0001
0100
1000
0000
0001
0000
,
0010
1000
0100
1000
,
0010
0000
0001
0010
1000
0100
1000
0010
,
0001
0010
1000
0100
1000
0010
0001
0000
,
0010
1000
0100
1000
,
0010
0000
0001
0010
1000
0100
1000
0010
,
0001
0010
1000
0100
1000
0010
0100
0000
,
0000
0101
0000
1100
0000
0000
1000
0001
,
0000
1001
0000
0000
0000
0000
0000
0000
,
0000
0000
0000
0000
;

//---------------dance-double - ----------------
#NOTES:
     dance-double:
     :
     Easy:
     4:
     0.148,0.181,0.035,0.000,0.000:
00000000
00000000
00000000
00000000
,
00000000
00000000
00000000
00000000
,
00000000
00000000
00000000
00000000
,
00000000
00000000
00000000
00100000
,
00000000
00000000
00010000
00000000
,
00000000
00001000
00000000
00000000
,
00000100
00000000
00000000
00000001
,
00000000
00000000
00001000
00000100
,
00000000
00001000
00000000
00000000
,
00000001
00000100
00000000
00001000
,
00000000
00000000
00010000
00001000
,
00000000
00100000
00000000
00000000
,
10000000
00010000
00000000
00100000
,
00000000
00000000
00100000
00010000
,
00001000
00000100
00000000
00000000
,
00000010
00001000
00010000
01000000
,
00000000
00000000
00010000
00000000
,
00000000
00001000
00000000
00000000
,
00000010
00000000
00000000
00000000
,
00000010
00000001
00000100
00001000
,
00000000
00000000
00100000
01000000
,
10000000
00000000
00000000
00000000
,
00100000
10000000
01000000
00010000
,
00000000
00000000
00000010
00000100
,
00000001
00000000
00000000
00001001
,
00000000
00000010
00000010
00001000
,
00000100
00000000
00010000
00000000
,
00000000
01000000
00000000
00100000
,
00000000
00000000
00010000
00000000
,
00000000
00001000
00000000
00000000
,
00000100
00000000
00000000
00000000
,
00000000
00000000
00000010
00001000
,
00010000
01000000
00000000
00000000
,
00100000
00010000
00001000
00000100
,
00000000
00000000
00000001
00000000
,
00000000
00001000
00000000
00000000
,
00010000
00000000
00000000
00010000
,
00100000
10000000
01000000
00010000
,
00000000
00000000
00000010
00000100
,
00001000
00000000
00000000
00001000
,
00000010
00000001
00000100
00001000
,
00000000
00000000
00100000
01000000
,
10000000
00000000
00000000
00011000
,
00000000
00000010
00000010
00001000
,
00000100
00001001
00000000
00000000
,
00000000
00000000
00000000
00000000
;

//---------------dance-double - ----------------
#NOTES:
     dance-double:
     :
     Medium:
     6:
     0.299,0.309,0.199,0.000,0.000:
00000000
00000000
00000000
00000000
,
00000000
00000000
00000000
00000000
,
00000000
00000000
00000000
00000000
,
00000000
00000000
00000000
10000000
,
01000000
00010000
00001000
00000100
,
00000001
00000001
00000100
00001000
,
00010000
01000000
10000000
01000000
,
00100000
00001000
00010000
00000010
,
00000100
00000100
00000010
00010000
,
00001000
00100000
01000000
01000000
,
00100000
00001000
00010000
00000010
,
00000100
00000000
00001001
00000000
00000000
00000010
00000000
00000100
,
00000000
00000000
00001000
00010000
00000000
01000000
10000000
00000000
,
01000000
00010000
01000000
00010000
,
00001000
00010000
00001000
00000100
,
00001000
00000100
00000001
00000110
,
00001000
00001000
00011000
01000000
,
01000000
01100000
00010000
00010000
,
00011000
00000100
00000100
00010000
,
00100000
10000000
01000000
00100000
,
00010000
00001000
00000100
00000001
,
00000010
00000100
00001000
00010000
,
00100000
10000000
01000000
00100000
,
00010000
00001000
00000100
00000001
,
00000010
00000100
00001000
00001001
,
00000000
00000010
00000000
00000100
00000000
00000000
00001000
00010000
,
00000000
01000000
10000000
00000000
01000000
00000000
00010000
00000000
,
10000000
00100000
00010000
00001000
,
00000100
00000001
00001000
00000010
,
00000001
00001000
00001100
00000101
,
00000001
00000010
00001001
00000001
,
00000110
00001000
00010000
00000100
,
00010000
01000000
11000000
00110000
,
10000000
01000000
00010000
00100000
,
00010000
01010000
00100000
10000000
,
11000000
01000000
00010000
00001000
,
00000100
00001000
00010000
00000010
,
00000100
00001000
00010000
01000000
,
00100000
00100000
01000000
00010000
,
00001000
00000100
00000010
00000101
,
00000010
00000100
00001000
00010000
,
01000000
11000000
00100000
01000000
,
00010000
00001000
00000100
00001001
,
00000000
00000010
00000000
00000100
00000000
00000000
00001000
00010000
,
00000000
01000000
00000000
00000000
00000000
00000000
00000000
00000000
,
00000000
00000000
00000000
00000000
;

//---------------dance-double - ----------------
#NOTES:
     dance-double:
     :
     Hard:
     9:
     0.390,0.412,0.362,0.070,0.000:
00000000
00000000
00000000
00000000
,
00000000
00000000
00000000
00000000
,
00000000
00000000
00000000
00000000
,
00000000
00000000
00000000
00000001
,
00000101
00000000
00001000
00001100
,
00000000
00000001
00000101
00000000
,
00001000
00001100
00000000
00000110
,
00001000
00010000
01000000
00010000
00001000
00000000
00010000
00000000
,
01000000
00000000
11000000
00000000
00100000
01000000
00010000
00100000
,
01000000
00010000
00001000
00000110
,
00000100
00001000
00010000
00001000
00000010
00000000
00000001
00000000
,
00000100
00000000
00001010
00000000
00000000
00000001
00000000
00000101
,
00000000
00000000
00001000
00000100
00000000
00000001
00000100
00001000
,
00010000
01000000
10000000
00000000
01000000
00010000
00001000
00000100
,
00000001
00000000
00000100
00001000
00010000
01000000
10000000
00000000
,
01000000
00010000
00001000
00000100
00000001
00000000
00000001
00000100
,
00000001
00000100
00000001
00000000
00001000
00000100
00001000
00000100
,
00001000
00000000
00010000
01000000
00010000
01000000
00010000
00000000
,
10000000
01000000
10000000
01000000
10000000
00000000
11000000
00000000
,
01000000
00010000
00001000
00010000
01000000
00000000
11000000
00000000
,
00110000
00000000
01000000
00100000
00001000
00010000
00000010
00000100
,
00001000
00000220
00000330
00000101
,
00000100
00001000
00010000
00001000
00000100
00000000
00000110
00000000
,
00001001
00000000
00000100
00001000
00010000
00001000
00000100
00001000
,
00010000
01100000
10010000
11000000
,
00000000
00010000
00000000
01000000
00000000
00000000
00100000
00010000
,
00000000
00001000
00001000
00000000
00000100
00001000
00010000
01000000
,
00010000
00001000
00000100
00010000
,
01000000
00010000
00001000
00000100
00001000
00000000
00010000
00000000
,
01000000
00000000
01100000
00000000
00000000
11000000
00000000
01010000
,
00000000
00000000
00100000
10000000
00000000
01000000
10000000
01000000
,
10000000
01000000
00010000
00000000
00001000
00000100
00001000
00000100
,
00000001
00000000
00000001
00000010
00000001
00000010
00001000
00000000
,
00010000
00100000
00010000
00100000
10000000
00000000
01000000
00000000
,
01100000
00000000
00010000
00011000
,
00000000
00000100
00000110
00000000
,
00001000
00011000
00000000
00020010
,
00001000
00100000
00001000
00000010
,
00031000
00102000
00010000
00000010
,
00010000
00100000
00013000
00020010
,
00001000
01000000
00001000
00100000
,
00031000
00102000
00010000
00000100
,
00010000
00000010
00013000
00010010
,
00000000
00001000
00000000
00000100
00000000
00000000
00001000
00010000
,
00000000
01000000
00000000
00000000
00000000
00000000
00000000
00000000
,
00000000
00000000
00000000
00000000
;
