#TITLE:Cytokinesis;
#ARTIST:Hommarju;
#BANNER:Cytokinesis.png;
#BACKGROUND:Cytokinesis-bg.png;
#CDTITLE:./CDTitles/REFLEC BEAT groovin'!!.png;
#MUSIC:Cytokinesis.ogg;
#SAMPLESTART:96.665;
#SAMPLELENGTH:15;
#DISPLAYBPM:111:280;
#BPMS:0=111,20=115,24=144,26=164,27=172,28=189.500,29=200,30=225,31=240,34=278,36=154,80=165,84=172.5,88=176,92=194,100=184,104=182,216=191,220=204,224=212,228=225,232=233,236=250,240=257,244=265,248=140.5,250=155,252=165,254=173,256=179,258=194.5,260=212,264=217,268=227,272=257.2,276=280,281=222;

//---------------dance-single - ----------------
#NOTES:
     dance-single:
     :
     Hard:
     14:
     0.600,0.670,0.149,0.074,0.116:
0000
0000
0000
0000
,
0000
0000
0000
0000
,
0000
0000
0000
0000
,
0000
0000
0000
0000
,
0000
0000
0000
0000
,
0001
1000
0001
0010
,
1000
0010
0100
0001
,
0100
0001
1000
0001
,
0010
0001
0100
0010
,
0220
0000
0330
0000
0010
0100
0001
0010
,
0001
0000
1000
0000
0100
0000
0000
0000
0010
1000
0010
1000
0010
0000
0000
0000
,
1000
0000
0100
0000
1000
0000
0000
0000
0100
1000
0100
1000
0001
0000
0000
0000
,
0001
0000
1000
0000
0010
0000
0000
0000
0100
0010
0100
0010
1000
0000
0000
0000
,
0002
0000
0003
0000
0010
0001
0100
0001
,
1000
0000
0010
0000
0100
0000
0000
0000
0010
0100
0010
0100
0010
0000
0000
0000
,
1000
0000
0100
0000
0001
0000
0000
0000
0100
0010
0100
0010
0100
0000
0000
0000
,
1000
0001
0010
0000
0100
1000
0010
0000
,
2000
0000
3000
0000
0001
0010
0100
1000
,
0100
0000
0010
0001
0010
0000
0010
0000
,
0100
0000
1000
0100
1000
0000
1000
0000
,
0001
0000
0010
0100
0010
0000
0010
0000
,
0001
0000
0001
0010
0001
1000
0001
0000
,
1000
0000
0100
1000
0010
0000
0100
0001
,
0010
0000
0001
0010
0001
0000
0100
0010
,
1000
0011
0110
0001
,
0200
0000
0020
0330
,
1000
0000
0000
0000
0001
0000
0000
0000
0010
0100
0010
0000
0100
0000
0010
0001
,
1000
0000
0100
0000
1000
0000
0100
0010
,
0100
0000
0000
0000
0010
0000
0100
0000
1000
0100
1000
0000
0100
0000
0000
0000
,
0000
0000
1000
0000
0001
0000
0000
0100
0000
0001
0000
0000
1000
0000
0100
0000
,
0002
0000
0000
0000
0000
0000
0000
0000
0103
0000
0010
0100
0000
0010
0001
0000
,
0100
0000
0100
0000
1000
0000
0100
0010
,
0100
0000
0000
0000
0010
0000
0100
0000
0001
0000
0010
0001
0010
0000
0001
0000
,
0000
0000
0001
0000
1000
0000
0000
1000
0000
0100
0000
0000
0001
0000
0100
0000
,
1000
0000
0000
0000
0010
0000
0000
0100
0000
0010
0100
0000
0010
0000
0100
0000
,
0001
0000
0000
0000
0010
0000
0000
0100
0000
0010
0100
0000
0010
0000
0100
0000
,
1000
0010
0100
0001
0010
0100
1000
0100
,
1000
0100
0010
0001
0100
0010
1000
0100
,
1000
0100
0010
0000
0001
0100
0000
0010
,
0100
0010
1000
0000
0010
0100
0000
0010
,
0000
1000
0010
0000
0100
0001
0000
0100
,
0000
0001
0010
0000
0001
0010
0100
1000
,
0001
0100
0010
0000
0010
0100
0000
0010
,
1000
0010
0001
0000
0010
0100
0000
0010
,
0000
1000
0010
0000
0100
0010
0000
1000
,
0000
0100
0010
0000
1000
0010
0100
0001
,
1000
0100
0010
0000
0100
0000
0000
0000
,
0100
0010
0001
0000
0010
0000
0000
0000
,
0010
0001
0010
0000
0100
0010
0000
0001
,
0000
0100
0010
0000
1000
0000
1001
0000
,
0001
0100
0010
0000
1000
0000
0001
0000
,
1000
0010
1000
0000
1001
0000
0000
0000
,
0100
1000
0010
0000
0100
0010
0000
1000
,
0000
0100
0010
0000
0001
0010
0001
0100
,
1100
0000
0100
0000
,
0101
0000
0001
0000
,
0110
0000
0010
0000
,
0011
0000
0001
0000
,
1001
0000
1000
0000
,
0011
0000
0010
0000
,
0101
0000
0100
0000
,
1001
0000
1000
0000
,
1000
0100
0010
0100
0010
0001
0100
0010
,
1000
0001
0010
0100
1000
0100
0010
0100
,
1000
0100
0010
0001
1000
0001
1000
0010
,
0100
0001
0100
0001
1000
0100
1000
0001
,
0100
0010
0100
0001
1000
0001
0100
0001
,
1000
0010
1000
0001
0100
0001
1000
0001
,
1000
0100
0010
0001
0010
0001
0010
0100
,
0010
0100
1000
0001
0010
0100
0010
0001
,
0100
0010
1000
0001
0010
0100
1000
0000
,
0100
0010
1000
0100
,
0100
0000
0010
0000
0010
0000
0100
0010
,
0100
0000
0001
0010
0001
0000
1000
0100
,
0010
0001
1000
0100
1000
0000
0001
0000
,
0010
0000
0100
0000
0010
0000
0001
1000
,
0100
1000
0001
0010
0001
0000
1000
0100
,
0000
1000
0010
0100
0010
0100
0001
0010
,
0100
1000
0100
1000
0100
0001
0100
1000
,
0001
0100
0010
0100
0001
0010
0100
0010
,
1000
0010
0001
0100
0010
0001
0010
0100
,
0001
0000
0100
0000
0001
0000
0010
0000
0100
0000
0001
0000
0100
0010
0100
0000
,
1000
0001
1000
0100
1000
0001
0100
0000
,
0010
0100
0010
0000
0100
0000
0010
0000
0100
0000
0001
0000
0100
0000
0101
0000
,
0000
0000
1000
0010
1000
0001
0010
0100
,
1000
0000
0100
0000
0010
0100
0010
0000
0100
0000
1000
0000
0001
0100
0001
0000
,
1000
0100
0010
0000
0000
0000
0011
0000
,
0000
0110
0000
1001
,
0000
0220
0000
0000
,
0000
0000
0000
0000
,
0330
0000
0000
0000
;

//---------------dance-single - ----------------
#NOTES:
     dance-single:
     :
     Beginner:
     4:
     0.150112,0.223395,0.033096,0.115835,0.000000,109.000000,4.000000,14.000000,0.000000,0.000000,0.000000,0.150112,0.223395,0.033096,0.115835,0.000000,109.000000,4.000000,14.000000,0.000000,0.000000,0.000000:
  // measure 0
0000
0000
0000
0000
,  // measure 1
0000
0000
0000
0000
,  // measure 2
0000
0000
0000
0000
,  // measure 3
0000
0000
0000
0000
,  // measure 4
0000
0000
0000
0000
,  // measure 5
0000
0000
0000
0000
,  // measure 6
0000
0000
0000
0000
,  // measure 7
0000
0000
0000
0000
,  // measure 8
0000
0000
0000
0000
,  // measure 9
0000
0000
0000
0000
,  // measure 10
0001
0001
0001
0000
,  // measure 11
1000
1000
1000
0000
,  // measure 12
0010
0010
0010
0000
,  // measure 13
2000
0000
0000
3000
,  // measure 14
1000
1000
1000
0000
,  // measure 15
0001
0001
0001
0000
,  // measure 16
0100
0100
0100
0000
,  // measure 17
0002
0000
0000
0003
,  // measure 18
0001
0000
0100
0000
,  // measure 19
0010
0000
0100
0000
,  // measure 20
0001
0000
1000
0000
,  // measure 21
0001
0000
1000
0000
,  // measure 22
2002
0000
0000
0000
,  // measure 23
0000
0000
0000
0000
,  // measure 24
0000
0000
0000
0000
,  // measure 25
0000
0000
0000
0000
,  // measure 26
3003
0000
0000
0000
,  // measure 27
0100
0000
0000
0000
,  // measure 28
0100
0000
0100
0000
,  // measure 29
0010
0010
0010
0000
,  // measure 30
1001
0000
0000
0000
,  // measure 31
0110
0000
0000
0000
,  // measure 32
0001
0001
0000
0000
,  // measure 33
1000
1000
1000
1000
,  // measure 34
1000
0000
0100
0100
,  // measure 35
0100
0000
0010
0010
,  // measure 36
0010
0000
0001
0001
,  // measure 37
0001
0001
0001
0000
,  // measure 38
2000
0000
0000
0000
,  // measure 39
0000
0000
3000
0000
,  // measure 40
0020
0000
0000
0000
,  // measure 41
0000
0000
0000
0030
,  // measure 42
2000
0000
0000
0000
,  // measure 43
0000
0000
0000
3000
,  // measure 44
0000
0000
0000
0000
,  // measure 45
0000
0000
0000
0000
,  // measure 46
0002
0000
0000
0000
,  // measure 47
0000
0000
0003
0000
,  // measure 48
0020
0000
0000
0000
,  // measure 49
0000
0000
0030
0000
,  // measure 50
0002
0000
0000
0000
,  // measure 51
0000
0000
0003
0000
,  // measure 52
0020
0000
0000
0000
,  // measure 53
0000
0000
0030
0000
,  // measure 54
0010
0000
0000
0000
,  // measure 55
0010
0000
0000
0000
,  // measure 56
0010
0000
0000
0000
,  // measure 57
0010
0000
0000
0000
,  // measure 58
0010
0000
0000
0000
,  // measure 59
0010
0000
0000
0000
,  // measure 60
0010
0000
0000
0000
,  // measure 61
0010
0000
0000
0000
,  // measure 62
0010
0010
0010
0000
,  // measure 63
0001
0001
0001
0000
,  // measure 64
1000
0000
1000
0000
,  // measure 65
0001
0000
0001
0000
,  // measure 66
0100
0000
0000
0000
,  // measure 67
0200
0000
0000
0000
,  // measure 68
0000
0000
0000
0000
,  // measure 69
0000
0000
0000
0300
,  // measure 70
0000
1000
0000
0000
,  // measure 71
0000
1000
0000
0100
,  // measure 72
0000
0100
0000
0000
,  // measure 73
0000
0100
0000
0001
,  // measure 74
0000
0001
0000
0000
,  // measure 75
0000
0001
0000
0010
,  // measure 76
0000
0010
0000
0000
,  // measure 77
0000
1000
0000
0001
,  // measure 78
0000
0001
0000
0000
,  // measure 79
0000
0001
0000
0100
,  // measure 80
0000
0100
0000
0000
,  // measure 81
0000
0100
0000
1000
,  // measure 82
0000
1000
0000
0000
,  // measure 83
1000
0000
0000
0000
,  // measure 84
0000
0010
0000
0000
,  // measure 85
0000
0001
0000
0000
,  // measure 86
0000
1000
0000
0001
,  // measure 87
0000
1000
0000
0010
,  // measure 88
0000
0220
0000
0000
,  // measure 89
0000
0000
0000
0000
,  // measure 90
0330
0000
0000
0000
;

//---------------dance-single - ----------------
#NOTES:
     dance-single:
     :
     Easy:
     8:
     0.255309,0.335093,0.157204,0.140656,0.000000,180.000000,19.000000,17.000000,0.000000,0.000000,0.000000,0.255309,0.335093,0.157204,0.140656,0.000000,180.000000,19.000000,17.000000,0.000000,0.000000,0.000000:
  // measure 0
0000
0000
0000
0000
,  // measure 1
0000
0000
0000
0000
,  // measure 2
0000
0000
0000
0000
,  // measure 3
0000
0000
0000
0000
,  // measure 4
0000
0000
0000
0000
,  // measure 5
2000
0000
0000
0000
,  // measure 6
0000
0000
0000
0000
,  // measure 7
0000
0000
0000
0000
,  // measure 8
0000
0000
0000
0000
,  // measure 9
3000
0000
0000
0000
,  // measure 10
0001
1000
0010
1000
,  // measure 11
0100
0010
0001
0001
,  // measure 12
1000
0001
0010
0001
,  // measure 13
2001
0000
0001
3001
,  // measure 14
1000
0001
0010
0001
,  // measure 15
0100
0010
1000
0100
,  // measure 16
0001
0100
0010
0001
,  // measure 17
1002
0000
1000
1003
,  // measure 18
0001
0000
1000
0000
,  // measure 19
0001
0000
1000
0000
,  // measure 20
0001
0000
1000
0000
,  // measure 21
0001
0000
1000
0000
,  // measure 22
0001
0000
1000
0000
,  // measure 23
0001
0000
1000
0000
,  // measure 24
0001
0000
1000
0000
,  // measure 25
0001
0000
0000
0000
,  // measure 26
1000
0001
0100
0000
,  // measure 27
1001
0000
0000
0000
,  // measure 28
0100
0001
0010
0000
,  // measure 29
0100
1000
0001
0010
,  // measure 30
0001
1000
0000
0000
,  // measure 31
0110
0000
0000
0000
,  // measure 32
1001
1001
0000
0000
,  // measure 33
0001
0010
1000
0010
,  // measure 34
1001
0000
1000
0001
,  // measure 35
1000
0000
0001
1000
,  // measure 36
0001
0010
0100
1000
,  // measure 37
0010
0100
0001
0000
,  // measure 38
0002
0000
0000
0000
,  // measure 39
0000
0000
0000
0003
,  // measure 40
0020
0000
0000
0000
,  // measure 41
0000
0000
0000
0030
,  // measure 42
0200
0000
0000
0000
,  // measure 43
0000
0000
0000
0300
,  // measure 44
2000
0000
0000
0000
,  // measure 45
0000
0000
0000
3000
,  // measure 46
0200
0000
0010
0000
,  // measure 47
0000
0000
0010
0300
,  // measure 48
0020
0000
0100
0000
,  // measure 49
0000
0000
0100
0030
,  // measure 50
0002
0000
1000
0000
,  // measure 51
0000
0000
1000
0003
,  // measure 52
0200
0000
0010
0000
,  // measure 53
0000
0000
0010
0300
,  // measure 54
1001
0000
0000
0000
,  // measure 55
0110
0000
0000
0000
,  // measure 56
1100
0000
0000
0000
,  // measure 57
0011
0000
0000
0000
,  // measure 58
1100
0000
0000
0000
,  // measure 59
0100
0000
0000
0000
,  // measure 60
0001
0000
0000
0000
,  // measure 61
1000
0000
0000
0000
,  // measure 62
1000
0100
0010
0001
,  // measure 63
0100
0010
0100
0000
,  // measure 64
1000
0001
0100
0010
,  // measure 65
0100
1000
0100
0000
,  // measure 66
0100
1000
0100
1000
,  // measure 67
0100
1000
0100
0000
,  // measure 68
0002
0000
0000
0000
,  // measure 69
0200
0000
0000
0000
,  // measure 70
0303
1000
0100
0001
,  // measure 71
0100
1000
0100
0010
,  // measure 72
0001
0000
0001
0000
,  // measure 73
0100
1000
0100
0010
,  // measure 74
0000
1000
0001
1000
,  // measure 75
0010
0100
1000
0100
,  // measure 76
0000
0000
0001
0000
,  // measure 77
1000
0001
0010
0100
,  // measure 78
0110
0001
0100
0001
,  // measure 79
1000
0100
1000
0001
,  // measure 80
0000
0000
1000
0010
,  // measure 81
0100
0001
0100
0010
,  // measure 82
0000
0100
0001
0100
,  // measure 83
0000
0010
0001
0010
,  // measure 84
0000
0000
0100
1000
,  // measure 85
0100
0220
0000
0000
,  // measure 86
0330
1001
0000
0011
,  // measure 87
0000
1100
0000
0110
,  // measure 88
0000
2020
0000
0000
,  // measure 89
0000
0000
0000
0000
,  // measure 90
3030
0000
0000
0000
;

//---------------dance-single - ----------------
#NOTES:
     dance-single:
     :
     Medium:
     12:
     0.391237,0.372325,0.132382,0.082739,0.000000,305.000000,16.000000,10.000000,0.000000,0.000000,0.000000,0.391237,0.372325,0.132382,0.082739,0.000000,305.000000,16.000000,10.000000,0.000000,0.000000,0.000000:
  // measure 0
0000
0000
0000
0000
,  // measure 1
0000
0000
0000
0000
,  // measure 2
0000
0000
0000
0000
,  // measure 3
0000
0000
0000
0000
,  // measure 4
0000
0000
0000
0000
,  // measure 5
0010
1000
0010
1000
,  // measure 6
0002
0000
0000
0000
,  // measure 7
0000
0000
0000
0000
,  // measure 8
0000
0000
0000
0000
,  // measure 9
0003
0000
0000
0000
0100
0010
0100
0010
,  // measure 10
1000
0000
0100
0000
0010
0001
0010
0000
,  // measure 11
0001
1000
0100
1000
,  // measure 12
0001
0010
0100
0010
,  // measure 13
0002
0000
0000
0003
0010
0001
0100
0001
,  // measure 14
0001
0000
0100
0000
0010
1000
0010
0000
,  // measure 15
1000
0001
0100
0001
,  // measure 16
1000
0010
0100
0010
,  // measure 17
2000
0000
0000
3000
0010
1000
0100
0000
,  // measure 18
0100
0000
0010
0001
0010
0000
0000
0000
,  // measure 19
0100
0000
1000
0100
1000
0000
0000
0000
,  // measure 20
0001
0000
0010
0100
0010
0000
0000
0000
,  // measure 21
1000
0000
0001
0010
0001
0000
0000
0000
,  // measure 22
1000
0000
0100
1000
0010
0000
0100
0001
,  // measure 23
0010
0001
1000
0100
,  // measure 24
1000
0001
0010
0001
,  // measure 25
0200
0000
0020
0330
,  // measure 26
1000
0000
0001
0000
0010
0001
0100
0000
,  // measure 27
1000
0100
0001
0010
,  // measure 28
0100
0000
0010
0100
1000
0000
0100
0000
,  // measure 29
0000
0010
0010
0000
0100
0000
1000
0000
,  // measure 30
0002
0000
0010
0103
,  // measure 31
1000
0100
1000
0100
,  // measure 32
0001
0100
0001
0010
,  // measure 33
0001
0100
1000
0000
0100
0000
0010
0000
,  // measure 34
0001
0010
0010
0100
,  // measure 35
0100
0001
0001
0001
,  // measure 36
0010
0010
0010
0100
,  // measure 37
0001
0010
0001
0000
1000
0001
1000
0000
,  // measure 38
1000
0100
0010
0000
0010
0000
0000
0000
,  // measure 39
0001
0010
0001
0000
1000
0000
0000
0000
,  // measure 40
1000
0001
0010
0000
0100
0000
0000
0000
,  // measure 41
0001
0100
0010
0000
1000
0000
0000
0000
,  // measure 42
0001
0100
0010
0000
0100
0000
0000
0000
,  // measure 43
0001
0010
0001
0000
0010
0000
0000
0000
,  // measure 44
0001
1000
0010
0000
0100
0000
0000
0000
,  // measure 45
1000
0100
0010
0000
1000
0000
0001
0000
,  // measure 46
0110
0000
0010
0100
0010
0000
0000
0000
,  // measure 47
0001
1000
0001
0000
0010
0001
0000
0000
,  // measure 48
0010
0001
0010
0000
0001
0000
0000
0000
,  // measure 49
0010
0100
0010
0000
0100
0000
0010
0000
,  // measure 50
1100
0000
0010
0100
1000
0000
0000
0000
,  // measure 51
1000
0010
1000
0000
0100
0000
0000
0000
,  // measure 52
0100
1000
0010
0000
0100
0000
0000
0000
,  // measure 53
0001
0100
0010
0000
1000
0000
0001
0000
,  // measure 54
1100
0000
0000
0000
,  // measure 55
0101
0000
0000
0000
,  // measure 56
0110
0000
0000
0000
,  // measure 57
0011
0000
0000
0000
,  // measure 58
1001
0000
0000
0000
,  // measure 59
0011
0000
0000
0000
,  // measure 60
0001
0000
0000
0000
,  // measure 61
0100
0000
0000
0000
,  // measure 62
1000
0010
0100
0001
,  // measure 63
1000
0010
0001
0010
,  // measure 64
0001
0010
0100
1000
,  // measure 65
0100
0001
1000
0001
,  // measure 66
0100
0001
1000
0001
,  // measure 67
1000
0010
0100
0001
,  // measure 68
2002
0000
0000
0000
,  // measure 69
0000
0000
0000
3003
,  // measure 70
0000
1000
0001
1000
,  // measure 71
0100
0010
0001
0100
,  // measure 72
0100
0010
0010
0100
,  // measure 73
0100
0000
0001
0000
0100
0000
0001
0100
,  // measure 74
0001
1000
1000
0001
,  // measure 75
0010
0000
0100
0000
0010
0000
0001
0100
,  // measure 76
0001
1000
0001
1000
,  // measure 77
1000
0000
0010
0100
0010
0000
0100
0010
,  // measure 78
1000
0001
0010
0001
,  // measure 79
0100
0010
1000
0100
,  // measure 80
0100
0010
0010
0100
,  // measure 81
0100
0000
1000
0010
0100
0000
0110
0000
,  // measure 82
0000
0000
0001
0100
0001
0000
1000
0000
,  // measure 83
0110
0000
0100
0000
0010
0000
0001
1000
,  // measure 84
0000
1000
1000
0001
,  // measure 85
0001
0000
0010
0100
0010
0000
1000
0010
,  // measure 86
1000
1010
0000
1001
,  // measure 87
0000
0110
0000
1001
,  // measure 88
0000
0220
0000
0000
,  // measure 89
0000
0000
0000
0000
,  // measure 90
0330
0000
0000
0000
;

//---------------dance-double - ----------------
#NOTES:
     dance-double:
     :
     Hard:
     14:
     0.587447,0.595721,0.165478,0.074465,0.124108,468.000000,20.000000,9.000000,0.000000,0.000000,0.000000,0.587447,0.595721,0.165478,0.074465,0.124108,468.000000,20.000000,9.000000,0.000000,0.000000,0.000000:
00000000
00000000
00000000
00000000
,
00000000
00000000
00000000
00000000
,
00000000
00000000
00000000
00000000
,
00000000
00000000
00000000
00000000
,
00000000
00000000
00000000
00000000
,
00001001
00001000
00000001
00000010
,
00001000
00000010
00000100
00000001
,
00000100
00000010
00001000
00010000
,
00100000
01000000
10000000
01000000
,
02200000
00000000
03300000
00000000
00100000
01000000
00010000
00100000
,
00010000
00000000
10000000
00000000
01000000
00000000
00000000
00000000
00100000
00010000
00100000
00010000
00100000
00000000
00000000
00000000
,
00001000
00000000
00010000
00000000
00001000
00000000
00000000
00000000
00000100
00000010
00000100
00000010
00001000
00000000
00000000
00000000
,
00000001
00001000
00000010
00000000
00000100
00000001
00000010
00000000
,
00002000
00000000
00013000
00000000
00100000
01000000
00010000
10000000
,
01000000
00000000
00100000
00000000
00010000
00000000
00000000
00000000
01000000
00010000
01000000
00010000
01000000
00000000
00000000
00000000
,
00001000
00000000
00010000
00000000
00001000
00000000
00000000
00000000
00000100
00000010
00000100
00000010
00001000
00000000
00000000
00000000
,
00001000
00000000
00000010
00000000
00000100
00000000
00000000
00000000
00000001
00000100
00000001
00000100
00000010
00000000
00000000
00000000
,
00000200
00000000
00000000
00000000
00000000
00000300
00000000
00000000
00001000
00000000
00010000
00000000
01000000
00000000
10000000
00000000
,
01000000
00000000
00100000
00010000
00100000
00000000
00100000
00000000
,
01000000
00000000
10000000
01000000
10000000
01000000
01000000
00000000
,
00010000
00000000
00001000
00000010
00000100
00000000
00000001
00000000
,
00000100
00000000
00001000
00000100
00000010
00001000
00010000
00001000
,
00010000
00000000
01000000
10000000
00100000
00000000
01000000
00010000
,
00100000
00000000
00001000
00010000
01000000
00000000
10000000
00100000
,
00010000
00001000
00000110
00000001
,
00000200
00000000
00000020
00000330
,
00000100
00000000
00000000
00000000
00001000
00000000
00000000
00000000
00010000
00001000
00100000
00000000
00010000
00000000
01000000
00010000
,
10000000
00000000
00100000
00000000
00010000
00000000
00001000
00010000
,
00001000
00000000
00000000
00000000
00000010
00000000
00000100
00000000
00001000
00000100
00001000
00000000
00000100
00000000
00000000
00000000
,
00000000
00000000
00000001
00000000
00000001
00000000
00000000
00000100
00000000
00001000
00000000
00000000
00000001
00000000
00000100
00000000
,
00002000
00000000
00000000
00000000
00000000
00000000
00000000
00000000
00013000
00000000
00100000
01000000
00000000
00100000
01000000
00000000
,
00010000
00000000
01000000
00000000
10000000
00000000
01000000
00100000
,
01000000
00000000
00000000
00000000
00100000
00000000
00010000
00000000
00001000
00000000
00000100
00000010
00000100
00000010
00000000
00000000
,
00000000
00000000
00001000
00000000
00000001
00000000
00000000
00000010
00000000
00001000
00000000
00000000
00010000
00000000
00001000
00000000
,
00000100
00000000
00000000
00000000
00000010
00000000
00000000
00000100
00000000
00000010
00000100
00000000
00000010
00000000
00000100
00000000
,
00001000
00000000
00000000
00000000
00010000
00000000
00000000
00001000
00000000
00010000
00001000
00000000
00010000
00000000
00001000
00000000
,
00010000
00100000
01000000
10000000
01000000
00100000
00010000
00100000
,
10000000
00100000
10000000
01000000
00010000
00001000
00010000
00000000
,
00001000
00000100
00000010
00000000
00000001
00000010
00000000
00000100
,
00000010
00000100
00001000
00000000
00010000
01000000
00000000
00100000
,
00000000
10000000
00100000
00000000
00010000
10000000
00000000
01000000
,
00000000
00010000
00001000
00000000
00000100
00000010
00000100
00000001
,
00000010
00000100
00000010
00000000
00000010
00000001
00000000
00000010
,
00000100
00001000
00000001
00000000
00000100
00000010
00000000
00000001
,
00000000
00000010
00000100
00000000
00001000
00010000
00000000
00100000
,
00000000
01000000
00010000
00000000
01000000
00100000
10000000
00100000
,
00010000
00001000
00000100
00000000
00000101
00000000
00000000
00000000
,
00000001
00000010
00001000
00000000
00000110
00000000
00000000
00000000
,
00000100
00010000
00001000
00000000
00100000
00010000
00000000
00100000
,
00000000
01000000
10000000
00000000
11000000
00000000
00000000
00000000
,
00010000
01000000
00100000
00000000
01100000
00000000
00000000
00000000
,
10000000
00100000
00010000
00000000
00011000
00000000
00000000
00000000
,
00001000
00000100
00000001
00000000
00000010
00000001
00000000
00000001
,
00000100
00001000
00010000
00000000
00100000
00000000
00010000
00000000
,
11000000
00000000
01000000
00000000
,
00011000
00000000
00001000
00000000
,
00000110
00000000
00000010
00000000
,
00000011
00000000
00000001
00000000
,
00000101
00000000
00001000
00000000
,
00011000
00000000
01000000
00000000
,
01100000
00000000
10000000
00000000
,
11000000
00000000
00010000
00000000
,
10000000
01000000
00100000
01000000
00100000
00001000
00010000
00001000
,
00010000
00000100
00000010
00000100
00001000
00000001
00000100
00000001
,
00001000
00000001
00000100
00000010
00001000
00000100
00010000
00001000
,
00010000
00100000
01000000
00100000
10000000
00100000
10000000
01000000
,
10000000
01000000
10000000
00100000
01000000
00010000
00100000
00001000
,
00010000
00000100
00001000
00000100
00000010
00000100
00001000
00000100
,
00001000
00000001
00000100
00000001
00000100
00000010
00001000
00000100
,
00010000
00001000
00100000
00010000
10000000
01000000
10000000
01000000
,
00100000
01000000
10000000
00010000
00100000
00000000
00010000
00000000
,
01000000
00000000
00100000
00000000
10000000
00000000
01000000
00010000
,
00000000
00001000
00010000
00000000
00000010
00000000
00000100
00000010
,
00000100
00000000
00000001
00000100
00001000
00000000
00010000
00001000
,
00000000
00001000
00010000
00100000
10000000
00000000
00010000
00000000
,
00100000
00000000
01000000
00000000
00100000
00000000
00001000
00010000
,
00000000
00010000
00001000
00000000
00100000
00000000
00001000
00010000
,
00000000
00000000
00001000
00000000
00000010
00000000
00000100
00000000
00000010
00000000
00000000
00000000
00000001
00001000
00000001
00000000
,
00000100
00000010
00000000
00000100
00001000
00000000
00010000
00100000
,
00000000
10000000
00100000
01000000
00010000
00000000
01000000
00100000
,
00000000
00010000
00001000
00000100
00000010
00000000
00000100
00000010
,
00000000
00000000
00000100
00000000
00000001
00000000
00000010
00000000
00000100
00000000
00000000
00000000
00001000
00000100
00001000
00000000
,
00000100
00010000
00000000
00000100
00001000
00000100
00001000
00000000
,
00000100
00001000
00000100
00000000
00001000
00000000
00000100
00000000
00010000
00000000
00001000
00000000
01000000
00000000
00010000
00000000
,
00000000
00000000
01000000
00100000
00010000
00001000
00010000
00000100
,
00001000
00000000
00000100
00000000
00000010
00000100
00000010
00000000
00000100
00000000
00001000
00000000
00000001
00000100
00000001
00000000
,
00001000
00000100
00000010
00000000
00000000
00000000
00011000
00000000
,
00000000
01100000
00000000
10010000
,
00000000
02200000
00000000
00000000
,
00000000
00000000
00000000
00000000
,
03300000
00000000
00000000
00000000
;

//---------------dance-double - ----------------
#NOTES:
     dance-double:
     :
     Medium:
     12:
     0.398329,0.446791,0.148930,0.082739,0.000000,309.000000,18.000000,10.000000,0.000000,0.000000,0.000000,0.398329,0.446791,0.148930,0.082739,0.000000,309.000000,18.000000,10.000000,0.000000,0.000000,0.000000:
00000000
00000000
00000000
00000000
,
00000000
00000000
00000000
00000000
,
00000000
00000000
00000000
00000000
,
00000000
00000000
00000000
00000000
,
00000000
00000000
00000000
00000000
,
00000010
00001000
00000010
00001000
,
00000002
00000000
00000000
00000000
,
00000000
00000000
00000000
00000000
,
00000000
00000000
00000000
00000000
,
00000003
00000000
00000000
00000000
00000001
00000010
00001000
00000000
,
00100000
00000000
01000000
00000000
00100000
10000000
00100000
00000000
,
00010000
10000000
01000000
10000000
,
01000000
00010000
00001000
00000100
,
00000002
00000000
00000000
00000003
00000010
00000001
00000100
00000001
,
00000100
00000000
00001000
00000000
00100000
00010000
00100000
00000000
,
00001000
00100000
01000000
10000000
,
01000000
00010000
00000010
00000100
,
00000002
00000000
00000000
00000000
00000013
00001000
00010000
00000000
,
01000000
00000000
00100000
00010000
01000000
00000000
00001000
00000000
,
00010000
00000000
00010000
00000010
00000100
00000000
00000000
00000000
,
00000001
00000000
00000100
00000010
00001000
00000000
00000000
00000000
,
00000100
00000000
00000010
00001000
00010000
00000000
00001000
00000000
,
00011000
00000000
00100000
01000000
00100000
00000000
00010000
00100000
,
00010000
00000000
00001000
00010000
00001000
00000000
00010000
00000000
,
00001000
00000100
00001000
00010000
,
02000000
00000000
00200000
03300000
,
10000000
00000000
00010000
00000000
00100000
00010000
01000000
00000000
,
10000000
01000000
00100000
00010000
,
00001000
00000000
00000010
00000100
00001000
00000000
00000100
00000000
,
00000000
00000010
00000100
00000000
00000000
00000000
00010000
00000000
,
00020000
00000000
00100000
00130000
,
10000000
01000000
10000000
01000000
,
00010000
00001000
00000100
00000010
,
00000100
00000010
00001000
00000000
00000001
00000000
00000100
00000000
,
00001000
00010000
00100000
01000000
,
01000000
00010000
00010000
00010000
,
00000010
00000010
00000010
00000100
,
00001000
00000100
00001000
00000000
00010000
00001000
00010000
00000000
,
00100000
01000000
00100000
00000000
01000000
00000000
00000000
00000000
,
00010000
00001000
00010000
00000000
00001000
00000000
00000000
00000000
,
00001000
00000100
00000010
00000000
00000100
00000000
00000000
00000000
,
00000001
00000100
00000010
00000000
00000100
00000000
00001000
00000000
,
00010000
01000000
00100000
00000000
01000000
00000000
00000000
00000000
,
10000000
00100000
10000000
00000000
00100000
00000000
00000000
00000000
,
10000000
00010000
00100000
00000000
01000000
00000000
00000000
00000000
,
00010000
00001000
00000100
00000000
00000010
00000000
00000100
00000000
,
00000110
00000000
00000010
00000100
00000010
00000000
00000000
00000000
,
00010000
00001000
00010000
00000000
00100000
00010000
00000000
00000000
,
00100000
01000000
00100000
00000000
00010000
00000000
00000000
00000000
,
00100000
01000000
00100000
00000000
01000000
00000000
00100000
00000000
,
00011000
00000000
00001000
00010000
00001000
00000000
00010000
00000000
,
00001000
00000100
00000001
00000100
,
00000010
00000100
00001000
00000000
00010000
00000000
00010000
00000000
,
01000000
00100000
01000000
00000000
10000000
00000000
00010000
00000000
,
11000000
00000000
00000000
00000000
,
01010000
00000000
00000000
00000000
,
00011000
00000000
00000000
00000000
,
00000110
00000000
00000000
00000000
,
00000011
00000000
00000000
00000000
,
00000110
00000000
00000000
00000000
,
00001000
00000000
00000000
00000000
,
00011000
00000000
00000000
00000000
,
00001000
00010000
00100000
00010000
,
00100000
01000000
00100000
00010000
,
00001000
00000010
00000100
00000010
,
00000100
00000010
00001000
00010000
,
00100000
01000000
00100000
01000000
,
00100000
00010000
00001000
00010000
,
00022000
00000000
00000000
00000000
,
00000000
00000000
00000000
00033000
,
00000000
00010000
00100000
10000000
,
01000000
00100000
00010000
01000000
,
01000000
00010000
00010000
00001000
,
00001000
00000000
00000010
00000000
00000100
00000000
00000010
00000100
,
00000010
00000100
00000100
00000010
,
00001000
00000000
00010000
00000000
00100000
00000000
00010000
00100000
,
10000000
10000000
00010000
10000000
,
01000000
00000000
00010000
00001000
00000010
00000000
00000100
00000010
,
00000001
00000010
00000001
00000100
,
00001000
00010000
00100000
01000000
,
10000000
01000000
01000000
00100000
,
00100000
00000000
00010000
00000010
00000100
00000000
00000110
00000000
,
00000000
00000000
00000001
00000100
00000001
00000000
00001000
00000000
,
00000110
00000000
00001000
00000000
01000000
00000000
00010000
10000000
,
00000000
00100000
00100000
00010000
,
00010000
00000000
00000010
00000100
00000010
00000000
00001000
00000010
,
00001000
00000011
00000000
00000110
,
00000000
00011000
00000000
01100000
,
00000000
22000000
00000000
00000000
,
00000000
00000000
00000000
00000000
,
33000000
00000000
00000000
00000000
;

//---------------dance-double - ----------------
#NOTES:
     dance-double:
     :
     Easy:
     8:
     0.248217,0.335093,0.132382,0.140656,0.000000,177.000000,16.000000,17.000000,0.000000,0.000000,0.000000,0.248217,0.335093,0.132382,0.140656,0.000000,177.000000,16.000000,17.000000,0.000000,0.000000,0.000000:
00000000
00000000
00000000
00000000
,
00000000
00000000
00000000
00000000
,
00000000
00000000
00000000
00000000
,
00000000
00000000
00000000
00000000
,
00000000
00000000
00000000
00000000
,
20000000
00000000
00000000
00000000
,
00000000
00000000
00000000
00000000
,
00000000
00000000
00000000
00000000
,
00000000
00000000
00000000
00000000
,
30000000
00000000
00000000
00000000
,
00000001
00001000
00000010
00001000
,
00000100
00000010
00000001
00000100
,
00001000
00010000
00100000
10000000
,
20010000
00000000
00010000
30010000
,
10000000
00010000
00100000
00010000
,
01000000
00100000
10000000
01000000
,
00010000
00001000
00000010
00000001
,
00001002
00000000
00001000
00001003
,
00000001
00000000
00001000
00000000
,
00010000
00000000
10000000
00000000
,
01000000
00000000
00010000
00000000
,
00001000
00000000
00000100
00000000
,
00000001
00000000
00000100
00000000
,
00000001
00000000
00000010
00000000
,
00001000
00000000
00010000
00000000
,
01000000
00000000
00000000
00000000
,
10000000
00010000
01000000
00000000
,
00011000
00000000
00000000
00000000
,
00000100
00000001
00000010
00000000
,
00000100
00001000
00000001
00000010
,
00001000
00010000
00000000
00000000
,
01100000
00000000
00000000
00000000
,
10010000
10010000
00000000
00000000
,
00010000
00100000
10000000
00100000
,
00110000
00000000
00001000
00010000
,
00001000
00000000
00001000
00010000
,
00001000
00000010
00000100
00000001
,
00000100
00000010
00001000
00000000
,
00020000
00000000
00000000
00000000
,
00000000
00000000
00000000
00030000
,
00200000
00000000
00000000
00000000
,
00000000
00000000
00000000
00300000
,
02000000
00000000
00000000
00000000
,
00000000
00000000
00000000
03000000
,
20000000
00000000
00000000
00000000
,
00000000
00000000
00000000
30000000
,
02000000
00000000
00100000
00000000
,
00000000
00000000
00100000
03000000
,
00200000
00000000
01000000
00000000
,
00000000
00000000
01000000
00300000
,
00020000
00000000
00001000
00000000
,
00000000
00000000
00001000
00030000
,
00000200
00000000
00000000
00000000
,
00000000
00000000
00000010
00000300
,
00000011
00000000
00000000
00000000
,
00001010
00000000
00000000
00000000
,
00011000
00000000
00000000
00000000
,
01100000
00000000
00000000
00000000
,
10000000
00000000
00000000
00000000
,
01000000
00000000
00000000
00000000
,
00010000
00000000
00000000
00000000
,
00001000
00000000
00000000
00000000
,
00001000
00000100
00000010
00000001
,
00000100
00000010
00000100
00000000
,
00001000
00010000
01000000
00100000
,
01000000
10000000
01000000
00000000
,
01000000
10000000
01000000
10000000
,
01000000
10000000
01000000
00000000
,
00020000
00000000
00000000
00000000
,
00002000
00000000
00000000
00000000
,
00033000
00001000
00000100
00000001
,
00001000
00000010
00001000
00000100
,
00000000
00000000
00010000
00000000
,
01000000
10000000
01000000
00100000
,
00000000
00001000
00010000
00001000
,
00000010
00000100
00001000
00000010
,
00000000
00000000
00000100
00000000
,
00001000
00010000
00100000
01000000
,
00000000
00010000
01000000
00010000
,
10000000
00100000
00010000
00001000
,
00000000
00000000
00001000
00000010
,
00000100
00000001
00000100
00000010
,
00000000
00000100
00010000
00001000
,
00000000
00000100
00001000
00010000
,
00000000
00000000
10000000
01000000
,
00100000
02200000
00000000
00000000
,
03300000
10000000
00000000
00110000
,
00000000
00011000
00000000
00001100
,
00000000
00002020
00000000
00000000
,
00000000
00000000
00000000
00000000
,
00003030
00000000
00000000
00000000
;
