#TITLE:DA CAPO;
#SUBTITLE:;
#ARTIST:ACE OF BASE;
#TITLETRANSLIT:;
#SUBTITLETRANSLIT:;
#ARTISTTRANSLIT:;
#CREDIT:;
#BANNER:DA CAPO.png;
#BACKGROUND:DA CAPO-bg.png;
#LYRICSPATH:;
#CDTITLE:./CDTITLES/Dancemania EX6.png;
#MUSIC:DA CAPO.ogg;
#OFFSET:0.000;
#SAMPLESTART:51.290;
#SAMPLELENGTH:15.000;
#SELECTABLE:YES;
#DISPLAYBPM:138.000;
#BPMS:0.000=138.462,4.000=137.997;
#STOPS:;
#BGCHANGES:;

//---------------dance-single - ----------------
#NOTES:
     dance-single:
     :
     Beginner:
     4:
     0.140,0.164,0.012,0.000,0.000:
0000
0000
0000
0000
,
0000
0000
0000
0000
,
0000
0000
0000
0000
,
0000
0000
0000
0000
,
0000
0000
0000
0000
,
0000
0000
0000
0000
,
0010
0000
0010
0000
,
1000
0000
1000
0000
,
0010
0000
0010
0000
,
0001
0000
0001
0000
,
0100
0000
0100
0000
,
0010
0000
0010
0000
,
0100
0000
0100
0000
,
0010
0000
0010
0000
,
1000
0000
0100
0000
,
1000
0000
0001
0000
,
0001
0000
0100
0000
,
0001
0000
1000
0000
,
1000
0000
0010
0000
,
1000
0000
0001
0000
,
0001
0000
0010
0000
,
0001
0000
1000
0000
,
0100
0100
0000
0000
,
0100
0100
0000
0000
,
0100
0100
0000
0000
,
0100
0100
0000
0100
,
0000
0100
0000
0000
,
1000
0000
1000
0000
,
0100
0000
0100
0000
,
0110
0000
0100
0000
,
0100
0000
0100
0000
,
0000
0100
0000
0100
,
0100
0000
0100
0000
,
0000
0100
0000
0100
,
0000
0010
0010
0000
,
0000
0010
0000
0010
,
0010
0000
0010
0000
,
0100
0000
0001
0000
,
0100
0000
0001
0000
,
0100
0000
1000
1000
,
0000
0000
0010
0000
,
0010
0000
0001
0001
,
0000
0000
1000
0000
,
0100
0000
0001
0001
,
0000
0000
0100
0000
,
0010
0000
1000
1000
,
0000
0000
0000
0000
;

//---------------dance-single - ----------------
#NOTES:
     dance-single:
     :
     Easy:
     5:
     0.222,0.310,0.156,0.024,0.000:
0000
0000
0000
0000
,
0000
0000
0000
0000
,
0000
0000
0000
0000
,
0000
0000
0000
0000
,
0000
0000
0000
0000
,
0000
0000
0000
0000
,
0010
0000
0010
0000
,
1000
0000
1000
0000
,
0010
0000
0010
0000
,
0001
0000
0001
1001
,
0100
0000
0100
0000
,
0010
0000
0010
1000
,
0100
0000
0100
0000
,
0010
0000
0010
0001
,
1000
0000
0100
0000
,
1000
0000
0001
0010
,
0001
0000
0100
0000
,
0001
0000
1000
0100
,
1000
0000
0010
0000
,
1000
0000
0001
0100
,
0001
0000
0010
0000
,
0001
0000
1000
0010
,
0100
0100
0001
0000
,
0100
0100
1000
0000
,
0100
0100
0010
0000
,
0100
0100
0010
0100
,
0001
0100
0001
0000
,
1000
0100
1000
0000
,
0100
0000
0100
0010
,
0110
0000
0100
1001
,
0100
1100
0100
0001
,
0000
0100
0000
0100
,
0100
0101
0100
1000
,
0000
0100
0000
0100
,
0010
1010
0010
0001
,
0000
0010
0000
0010
,
0010
0011
0010
1000
,
0100
0010
0001
1001
,
0100
0000
0101
0000
,
0100
1000
1000
1000
,
0010
0000
1010
0000
,
0010
0001
0001
0001
,
0100
0000
1100
0000
,
0100
0001
0001
0001
,
0010
0000
0011
0000
,
0010
1000
1000
1000
,
2002
0000
0000
0000
,
3003
0000
0000
0000
,
0000
0000
0000
0000
;

//---------------dance-single - ----------------
#NOTES:
     dance-single:
     :
     Medium:
     7:
     0.387,0.422,0.599,0.024,0.000:
0000
0000
0000
0000
,
0000
0000
0000
0000
,
0000
0000
0000
0000
,
0000
0000
0000
0000
,
0000
0000
0000
0000
,
0000
0000
0000
0000
,
0010
0000
1000
0000
0010
0000
1000
0100
,
0000
0010
0000
0010
,
0001
0100
0001
0000
1000
0000
0001
0100
,
0000
0000
0010
1010
,
0101
0100
0101
0100
,
0110
0000
0100
0000
0010
1000
0010
0000
,
1100
0100
1100
0100
,
0110
0000
0100
0000
0010
0001
0010
0000
,
0100
1100
0000
0000
0010
0011
0000
0000
,
0100
0101
0000
0000
0100
0000
1001
0000
,
0100
0101
0000
0000
0010
1010
0000
0000
,
0100
1100
0000
0100
0000
0010
0011
0000
,
0010
1010
0000
0000
0100
0101
0000
0000
,
0010
0011
0000
0000
0010
0000
1001
0000
,
0010
0011
0000
0000
0100
1100
0000
0000
,
0010
1010
0000
0010
0000
0100
0101
0000
,
0010
0000
1000
0000
0001
0100
0001
0000
,
0010
0000
0001
0000
1000
0100
1000
0000
,
0010
0000
0100
0000
0001
1000
0100
0000
,
0010
0000
0100
0000
0001
1000
0100
0000
,
0100
0000
1000
0000
0001
0010
0001
0000
,
0100
0000
0001
0000
1000
0010
1000
0000
,
0100
0000
0010
0000
0001
1000
0010
0000
,
0100
0000
1010
1001
,
0100
0000
1100
0000
0010
0001
0000
0100
,
0000
0010
1001
0100
,
0010
0000
1000
0000
0100
0010
0000
0001
,
0000
0100
1010
1001
,
0100
0000
0101
0000
0010
1000
0000
0100
,
0000
0010
1001
0100
,
0010
0000
0001
0000
0100
0010
0000
1000
,
0000
0100
0011
1001
,
0100
0000
1100
0000
0100
0000
0010
0011
,
0000
0100
0010
0000
0101
0000
1010
0000
,
0100
0000
0101
0000
0100
0000
0010
0011
,
0000
0100
0010
0000
1100
0000
1010
0000
,
0010
0000
1010
0000
0010
0000
0100
0101
,
0000
0010
0100
0000
0011
0000
1100
0000
,
0010
0000
0011
0000
0010
0000
0100
0101
,
0000
0010
0100
0000
1010
0000
1100
0000
,
2002
0000
0000
0000
,
3003
0000
0000
0000
,
0000
0000
0000
0000
;

//---------------dance-single - ----------------
#NOTES:
     dance-single:
     :
     Hard:
     10:
     0.483,0.507,0.587,0.024,0.072:
0000
0000
0000
0000
,
0000
0000
0000
0000
,
0000
0000
0000
0000
,
0000
0000
0000
0000
,
0000
0000
0000
0000
,
0000
0000
0000
0000
,
0010
0000
0001
0000
0010
0000
0001
0100
,
0010
1000
0010
1000
,
0001
0100
0001
0000
0010
0000
0100
1000
,
0100
0000
1010
0011
,
0100
0001
0000
0001
0100
0010
0000
0010
,
0100
1000
0000
1000
0100
0010
0100
0001
,
0010
1000
0000
1000
0010
0100
0000
0100
,
0010
0001
0000
0001
0000
1000
1001
0000
,
0100
0101
0000
0010
0100
1100
0000
0010
,
0100
0101
0000
0010
0100
1100
1001
0000
,
1000
0101
0000
0010
1000
1100
0000
0010
,
1000
1001
0000
0100
0000
0101
1001
0000
,
0010
1010
0000
0100
0010
0011
0000
0100
,
0010
1010
0000
0100
0010
0011
1001
0000
,
0001
1010
0000
0100
0001
0011
0000
0100
,
0001
1001
0000
0010
0000
1010
1001
0000
,
0100
0000
0110
0000
0001
0100
0001
1000
,
0100
0000
0110
0000
1000
0100
1000
0001
,
0010
0000
0110
0000
0001
0010
0001
1000
,
0010
0000
0110
0000
1000
0010
1000
0001
,
0100
0000
1010
0000
0001
0100
0010
1000
,
0100
0000
0101
0000
1000
0100
0010
0001
,
0100
0000
1010
0000
0001
0010
0100
1000
,
1001
0000
1100
0011
,
0100
0000
1010
0000
0001
0010
1000
0010
,
0000
0001
0100
0000
0011
0000
1100
0000
,
0100
0000
0011
0000
1000
0010
0001
0010
,
0000
1000
0100
0000
1010
0000
0101
0000
,
0010
0000
1100
0000
0001
0100
1000
0100
,
0000
0001
0010
0000
0101
0000
1010
0000
,
0010
0000
0101
0000
1000
0100
0001
0100
,
0000
1000
0010
0000
1100
0000
0011
0000
,
0100
0010
0000
0000
0000
0000
0000
0000
0100
1000
0000
0000
0000
0000
0000
0000
0100
0001
0000
0000
0000
0000
0000
0000
0100
0000
0000
0000
1000
0000
0000
0000
,
0000
0001
0100
1000
0100
0001
1001
0000
,
0100
0010
0000
0000
0000
0000
0000
0000
0100
0001
0000
0000
0000
0000
0000
0000
0100
1000
0000
0000
0000
0000
0000
0000
0100
0000
0000
0000
0001
0000
0000
0000
,
0000
1000
0100
0001
0100
1000
1001
0000
,
0010
0100
0000
0000
0000
0000
0000
0000
0010
1000
0000
0000
0000
0000
0000
0000
0010
0001
0000
0000
0000
0000
0000
0000
0010
0000
0000
0000
1000
0000
0000
0000
,
0000
0001
0010
1000
0010
0001
1001
0000
,
0010
0100
0000
0000
0000
0000
0000
0000
0010
0001
0000
0000
0000
0000
0000
0000
0010
1000
0000
0000
0000
0000
0000
0000
0010
0000
0000
0000
0001
0000
0000
0000
,
0000
1000
0010
0001
0010
1000
1001
0000
,
0200
0020
0000
0000
,
0330
0000
0000
0000
,
0000
0000
0000
0000
;

//---------------dance-double - ----------------
#NOTES:
     dance-double:
     :
     Easy:
     5:
     0.228,0.281,0.204,0.024,0.000:
00000000
00000000
00000000
00000000
,
00000000
00000000
00000000
00000000
,
00000000
00000000
00000000
00000000
,
00000000
00000000
00000000
00000000
,
00000000
00000000
00000000
00000000
,
00000000
00000000
00000000
00000000
,
10000000
00000000
10000000
00000000
,
01000000
00000000
01000000
00000000
,
00010000
00000000
00010000
00000000
,
00001000
00000000
00001000
00011000
,
00000010
00000000
00000010
00000000
,
00000001
00000000
00000001
00000100
,
00001000
00000000
00001000
00000000
,
00010000
00000000
00010000
00011000
,
00100000
00000000
00100000
00000000
,
10000000
00000000
10000000
01000000
,
00010000
00000000
00010000
00000000
,
00001000
00000000
00001000
00011000
,
00000100
00000000
00000001
00000000
,
00000100
00000000
00001000
00010000
,
01000000
00000000
10000000
00000000
,
01000000
00000000
00010000
00011000
,
00000100
00000100
00000001
00000000
,
00000100
00000100
00001000
00000000
,
00010000
00010000
01000000
00000000
,
00010000
00010000
00001000
00011000
,
00000010
00000010
00000001
00000000
,
00000010
00000010
00001000
00000000
,
00010000
00010000
00100000
00000000
,
01100000
00000000
00001000
00011000
,
00000010
00000110
00000001
00000100
,
00000000
00001000
00000000
00010000
,
00100000
01100000
10000000
01000000
,
00000000
00010000
00000000
00001000
,
00000100
00000110
00000001
00000010
,
00000000
00001000
00000000
00010000
,
01000000
01100000
10000000
00100000
,
00000000
00010000
00001000
00011000
,
01000000
00000000
01010000
00000000
,
00001000
00000100
00000100
00001000
,
00000100
00000000
00001100
00000000
,
00010000
01000000
01000000
00010000
,
00100000
00000000
00110000
00000000
,
00001000
00000010
00000010
00001000
,
00000010
00000000
00001010
00000000
,
00010000
00100000
00100000
00010000
,
20020000
00000000
00000000
00000000
,
30030000
00000000
00000000
00000000
,
00000000
00000000
00000000
00000000
;

//---------------dance-double - ----------------
#NOTES:
     dance-double:
     :
     Medium:
     7:
     0.344,0.394,0.299,0.024,0.000:
00000000
00000000
00000000
00000000
,
00000000
00000000
00000000
00000000
,
00000000
00000000
00000000
00000000
,
00000000
00000000
00000000
00000000
,
00000000
00000000
00000000
00000000
,
00000000
00000000
00000000
00000000
,
10000000
00000000
01000000
00000000
10000000
00000000
01000000
00010000
,
00000000
00001000
00000000
00001000
,
00000100
00000010
00000100
00000000
00000010
00000000
00010000
00001000
,
00000000
00000000
00010000
00011000
,
01000000
10000000
01000000
00010000
,
00001000
00000000
00000100
00000000
00000001
00000100
00000001
00000000
,
00000100
00001000
00010000
00001000
,
00000100
00000000
00000001
00000000
00000010
00001000
00000010
00000000
,
00000001
00000100
00000000
00000000
00000100
00001000
00000000
00000000
,
00010000
00001000
00000000
00000000
01000000
00000000
10100000
00000000
,
10000000
00100000
00000000
00000000
00100000
00010000
00000000
00000000
,
00001000
00010000
00000000
00000100
00000000
00000010
00000011
00000000
,
00000001
00000010
00000000
00000000
00000010
00001000
00000000
00000000
,
00010000
00001000
00000000
00000000
00100000
00000000
11000000
00000000
,
10000000
01000000
00000000
00000000
01000000
00010000
00000000
00000000
,
00001000
00010000
00000000
00000010
00000000
00000100
00000101
00000000
,
00000010
00000000
00001000
00000000
00010000
00001000
01000000
00000000
,
00100000
00000000
00010000
00000000
00001000
00010000
00000100
00000000
,
00000010
00000000
00001000
00000000
00010000
00001000
01000000
00000000
,
00100000
00000000
00010000
00000000
00001000
00010000
00010100
00000000
,
00000100
00000000
00001000
00000000
00010000
00001000
00100000
00000000
,
01000000
00000000
00010000
00000000
00001000
00010000
00000010
00000000
,
00000100
00000000
00001000
00000000
00010000
00001000
00100000
00000000
,
01100000
00000000
00010000
00011000
,
00000100
00000000
00000110
00000000
00000001
00000100
00000000
00000010
,
00000000
00001000
00010000
01000000
,
10000000
00000000
00100000
00000000
01000000
00001000
00000000
00010000
,
00000000
00000100
00010000
00011000
,
01000000
00000000
01100000
00000000
10000000
01000000
00000000
00100000
,
00000000
00010000
00001000
00000100
,
00000001
00000000
00000010
00000000
00000100
00010000
00000000
00001000
,
00000000
01000000
00001000
00011000
,
01000000
00000000
10100000
00000000
01000000
00000000
00010000
01010000
,
00000000
00001000
00010000
00000000
00000100
00000000
00000110
00000000
,
00000100
00000000
00000011
00000000
00000100
00000000
00001000
00001100
,
00000000
00010000
00001000
00000000
01000000
00000000
01100000
00000000
,
00100000
00000000
11000000
00000000
00100000
00000000
00010000
00110000
,
00000000
00001000
00010000
00000000
00000010
00000000
00000110
00000000
,
00000010
00000000
00000101
00000000
00000010
00000000
00001000
00001010
,
00000000
00010000
00001000
00000000
00100000
00000000
01100000
00000000
,
20020000
00000000
00000000
00000000
,
30030000
00000000
00000000
00000000
,
00000000
00000000
00000000
00000000
;

//---------------dance-double - ----------------
#NOTES:
     dance-double:
     :
     Hard:
     11:
     0.472,0.479,0.515,0.024,0.072:
00000000
00000000
00000000
00000000
,
00000000
00000000
00000000
00000000
,
00000000
00000000
00000000
00000000
,
00000000
00000000
00000000
00000000
,
00000000
00000000
00000000
00000000
,
00000000
00000000
00000000
00000000
,
00100000
00000000
10000000
00000000
00100000
00000000
10000000
01000000
,
00010000
00001000
00010000
00001000
,
00000010
00000001
00000010
00000000
00000100
00000000
00001000
00000100
,
00001000
00000000
00001010
00011000
,
01000000
00010000
00000000
00010000
00001000
00000100
00000000
00000100
,
00001000
00010000
00000000
00010000
00100000
00010000
00001000
00000100
,
00000010
00001000
00000000
00001000
00000100
00010000
00000000
00010000
,
00001000
00100000
00000000
00100000
00000000
00001000
00011000
00000000
,
01000000
01100000
00000000
00010000
01000000
01001000
00000000
00010000
,
00000010
00000110
00000000
00001000
00000100
00010000
00011000
00000000
,
00100000
01100000
00000000
10000000
01000000
01010000
00000000
00001000
,
00010000
00010100
00000000
00000110
00000000
00010000
00011000
00000000
,
00000100
00000110
00000000
00001000
00000100
00010100
00000000
00001000
,
00100000
01100000
00000000
00010000
01000000
00001000
00011000
00000000
,
00000010
00000110
00000000
00000001
00000100
00001100
00000000
00010000
,
00001000
01001000
00000000
01100000
00000000
00001000
00011000
00000000
,
01000000
00000000
01010000
00000000
00100000
01000000
00010000
00001000
,
00010000
00000000
00010100
00000000
00000010
00000001
00000100
00001000
,
00000100
00000000
00001100
00000000
00000010
00000100
00001000
00010000
,
00001000
00000000
01001000
00000000
00100000
10000000
01000000
00010000
,
01000000
00000000
01010000
00000000
00100000
01000000
00010000
00001000
,
00010000
00000000
00010100
00000000
00000010
00000001
00000100
00001000
,
00000100
00000000
00001100
00000000
00000010
00000100
00001000
00010000
,
00011000
00000000
01001000
01100000
,
10000000
00000000
11000000
00000000
01000000
00010000
00001000
00010000
,
00000000
00100000
00010000
00000000
00001000
00000000
00011000
00000000
,
00000100
00000000
00001010
00000000
00000001
00000100
00001000
00010000
,
00000000
00001000
00000100
00000000
00000001
00000000
00001010
00000000
,
00000001
00000000
00000101
00000000
00000100
00001000
00010000
00001000
,
00000000
00000010
00001000
00000000
00010000
00000000
00011000
00000000
,
01000000
00000000
00110000
00000000
10000000
01000000
00010000
00001000
,
00000000
00010000
01000000
00000000
10000000
00000000
00110000
00000000
,
01000000
00100000
00000000
00000000
00000000
00000000
00000000
00000000
01000000
10000000
00000000
00000000
00000000
00000000
00000000
00000000
01000000
00010000
00000000
00000000
00000000
00000000
00000000
00000000
00001000
00000000
00000000
00000000
00010000
00000000
00000000
00000000
,
00000000
00001000
00000100
00000001
00000010
00000001
00001001
00000000
,
00000100
00000010
00000000
00000000
00000000
00000000
00000000
00000000
00000100
00000001
00000000
00000000
00000000
00000000
00000000
00000000
00000100
00001000
00000000
00000000
00000000
00000000
00000000
00000000
00010000
00000000
00000000
00000000
00001000
00000000
00000000
00000000
,
00000000
00010000
01000000
10000000
00100000
10000000
10010000
00000000
,
00100000
01000000
00000000
00000000
00000000
00000000
00000000
00000000
00100000
10000000
00000000
00000000
00000000
00000000
00000000
00000000
00100000
00010000
00000000
00000000
00000000
00000000
00000000
00000000
00001000
00000000
00000000
00000000
00010000
00000000
00000000
00000000
,
00000000
00001000
00000010
00000001
00000100
00000001
00001001
00000000
,
00000010
00000100
00000000
00000000
00000000
00000000
00000000
00000000
00000010
00000001
00000000
00000000
00000000
00000000
00000000
00000000
00000010
00001000
00000000
00000000
00000000
00000000
00000000
00000000
00010000
00000000
00000000
00000000
00001000
00000000
00000000
00000000
,
00000000
00010000
00100000
10000000
01000000
10000000
10010000
00000000
,
02000000
00200000
00000000
00000000
,
03300000
00000000
00000000
00000000
,
00000000
00000000
00000000
00000000
;
