#TITLE:Dance Dance Revolution;
#SUBTITLE:;
#ARTIST:DDR ALL STARS;
#TITLETRANSLIT:;
#SUBTITLETRANSLIT:;
#ARTISTTRANSLIT:;
#CREDIT:;
#BANNER:Dance Dance Revolution.png;
#BACKGROUND:Dance Dance Revolution-bg.png;
#LYRICSPATH:;
#CDTITLE:./CDTITLES/DANCE DANCE REVOLUTION EXTREME.PNG;
#MUSIC:Dance Dance Revolution.ogg;
#OFFSET:0.000;
#SAMPLESTART:28.801;
#SAMPLELENGTH:15.000;
#SELECTABLE:YES;
#DISPLAYBPM:150.000;
#BPMS:0.000=150.000,4.000=150.000;
#STOPS:;
#BGCHANGES:;

//---------------dance-single - ----------------
#NOTES:
     dance-single:
     :
     Beginner:
     5:
     0.253,0.421,0.471,0.000,0.000:
0000
0000
0000
0000
,
0000
0000
0000
0000
,
0000
0000
0000
0000
,
0000
0000
0000
0000
,
0000
0000
0000
0000
,
0000
0000
0000
0000
,
0110
0000
1001
0000
,
0000
0110
0000
1001
,
1001
0000
0110
0000
,
0000
0110
0000
1001
,
0000
1000
1000
1000
,
0000
0001
0001
0001
,
0000
0010
0000
0010
,
0010
0010
0000
0110
,
0000
0001
0001
0001
,
0000
1000
1000
1000
,
0000
0100
0000
0100
,
0100
0100
0000
1001
,
1001
0000
0110
0000
,
1001
0000
0110
0000
,
0110
0000
1001
0000
,
1001
0000
0110
0000
,
1000
1000
0000
1001
,
0000
0100
0000
0010
,
0000
1000
0000
0001
,
0001
0000
1001
0000
,
0100
0100
0000
0100
,
0000
0010
0000
0010
,
0010
0010
0000
1000
,
0000
0001
0000
1000
,
1000
1000
1000
0000
,
0001
0001
0001
0000
,
0100
0100
0100
0000
,
0010
0010
0010
0000
,
0000
0110
0000
1001
,
0000
0110
0000
1001
,
0000
1001
0000
0110
,
0110
0000
1001
0000
,
0000
1001
0000
0110
,
0000
1001
0000
0110
,
0000
0110
0000
1001
,
1001
0000
0110
0000
,
0100
0100
0000
0010
,
0000
1000
0000
1000
,
0000
0001
0000
0001
,
0000
0010
0010
0010
,
0010
0010
0000
0100
,
0000
0001
0000
0001
,
0000
1000
0000
1000
,
0000
0100
0100
0100
,
0100
0100
0000
0110
,
0000
0010
0000
0001
,
0000
0001
0000
0010
,
0000
1000
0000
1000
,
1000
1000
0000
1001
,
0000
0001
0000
0100
,
0000
1001
0000
0110
,
0110
0110
0110
0110
,
0110
0000
0000
1001
,
0000
0000
0000
0000
;

//---------------dance-single - ----------------
#NOTES:
     dance-single:
     :
     Easy:
     6:
     0.338,0.391,0.625,0.000,0.000:
0000
0000
0000
0000
,
0000
0000
0000
0000
,
0000
0000
0000
0000
,
0000
0000
0000
0000
,
0000
0000
0000
0000
,
0000
0000
0000
0000
,
0010
1010
0000
0100
,
0010
0100
0001
1000
,
0010
0011
0000
0100
,
0010
0100
0000
1001
,
0100
0000
1000
0110
,
0001
0010
0001
1000
,
0100
0010
0001
0010
,
0100
0100
0010
0110
,
0100
0000
0001
0110
,
1000
0010
1000
0001
,
0100
0010
1000
0010
,
0100
0100
0010
0110
,
1010
1001
0100
0100
,
0010
0000
0100
0110
,
0001
0000
0100
0110
,
1000
0000
0100
0110
,
0011
1001
0100
0100
,
0010
0000
0100
0110
,
1000
0000
0100
0110
,
0001
0000
0100
0110
,
0000
0100
0000
0001
,
0000
0100
0010
0110
,
0000
0100
0000
1000
,
0000
0100
0010
0110
,
0010
0011
0001
1001
,
1000
1100
0100
0110
,
0010
0001
1000
0100
,
0010
0010
0100
0110
,
0010
0000
0001
0110
,
1000
0100
1000
0001
,
0010
0100
1000
0100
,
0010
0010
0100
0110
,
0010
0000
1000
0110
,
0001
0100
0001
1000
,
0010
0100
0001
0100
,
0010
0010
0100
0110
,
1010
1001
0000
0110
,
0000
1001
0000
1001
,
0000
0110
0000
0110
,
0100
0100
0000
1001
,
0011
1001
0000
0110
,
0000
1001
0000
1001
,
0000
0110
0000
0110
,
0100
0100
0000
1001
,
1100
1001
0000
0110
,
0000
1001
0000
0110
,
0000
1001
0000
0110
,
0010
0100
0000
1001
,
1100
1001
0000
0110
,
0000
1001
0000
0110
,
0000
1001
0000
0110
,
0010
0100
0010
1001
,
0100
0100
0100
1001
,
0000
0000
0000
0000
;

//---------------dance-single - ----------------
#NOTES:
     dance-single:
     :
     Medium:
     8:
     0.508,0.543,1.000,0.041,0.010:
0000
0000
0000
0000
,
0000
0000
0000
0000
,
0000
0000
0000
0000
,
0000
0000
0000
0000
,
0000
0000
0000
0000
,
0000
0000
0000
0000
,
1010
1001
0100
0110
,
0010
0001
0010
0000
0100
0000
0110
0000
,
0100
1000
0100
0000
0100
0000
0110
0000
,
0001
1000
0100
0000
0010
0000
0110
0000
,
0010
0001
0020
0000
0130
0000
1100
0000
,
0010
0100
0010
0000
0100
0000
0011
0000
,
0100
1000
0100
0010
0100
0000
0110
0000
,
0011
0110
1100
1001
,
0010
1000
0020
0000
0130
0000
0101
0000
,
0010
0100
0010
0000
0100
0000
1010
0000
,
0100
0001
0100
0010
0100
0000
0110
0000
,
1010
0110
0101
1001
,
1100
0000
0101
0000
0010
0100
0010
0100
,
0000
0110
0100
1001
,
0010
0000
1010
0000
0100
0001
0100
0010
,
0000
1001
0100
1010
,
0101
0000
1100
0000
0010
0100
0010
0100
,
0000
0110
0100
1001
,
0010
0000
0011
0000
0100
1000
0100
0010
,
0000
1001
0100
0011
,
0100
0000
0000
0100
0010
0000
0011
0000
,
0100
0000
0000
1000
0000
0000
1100
0000
,
0010
0000
0000
0010
0100
0000
1100
0000
,
0010
0000
0000
0001
0000
0000
0011
0000
,
0110
1100
1001
0101
,
0110
1010
0110
0011
,
0110
1010
1001
1100
,
0110
0101
0110
1100
,
0001
0100
0002
0000
1003
0000
1010
0000
,
0100
0010
1000
1010
,
0100
0001
0100
0000
0010
0000
0110
0000
,
0101
1001
1100
0110
,
1000
0100
2000
0000
3001
0000
0011
0000
,
0100
0010
0001
0011
,
0100
1000
0100
0000
0010
0000
0110
0000
,
1100
1001
0101
0110
,
1010
0000
0101
0000
0100
0001
1000
0010
,
0000
0010
1000
0000
1001
0000
0101
0000
,
0010
1000
0001
0000
0010
0000
0011
0000
,
0100
0010
0001
0000
1100
0000
1001
0000
,
0101
0000
1010
0000
0010
1000
0001
0100
,
0000
0100
0001
0000
1001
0000
1010
0000
,
0100
0001
1000
0000
0100
0000
1100
0000
,
0010
0100
1000
0000
0011
0000
1001
0000
,
1010
0000
0011
0000
0100
0010
1000
0001
,
0000
0000
0011
0000
0100
0010
0001
1000
,
0000
0000
1010
0000
0100
0001
1000
0010
,
0000
0110
1000
1010
,
0011
0000
1010
0000
0100
0010
0001
1000
,
0000
0000
1010
0000
0100
0010
1000
0001
,
0100
0110
0001
1001
,
1100
0110
0011
1001
,
0100
0000
0000
0010
0000
0000
0001
0000
0000
1000
0000
0000
0010
0000
0110
0000
,
0000
0000
0000
0000
;

//---------------dance-single - ----------------
#NOTES:
     dance-single:
     :
     Hard:
     12:
     0.584,0.543,0.482,0.000,0.159:
0000
0000
0000
0000
,
0000
0000
0000
0000
,
0000
0000
0000
0000
,
0000
0000
0000
0000
,
0000
0000
0000
0000
,
0000
0000
0000
0000
,
1010
0000
0101
0000
0010
0100
1000
0100
,
0000
0000
0010
0000
0010
0000
0000
0000
0101
0000
0000
1010
0000
0000
1001
0000
,
0000
0000
0100
0000
0100
0000
0000
0000
0011
0000
0000
1100
0000
0000
1001
0000
,
0000
0000
0010
0000
0100
0000
0000
0000
1100
0000
0000
0011
0000
0000
1001
0000
,
0100
1000
0100
0010
0001
1000
0001
0000
,
0010
0001
0100
0001
0010
0100
0010
0000
,
0100
0001
0100
0010
1000
0010
0001
1000
,
0010
0000
0010
0000
0010
0000
0100
0010
0000
0000
0000
0000
1010
0000
0000
0000
,
0100
0001
0100
0010
1000
0001
1000
0000
,
0010
1000
0100
1000
0010
0100
0010
0000
,
0100
1000
0100
0010
0001
0010
1000
0001
,
0010
0000
0010
0000
0010
0000
0100
0010
0000
0000
0100
0000
1100
0000
0000
0000
,
0011
0000
1001
0000
0010
0100
0010
1000
,
0000
0001
1000
0100
0010
0001
0100
0010
,
0000
0010
0100
1000
0001
0010
0100
0010
,
0000
0000
0100
0000
1000
0000
0001
0000
1001
0000
0000
0101
0000
0000
0110
0000
,
1010
0000
1001
0000
0010
0100
0010
0001
,
0000
1000
0001
0100
0010
1000
0100
0010
,
0000
0010
0100
0001
1000
0010
0100
0010
,
0000
0000
0100
0000
0001
0000
1000
0000
1001
0000
0000
1100
0000
0000
0110
0000
,
0001
0000
0000
0001
0000
0000
0001
0000
0100
0000
0010
0000
0100
0000
0001
0000
,
1000
0000
0000
1000
0000
0000
0100
0000
0000
0000
1000
0000
0010
0000
0010
0000
,
1000
0000
0000
1000
0000
0000
1000
0000
0100
0000
0010
0000
0100
0000
1000
0000
,
0001
0000
0000
0001
0000
0000
0100
0000
0000
0000
0001
0000
0010
0000
0010
0000
,
0100
1000
0100
0010
0100
0001
0100
0010
,
0100
1000
0100
0010
0100
0001
0100
0000
,
0010
1000
0010
0100
0010
0001
0010
0100
,
0010
0000
0011
0000
0100
1000
1100
0000
,
0010
0000
0001
0000
0010
0000
0100
0010
0000
0000
0100
0000
1000
0000
0001
0000
,
0100
0000
1000
0000
0100
0000
0010
0100
0000
0000
0010
0000
1001
0000
0000
0000
,
1000
0000
0100
0000
1000
0000
0001
0010
0000
0000
0100
0000
0010
0000
0001
0000
,
1000
0000
1000
0000
1000
0000
0001
1000
0000
0000
0100
0000
0110
0000
0000
0000
,
0100
0000
1000
0000
0100
0000
0010
0100
0000
0000
0010
0000
0001
0000
1000
0000
,
0010
0000
0001
0000
0010
0000
0100
0010
0000
0000
0100
0000
1001
0000
0000
0000
,
0001
0000
0010
0000
0001
0000
1000
0100
0000
0000
0010
0000
0100
0000
1000
0000
,
0001
0000
0001
0000
0001
0000
1000
0001
0000
0000
0100
0000
0110
0000
0000
0000
,
0101
0000
0110
0000
0010
1000
0010
0100
,
0000
0000
0001
0000
0100
0000
0010
0000
1000
0000
0000
1000
0000
0000
0001
0000
,
0000
0000
0010
0000
0100
0000
0010
0001
0000
0000
1000
0000
0000
0000
0100
0000
,
0000
0000
0010
0000
0001
0000
1000
0000
0100
0000
0000
0100
0000
0000
0110
0000
,
1100
0000
0110
0000
0010
0001
0010
0100
,
0000
0000
1000
0000
0100
0000
0010
0000
0001
0000
0000
0001
0000
0000
1000
0000
,
0000
0010
0100
0010
0000
1000
0001
0100
,
0010
0000
1000
0000
0010
0000
0100
0010
0000
1000
0000
0001
0100
0000
0010
0000
,
0110
0000
1001
0000
0100
0010
0001
0010
,
0000
0000
0100
0000
1000
0000
0100
0000
0010
0000
0000
0100
0000
0000
0100
0000
,
0000
0010
0001
1000
0100
1000
0100
0010
,
0001
0010
0100
0010
0011
0000
1001
0000
,
1100
0000
0110
0000
0001
0010
0100
0010
,
0000
0100
1000
0100
0010
0001
0000
0010
,
0110
0000
0100
1000
1001
0000
0010
0100
,
0110
0011
0110
1010
,
0010
0100
0000
0010
1000
0000
0010
0100
0000
0010
0001
0000
0010
0000
1001
0000
,
0000
0000
0000
0000
;

//---------------dance-single - ----------------
#NOTES:
     dance-single:
     :
     Challenge:
     12:
     0.558,0.543,0.123,0.000,0.082:
0000
0000
0000
0000
,
0000
0000
0000
0000
,
0000
0000
0000
0000
,
0000
0000
0000
0000
,
0000
0000
0000
0000
,
0000
0000
0000
0000
,
1010
0000
0100
0000
0010
0001
0100
0000
,
0001
1100
1000
0101
,
0010
0100
0010
0000
1000
0000
0001
0000
,
1000
0000
0101
0000
0001
0000
1000
0100
,
1000
0100
0010
0000
0010
0001
0100
0000
,
0100
0010
1000
0000
1000
0001
0010
0000
,
0010
0100
1000
0000
1000
0010
0100
0000
,
0100
0001
0010
0000
0010
0100
0010
0000
,
0100
1000
0001
0000
0100
0010
1000
0000
,
0100
0010
0001
0000
0100
0010
1000
0000
,
0100
0010
0001
0000
1000
0100
0010
0000
,
0001
0100
0010
0000
1000
0100
0001
0000
,
1000
0000
0100
0000
0010
0000
0001
0000
0100
0001
0100
0000
0001
0000
0000
0000
,
1000
0000
0100
0000
0010
0000
0001
0000
0100
0001
0100
0000
0001
0000
0000
0000
,
1000
0000
0100
0000
0010
0000
0001
0000
0100
0001
0100
0000
0010
0000
0000
0000
,
1000
0000
0100
0000
0010
0000
0001
0000
0100
0010
0100
0000
0010
0000
0000
0000
,
1000
0000
0001
0000
0100
0000
0010
0000
1001
0100
1000
0000
0100
0000
0000
0000
,
1000
0000
0001
0000
0100
0000
0010
0000
1000
0100
1000
0000
0010
0000
0000
0000
,
1000
0000
0001
0000
0100
0000
0010
0000
1000
0001
0100
0000
0010
0000
0000
0000
,
1000
0000
0100
0000
0010
0000
0001
0000
1000
0010
0100
0000
0001
0000
0000
0000
,
1000
0100
1000
0100
0001
0100
0001
0100
,
1000
0010
1000
0010
0001
0010
0001
0010
,
1000
0010
0001
1000
0100
0001
1000
0010
,
0001
1000
0100
0001
1000
0010
0001
0000
,
0001
1000
0010
0100
0010
0001
1000
0100
,
0010
0100
0001
1000
0010
0100
0001
0010
,
1000
0001
0010
1000
0100
0001
1000
0001
,
0100
1000
0010
0001
0100
0010
1000
0010
,
0100
0001
0100
1000
0100
0001
0100
1000
,
0100
0001
0100
1000
0100
0010
0100
0010
,
0100
0001
0100
1000
0100
0001
0100
1000
,
0100
0001
0100
0010
0100
1000
0100
0010
,
0001
0100
0001
0010
0001
0100
0001
0010
,
0001
1000
0001
1000
0001
0100
0001
0100
,
1000
0001
1000
0001
1000
0010
1000
0010
,
1000
0100
1000
0010
1000
0100
1010
0000
,
0001
0010
0100
0000
0100
0010
1000
0100
,
1000
0001
0010
0000
0010
1000
0100
0001
,
0010
1000
0100
0001
0010
1000
0100
0000
,
1010
0000
0101
0000
1000
0010
0100
0001
,
1000
0010
0100
0000
0001
0010
0100
0010
,
1000
0001
0010
0000
1000
0001
0010
0100
,
1000
1000
0010
0000
0001
0001
0010
0000
,
0110
0000
1001
0000
0010
0001
0100
0000
,
0010
0000
0000
0000
0010
0000
0000
0000
0100
0000
0000
0001
1000
0000
0010
0000
,
0100
0000
0100
0000
0100
0000
0010
1000
,
1000
0000
0000
0000
0001
0000
0000
0000
0100
0000
0000
0010
1000
0000
0001
0000
,
0100
0010
0100
0010
0100
0010
0100
0100
,
0001
0000
0000
0000
1000
0000
0000
0000
0010
0000
0000
1000
0001
0000
0100
0000
,
0010
0000
1010
0000
0100
0000
0010
1000
,
1000
0000
0000
0000
0001
0000
0000
0000
0100
0000
0000
0001
0010
0000
0001
0000
,
1000
0100
0010
0001
1000
1000
0100
0100
,
0010
0100
0000
0010
1000
0000
0010
0100
0000
0010
0001
0000
0010
0000
1001
0000
,
0000
0000
0000
0000
;

//---------------dance-double - ----------------
#NOTES:
     dance-double:
     :
     Easy:
     6:
     0.325,0.361,0.307,0.000,0.000:
00000000
00000000
00000000
00000000
,
00000000
00000000
00000000
00000000
,
00000000
00000000
00000000
00000000
,
00000000
00000000
00000000
00000000
,
00000000
00000000
00000000
00000000
,
00000000
00000000
00000000
00000000
,
01000000
01100000
00010000
00001000
,
00000100
00000110
00000001
00001000
,
00000100
00000110
00001000
00010000
,
00100000
10000000
01000000
10010000
,
01000000
01000000
00010000
00000000
,
00001000
00000100
00000001
00000100
,
00000001
00000010
00001000
00010000
,
01000000
00100000
01100000
00000000
,
00100000
00100000
00000000
00010000
,
00001000
00000010
00000001
00000010
,
00000001
00000100
00001000
00010000
,
00100000
01000000
01100000
00000000
,
01000000
00000000
10010000
00000000
,
01000000
00010000
00001000
00000000
,
00000100
00000001
00000010
00000000
,
00000001
00000100
00001000
00000110
,
00000100
00000000
00001001
00000000
,
00000100
00001000
00010000
00000000
,
01000000
10000000
00100000
00000000
,
10000000
01000000
00010000
01100000
,
00100000
00100000
00001000
00000000
,
00010000
00000000
00000100
00000110
,
00000010
00000010
00000001
00000000
,
00001000
00000000
00000100
00010100
,
00001000
00010000
01000000
10000000
,
01000000
00010000
00001000
00010000
,
00001000
00000100
00000001
00000010
,
00000100
00000010
00000011
00000000
,
00000010
00000010
00001000
00000000
,
00010000
00100000
10000000
00100000
,
10000000
01000000
00010000
00001000
,
00000010
00000100
00000110
00000000
,
00000100
00000100
00000000
00001000
,
00010000
01000000
10000000
01000000
,
10000000
00100000
00010000
00001000
,
00000100
00000010
00000010
00000110
,
00000001
00000011
00000100
00010000
,
00001000
00100000
01000000
01100000
,
00100000
00001000
00010000
00000100
,
00000010
00000100
00001000
00001001
,
00000001
00000101
00000010
00010000
,
00001000
01000000
00100000
01100000
,
01000000
00001000
00010000
00000010
,
00000100
00001000
00010000
00110000
,
10000000
10100000
01000000
00001000
,
00010000
00000010
00000100
00000110
,
00000010
00010000
00001000
01000000
,
00100000
01000000
00010000
10010000
,
10000000
11000000
00100000
00001000
,
00010000
00000100
00000010
00000110
,
00000010
00000011
00000001
00001001
,
00000100
00001000
00010000
00011000
,
01000000
00100000
01000000
01100000
,
00000000
00000000
00000000
00000000
;

//---------------dance-double - ----------------
#NOTES:
     dance-double:
     :
     Medium:
     8:
     0.454,0.452,0.738,0.041,0.010:
00000000
00000000
00000000
00000000
,
00000000
00000000
00000000
00000000
,
00000000
00000000
00000000
00000000
,
00000000
00000000
00000000
00000000
,
00000000
00000000
00000000
00000000
,
00000000
00000000
00000000
00000000
,
10100000
10010000
01000000
00010000
,
00001000
00000110
00000001
00000010
,
00000100
00001100
00010000
00001000
,
00010000
01100000
00100000
10010000
,
01000000
00100000
01000000
00000000
00010000
00000000
00011000
00000000
,
00000010
00000100
00001000
00000100
,
00000010
00000001
00000010
00001000
,
00010000
01000000
00100000
01100000
,
00100000
01000000
00100000
00000000
00010000
00000000
00011000
00000000
,
00000100
00000010
00001000
00000010
,
00000100
00000001
00000100
00001000
,
00010000
00100000
01000000
10100000
,
10010000
00000000
01010000
00000000
00100000
10000000
00100000
01000000
,
00000000
01010000
00001000
00011000
,
00000100
00000000
00001000
00000000
00000100
00000000
00000010
00000100
,
00000000
00001100
00001001
00000101
,
00001001
00000000
00001100
00000000
00000010
00000001
00000010
00000100
,
00000000
00001100
00010000
00011000
,
01000000
00000000
00010000
00000000
01000000
00000000
00100000
01000000
,
00000000
01010000
10010000
11000000
,
00100000
00100000
00001000
00010000
,
00022000
00000000
00033000
00000100
00000000
00000100
00000010
00000010
,
00000001
00001000
00000100
00010000
,
00022000
00000000
00033000
01000000
00000000
01000000
00100000
00100000
,
10000000
10100000
01000000
01010000
,
00010000
00011000
00001000
00001100
,
00000100
00000110
00000001
00000101
,
00000110
00001010
00010010
00011000
,
01000000
00010000
01000000
00000000
00100000
00000000
10100000
00000000
,
00100000
00010000
00001000
00011000
,
00000100
00001000
00000100
00000010
00000001
00000000
00000011
00000000
,
00000100
00001100
00010000
00011000
,
00100000
00010000
00100000
00000000
01000000
00000000
11000000
00000000
,
01000000
00010000
00001000
00011000
,
00000010
00001000
00000010
00000100
00000001
00000000
00000101
00000000
,
00000010
00001010
00010000
00011000
,
00010000
01010000
00100000
00110000
,
01000000
00010000
00001000
00011000
,
00001000
00001100
00000100
00000110
,
00000010
00000100
00000010
00000000
00010000
00000000
00011000
00000000
,
00001000
00001010
00000100
00001100
,
00000010
00001000
00010000
00011000
,
00010000
00110000
00100000
01100000
,
01000000
00100000
01000000
00000000
00001000
00000000
00011000
00000000
,
00000100
00000010
00000100
00001000
00000001
00000000
00000011
00000000
,
00000100
00001100
00000001
00000100
,
00001000
00011000
01000000
01100000
,
00100000
01000000
00100000
00001000
00010000
00000000
00011000
00000000
,
00000010
00000100
00000010
00001000
00000001
00000000
00000101
00000000
,
00000010
00001010
00000001
00000010
,
00001000
00011000
00100000
01100000
,
00101000
00011000
00010100
00000110
,
00000010
00000000
00000000
00000010
00000000
00000000
00000100
00000000
00000000
00000100
00000000
00000000
00000010
00000000
00001001
00000000
,
00000000
00000000
00000000
00000000
;

//---------------dance-double - ----------------
#NOTES:
     dance-double:
     :
     Hard:
     12:
     0.568,0.513,0.441,0.000,0.164:
00000000
00000000
00000000
00000000
,
00000000
00000000
00000000
00000000
,
00000000
00000000
00000000
00000000
,
00000000
00000000
00000000
00000000
,
00000000
00000000
00000000
00000000
,
00000000
00000000
00000000
00000000
,
10100000
00000000
10010000
00000000
01000000
00100000
01000000
00010000
,
00000000
00000000
00001000
00000000
00000010
00000000
00000100
00000000
00000011
00000000
00000000
00000100
00000000
00000000
00001100
00000000
,
00000000
00000000
00000010
00000000
00000001
00000000
00000010
00000000
00001100
00000000
00000000
00010000
00000000
00000000
00011000
00000000
,
00000000
01000000
00100000
01000000
00010000
00000000
10010000
00000000
,
01000000
00100000
00010000
00100000
01000000
10000000
01000000
00010000
,
00001000
00010000
00000100
00000010
00000001
00000100
00000101
00000000
,
00000100
00001000
00010000
00100000
10000000
00100000
00010000
00001000
,
00000100
00000000
00000100
00000000
00000100
00000000
00000010
00000100
00000000
00000000
00000000
00000000
00001010
00000000
00000000
00000000
,
00000100
00000010
00001000
00000010
00000100
00000001
00000100
00001000
,
00010000
00001000
01000000
00100000
10000000
01000000
11000000
00000000
,
01000000
00010000
00001000
00000010
00000001
00000010
00001000
00010000
,
01000000
00000000
01000000
00000000
01000000
00000000
00100000
01000000
00000000
00000000
00000000
00000000
00110000
00000000
00000000
00000000
,
01100000
00000000
01010000
00000000
01000000
00100000
01000000
10000000
,
00000000
00000000
01000000
00000000
00010000
00000000
00001000
00000000
00000010
00000000
00000000
00000100
00000000
00000000
00000110
00000000
,
00000000
00000000
00000010
00000000
00000001
00000000
00000010
00000000
00000100
00000000
00000000
00001000
00000000
00000000
00001100
00000000
,
00000000
00000100
00010000
00000010
00001010
00000000
00001001
00000000
,
00000110
00000000
00001100
00000000
00000100
00000010
00000100
00000001
,
00000000
00000000
00000100
00000000
00001000
00000000
00010000
00000000
00100000
00000000
00000000
01000000
00000000
00000000
01100000
00000000
,
00000000
00000000
00100000
00000000
10000000
00000000
00100000
00000000
01000000
00000000
00000000
00010000
00000000
00000000
01010000
00000000
,
00000000
01000000
00001000
00100000
00110000
00000000
10010000
00000000
,
01000000
00000000
00000000
01000000
00000000
00000000
01000000
00000000
00010000
00000000
00001000
00000000
00010000
00000000
00000000
00000000
,
00001000
00000000
00000000
00001000
00000000
00000000
00000100
00000000
00000000
00000000
00000100
00000000
00000010
00000000
00000010
00000000
,
00000001
00000000
00000000
00000001
00000000
00000000
00000001
00000000
00000100
00000000
00001000
00000000
00000100
00000000
00001000
00000000
,
00010000
00000000
00000000
00010000
00000000
00000000
01000000
00000000
00000000
00000000
01000000
00000000
00100000
00000000
00100000
00000000
,
01000000
00010000
00001000
00010000
01000000
00100000
00001000
00010000
,
00001000
00000100
00000001
00000100
00000010
00010000
00001000
00010000
,
00000100
00000010
00000001
00001000
00000100
00000010
00001000
00010000
,
01000000
00100000
00010000
01000000
00010000
10000000
11000000
00000000
,
00100000
00000000
00010000
00000000
00100000
00000000
01000000
00010000
00000000
00000000
00001000
00000000
00000010
00000000
00000100
00000000
,
00000010
00000000
00000001
00000000
00000010
00000000
00000100
00001000
00000000
00000000
00000100
00000000
00010000
00000000
00001000
00000000
,
01000000
00000000
00010000
00000000
01000000
00000000
00100000
10000000
00000000
00000000
00010000
00000000
00100000
00000000
01000000
00000000
,
00010000
00000000
00001000
00000000
00010000
00000000
00000100
00001000
00000000
00000000
00000000
00000000
00001001
00000000
00000000
00000000
,
00000010
00000000
00001000
00000000
00000010
00000000
00000100
00001000
00000000
00000000
00010000
00000000
00100000
00000000
01000000
00000000
,
00100000
00000000
10000000
00000000
00100000
00000000
01000000
00010000
00000000
00000000
01000000
00000000
00001000
00000000
00010000
00000000
,
00000100
00000000
00001000
00000000
00000100
00000000
00000010
00000001
00000000
00000000
00001000
00000000
00000010
00000000
00000100
00000000
,
00001000
00000000
00010000
00000000
00001000
00000000
01000000
00010000
00000000
00000000
00000000
00000000
10010000
00000000
00000000
00000000
,
11000000
00000000
00110000
00000000
01000000
00010000
00001000
00010000
,
00000000
00000000
00001000
00000000
00000010
00000000
00000100
00000000
00000010
00000000
00000000
00000001
00000000
00000000
00000011
00000000
,
00000000
00000000
00000100
00000000
00010000
00000000
00001000
00000000
00010000
00000000
00000000
00001000
00000000
00000000
01000000
00000000
,
00000000
00100000
00010000
00001000
00000100
00000000
00000110
00000000
,
00000101
00000000
00001010
00000000
00000100
00001000
00010000
00001000
,
00000000
00000000
00010000
00000000
00100000
00000000
01000000
00000000
00100000
00000000
00000000
10000000
00000000
00000000
10100000
00000000
,
00000000
00000000
01000000
00000000
00001000
00000000
00010000
00000000
00001000
00000000
00000000
00010000
00000000
00000000
00000100
00000000
,
00000000
00000010
00001000
00010000
01000000
00000000
01100000
00000000
,
00110000
00000000
01100000
00000000
01000000
00010000
00001000
00000010
,
00000000
00000000
00001000
00000000
00010000
00000000
00001000
00000000
01000000
00000000
00000000
00010000
00000000
00000000
10010000
00000000
,
00000000
00000000
00100000
00000000
01000000
00000000
00010000
00000000
00001000
00000000
00000000
00010000
00000000
00000000
00000100
00000000
,
00000000
00010000
00001000
00000010
00000001
00000000
00000011
00000000
,
00001100
00000000
00000110
00000000
00000010
00001000
00010000
01000000
,
00000000
00000000
00010000
00000000
00001000
00000000
00010000
00000000
00000010
00000000
00000000
00001000
00000000
00000000
00001001
00000000
,
00000000
00000000
00000100
00000000
00000010
00000000
00001000
00000000
00010000
00000000
00000000
00001000
00000000
00000000
00100000
00000000
,
00000000
00001000
00010000
01000000
10000000
00000000
11000000
00000000
,
00100000
00010000
00000000
00100000
01000000
00000000
00100000
00001000
00000000
00010000
00001000
00000000
00010000
00000000
00011000
00000000
,
00000000
00000000
00000000
00000000
;

//---------------dance-double - ----------------
#NOTES:
     dance-double:
     :
     Challenge:
     11:
     0.527,0.513,0.164,0.000,0.020:
00000000
00000000
00000000
00000000
,
00000000
00000000
00000000
00000000
,
00000000
00000000
00000000
00000000
,
00000000
00000000
00000000
00000000
,
00000000
00000000
00000000
00000000
,
00000000
00000000
00000000
00000000
,
00100000
01000000
00010000
00100000
00000000
00001000
00010000
00000000
,
00000100
00000010
00000001
00000100
00000000
00000010
00001000
00000000
,
00000100
00010000
00001000
00100000
00010000
00000000
11000000
00000000
,
00100000
00001000
00010000
00000100
00000010
00000000
00001001
00000000
,
00001000
00000001
00000100
00001000
00010000
00000100
00001000
00000001
,
00000010
00000001
00001000
00000010
00001000
00000100
00001000
00000000
,
00000010
00010000
00001000
00000100
00000010
00001000
00000100
00000010
,
00001000
00010000
01000000
00010000
00001000
01000000
00010000
00000000
,
10000000
00100000
01000000
00010000
00100000
00001000
00010000
00001000
,
01000000
00010000
00100000
01000000
00010000
00001000
00000100
00000000
,
00000010
00001000
00000010
00000100
00000001
00000100
00000010
00001000
,
00000010
00000001
00000010
00001000
00000100
00000001
00000100
00000000
,
00000010
00001000
00000100
00000000
00000010
00000001
00000100
00000000
,
00001000
00000001
00000100
00001000
00010000
01000000
10000000
00000000
,
10000000
00010000
01000000
00000000
00010000
10000000
01000000
00000000
,
00010000
10000000
01000000
00010000
00001000
00000100
00000001
00000000
,
00000010
00001000
00010000
00001000
00000100
00000001
00001000
00000000
,
00000010
00000100
00000001
00001000
00000010
00001000
00000100
00000000
,
00000001
00001000
00000010
00000100
00001000
00010000
01000000
00000000
,
00010000
10000000
01000000
00010000
01000000
10000000
00100000
00000000
,
10000000
01000000
10000000
01000000
00010000
01000000
00010000
01000000
,
00010000
00001000
00010000
00001000
00000100
00001000
00000100
00001000
,
00000100
00000001
00000100
00000001
00000010
00000001
00000010
00000001
,
00000010
00001000
00000010
00001000
00010000
00001000
00010000
00000000
,
00000010
00000100
00001000
00000100
00001000
00010000
00001000
00010000
,
01000000
00010000
01000000
00100000
01000000
00100000
10000000
00000000
,
00100000
01000000
00010000
01000000
00010000
00001000
00010000
00001000
,
00000100
00001000
00000100
00000010
00000100
00000010
00000001
00000000
,
00000100
00000010
00000001
00000000
00000100
00000010
00001000
00000000
,
00000100
00010000
00001000
01000000
00100000
10000000
01000000
00000000
,
00100000
00001000
00010000
00000000
00000100
00000010
00000001
00000000
,
00001000
00000100
00010000
00001000
00100000
00010000
10000000
00000000
,
00100000
01000000
00010000
00000000
10000000
01000000
00100000
00000000
,
00001000
00010000
00000100
00000010
00000001
00000100
00000010
00000000
,
00001000
00000100
00010000
00000000
00001000
01000000
00010000
00000000
,
00100000
00001000
00010000
00000100
00001000
00000010
00010000
00000000
,
00101000
00000000
10010000
00000000
00001000
01000000
00010000
00000000
,
01001000
00000000
10100000
00000000
00010000
00100000
01000000
00000000
,
00100000
00000000
01000000
00000000
00010000
00001000
00000100
00000000
,
00000010
00000000
00000100
00000000
00001000
00010000
01000000
00000000
,
00010010
00000000
00001100
00000000
00010000
00000010
00000100
00000000
,
00010100
00000000
00000011
00000000
00001000
00000010
00000001
00000000
,
00001000
00000100
00000001
00000100
,
00000011
00000000
00001100
00000000
00000010
00000100
00010000
00000000
,
00000100
00000000
00000100
00010000
00001000
00000000
00001000
00100000
,
00010000
00000000
00010000
10000000
00100000
01000000
00010000
00000000
,
00100000
00000000
00000000
00001000
00010000
00000010
00000100
00000001
,
00001000
00000010
00010000
00010100
,
00001000
00000000
00000000
00100000
00010000
00000000
10100000
00000000
,
00100000
00000000
01000000
00001000
00010000
00000000
00011000
00000000
,
00000100
00000000
00000100
00001000
00000010
00000100
00000001
00001000
,
00000001
00000000
00000100
00000000
00000010
00000100
00000010
00000100
,
00000010
00001000
00000000
00000010
00000100
00000000
00000010
00010000
00000000
00001000
00010000
00000000
00001000
00000000
00011000
00000000
,
00000000
00000000
00000000
00000000
;
