#TITLE:DEEP IN YOU;
#SUBTITLE:;
#ARTIST:dj nagureo;
#TITLETRANSLIT:;
#SUBTITLETRANSLIT:;
#ARTISTTRANSLIT:;
#CREDIT:;
#BANNER:DEEP IN YOU.png;
#BACKGROUND:DEEP IN YOU-bg.png;
#LYRICSPATH:;
#CDTITLE:./CDTITLES/DISCO CLASSIC LABEL.PNG;
#MUSIC:DEEP IN YOU.mp3;
#OFFSET:-0.042;
#SAMPLESTART:24.770;
#SAMPLELENGTH:12.000;
#SELECTABLE:YES;
#DISPLAYBPM:126.000;
#BPMS:0.000=126.000;
#STOPS:;
#BGCHANGES:;

//---------------dance-single - ----------------
#NOTES:
     dance-single:
     :
     Easy:
     5:
     0.316,0.323,0.076,0.000,0.000:
0000
0000
0000
0000
,
0000
0000
0000
0000
,
0000
0000
0000
0000
,
0000
0000
0000
0000
,
0001
1000
0001
1000
,
0010
0100
0001
1000
0000
0000
0000
0000
,
0010
0001
0100
1000
,
0010
0000
0001
0000
0100
0000
1000
0010
,
0100
0001
0010
1000
,
0100
0000
0001
0000
0010
0000
1000
0010
,
0100
0001
0001
0001
,
0010
1000
0100
0001
,
1001
0010
0010
0010
,
1000
1000
1000
0000
0001
0000
0100
0000
,
0001
0001
0001
0000
1000
0000
0001
0000
,
0010
0010
0010
0000
1000
0000
0100
0000
,
0001
0001
0001
0000
0010
0000
0001
0000
,
0010
0010
0010
0000
0001
0000
1000
0000
,
0100
0100
0100
0000
1000
0000
0100
0000
,
0001
0001
0001
0000
0010
0000
0100
0000
,
1000
1000
1000
0000
0010
0000
1000
0000
,
0001
0000
1000
0000
0001
1000
0100
0000
,
1000
0000
0001
0000
1000
0001
0100
0000
,
0001
0000
1000
0000
0001
1000
0100
0000
,
1000
0000
0001
0000
1000
0001
0100
0000
,
0010
0010
0010
0010
,
0001
0010
0001
0000
1000
0100
1000
0000
,
0010
1000
0010
0000
0100
0001
0100
0000
,
0010
1001
0010
1001
,
0100
1001
0100
1001
,
0010
0000
0010
0000
0001
0001
0001
0000
,
0001
1000
0001
0000
1000
0000
0100
0000
,
0010
0100
0010
0000
1000
0000
0100
0000
,
0010
0001
0010
0000
0001
0000
1000
0000
,
0100
1000
0100
0000
0001
0000
1000
0000
,
0100
0001
0100
0000
0010
0000
0001
0000
,
0010
1000
0010
0000
1000
0000
0001
0000
,
0001
0100
0001
0000
1000
0000
0010
0000
,
1000
0010
1000
0000
0100
0000
0010
0000
,
1001
0000
0000
0000
;

//---------------dance-single - ----------------
#NOTES:
     dance-single:
     :
     Medium:
     7:
     0.373,0.372,0.140,0.000,0.204:
0000
0000
0000
0000
,
0000
0000
0000
0000
,
0000
0000
0000
0000
,
0000
0000
0000
0000
,
0001
1000
0001
1000
,
0010
0100
0001
1000
0000
0000
0000
0000
,
0010
1001
0100
0001
,
0100
1000
0100
1000
,
0010
0110
0001
0100
,
1000
0001
0100
0001
,
0010
1001
0100
0001
,
0010
0110
0001
0100
,
1001
0010
0010
0010
,
1000
0000
0000
0000
0001
0000
0000
0000
0100
0000
0001
0010
0000
0001
0010
0000
,
0001
0000
0000
0000
1000
0000
0000
0000
0010
0000
1000
0100
0000
1000
0100
0000
,
1000
0000
0000
0000
0001
0000
0000
0000
0100
0000
0001
0010
0000
0001
0010
0000
,
0001
0000
0000
0000
1000
0000
0000
0000
0010
0000
1000
0100
0000
1000
0100
0000
,
1000
0000
0000
0000
0001
0000
0000
0000
0100
0000
0001
0010
0000
0001
0010
0000
,
1000
0000
0000
0000
0001
0000
0000
0000
0010
0000
1000
0100
0000
1000
0100
0000
,
1000
0000
0000
0000
0001
0000
0000
0000
0100
0000
0001
0010
0000
0001
0010
0000
,
0001
0000
0000
0000
1000
0000
0000
0000
0010
0000
1000
0100
0000
1000
0100
0000
,
0010
0101
1000
0100
,
0010
1100
0001
0100
,
0010
0101
1000
0100
,
0010
1100
0001
0100
,
0010
0010
0010
0010
,
0001
0010
0001
0000
1000
0100
1000
0000
,
0010
1000
0010
0000
0100
0001
0100
0000
,
0010
1000
0001
0100
,
0010
1000
0001
0100
,
0010
0000
0010
0000
0001
0001
1001
0000
,
1000
0000
0000
0000
0001
0000
0000
0000
0100
0000
0001
1000
0000
0001
1000
0000
,
0001
0000
0000
0000
1000
0000
0000
0000
0010
0000
1000
0001
0000
1000
0001
0000
,
0100
0000
0000
0000
1000
0000
0000
0000
0010
0000
0001
0100
0000
0001
0100
0000
,
0010
0000
0000
0000
1000
0000
0000
0000
0100
0000
1000
0010
0000
1000
0010
0000
,
1000
0000
0000
0000
0001
0000
0000
0000
0010
0000
0001
0100
0000
0001
0100
0000
,
0010
0000
0000
0000
1000
0000
0000
0000
0100
0000
1000
0010
0000
1000
0010
0000
,
0001
0000
0000
0000
1000
0000
0000
0000
0100
0000
0001
0010
0000
0100
1000
0000
,
0001
0000
0000
0000
1000
0000
0000
0000
0010
0000
1000
0010
0000
0100
0001
0000
,
1001
0000
0000
0000
;

//---------------dance-single - ----------------
#NOTES:
     dance-single:
     :
     Hard:
     8:
     0.411,0.472,0.064,0.000,0.216:  // measure 1
0000
0000
0000
0000
,  // measure 2
0000
0000
0000
0000
,  // measure 3
0000
0000
0000
0000
,  // measure 4
0000
0000
0000
0000
,  // measure 5
0001
0010
0001
1000
0001
0100
0001
1000
,  // measure 6
0010
0100
0001
1000
0000
0000
0001
0010
,  // measure 7
0100
0000
1100
0000
0000
0000
0000
0000
0100
0000
0000
0100
0000
0000
1001
0000
,  // measure 8
0000
0001
0000
0000
0000
0000
0010
1000
,  // measure 9
0001
0100
1000
0010
,  // measure 10
0001
0000
0100
0000
1000
0000
0010
1000
,  // measure 11
0001
0000
0000
0000
0000
0000
0000
0000
0000
0000
0100
0000
0000
0100
0000
0000
,  // measure 12
0100
1100
0000
0000
,  // measure 13
1001
0000
0010
0000
0010
0010
0010
0000
,  // measure 14
1000
0000
1000
0000
0001
0000
0001
0000
0010
0000
0001
0010
0000
0001
0010
0000
,  // measure 15
0001
0000
0001
0000
1000
0000
1000
0000
0100
0000
1000
0100
0000
1000
0100
0000
,  // measure 16
1000
0000
1000
0000
0001
0000
0001
0000
0010
0000
0001
0010
0000
0001
0010
0000
,  // measure 17
0001
0000
0001
0000
1000
0000
1000
0000
0100
0000
1000
0100
0000
1000
0100
0000
,  // measure 18
1000
0000
1000
0000
0001
0000
0001
0000
0010
0000
0100
0010
0000
0100
0010
0000
,  // measure 19
0001
0000
0001
0000
1000
0000
1000
0000
0010
0000
0100
0010
0000
0100
0010
0000
,  // measure 20
1000
0000
1000
0000
0001
0000
0001
0000
1000
0000
0001
1000
0000
0001
1000
0000
,  // measure 21
0001
0000
0001
0000
1000
0000
1000
0000
0001
0000
1000
0001
0000
1000
0001
0000
,  // measure 22
0000
0000
0000
0000
0001
0000
0000
0100
,  // measure 23
0000
0000
0000
0000
0000
0000
0000
0010
,  // measure 24
0100
0000
0001
0000
,  // measure 25
0000
0000
0000
0000
0000
0000
0000
0001
,  // measure 26
1000
0000
0010
0000
0010
0010
0010
0000
,  // measure 27
0001
0001
1000
1000
,  // measure 28
0100
0001
0100
0001
,  // measure 29
0010
1000
0010
1000
,  // measure 30
0001
0001
0100
0100
,  // measure 31
0001
0010
0001
0010
0001
0010
0001
0010
,  // measure 32
0001
0000
0001
0000
1000
0000
1000
0000
0010
0000
1000
0010
0000
1000
0010
0000
,  // measure 33
1000
0000
1000
0000
0001
0000
0001
0000
0100
0000
0001
0100
0000
0001
0100
0000
,  // measure 34
0001
0000
0001
0000
0100
0000
0100
0000
0010
0000
0100
0010
0000
0100
0010
0000
,  // measure 35
1000
0000
1000
0000
0010
0000
0010
0000
0100
0000
0010
0100
0000
0010
0100
0000
,  // measure 36
0001
0000
0001
0000
0100
0000
0100
0000
0010
0000
1000
0010
0000
1000
0010
0000
,  // measure 37
1000
0000
1000
0000
0010
0000
0010
0000
0100
0000
0001
0100
0000
0001
0100
0000
,  // measure 38
0001
0000
0001
0000
0010
0000
0010
0000
0100
0000
1000
0010
0000
0100
0001
0000
,  // measure 39
1000
0000
1000
0000
0010
0000
0010
0000
0100
0000
0001
0010
0000
0100
1000
0000
,  // measure 40
1001
0000
0000
0000
;

//---------------dance-double - ----------------
#NOTES:
     dance-double:
     :
     Easy:
     5:
     0.311,0.323,0.089,0.000,0.000:
00000000
00000000
00000000
00000000
,
00000000
00000000
00000000
00000000
,
00000000
00000000
00000000
00000000
,
00000000
00000000
00000000
00000000
,
00010000
10000000
00010000
10000000
,
01000000
00010000
00001000
00000100
00000000
00000000
00000000
00000000
,
00000010
00000001
00000100
00001000
,
00010000
00000000
00100000
00000000
10000000
00000000
00100000
10000000
,
00010000
00100000
01000000
00010000
,
00001000
00000000
00000100
00000000
00000010
00000000
00001000
00000001
,
00000100
00000010
00000010
00000010
,
00000100
00001000
00010000
01000000
,
10010000
01000000
00010000
00000100
,
00000001
00000001
00000001
00000000
00000010
00000000
00000100
00000000
,
00000100
00000100
00000100
00000000
00001000
00000000
00010000
00000000
,
00100000
00100000
00100000
00000000
00010000
00000000
01000000
00000000
,
10000000
10000000
10000000
00000000
00100000
00000000
00010000
00000000
,
00100000
00100000
00100000
00000000
00001000
00000000
01000000
00000000
,
00010000
00010000
00010000
00000000
00001000
00000000
00000100
00000000
,
00000010
00000010
00000010
00000000
00000001
00000000
00000100
00000000
,
00001000
00001000
00001000
00000000
00010000
00000000
00000100
00000000
,
00001000
00000000
00000010
00000000
00000100
00001000
00010000
00000000
,
10000000
00000000
00100000
00000000
01000000
00010000
10000000
00000000
,
00010000
00000000
00100000
00000000
01000000
00010000
00001000
00000000
,
00000001
00000000
00000010
00000000
00000100
00001000
00000001
00000000
,
00000010
00000010
00000010
00000010
,
00001000
00001000
00010000
00010000
,
00100000
00100000
01000000
01000000
,
00001000
00011000
00010000
00011000
,
00000010
00001001
00000100
00001001
,
00000010
00000000
00000010
00000000
00001000
00001000
00011000
00000000
,
00010000
00001000
00010000
00000000
00001000
00000000
00010000
00000000
,
00000010
00001000
00000010
00000000
00001000
00000000
00010000
00000000
,
00100000
00010000
00100000
00000000
00001000
00000000
00000010
00000000
,
00000001
00000010
00000001
00000000
00000100
00000000
00000001
00000000
,
00001000
00000001
00001000
00000000
00000100
00000000
00000001
00000000
,
00000100
00010000
00000100
00000000
00100000
00000000
01000000
00000000
,
10000000
00100000
10000000
00000000
01000000
00000000
00001000
00000000
,
00000010
00010000
00000010
00000000
00000100
00000000
00000001
00000000
,
00001001
00000000
00000000
00000000
;

//---------------dance-double - ----------------
#NOTES:
     dance-double:
     :
     Medium:
     8:
     0.415,0.472,0.076,0.000,0.223:
00000000
00000000
00000000
00000000
,
00000000
00000000
00000000
00000000
,
00000000
00000000
00000000
00000000
,
00000000
00000000
00000000
00000000
,
00000001
00000010
00000001
00000100
00001000
00010000
01000000
10000000
,
00100000
10000000
01010000
00000000
00010000
00000000
01000000
00001000
,
00010000
00000000
00010100
00000000
00000000
00000000
00000000
00000000
00100000
00000000
00000000
00010000
00000000
00000000
10010000
00000000
,
00000000
01000000
00000000
00000000
00000000
00000000
00100000
01000000
,
00001000
00100000
01000000
00010000
,
00001000
00000000
00000100
00000000
00000010
00000000
00000100
00010000
,
00000010
00000000
00000000
00000000
00000100
00000000
00000000
00000000
00000000
00000000
00010000
00000000
00000000
00001000
00000000
00000000
,
00100000
00000000
00000000
01010000
00000000
00000000
00000000
00000000
00000000
00000000
00000000
00000000
00000000
00000000
00000000
00000000
,
10010000
00000000
00100000
00000000
00100000
00100000
00100000
00000000
,
00100000
00000000
10000000
00000000
01000000
00000000
00010000
00000000
00001000
00000000
00010000
00001000
00000000
00010000
00001000
00000000
,
00000010
00000000
00000001
00000000
00000100
00000000
00001000
00000000
00010000
00000000
00001000
00010000
00000000
00001000
00010000
00000000
,
00100000
00000000
10000000
00000000
01000000
00000000
00010000
00000000
00001000
00000000
00010000
00001000
00000000
00010000
00001000
00000000
,
00000010
00000000
00000001
00000000
00000100
00000000
00001000
00000000
00010000
00000000
00001000
00010000
00000000
00001000
00010000
00000000
,
00000100
00000000
00001000
00000000
00010000
00000000
00100000
00000000
01000000
00000000
00100000
01000000
00000000
00100000
01000000
00000000
,
00100000
00000000
00010000
00000000
00001000
00000000
00000010
00000000
00000100
00000000
00000010
00000100
00000000
00000010
00000100
00000000
,
00000001
00000000
00000100
00000000
00001000
00000000
00100000
00000000
00010000
00000000
00100000
00010000
00000000
00100000
00010000
00000000
,
10000000
00000000
01000000
00000000
00010000
00000000
00000100
00000000
00001000
00000000
00000100
00001000
00000000
00000100
00001000
00000000
,
00000000
00000000
00000000
00000000
00000010
00000000
00000000
00001000
,
00000000
00000000
00000000
00000000
00000000
00000000
00000000
00010000
,
10000000
00000000
00010000
00000000
,
00000000
00000000
00000000
00000000
00000000
00000000
00000000
00001000
,
00000001
00000000
00000010
00000000
00000010
00000010
00000010
00000000
,
00001000
00001000
00010000
00010000
,
00100000
00100000
01000000
01000000
,
10000000
01000000
00100000
00010000
,
00001000
00000100
00000010
00000001
,
00000010
00000001
00000010
00000001
00000010
00000001
00000010
00000001
,
00000001
00000000
00000100
00000000
00001000
00000000
00100000
00000000
00010000
00000000
00100000
00010000
00000000
00100000
00010000
00000000
,
10000000
00000000
01000000
00000000
00010000
00000000
00000100
00000000
00001000
00000000
00000100
00001000
00000000
00000100
00001000
00000000
,
00000010
00000000
00000001
00000000
00000100
00000000
00010000
00000000
01000000
00000000
00010000
01000000
00000000
00010000
01000000
00000000
,
00100000
00000000
10000000
00000000
01000000
00000000
00001000
00000000
00000010
00000000
00001000
00000010
00000000
00001000
00000010
00000000
,
00000100
00000000
00001000
00000000
00010000
00000000
00100000
00000000
10000000
00000000
00100000
10000000
00000000
10000000
00010000
00000000
,
01000000
00000000
00010000
00000000
00001000
00000000
00000001
00000000
00000100
00000000
00000001
00000100
00000000
00000001
00001000
00000000
,
00000010
00000000
00000100
00000000
00010000
00000000
00100000
00000000
10000000
00000000
01000000
10000000
00000000
00100000
00010000
00000000
,
00100000
00000000
01000000
00000000
00001000
00000000
00000100
00000000
00000001
00000000
00000010
00000001
00000000
00000100
00001000
00000000
,
00001001
00000000
00000000
00000000
;

//---------------dance-double - ----------------
#NOTES:
     dance-double:
     :
     Hard:
     8:
     0.415,0.472,0.076,0.000,0.223:
00000000
00000000
00000000
00000000
,
00000000
00000000
00000000
00000000
,
00000000
00000000
00000000
00000000
,
00000000
00000000
00000000
00000000
,
00000001
00000010
00000001
00000100
00001000
00010000
01000000
10000000
,
00100000
10000000
01010000
00000000
00010000
00000000
01000000
00001000
,
00010000
00000000
00010100
00000000
00000000
00000000
00000000
00000000
00100000
00000000
00000000
00010000
00000000
00000000
10010000
00000000
,
00000000
01000000
00000000
00000000
00000000
00000000
00100000
01000000
,
00001000
00100000
01000000
00010000
,
00001000
00000000
00000100
00000000
00000010
00000000
00000100
00010000
,
00000010
00000000
00000000
00000000
00000100
00000000
00000000
00000000
00000000
00000000
00010000
00000000
00000000
00001000
00000000
00000000
,
00100000
00000000
00000000
01010000
00000000
00000000
00000000
00000000
00000000
00000000
00000000
00000000
00000000
00000000
00000000
00000000
,
10010000
00000000
00100000
00000000
00100000
00100000
00100000
00000000
,
00100000
00000000
10000000
00000000
01000000
00000000
00010000
00000000
00001000
00000000
00010000
00001000
00000000
00010000
00001000
00000000
,
00000010
00000000
00000001
00000000
00000100
00000000
00001000
00000000
00010000
00000000
00001000
00010000
00000000
00001000
00010000
00000000
,
00100000
00000000
10000000
00000000
01000000
00000000
00010000
00000000
00001000
00000000
00010000
00001000
00000000
00010000
00001000
00000000
,
00000010
00000000
00000001
00000000
00000100
00000000
00001000
00000000
00010000
00000000
00001000
00010000
00000000
00001000
00010000
00000000
,
00000100
00000000
00001000
00000000
00010000
00000000
00100000
00000000
01000000
00000000
00100000
01000000
00000000
00100000
01000000
00000000
,
00100000
00000000
00010000
00000000
00001000
00000000
00000010
00000000
00000100
00000000
00000010
00000100
00000000
00000010
00000100
00000000
,
00000001
00000000
00000100
00000000
00001000
00000000
00100000
00000000
00010000
00000000
00100000
00010000
00000000
00100000
00010000
00000000
,
10000000
00000000
01000000
00000000
00010000
00000000
00000100
00000000
00001000
00000000
00000100
00001000
00000000
00000100
00001000
00000000
,
00000000
00000000
00000000
00000000
00000010
00000000
00000000
00001000
,
00000000
00000000
00000000
00000000
00000000
00000000
00000000
00010000
,
10000000
00000000
00010000
00000000
,
00000000
00000000
00000000
00000000
00000000
00000000
00000000
00001000
,
00000001
00000000
00000010
00000000
00000010
00000010
00000010
00000000
,
00001000
00001000
00010000
00010000
,
00100000
00100000
01000000
01000000
,
10000000
01000000
00100000
00010000
,
00001000
00000100
00000010
00000001
,
00000010
00000001
00000010
00000001
00000010
00000001
00000010
00000001
,
00000001
00000000
00000100
00000000
00001000
00000000
00100000
00000000
00010000
00000000
00100000
00010000
00000000
00100000
00010000
00000000
,
10000000
00000000
01000000
00000000
00010000
00000000
00000100
00000000
00001000
00000000
00000100
00001000
00000000
00000100
00001000
00000000
,
00000010
00000000
00000001
00000000
00000100
00000000
00010000
00000000
01000000
00000000
00010000
01000000
00000000
00010000
01000000
00000000
,
00100000
00000000
10000000
00000000
01000000
00000000
00001000
00000000
00000010
00000000
00001000
00000010
00000000
00001000
00000010
00000000
,
00000100
00000000
00001000
00000000
00010000
00000000
00100000
00000000
10000000
00000000
00100000
10000000
00000000
10000000
00010000
00000000
,
01000000
00000000
00010000
00000000
00001000
00000000
00000001
00000000
00000100
00000000
00000001
00000100
00000000
00000001
00001000
00000000
,
00000010
00000000
00000100
00000000
00010000
00000000
00100000
00000000
10000000
00000000
01000000
10000000
00000000
00100000
00010000
00000000
,
00100000
00000000
01000000
00000000
00001000
00000000
00000100
00000000
00000001
00000000
00000010
00000001
00000000
00000100
00001000
00000000
,
00001001
00000000
00000000
00000000
;
