#TITLE:Deep clear eyes;
#SUBTITLE:;
#ARTIST:QUADRA;
#TITLETRANSLIT:;
#SUBTITLETRANSLIT:;
#ARTISTTRANSLIT:;
#CREDIT:;
#BANNER:Deep clear eyes.png;
#BACKGROUND:Deep clear eyes-bg.png;
#LYRICSPATH:;
#CDTITLE:./CDTITLES/BEATMANIA CLASSICS.PNG;
#MUSIC:Deep clear eyes.mp3;
#OFFSET:-0.040;
#SAMPLESTART:61.940;
#SAMPLELENGTH:12.000;
#SELECTABLE:YES;
#DISPLAYBPM:155.000;
#BPMS:0.000=155.000;
#STOPS:;
#BGCHANGES:;

//---------------dance-single - ----------------
#NOTES:
     dance-single:
     :
     Easy:
     6:
     0.354,0.437,0.353,0.000,0.000:
0000
0000
0000
0000
,
0000
0000
0000
0000
,
0000
0000
0000
0000
,
0000
0000
0000
0000
,
0001
0000
0001
0000
0001
0001
0001
0000
,
1000
0000
1000
0000
1000
1000
1000
0000
,
0100
0001
0100
1000
,
0100
0100
0100
0000
0110
0000
0000
0000
,
0100
0000
0000
0010
0000
0000
0001
1000
,
0001
0000
0000
1000
0000
0000
0000
0000
,
0101
0000
0000
1100
0000
0000
0010
0100
,
0010
0000
0000
0100
0000
0000
0000
0000
,
1010
0000
0000
0101
0000
0000
0100
1000
,
0001
0000
0000
0100
0000
0000
0000
0000
,
1001
0000
0000
1000
0000
0000
1000
0001
,
1000
0001
1000
0001
1000
1000
1000
0000
,
0110
0000
0000
0101
0000
0000
1000
0100
,
0100
0000
0000
0100
0000
0000
0000
0000
,
0110
0000
0000
1100
0000
0000
0001
0100
,
0100
0000
0000
0100
0000
0000
0000
0000
,
1001
0000
0000
1010
0000
0000
0001
0100
,
0100
0000
0000
1001
0000
0000
0000
0000
,
1100
0000
0000
1100
0000
0000
0011
0000
,
0000
0011
0000
0000
0100
0000
0101
0000
,
1100
0000
0000
0001
0000
0001
0100
0000
,
0000
0000
0000
1000
0000
1000
0100
0010
,
0000
0000
0000
0001
0000
0001
0100
0000
,
0000
0000
0000
0001
0001
0000
0001
0100
,
0000
0000
0000
0001
0000
0001
0100
0010
,
0000
0000
0000
1000
0000
1000
0100
0000
,
0000
0000
0000
0001
0000
0001
0100
0001
,
0000
0001
0100
0001
0000
0001
0100
0001
,
0000
0001
0000
0001
0001
0000
0100
0100
,
0000
1000
1000
0000
0010
0010
0000
0000
,
0001
1000
0001
0100
,
1000
0001
1000
0100
,
0010
0010
0000
1000
1000
0000
0100
0100
,
0000
0001
0001
0000
0010
0100
0000
0000
,
1000
0000
1000
0000
0010
0010
0001
0000
,
0100
0000
0100
0000
0010
0010
1000
0000
,
0001
0000
0000
1000
0001
1000
0000
0000
,
0110
0000
0000
1001
0000
0000
0000
0000
,
1001
0000
0000
0010
0100
0010
0000
0000
,
1001
0000
0000
0000
,
1001
0000
0000
0100
0010
0100
0000
0000
,
1001
0000
0000
0000
,
0101
0000
0000
1100
0000
0000
0000
0000
,
1000
0000
0000
0001
0000
1001
0000
0000
,
1000
0001
1000
0001
,
0000
0000
1000
0001
1000
0001
0000
0000
;

//---------------dance-single - ----------------
#NOTES:
     dance-single:
     :
     Medium:
     7:
     0.439,0.500,0.290,0.000,0.000:
0000
0000
0000
0000
,
0000
0000
0000
0000
,
0000
0000
0000
0000
,
0000
0000
0000
0010
0000
0000
0000
0000
,
1000
0001
1000
0000
1000
0100
1000
0000
,
0001
1000
0001
0000
0001
0100
0001
0000
,
0100
0100
0100
0100
0100
0100
0100
0100
,
0100
0100
0100
0000
0110
0000
0000
0000
,
0010
0010
0010
0010
0010
0000
0010
0000
,
0100
0100
0100
0100
0100
0000
0100
0000
,
1000
1000
1000
0000
0100
0100
0100
0000
,
0010
0010
0010
0000
0001
0001
0001
0000
,
1000
0000
1000
1000
1000
0000
1000
0000
,
0100
0000
0100
0100
0100
0000
0100
0000
,
0001
0000
0001
0001
0001
0000
0001
0000
,
0000
1000
0000
0100
0000
1000
0000
0100
,
1000
0000
1000
1000
1000
0000
1010
0000
,
0010
0000
0010
0010
0010
0000
0110
0000
,
0100
0000
0100
0100
0100
0000
0101
0000
,
0001
0000
0001
0001
0001
0000
1001
0000
,
1000
0000
0001
0000
0100
0100
0100
0000
,
0100
0100
0100
0000
1000
0001
1000
0001
,
0000
0000
0000
0000
,
0010
0010
0010
0010
0010
0000
0101
0000
,
0101
0000
0000
0001
0000
0001
0100
0001
,
0001
0000
0000
1000
0000
1000
0100
1000
,
1000
0000
0000
0001
0000
0001
0100
0000
,
0000
0000
0000
1000
1000
0000
1000
0100
,
0001
0000
0000
0001
0000
0001
0100
0010
,
0000
0000
0000
1000
0000
1000
0100
0000
,
0000
0000
0000
1000
0000
1000
0001
0100
,
0000
0100
0001
1000
0000
1000
0001
0100
,
0000
0100
0000
1000
1000
0000
1000
0100
,
0000
0100
0001
0000
0001
0010
0000
0000
,
0100
0000
0100
0000
0100
1000
0100
0000
,
0010
0000
0010
0000
0010
0001
0010
0000
,
1000
0010
0000
0010
0001
0000
0001
0100
,
0000
0100
1000
0000
1000
0010
0000
0000
,
1100
0000
0101
0000
1000
0001
1000
0000
,
0101
0000
1100
0000
0001
1000
0001
0000
,
0110
0000
0100
0100
0100
0100
0100
0000
,
1100
0000
0000
1100
0000
0000
0000
0000
,
0011
0000
0001
0001
0001
0001
0001
0000
,
0011
0000
0000
0000
,
1010
0000
1000
1000
1000
1000
1000
0000
,
1010
0000
0000
0000
,
0101
0000
0000
1010
0000
0000
0000
0000
,
1001
0000
0000
1010
0000
0101
0000
0000
,
0100
0100
0100
0100
0100
0100
0100
0100
,
0100
0000
0001
0001
1000
1000
0000
0000
;

//---------------dance-single - ----------------
#NOTES:
     dance-single:
     :
     Hard:
     8:
     0.473,0.500,0.453,0.000,0.063:  // measure 1
0000
0000
0000
0000
,  // measure 2
0000
0000
0000
0000
,  // measure 3
0000
0000
0000
0000
,  // measure 4
0000
0000
0000
0100
0000
0000
0000
0000
,  // measure 5
1010
0000
0000
1001
0000
0000
1100
0000
,  // measure 6
0000
0000
1000
0000
0000
0000
0010
0000
0001
0000
0000
1000
0000
0000
0100
0000
,  // measure 7
0000
0000
0100
0000
0000
0000
0100
0000
1000
0000
0000
0001
0000
0000
0000
0000
,  // measure 8
0000
0000
0000
0010
0000
0000
0000
0000
,  // measure 9
0101
0000
0000
1001
0000
0000
0011
0010
,  // measure 10
0010
0000
1000
0000
0000
0000
0010
0000
0001
0000
0000
1000
0000
0000
1000
0000
,  // measure 11
0000
0000
0100
0000
0000
0000
0100
0000
0001
0000
0000
1000
0001
0000
0001
0000
,  // measure 12
0000
0100
0000
0010
1000
0001
0001
0001
,  // measure 13
1000
0000
0000
0110
0000
0000
0001
0100
,  // measure 14
1000
0000
0001
0000
0000
0000
0100
0000
0001
0000
0000
1000
0001
0000
0001
0000
,  // measure 15
0000
0000
0100
0000
0000
0000
0100
0000
0001
0000
0000
1000
0001
0000
0001
0000
,  // measure 16
0000
0101
0000
0011
0000
0101
0000
0101
,  // measure 17
0001
1000
0000
1000
0000
0000
0100
0100
,  // measure 18
0100
0000
1000
0000
0000
0000
0010
0000
0001
0000
1000
0001
0000
0000
0100
0000
,  // measure 19
0000
0000
1000
0000
0000
0000
1000
0000
1000
0000
0000
0001
1000
0000
0100
0000
,  // measure 20
0100
0100
0000
0010
0000
1000
1000
1000
,  // measure 21
1000
0000
0000
0110
0000
0000
0001
0001
,  // measure 22
0001
0000
0001
0000
0000
0000
0010
0000
1000
0000
0000
0001
0000
0000
0100
0000
,  // measure 23
0001
0000
0000
0000
0000
0000
0001
0000
1000
0000
0000
1000
0001
0000
0000
0000
,  // measure 24
0000
0010
0000
0000
0010
0000
0110
0000
,  // measure 25
1001
0000
0000
0001
0000
0001
0001
1000
,  // measure 26
0001
0000
0000
1000
0000
1000
0001
1000
,  // measure 27
0001
0000
0000
0001
0000
0001
1000
0000
,  // measure 28
0000
0000
0000
1000
1000
0000
1000
0100
,  // measure 29
0100
1000
0000
0001
0000
0001
0100
0001
,  // measure 30
0000
0000
0000
1000
0000
1000
0100
0000
,  // measure 31
0000
0000
0000
1000
0000
1000
0100
0010
,  // measure 32
0000
0010
0100
0001
0000
0001
0100
0001
,  // measure 33
0001
0001
0000
1100
1000
0000
0101
0001
,  // measure 34
0000
1010
1000
0000
0011
0001
0000
0000
,  // measure 35
0001
0000
0010
0010
0001
0001
1000
0000
,  // measure 36
0100
0000
1000
1000
0001
0001
0100
0000
,  // measure 37
1001
0010
0000
1001
0100
0000
1001
0010
,  // measure 38
0000
1001
0100
0000
1001
0010
0000
0000
,  // measure 39
1000
1000
0100
0000
1100
0010
0100
0000
,  // measure 40
0001
0001
0100
0000
0101
0010
0100
0000
,  // measure 41
1010
1000
0000
0010
0001
0010
0001
0000
,  // measure 42
0010
1000
1010
0000
0000
0000
0000
0000
,  // measure 43
1100
0100
0000
0001
1000
0001
1000
0000
,  // measure 44
0100
0001
0101
0000
0000
0000
0000
0000
,  // measure 45
0101
0100
0000
0100
0010
0100
0010
0000
,  // measure 46
0100
0001
0101
0000
0000
0000
0000
0000
,  // measure 47
0010
1001
0000
1000
0001
1000
0001
0000
,  // measure 48
0000
0110
1000
0000
0000
0110
0001
0000
,  // measure 49
0000
0110
1001
0000
0000
0000
1000
0001
,  // measure 50
0001
0001
0001
1000
0010
0100
0000
0000
;

//---------------dance-double - ----------------
#NOTES:
     dance-double:
     :
     Easy:
     6:
     0.331,0.406,0.214,0.000,0.000:
00000000
00000000
00000000
00000000
,
00000000
00000000
00000000
00000000
,
00000000
00000000
00000000
00000000
,
00000000
00000000
00000000
00000000
,
00001000
00000000
00001000
00000000
00001000
00001000
00001000
00000000
,
00010000
00000000
00010000
00000000
00010000
00010000
00010000
00000000
,
10000000
00010000
00001000
00000001
,
00000100
00000100
00000100
00000000
00011000
00000000
00000000
00000000
,
00100000
00000000
00000000
10000000
00000000
00000000
00010000
00001000
,
00010000
00000000
00000000
00001000
00000000
00000000
00000000
00000000
,
00000010
00000000
00000000
00000001
00000000
00000000
00001000
00010000
,
00001000
00000000
00000000
00010000
00000000
00000000
00000000
00000000
,
00101000
00000000
00000000
00010010
00000000
00000000
00001000
00010000
,
00001000
00000000
00000000
00010000
00000000
00000000
00000000
00000000
,
01000000
00000000
00000000
00000100
00000000
00000000
00010000
00001000
,
00010000
01000000
00010000
01000000
00010000
01000000
00010000
01000000
,
01000000
00000000
00000000
00010000
00000000
00000000
00000100
00000001
,
00000001
00000000
00000000
00000001
00000000
00000000
00000000
00000000
,
00000010
00000000
00000000
00001000
00000000
00000000
00100000
10000000
,
10000000
00000000
00000000
10000000
00000000
00000000
00000000
00000000
,
10010000
00000000
00000000
00001000
00000000
00000000
00000001
00000010
,
00000010
00000000
00000000
00001001
00000000
00000000
00000000
00000000
,
00001010
00000000
00000000
00001010
00000000
00000000
01010000
00000000
,
00000000
01010000
00000000
00000000
00011000
00000000
00000010
00000000
,
00100000
00000000
00000000
00010000
00000000
00010000
00001000
00000000
,
00000000
00000000
00000000
00001000
00000000
00001000
00000100
00000100
,
00000000
00000000
00000000
00000100
00000000
00000100
00000001
00000000
,
00000000
00000000
00000000
00001000
00001000
00000000
00001000
00000100
,
00000000
00000000
00000000
00010000
00000000
00010000
00001000
00001000
,
00000000
00000000
00000000
00100000
00000000
00100000
00010000
00000000
,
00000000
00000000
00000000
00100000
00000000
00100000
00001000
00100000
,
00000000
00100000
00001000
00100000
00000000
00100000
00001000
00100000
,
00000000
00100000
00000000
00001000
00010000
00000000
00010000
00001000
,
00000000
00001000
00010000
00000000
00010000
00001000
00000000
00000000
,
00000010
00000001
00000100
00001000
,
00100000
10000000
01000000
00010000
,
00001000
00100000
00000000
00010000
00000010
00000000
00001000
00100000
,
00000000
00010000
00000010
00000000
00001000
00100000
00000000
00000000
,
00000010
00000000
00000010
00000000
00000010
00000010
00000100
00000000
,
00001000
00000000
00001000
00000000
00010000
00010000
00010000
00000000
,
00010000
00000000
00000000
00010000
00000000
00000100
00000000
00000000
,
00000001
00000000
00000000
00001001
00000000
00000000
00000000
00000000
,
00001000
00000000
00000000
01000000
00000000
10000000
00000000
00000000
,
10010000
00000000
00000000
00000000
,
01000000
00000000
00000000
00010000
00000000
00001000
00000000
00000000
,
00000110
00000000
00000000
00000000
,
00000100
00000000
00000000
00011000
00000000
00000000
00000000
00000000
,
00011000
00000000
00000000
00010100
00000000
01001000
00000000
00000000
,
00010000
00010000
00001000
00001000
,
00000000
00000000
00010000
00001000
00010000
00001000
00000000
00000000
;

//---------------dance-double - ----------------
#NOTES:
     dance-double:
     :
     Medium:
     7:
     0.426,0.500,0.290,0.000,0.000:
00000000
00000000
00000000
00000000
,
00000000
00000000
00000000
00000000
,
00000000
00000000
00000000
00000000
,
00000000
00000000
00000000
10010000
00000000
00000000
00000000
00000000
,
00010000
00001000
00010000
00000000
00001000
00010000
00001000
00000000
,
00100000
00001000
00100000
00000000
00000010
00010000
00000010
00000000
,
00001000
00001000
00001000
00001000
00001000
00001000
00001000
00001000
,
00001000
00001000
00001000
00000000
00011000
00000000
00000000
00000000
,
00100000
00100000
00100000
00100000
00100000
00000000
00100000
00000000
,
00000010
00000010
00000010
00000010
00000010
00000000
00000010
00000000
,
00010000
00010000
00010000
00000000
00100000
00100000
00100000
00000000
,
10000000
10000000
10000000
00000000
01000000
01000000
01000000
00000000
,
00010000
00010000
00010000
00000000
00001000
00001000
00001000
00000000
,
00000010
00000010
00000010
00000000
00000001
00000001
00000001
00000000
,
00000100
00000100
00000100
00000000
00001000
00001000
00001000
00000000
,
00000000
00001000
00000000
00010000
00000000
00001000
00000000
00010000
,
00001000
00000000
00001000
00001000
00001000
00000000
00101000
00000000
,
00010000
00000000
00010000
00010000
00010000
00000000
00010010
00000000
,
00000010
00000000
00000010
00000010
00000010
00000000
00011000
00000000
,
00100000
00000000
00100000
00100000
00100000
00000000
00101000
00000000
,
00010000
00010000
00010000
00000000
00001000
00001000
00001000
00000000
,
00100000
00000000
00000010
00000000
00010000
00001000
00010000
00001000
,
00000000
00000000
00000000
00000000
,
00000000
00101000
00000000
00000000
00010010
00000000
00001000
00000000
,
00010000
00000000
00000000
00010000
00000000
00010000
01000000
00010000
,
00010000
00000000
00000000
00001000
00000000
00001000
00000100
00001000
,
00001000
00000000
00000000
00000100
00000000
00000100
00000001
00000000
,
00000000
00000000
00000000
00000001
00000001
00000000
00000010
00000100
,
00000000
00000000
00000000
00000001
00000000
00000001
00001000
00001000
,
00000000
00000000
00000000
10000000
00000000
10000000
00010000
00000000
,
00000000
00000000
00000000
00001000
00000000
00001000
00010000
00001000
,
00000000
00001000
00001000
00010000
00000000
00010000
00001000
00010000
,
00000000
00010000
00000000
00001000
00010000
00000000
00010000
00100000
,
00000000
00100000
10000000
00000000
10000000
00100000
00000000
00000000
,
00100000
10000000
01000000
00010000
,
00001000
00000010
00000001
00000100
,
00000001
00000100
00000000
00000100
00001000
00000000
00001000
00010000
,
00000000
00010000
01000000
00000000
01000000
10000000
00000000
00000000
,
10010000
00000000
00011000
00000000
00001000
00000001
00001000
00000000
,
00000110
00000000
00001001
00000000
00000001
00001000
00000001
00000000
,
00000110
00000000
00000100
00000100
00000100
00000100
00000100
00000000
,
00001100
00000000
00000000
00011000
00000000
00000000
00000000
00000000
,
00101000
00000000
00100000
00100000
00100000
00100000
00100000
00000000
,
00110000
00000000
00000000
00000000
,
10010000
00000000
10000000
10000000
10000000
10000000
10000000
00000000
,
11000000
00000000
00000000
00000000
,
00100000
00000000
00000000
00000100
00000000
00000000
00000000
00000000
,
00000110
00000000
00000000
00011000
00000000
10010000
00000000
00000000
,
00100000
00100000
00000010
00000010
,
00011000
00000000
00001000
00001000
00010000
00010000
00000000
00000000
;
