#TITLE:dirty digital;
#SUBTITLE:;
#ARTIST:kors k;
#TITLETRANSLIT:;
#SUBTITLETRANSLIT:;
#ARTISTTRANSLIT:;
#CREDIT:;
#BANNER:dirty digital.png;
#BACKGROUND:dirty digital-bg.png;
#LYRICSPATH:dirty digital.lrc;
#CDTITLE:./CDTITLES/DanceDanceRevolution UNIVERSE3.png;
#MUSIC:dirty digital.ogg;
#OFFSET:0.000;
#SAMPLESTART:29.160;
#SAMPLELENGTH:15.000;
#SELECTABLE:YES;
#DISPLAYBPM:140.000;
#BPMS:0.000=140.078,4.000=140.003;
#STOPS:;
#BGCHANGES:;

//---------------dance-single - ----------------
#NOTES:
     dance-single:
     :
     Beginner:
     1:
     0.105,0.141,0.034,0.046,0.000:

0000
0000
0000
0000
,

0000
0000
0000
0000
,

0000
0000
0000
0000
,

0000
0000
0000
0000
,

0000
0000
0000
0000
,

0001
0000
0000
0000
,

1000
0000
0000
0000
,

0001
0000
0000
0000
,

1000
0000
0000
0000
,

0100
0000
0000
0000
,

0010
0000
0000
0000
,

0001
0000
0000
0000
,

1000
0000
0000
0000
,

0010
0010
0010
0000
,

0100
0100
0100
0000
,

0001
0000
0000
0000
,

1000
0000
0000
0000
,

0001
0000
0000
0000
,

0010
0000
0000
0000
,

0100
0000
0000
0000
,

2000
0000
0000
3000
,

1000
0000
0000
0000
,

0010
0000
0000
0000
,

0100
0000
0000
0000
,

0002
0000
0000
0003
,

0001
0001
0000
0000
,

1000
1000
0000
0000
,

0100
0000
0000
0000
,

0100
0000
0000
0000
,

0010
0000
0000
0000
,

0001
0000
0000
0000
,

0100
0000
0000
0000
,

1000
0000
0000
0000
,

1001
0000
0000
0000
,

0100
0100
0000
0000
,

0010
0000
0000
0000
,

0010
0000
0000
0000
,

1001
0000
0000
0000
,

0010
0010
0000
0000
,

0100
0000
0000
0000
,

0100
0000
0000
0000
,

0002
0000
0000
0003
,

0001
0000
0000
0000
,

2000
0000
0000
3000
,

1000
0000
0000
0000
,

0010
0000
0010
0000
,

0100
0000
0100
0000
,

0001
0000
0001
0000
,

1000
0000
1000
0000
,

1001
0000
0000
0000
,;

//---------------dance-single - ----------------
#NOTES:
     dance-single:
     :
     Easy:
     4:
     0.202,0.225,0.034,0.046,0.000:  // measure 1
0000
0000
0000
0000
,  // measure 2
0000
0000
0000
0000
,  // measure 3
0000
0000
0000
0000
,  // measure 4
0000
0000
0000
0000
,  // measure 5
0000
0000
0000
0000
,  // measure 6
1000
0000
0100
0000
,  // measure 7
0010
0000
0001
0000
,  // measure 8
1000
0000
0010
0000
,  // measure 9
0100
0000
0001
0000
,  // measure 10
0010
0000
0010
0000
,  // measure 11
0100
0000
0010
0000
,  // measure 12
0100
0000
0100
0000
,  // measure 13
0010
0000
0100
0000
,  // measure 14
1000
1000
1000
1000
,  // measure 15
0001
0001
0001
0001
,  // measure 16
1000
0000
0001
0000
,  // measure 17
1001
0000
0000
0000
,  // measure 18
0010
0001
1000
0000
,  // measure 19
0010
0000
0100
0000
,  // measure 20
0010
1000
0001
0000
,  // measure 21
0010
0000
0010
0000
,  // measure 22
0100
1000
0001
0000
,  // measure 23
0100
0000
0010
0000
,  // measure 24
0100
0001
1000
0000
,  // measure 25
0110
0000
0000
0000
,  // measure 26
0001
1000
0001
1000
,  // measure 27
0100
0000
0010
0000
,  // measure 28
0002
0000
0003
0000
,  // measure 29
2000
0000
3000
0000
,  // measure 30
0001
0100
1000
0100
,  // measure 31
0001
0000
1000
0001
,  // measure 32
1000
0100
0001
0100
,  // measure 33
2000
0000
0000
3000
,  // measure 34
0001
0000
0010
0000
,  // measure 35
0100
0100
1000
1000
,  // measure 36
0001
0000
0010
0000
,  // measure 37
0100
0100
1000
0001
,  // measure 38
1000
0000
0010
0000
,  // measure 39
0100
0100
0001
0001
,  // measure 40
1000
0000
0010
0000
,  // measure 41
0200
0000
0000
0300
,  // measure 42
0010
1000
0100
0001
,  // measure 43
0010
1000
0100
0000
,  // measure 44
0010
0001
0100
1000
,  // measure 45
0010
0001
0100
0000
,  // measure 46
0010
1000
0100
1000
,  // measure 47
0010
0001
0100
0000
,  // measure 48
0010
0001
0100
0001
,  // measure 49
0010
1000
0100
0000
,  // measure 50
1001
0000
0000
0000
;

//---------------dance-single - ----------------
#NOTES:
     dance-single:
     :
     Medium:
     7:
     0.369,0.478,0.321,0.057,0.017:

0000
0000
0000
0000
,

0000
0000
0000
0000
,

0000
0000
0000
0000
,

0000
0000
0000
0000
,

0000
0000
0000
0000
,

0010
1000
0010
1000
,

0001
0100
0001
0100
,

0001
0010
0001
0010
,

0100
1000
0100
1000
,

0001
0100
1000
0100
,

0001
0010
1000
0010
,

1000
0100
0001
0100
,

1000
0010
0001
0010
,

1001
0101
1001
0101
,

1001
1100
1001
1100
,

0010
0010
0010
0010
0100
0100
0100
0100
,

2000
0000
0002
3003
,

0010
0000
0001
0000
1000
0100
0010
0000
,

0001
0100
0010
0100
,

0010
0000
1000
0000
0001
0100
0010
0000
,

1000
0100
0010
0100
,

0010
0000
0001
0000
1000
0100
0001
0000
,

0100
1000
0001
0100
,

0010
0000
1000
0000
0001
0100
1000
0000
,

0100
0000
0000
0000
0000
0000
0001
0000
0000
0000
0010
0000
0000
0100
0000
0000
,

0100
0000
0010
0000
0001
1000
0010
0000
,

0100
0010
1000
0001
,

0000
0000
0100
0000
0000
0010
0000
0000
1000
0000
0000
0001
0000
0000
0100
0000
,

0010
0000
1010
0011
,

0100
0010
1000
0000
0100
0010
0001
0000
,

0010
1100
0010
0101
,

0010
1000
0100
0000
0010
0001
0100
0010
,

0200
0000
0000
0300
,

0001
0000
0011
0000
0000
0010
0100
0000
,

1000
0000
1010
0000
0000
0010
0100
0000
,

0001
0000
1001
0000
0000
1000
0100
0000
,

1000
0000
1001
0000
0001
0010
0100
1000
,

0010
0000
0110
0000
0000
0100
0001
0000
,

0010
0000
0110
0000
0000
0100
1000
0000
,

0001
0000
1001
0000
0000
1000
0100
0010
,

0002
0000
0000
0003
,

0100
0000
0100
0000
0010
1000
1100
0000
,

0100
0000
0100
0000
0010
0001
0101
0000
,

1000
0000
1000
0000
0001
0010
0110
0000
,

1000
0000
1000
0000
0001
0010
0100
1000
,

0001
0000
0101
0000
0100
0010
1010
0000
,

1000
0000
1100
0000
0100
0010
0011
0000
,

0001
0000
0110
0000
1000
0001
0010
0100
,

2000
0000
0000
3000
,

1001
0000
0000
0000
,;

//---------------dance-single - ----------------
#NOTES:
     dance-single:
     :
     Hard:
     11:
     0.456,0.590,0.229,0.069,0.281:
0000
0000
0000
0000
,
0000
0000
0000
0000
,
0000
0000
0000
0000
,
0000
0000
0000
0000
,
0000
0000
0000
0000
,
0000
0010
0000
1000
0000
0010
0000
0001
,
0000
1000
0000
0010
0000
0001
0000
0010
,
0000
0100
0000
1000
0000
0100
0000
0001
,
0000
1000
0000
0100
0000
0001
0000
0100
,
0010
1010
0001
0011
,
0100
1100
0001
0101
,
0010
1100
0001
1100
,
0010
0101
1000
0101
,
0010
0001
1000
0100
0001
1000
0010
0001
,
0100
0010
0001
0010
1000
0001
0100
0010
,
1000
0010
1000
0000
0001
0010
0001
0000
1000
0100
1000
0000
0001
0100
0001
0000
,
2000
0000
0002
3003
,
0010
0000
0001
0000
0000
1000
0000
0000
0010
0000
0000
0100
0000
0000
0001
0000
,
0010
0100
1000
0000
0000
0001
1000
0001
,
0100
0000
0010
0000
0000
1000
0000
0000
0100
1000
0000
0010
0000
0000
0100
0000
,
0001
0000
1000
0000
0001
0010
0100
1000
,
0001
0000
0100
0000
0000
0010
0000
0000
0100
0000
0000
0001
0000
0000
0010
0000
,
0100
1000
0100
0000
0000
1000
0010
0100
,
0001
0000
0010
0000
0000
0001
0000
0000
1000
0100
0000
0100
0000
0000
1000
0000
,
0020
0000
0000
2030
0000
0010
3010
1000
,
0100
0000
0010
0000
0000
0001
0000
0000
1000
0000
0000
0010
0000
0000
0100
0000
,
0001
0000
1000
0000
0001
1000
0001
0010
,
0000
0000
0100
0000
0000
1000
0000
0000
1000
0000
0000
0001
0000
0000
0001
0000
,
0100
0000
0110
0110
,
0001
0000
0010
0000
0000
0001
0000
0000
1000
0000
0000
0010
0000
0000
0100
0000
,
0001
0100
0010
0000
0000
1000
0001
1000
,
0100
0000
0010
0000
0000
0001
0000
0000
1000
0010
0000
0010
0000
0000
0100
0000
,
2002
0000
0000
3003
,
0010
0000
0100
0000
0001
0000
0000
0010
0000
0000
0100
0000
1000
0000
0000
0010
,
0000
0000
1000
0000
0001
0000
0000
0010
0000
0000
0001
0000
1000
0000
0000
0010
,
0000
0000
1000
0000
0100
0000
0000
0001
0000
0000
0100
0000
1000
0000
0000
0010
,
0000
1000
0001
0100
0010
1000
0100
0010
,
0100
0000
0010
0000
0001
0000
0000
0100
0000
0000
0010
0000
1000
0000
0000
0100
,
0000
0000
1000
0000
0001
0000
0000
0100
0000
0000
0001
0000
1000
0000
0000
0100
,
0000
0000
1000
0000
0010
0000
0000
0001
0000
0000
0010
0000
1000
0000
0100
0000
,
0110
0000
0000
0001
0000
0000
0101
0000
0000
0000
0110
0000
0000
1010
0000
0000
,
1000
0000
0100
0000
0001
0000
0000
0100
0000
0000
1000
0000
0010
0000
0000
0001
,
0000
0000
0010
0000
1000
0000
0000
0001
0000
0000
0100
0000
1000
0000
0000
0100
,
0000
0000
0001
0000
0010
0000
0000
1000
0000
0000
0010
0000
0001
0000
0000
1000
,
0000
0010
0100
0001
0010
0100
1000
0001
,
1000
0000
0001
0000
0100
0000
0000
0010
0000
0000
1000
0000
0100
0000
0000
0010
,
0000
0000
0001
0000
1000
0000
0000
0010
0000
0000
1000
0000
0001
0000
0000
0010
,
0000
0000
0100
0000
0010
0000
0000
0001
0000
0000
0100
0000
0010
0000
0100
0000
,
0101
0000
0000
0001
0000
0000
1001
0000
0000
0000
1100
0000
0000
0110
0000
0000
,
1001
0000
0000
0000
;

//---------------dance-single - ----------------
#NOTES:
     dance-single:
     :
     Challenge:
     13:
     0.538,0.703,0.218,0.034,0.551:

0000
0000
0000
0000
,

0000
0000
0000
0000
,

0000
0000
0000
0000
,

0000
0000
0000
0000
,

0000
0000
0000
0000
,

0000
0001
1000
0100
0000
0010
0001
1000
,

0000
0100
1000
0010
0000
0100
0001
1000
,

0000
0010
1000
0100
0000
0010
0001
0100
,

0000
0010
1000
0001
0000
0100
1000
0100
,

0001
0010
0100
1000
,

0010
1000
0100
0001
,

1000
0010
0100
0001
,

0010
0001
0100
1000
,

0010
0100
0001
0010
1000
0010
0100
1000
,

0010
0001
0010
0100
0001
0010
0100
1000
,

0010
0100
0010
0100
0001
1000
0001
1000
0100
0010
0100
1000
0010
0100
0010
1000
,

0001
0010
0100
1000
0001
0000
0100
0000
0220
0000
0000
0000
0330
0000
0000
0000
,

0001
0000
1000
0000
0000
0100
0000
0000
1000
0010
0000
0010
0000
0000
0100
0000
,

0001
0000
1000
0000
0001
0000
0000
0000
0000
0001
0100
0000
0010
0000
0000
0000
,

1000
0000
0100
0000
0000
0010
0000
0000
0001
1000
0000
1000
0000
0000
0010
0000
,

0100
0000
0001
0000
0100
0000
0010
0000
0100
0001
0100
0000
0010
0000
1000
0001
,

1000
0000
0100
0000
0000
0010
0000
0000
0001
0100
0000
0100
0000
0000
0010
0000
,

1000
0000
0001
0000
1000
0000
0000
0000
0000
1000
0001
0000
0100
0000
0000
0000
,

0010
0000
1000
0000
0000
0100
0000
0000
1000
0001
0000
0001
0000
0000
0100
0000
,

0110
0000
0000
0000
0010
0000
1010
0000
0000
0000
0001
0000
1000
0000
0010
0100
,

0001
0000
1000
0000
0000
0100
0000
0000
0001
0100
0000
0100
0000
0000
1000
0000
,

0010
0000
0100
0000
0010
0000
0000
0000
0000
1000
0010
0000
0100
0000
0001
0000
,

0000
0000
1001
0000
0000
0011
0000
0000
1100
0000
0000
1010
0000
0000
0101
0000
,

0110
0000
0000
0000
0000
0000
0000
0000
0001
0000
0010
0100
1000
0000
1000
0000
,

1000
0000
0001
0000
0000
0100
0000
0000
0010
0001
0000
0001
0000
0000
0010
0000
,

1000
0000
0100
0000
1000
0000
0000
0000
0000
0001
0100
0000
0010
0000
0000
0000
,

1000
0000
0100
0000
0000
0010
0000
0000
0001
1000
0000
0010
0000
0000
0100
0000
,

0200
0000
0000
1000
0000
0301
0000
0000
,

0010
0000
0001
0000
1000
0000
0000
0100
0000
1000
0000
0000
0010
0000
0000
0100
,

0000
0001
0000
0000
1000
0000
0000
0001
0000
0010
0000
0000
0100
0000
1000
0001
,

0000
0001
0100
0000
0001
0000
0000
0010
0000
0100
0000
0000
1000
0000
0000
0010
,

0000
1000
0000
0000
0001
0000
1000
0001
0000
0001
1000
0000
0100
0000
0010
0001
,

0100
0000
1000
0000
0100
0000
0000
0001
0000
1000
0000
0000
0100
0000
0000
0001
,

0000
0100
0000
0000
0010
0000
0000
0001
0000
0100
0000
0000
0010
0000
1000
0001
,

0000
0001
1000
0000
0010
0000
0000
0100
0000
1000
0000
0000
0100
0000
0000
0000
,

0101
0000
0000
1100
0000
0000
0101
0000
0000
0000
0011
0000
0000
0110
0000
0000
,

1100
0000
0001
0000
0100
0000
0001
1000
0000
0100
0000
0000
0010
0000
0001
1000
,

0000
0010
0000
0000
1000
0000
0100
0001
0000
0100
0000
0000
0010
0000
0001
0100
,

0001
1000
0000
0000
0100
0000
0010
1000
0000
0010
0000
0000
0100
0000
1000
0010
,

0000
0100
0000
0000
1000
0000
0100
0001
0000
0100
0000
0000
0010
0000
1000
0001
,

1000
0100
0000
0000
0010
0000
0010
0001
0000
0100
0000
0000
0010
0000
1000
0001
,

0100
0010
0000
0000
1000
0000
1000
0100
0000
0010
0000
0000
0001
0000
1000
0010
,

0100
0001
0000
0000
1000
0000
1000
0100
0000
0001
0000
0000
0100
0000
1000
0000
,

1100
0000
0000
0011
0000
0000
1100
0000
0000
0000
0101
0000
0000
0000
0010
0100
,

1000
0000
0000
0000
,;

//---------------dance-double - ----------------
#NOTES:
     dance-double:
     :
     Easy:
     4:
     0.202,0.225,0.034,0.046,0.000:

00000000
00000000
00000000
00000000
,

00000000
00000000
00000000
00000000
,

00000000
00000000
00000000
00000000
,

00000000
00000000
00000000
00000000
,

00000000
00000000
00000000
00000000
,

00001000
00000000
00100000
00000000
,

00001000
00000000
00010000
00000000
,

00000010
00000000
00010000
00000000
,

00001000
00000000
00100000
00000000
,

01000000
00000000
01000000
00000000
,

10000000
00000000
00010000
00000000
,

01000000
00000000
01000000
00000000
,

00001000
00000000
00010000
00000000
,

00000100
00000100
00000100
00000100
,

00000010
00000010
00000010
00000010
,

00000001
00000000
00001000
00000000
,

00001001
00000000
00000000
00000000
,

00000010
00000001
00000100
00000000
,

00000001
00000000
00000100
00000000
,

00000001
00000100
00001000
00000000
,

00010000
00000000
00001000
00000000
,

00010000
01000000
10000000
00000000
,

01000000
00000000
10000000
00000000
,

01000000
10000000
00100000
00000000
,

01100000
00000000
00000000
00000000
,

01000000
00010000
10000000
01000000
,

00100000
00000000
00001000
00000000
,

00020000
00000000
00030000
00000000
,

00002000
00000000
00003000
00000000
,

00100000
01000000
10000000
00010000
,

01000000
00000000
00010000
10000000
,

00100000
00010000
00001000
00010000
,

00002000
00000000
00000000
00003000
,

00010000
00000000
00001000
00000000
,

00000010
00000100
00000010
00000100
,

00001000
00000000
00000001
00000000
,

00000100
00000100
00000001
00000100
,

00001000
00000000
00010000
00000000
,

01000000
00100000
01000000
00100000
,

00010000
00000000
10000000
00000000
,

00200000
00000000
00000000
00300000
,

01000000
00001000
00010000
00001000
,

00010000
00000100
00000010
00000000
,

00000100
00010000
00001000
00010000
,

00001000
01000000
00100000
00000000
,

10000000
00010000
10000000
01000000
,

00010000
00001000
00000100
00000000
,

00000001
00001000
00000001
00000100
,

00001000
00010000
01000000
00000000
,

10010000
00000000
00000000
00000000
,;

//---------------dance-double - ----------------
#NOTES:
     dance-double:
     :
     Medium:
     7:
     0.359,0.478,0.264,0.057,0.017:

00000000
00000000
00000000
00000000
,

00000000
00000000
00000000
00000000
,

00000000
00000000
00000000
00000000
,

00000000
00000000
00000000
00000000
,

00000000
00000000
00000000
00000000
,

00100000
10000000
00100000
10000000
,

01000000
00010000
01000000
00010000
,

00001000
00000100
00001000
00000100
,

00000001
00000010
00000001
00000010
,

00001000
00010000
00000100
00000010
,

00000100
00010000
00001000
00001000
,

00010000
00001000
01000000
00100000
,

01000000
00001000
00010000
00010000
,

00011000
01001000
00011000
00010100
,

00000110
00000011
00001010
00001001
,

00000001
00000100
00000001
00000100
00000001
00000100
00000001
00000100
,

00002000
00000000
00020000
00033000
,

00001000
00000000
00010000
00000000
01000000
01000000
01000000
00000000
,

00100000
10000000
01000000
00100000
,

00001000
00000000
00010000
00000000
00000100
00000100
00000100
00000000
,

00001000
00000001
00000010
00000100
,

00010000
00000000
00001000
00000000
00000010
00000010
00000010
00000000
,

00000001
00001000
00000100
00010000
,

00001000
00000000
00010000
00000000
00100000
00100000
00100000
00000000
,

10000000
00000000
00000000
00000000
00000000
00000000
00010000
00000000
00000000
00000000
00100000
00000000
00000000
01000000
00000000
00000000
,

01000000
00000000
00100000
00000000
00001000
00010000
00001000
00000000
,

00000010
00000001
00000100
00000010
,

00000000
00000000
00001000
00000000
00000000
00000001
00000000
00000000
00000010
00000000
00000000
00000100
00000000
00000000
00001000
00000000
,

00000001
00000000
00000101
00001100
,

00000010
00000001
00000100
00000000
00000001
00000100
00001000
00000000
,

00010000
00011000
00001000
00011000
,

00010000
01000000
10000000
00000000
01000000
10000000
00100000
00000000
,

02000000
00000000
00000000
03000000
,

00010000
00000000
10010000
00000000
00000000
10000000
00100000
00000000
,

00010000
00000000
00011000
00000000
00000000
00001000
00000010
00000000
,

00000001
00000000
00001001
00000000
00000000
00001000
00000010
00000000
,

00000100
00000000
00000110
00000000
00000010
00001000
00000001
00001000
,

00001000
00000000
00001001
00000000
00000000
00000001
00000100
00000000
,

00001000
00000000
00011000
00000000
00000000
00010000
01000000
00000000
,

10000000
00000000
10010000
00000000
00000000
00010000
00100000
01000000
,

20000000
00000000
00000000
30000000
,

01000000
00000000
01000000
00000000
00100000
00001000
00001000
00000000
,

00010000
00000000
00010000
00000000
00000010
00000100
00000100
00000000
,

00000001
00000000
00000001
00000000
00000010
00001000
00001000
00000000
,

00010000
00000000
00010000
00000000
00001000
00100000
01000000
10000000
,

00100000
00000000
00110000
00000000
00001000
00010000
00001000
00000000
,

00000010
00000000
00000011
00000000
00000100
00000010
00000100
00000000
,

00010000
00000000
00011000
00000000
00000100
00000010
00000001
00000100
,

00002000
00000000
00000000
00003000
,

00011000
00000000
00000000
00000000
,;

//---------------dance-double - ----------------
#NOTES:
     dance-double:
     :
     Hard:
     11:
     0.441,0.590,0.206,0.092,0.281:

00000000
00000000
00000000
00000000
,

00000000
00000000
00000000
00000000
,

00000000
00000000
00000000
00000000
,

00000000
00000000
00000000
00000000
,

00000000
00000000
00000000
00000000
,

00000000
00000010
00000000
00000100
00000000
00010000
00000000
00000100
,

00000000
00000010
00000000
00000001
00000000
00000100
00000000
00000010
,

00000000
00000100
00000000
00000001
00000000
00000010
00000000
00001000
,

00000000
00010000
00000000
00100000
00000000
10000000
00000000
01000000
,

00100000
00101000
00000010
00010010
,

00001000
00001100
00000001
00000101
,

00000010
00010010
00100000
00101000
,

00010000
01010000
10000000
11000000
,

00100000
00010000
10000000
01000000
00010000
00001000
00100000
00010000
,

01000000
00100000
00010000
00001000
00000010
00000001
00000100
00000010
,

00010000
00001000
00010000
00000000
00000100
00000010
00000100
00000000
00010000
00001000
00010000
00000000
00000010
00000100
00000010
00000000
,

00020000
00000000
00002000
00033000
,

00000000
00000000
00000010
00000000
00000000
00000001
00000000
00000000
00001000
00000000
00000000
00000010
00000000
00000000
00010000
00000000
,

00001000
00100000
00010000
00000000
00000000
10000000
00010000
10000000
,

00000000
00000000
00100000
00000000
00000000
10000000
00000000
00000000
01000000
10000000
00000000
00100000
00000000
00000000
00010000
00000000
,

00001000
00000000
00010000
00000000
00000100
00000010
00000001
00000100
,

00000000
00000000
00000010
00000000
00000000
00010000
00000000
00000000
00000100
00000000
00000000
00000010
00000000
00000000
00000001
00000000
,

00000100
00001000
00000100
00000000
00000000
00000010
00010000
00001000
,

00000000
00000000
00100000
00000000
00000000
00010000
00000000
00000000
10000000
00010000
00000000
01000000
00000000
00000000
00100000
00000000
,

10000000
00000000
00000000
01000000
00000000
00100000
00001000
00010000
,

00000000
00000000
00100000
00000000
00000000
10000000
00000000
00000000
01000000
00000000
00000000
00100000
00000000
00000000
00001000
00000000
,

00010000
00000000
00000010
00000000
00001000
00000100
00001000
00000001
,

00000000
00000000
00001000
00000000
00000000
00000010
00000000
00000000
00000100
00000000
00000000
00000001
00000000
00000000
00001000
00000000
,

00000002
00000000
00000010
00000103
,

00000000
00000000
00001000
00000000
00000000
00010000
00000000
00000000
00000100
00000000
00000000
00000010
00000000
00000000
00000001
00000000
,

00000200
00000000
00000000
00000000
00000000
00000000
00002300
00000000
00000000
00000000
00200000
00003000
00000000
00000000
00000000
00000000
,

01300000
00000000
10000000
00000000
00000000
00100000
00000000
00000000
10000000
00010000
00000000
00100000
00000000
00000000
01000000
00000000
,

20020000
00000000
00000000
30030000
,

00100000
00000000
00001000
00000000
00010000
00000000
00000000
00000010
00000000
00000000
00010000
00000000
00001000
00000000
00000000
00100000
,

00000000
00000000
00001000
00000000
00010000
00000000
00000000
00000010
00000000
00000000
00001000
00000000
00000100
00000000
00000000
00000010
,

00000000
00000000
00000001
00000000
00000100
00000000
00000000
00000010
00000000
00000000
00001000
00000000
00000100
00000000
00000000
00000010
,

00000000
00000001
00000100
00001000
00010000
01000000
10000000
00010000
,

00100000
00000000
00001000
00000000
00010000
00000000
00000000
00000100
00000000
00000000
00010000
00000000
00001000
00000000
00000000
01000000
,

00000000
00000000
00001000
00000000
00010000
00000000
00000000
00000100
00000000
00000000
00001000
00000000
00000001
00000000
00000000
00000100
,

00000000
00000000
00000001
00000000
00001000
00000000
00000000
00000100
00000000
00000000
00000010
00000000
00000001
00000000
00000100
00000000
,

00000110
00000000
00000000
00001000
00000000
00000000
00010100
00000000
00000000
00000000
00011000
00000000
00000000
00110000
00000000
00000000
,

10000000
00000000
01000000
00000000
00010000
00000000
00000000
00001000
00000000
00000000
00010000
00000000
01000000
00000000
00000000
10000000
,

00000000
00000000
01000000
00000000
00010000
00000000
00000000
00001000
00000000
00000000
00010000
00000000
01000000
00000000
00000000
10000000
,

00000000
00000000
00100000
00000000
00010000
00000000
00000000
00001000
00000000
00000000
00010000
00000000
00100000
00000000
00000000
10000000
,

00000000
01000000
00100000
00001000
00010000
00001000
01000000
00100000
,

01000000
00000000
00001000
00000000
00010000
00000000
00000000
00000100
00000000
00000000
00010000
00000000
00001000
00000000
00000000
00100000
,

00000000
00000000
00001000
00000000
00010000
00000000
00000000
00000010
00000000
00000000
00010000
00000000
00001000
00000000
00000000
01000000
,

00000000
00000000
00100000
00000000
10000000
00000000
00000000
01000000
00000000
00000000
00100000
00000000
00010000
00000000
01000000
00000000
,

01001000
00000000
00000000
00010000
00000000
00000000
00010100
00000000
00000000
00000000
00001010
00000000
00000000
00000101
00000000
00000000
,

00001001
00000000
00000000
00000000
,;

//---------------dance-double - ----------------
#NOTES:
     dance-double:
     :
     Challenge:
     13:
     0.564,0.703,0.310,0.034,0.350:

00000000
00000000
00000000
00000000
,

00000000
00000000
00000000
00000000
,

00000000
00000000
00000000
00000000
,

00000000
00000000
00000000
00000000
,

00000000
00000000
00000000
00000000
,

00000000
00000100
00001000
00000001
00000000
00000100
00001000
00010000
,

00000000
01000000
10000000
00010000
00000000
01000000
00010000
00100000
,

00000000
00010000
10000000
00100000
00000000
00010000
00001000
01000000
,

00000000
00100000
00010000
00001000
00000000
00000010
00000001
00001000
,

00000010
00000011
00001000
00001100
,

00000010
00010010
00001000
00101000
,

01000000
01010000
10000000
11000000
,

00100000
00101000
00010000
00010010
,

00001000
00010000
01000000
00100000
00001000
00100000
01000000
10000000
,

00100000
00010000
00001000
00100000
00001000
01000000
00100000
10000000
,

00100000
01000000
00100000
01000000
00001000
00010000
00001000
00010000
00000010
00000100
00000001
00000010
00000100
00010000
00001000
00010000
,

00000010
00001000
00000100
00000010
00000001
00000000
00000100
00000000
00000220
00000000
00000000
00000000
00000330
00000000
00000000
00000000
,

00001000
00000000
00000010
00000000
00000000
00000100
00000000
00000000
00000001
00000100
00000000
00000001
00000000
00000000
00000010
00000000
,

00001000
00000000
00010000
00000000
00000100
00000000
00000000
00000000
00000000
00000010
00000001
00000000
00001000
00000000
00000000
00000000
,

00000100
00000000
00000010
00000000
00000000
00001000
00000000
00000000
00010000
00000100
00000000
00010000
00000000
00000000
00001000
00000000
,

01000000
00000000
00100000
00000000
01000000
00000000
00010000
00000000
00100000
00001000
01000000
00000000
00100000
00000000
10000000
00010000
,

10000000
00000000
01000000
00000000
00000000
00010000
00000000
00000000
00001000
01000000
00000000
00001000
00000000
00000000
00100000
00000000
,

01000000
00000000
10000000
00000000
00100000
00000000
00000000
00000000
00000000
00010000
00001000
00000000
01000000
00000000
00000000
00000000
,

00100000
00000000
01000000
00000000
00000000
00001000
00000000
00000000
00010000
00000010
00000000
00010000
00000000
00000000
00000100
00000000
,

00001100
00000000
00000000
00000000
00000001
00000000
00000101
00000000
00000000
00000000
00000010
00000000
00010000
00000000
00001000
01000000
,

00010000
00000000
00100000
00000000
00000000
01000000
00000000
00000000
10000000
00010000
00000000
10000000
00000000
00000000
00100000
00000000
,

00010000
00000000
00001000
00000000
00100000
00000000
00000000
00000000
00000000
00001000
00010000
00000000
00000100
00000000
00010000
00000000
,

00000000
00000000
01001000
00000000
00000000
00110000
00000000
00000000
11000000
00000000
00000000
10100000
00000000
00000000
01001000
00000000
,

00011000
00000000
00000000
00000000
00000000
00000000
00000000
00000000
00000100
00000000
00010000
00001000
00010000
00000000
00000100
00000000
,

00000010
00000000
00000001
00000000
00000000
00001000
00000000
00000000
00000010
00010000
00000000
00000010
00000000
00000000
00001000
00000000
,

00000100
00000000
00000010
00000000
00000001
00000000
00000000
00000000
00000000
00001000
00000010
00000000
00010000
00000000
00000000
00000000
,

00000100
00000000
00000010
00000000
00000000
00001000
00000000
00000000
00010000
00000010
00000000
00010000
00000000
00000000
00001000
00000000
,

02000000
00000000
00000000
10000000
00000000
03010000
00000000
00000000
,

00100000
00001000
01000000
00100000
10000000
00010000
01000000
00001000
,

00100000
00000000
00010000
00000000
01000000
00000000
00001000
00000000
00010000
00000000
00000010
00000000
00000100
00000000
00000000
00000001
,

00000000
00000100
00001000
00000100
00000010
00010000
00000100
00000010
,

00000100
00000000
00001000
00000000
00000010
00000000
00010000
00000000
00000100
00000000
00000010
00000000
00000100
00000000
00010000
00001000
,

00010000
01000000
10000000
00100000
00010000
00001000
00100000
01000000
,

10000000
00000000
00100000
00000000
01000000
00000000
00001000
00000000
00010000
00000000
00100000
00000000
10000000
00000000
00000000
01000000
,

00000000
00100000
00001000
00010000
00000010
00010000
00001000
00100000
,

00110000
00000000
00000000
11000000
00000000
00000000
10100000
00000000
00000000
00000000
01001000
00000000
00000000
00011000
00000000
00000000
,

00010100
00000000
00000010
00000000
00000001
00000000
00001000
00000100
00000000
00000000
00000010
00000000
00000001
00000000
00000100
00000010
,

00000000
00000000
00010000
00000000
00001000
00000000
01000000
00100000
00000000
00000000
10000000
00000000
01000000
00000000
00100000
00001000
,

00010000
00000000
00000010
00000000
00000100
00000000
00000001
00000010
00000000
00000000
00000100
00000000
00010000
00000000
00001000
01000000
,

00000000
00000000
00100000
00000000
10000000
00000000
01000000
00010000
00000000
00000000
00001000
00000000
00000100
00000000
00000001
00001000
,

00000100
00000000
00010000
00000000
00001000
00000000
01000000
00100000
01000000
00000000
00010000
00000000
00100000
00000000
01000000
10000000
,

01000000
00000000
00100000
00000000
00001000
00000000
00010000
00000010
00010000
00000000
00000100
00000000
00001000
00000000
00000001
00000100
,

00000001
00000000
00000010
00000000
00000100
00000000
00010000
00001000
00010000
00000000
01000000
00000000
10000000
00000000
00100000
00000000
,

01100000
00000000
00000000
01001000
00000000
00000000
00011000
00000000
00000000
00000000
00010100
00000000
00000000
00000000
00000010
00000001
,

00000100
00000000
00000000
00000000
,;
