#TITLE:DIVE;
#SUBTITLE:;
#ARTIST:BeForU;
#TITLETRANSLIT:;
#SUBTITLETRANSLIT:;
#ARTISTTRANSLIT:;
#CREDIT:;
#BANNER:DIVE.png;
#BACKGROUND:DIVE-bg.png;
#LYRICSPATH:;
#CDTITLE:./CDTITLES/DANCE DANCE REVOLUTION 5THMIX.PNG;
#MUSIC:DIVE.ogg;
#OFFSET:0.000;
#SAMPLESTART:40.276;
#SAMPLELENGTH:15.000;
#SELECTABLE:YES;
#DISPLAYBPM:155.000;
#BPMS:0.000=153.009,4.000=155.000;
#STOPS:;
#BGCHANGES:;

//---------------dance-single - ----------------
#NOTES:
     dance-single:
     :
     Beginner:
     1:
     0.182,0.217,0.000,0.000,0.000:
0000
0000
0000
0000
,
0000
0000
0000
0000
,
0000
0000
0000
0000
,
0010
0010
0010
0000
,
0010
0010
0010
0010
,
0010
0000
1000
0000
,
0100
0000
0001
0000
,
0010
0000
1000
0000
,
0100
0000
0001
0000
,
0000
0000
0000
0000
,
0010
0000
0001
0000
,
0100
0000
0000
0000
,
0010
0000
1000
0000
,
0100
0100
0100
0000
,
0000
0001
0000
1000
,
0000
0010
0000
0100
,
0000
0001
0000
1000
,
0000
0001
0000
1000
,
1000
1000
1000
0000
,
0001
0001
0001
0000
,
0001
0000
0100
0000
,
0001
0000
1000
0000
,
1000
1000
1000
0000
,
1000
0000
0100
0000
,
1000
0000
0001
0000
,
0000
0001
0001
0001
,
0001
0001
0000
0001
,
0000
1000
0000
0001
,
0001
0001
0001
0000
,
0000
0100
0000
0100
,
0000
1000
0000
1000
,
0000
0010
0000
0100
,
0100
0100
0100
0000
,
0000
0010
0000
0100
,
0000
0001
0000
0100
,
0000
1000
0000
0100
,
0000
0001
0000
0100
,
0000
0001
0000
0001
,
0000
0010
0000
1000
,
0000
0100
0000
0100
,
0000
0010
0000
0001
,
0000
0100
0000
0100
,
0000
0000
0000
0000
,
0000
0000
0000
0000
,
0010
0000
0000
0000
,
0001
0000
0000
0000
,
1000
0000
0001
0000
,
1000
0000
0001
0000
,
0010
0010
0010
0010
,
0000
1000
0000
1000
,
1000
1000
0000
1000
,
0000
0001
0000
1000
,
1000
1000
1000
0000
,
0000
0100
0000
0100
,
0000
0001
0000
0001
,
0000
0010
0000
0100
,
0100
0100
0100
0000
,
0000
0010
0000
0100
,
0000
1000
1000
1000
,
0000
0001
0001
0000
;

//---------------dance-single - ----------------
#NOTES:
     dance-single:
     :
     Easy:
     4:
     0.327,0.403,0.167,0.000,0.000:
0000
0000
0000
0000
,
0000
0000
0000
0000
,
0000
0000
0000
0000
,
1000
1000
1000
1000
,
0001
0001
0001
0001
,
1000
0000
0100
0000
,
0001
0000
0010
0000
,
1000
0000
0001
0000
,
1000
0000
0100
0000
,
0000
0000
0000
0000
,
0001
0001
0010
0100
,
1000
1000
0010
0100
,
0001
0001
0010
0100
,
1000
1000
0010
0100
,
0001
0100
1000
0100
,
0001
0100
1000
0100
,
0001
0000
1000
0000
,
0010
1000
0100
1001
,
0010
0010
0100
0100
,
0001
1000
0001
1000
,
0010
1000
0001
0100
,
0010
1000
0001
0100
,
0010
0010
1000
0100
,
0010
0010
0001
0100
,
0010
0010
0010
0010
,
0000
0000
0001
0110
,
1000
1100
0001
0101
,
1000
1100
0001
0101
,
0010
1000
0100
0100
,
0001
0010
1000
1001
,
0001
0100
1000
0100
,
0001
1000
0010
0100
,
1000
0100
0001
0100
,
0010
0010
1000
0100
,
0001
0001
0010
0100
,
1000
1000
0010
0100
,
0001
0001
0010
0100
,
1000
0001
1000
0101
,
0010
0010
1000
1000
,
0001
0100
1000
0100
,
0010
0010
0001
0001
,
1000
0100
0001
0100
,
0010
0000
1000
0000
,
0100
0000
0001
0000
,
0010
1000
0100
0000
,
0001
0000
0100
0000
,
1000
0100
0001
0100
,
1000
0100
0001
0100
,
0010
0010
0010
0010
,
0001
1000
0100
0101
,
1000
1100
0001
0101
,
1000
1100
0001
0101
,
0010
1000
0100
0001
,
0010
1000
0100
1001
,
1000
1100
0010
0001
,
1000
1100
0010
0001
,
1000
0100
0001
0100
,
0001
1000
0001
0100
,
0001
0001
1000
1000
,
0010
1000
0100
0000
;

//---------------dance-single - ----------------
#NOTES:
     dance-single:
     :
     Medium:
     5:
     0.435,0.433,0.208,0.000,0.000:
0000
0000
0000
0000
,
0000
0000
0000
0000
,
0000
0000
0000
0000
,
1001
0000
0100
0000
0001
1000
0100
0000
,
0001
1000
0100
0000
0010
0000
0001
1000
,
0100
0010
0001
1000
,
0100
0100
0001
0010
,
1000
0100
0001
0100
,
1000
0100
0001
0100
,
0000
0000
0000
0000
,
0001
0000
0001
0000
0010
0100
1000
0000
,
0010
0100
1000
0000
0001
0000
0101
0000
,
1000
0000
1000
0000
0010
0100
0001
0000
,
0001
1000
0100
0000
0001
0000
1100
0000
,
0001
0100
0001
0100
,
1000
0100
1000
0100
,
0010
0000
0010
0000
0010
0001
0100
0000
,
0001
1000
0010
1001
,
0001
0100
0001
0000
1000
0100
1000
0000
,
0001
0100
0001
0000
1000
0100
1000
0000
,
0010
1000
0001
0100
,
0010
0001
1000
0100
,
0001
0101
1000
1100
,
0010
0001
0100
0000
0001
1000
0100
0000
,
0010
0000
0010
0000
0010
0000
0010
0001
,
0000
1000
0100
0010
0000
1001
0000
0000
,
0001
0000
1100
0000
0010
0001
0100
0000
,
0010
1000
0100
0000
1000
0000
0101
0000
,
0001
1000
0100
0000
0010
0001
0100
0000
,
0001
1000
0100
0000
0010
0000
0010
0000
,
0001
0000
0101
0000
1000
0100
1000
0000
,
0010
0001
0100
0000
0001
0000
1100
0000
,
0001
0101
0010
1000
,
0001
0100
1000
0100
,
0001
0000
0001
0000
0010
0100
1000
0000
,
0010
0100
1000
0000
0001
0000
0101
0000
,
1001
0000
1100
0000
0010
0001
0100
0000
,
0001
0001
1000
1100
,
0010
0010
0001
1000
,
0001
1000
0001
1000
,
0010
0100
0010
0100
,
0010
1000
0100
1000
0001
0100
0001
0000
,
0010
0010
1000
0100
,
0001
0000
1000
0000
0001
0000
0100
0010
,
1000
0000
1000
0000
,
0100
0000
0100
0000
0100
0010
0001
0000
,
0001
1100
0010
1001
,
1000
0101
0010
1001
,
0010
1000
0010
0000
0001
0100
0001
0000
,
1000
0001
1000
0001
1000
0001
0100
0000
,
0010
1000
0100
0000
1000
0010
0100
0000
,
0010
1000
0100
0000
1000
0010
0100
0000
,
0001
1000
0100
0000
1000
0001
0100
0000
,
0001
1000
0100
0000
1000
0001
0100
0000
,
0010
1000
0001
0000
0001
1000
0010
0000
,
0010
1000
0001
0000
0001
1000
0010
0000
,
1000
0100
0001
0100
,
0010
0000
0010
1000
0000
0100
0100
0000
,
1000
1000
0000
0001
0010
0001
0000
1000
,
0001
1000
0001
1000
0000
0000
0000
0000
;

//---------------dance-single - ----------------
#NOTES:
     dance-single:
     :
     Hard:
     8:
     0.600,0.649,0.510,0.000,0.089:
0000
0000
0000
0000
,
0000
0000
0000
0000
,
0000
0000
0000
0000
,
1001
0000
0000
0100
0010
0000
0000
0000
1100
0000
0000
1000
0001
0000
0000
0000
,
1100
0000
0000
0010
0001
0000
0000
0000
0101
0000
0000
0010
1000
0000
0001
0000
,
0010
0000
1001
0000
0010
1000
0100
0000
,
0010
0001
0100
0010
1000
0100
0010
0000
,
0101
0000
0000
1000
0100
0000
0000
0000
1001
0000
0000
0100
0010
0000
0000
0000
,
0001
1000
0100
0010
0001
0100
1000
0000
,
0000
0000
0000
1001
0000
0000
0000
0000
,
0010
1000
0001
1000
0000
0001
0000
0100
,
0010
1000
0100
0010
0000
0001
0000
0100
,
0001
1000
0010
0100
0000
0001
0000
1000
,
0100
0010
0001
0100
0000
0010
0000
1000
,
0001
0100
0010
1000
0000
0100
0000
0010
,
0001
1000
0001
1000
0000
0010
0000
0100
,
0001
1000
0100
0010
0000
0100
0000
1000
,
0001
0100
0010
0100
0001
1000
0100
0000
,
1000
0100
0010
0001
1000
0001
0100
0000
,
0001
0100
0010
1000
0001
1000
0100
0000
,
0010
0001
1000
0001
0100
0010
1000
0000
,
0010
1000
0001
1000
0100
0010
0001
0000
,
1000
0010
0100
0001
0010
0100
1000
0010
,
0100
0001
0010
0100
1000
0001
0100
0000
,
1000
0001
1000
0001
0100
0000
0010
1000
,
0000
0001
1000
0100
0000
0110
0000
0000
,
1001
0100
0010
0000
1001
0100
0010
0000
,
0101
0010
1000
0100
0010
0001
1001
0000
,
1001
0100
0010
0000
1001
0100
0010
0000
,
1100
0010
0001
0100
0010
1000
1001
0000
,
0101
1000
0100
0000
0101
1000
0100
0000
,
1010
0001
0100
0000
1010
0001
0100
0000
,
0010
1000
0100
0010
0001
1000
0100
0000
,
0010
0010
0001
1000
0100
0010
0001
0000
,
0001
1000
0000
0000
0001
1000
0000
0000
0001
0000
1000
0000
0100
0000
0000
0000
,
0100
0100
0010
0010
0010
0001
0100
0000
,
0001
1000
0000
0000
0001
1000
0000
0000
0010
0000
0100
0000
0001
0000
0000
0000
,
0001
0001
0010
0100
1000
1000
0001
0000
,
0110
0110
0000
0101
0101
0000
1001
1001
,
0000
1100
1100
0000
0001
1000
0100
0000
,
0011
0011
0000
1001
1001
0000
1100
1100
,
0000
1001
1001
0000
0010
1000
0100
0000
,
1001
0000
1100
0000
0010
0001
0100
0010
,
1000
0100
0010
0001
0100
0001
0010
0001
,
0001
0000
1000
0000
,
1001
0000
0000
0100
1000
0000
0010
0000
0001
0000
1000
0000
0100
0000
0010
0000
,
0100
0000
0000
0100
1000
0000
0000
0000
0001
0000
0000
0001
1000
0000
0000
0000
,
0010
0000
0000
0010
1000
0000
0000
0000
0001
0000
0000
0001
1000
0000
0000
0000
,
0010
0000
1000
0000
0001
1000
0100
0000
,
0010
0010
0001
1000
1000
0001
0100
0000
,
1001
0000
0100
0000
0001
0001
0100
0000
,
0001
1000
0100
0000
0101
0000
1100
0000
,
0010
1000
0010
1000
0010
0010
0100
0000
,
0100
0001
0100
0001
0100
0100
0010
0000
,
1001
0100
0010
0000
1001
0100
0010
0000
,
1001
0100
0010
0001
1000
0100
0010
0000
,
0101
1000
0100
0000
0101
1000
0100
0000
,
1001
0010
0001
1000
0100
0010
0001
0000
,
0100
0010
0100
0000
0000
0000
0001
0000
1000
0000
0100
0000
0000
0000
0010
0000
,
0001
1000
0001
0000
0100
0000
0010
0000
0000
0000
0000
0000
0000
0000
0000
0000
;

//---------------dance-double - ----------------
#NOTES:
     dance-double:
     :
     Easy:
     4:
     0.304,0.434,0.135,0.000,0.000:
00000000
00000000
00000000
00000000
,
00000000
00000000
00000000
00000000
,
00000000
00000000
00000000
00000000
,
10000000
01000000
00010000
00001000
,
00001000
00000100
00000001
00001000
,
00000001
00000000
00000100
00000000
,
00001000
00000000
00010000
00000000
,
01000000
00000000
10000000
00000000
,
00010000
00000000
01000000
00000000
,
00000000
00000000
00000000
00000000
,
10000000
00000000
01000000
00000000
,
00010000
00001000
00000100
00000000
,
00000001
00000000
00001000
00000000
,
00000010
00010000
00001000
00000000
,
00100000
00000000
01000000
00000000
,
10000000
00010000
01000000
00000000
,
00001000
00000000
00010000
00000000
,
00000010
00000100
00000001
00001100
,
00010000
00001000
00100000
01000000
,
00001000
00010000
00000010
00000100
,
00010000
00001000
00100000
01000000
,
00001000
00010000
00000010
00000100
,
00001000
00000100
00000001
00000100
,
00001000
00010000
01000000
10000000
,
00100000
00100000
00100000
00100000
,
10000000
01000000
00010000
00011000
,
00000010
00000000
00001000
00000000
,
00000001
00000100
00001000
00000000
,
00010000
00000000
01000000
00000000
,
10000000
00100000
00010000
00000000
,
00001000
00000010
00000001
00000100
,
00001000
00010000
01000000
10000000
,
00100000
00100000
00100000
00100000
,
10000000
00000000
01000000
00000000
,
00001000
00010000
00000010
00000100
,
00010000
00001000
00100000
01000000
,
00001000
00010000
00000010
00000100
,
00010000
00001000
00100000
01000000
,
10010000
01000000
11000000
00010000
,
00011000
00000100
00000101
00001000
,
00001001
00000100
00000101
00001000
,
00011000
01000000
11000000
00010000
,
00100000
00000000
10000000
00000000
,
01000000
00010000
00001000
00000000
,
00000100
00000000
00000001
00000000
,
00000001
00000100
00001000
00011000
,
00100000
00010000
10000000
01000000
,
00010000
01000000
00001000
00010000
,
00000010
00001000
00000001
00000100
,
00000001
00000100
00001000
00011000
,
00100000
10010000
00100000
10000000
,
01000000
00010000
00001000
00000100
,
00000001
00001000
00000001
00000100
,
00000010
00001000
00000001
00000100
,
00001000
00010000
01000000
10000000
,
10000000
01000000
00010000
00001000
,
00001000
00100000
01000000
00010000
,
00010000
00001000
00000100
00000001
,
00000010
00000010
00000001
00000100
,
00001000
00010000
01000000
00000000
,
00000000
00000000
00000000
00000000
;

//---------------dance-double - ----------------
#NOTES:
     dance-double:
     :
     Medium:
     6:
     0.432,0.433,0.229,0.000,0.000:
00000000
00000000
00000000
00000000
,
00000000
00000000
00000000
00000000
,
00000000
00000000
00000000
00000000
,
00011000
00000000
00100000
00000000
00100000
10000000
01000000
00000000
,
00100000
10000000
01000000
00000000
01000000
00010000
00001000
00000000
,
00001000
00000100
00000001
00000010
,
00000010
00000001
00000100
00001000
,
00001000
00010000
01000000
10000000
,
00100000
00010000
00001000
00000010
,
00000000
00000000
00000000
00000000
,
00000001
00001000
00000100
00000000
00000100
00010000
00001000
00000000
,
00100000
00010000
01000000
00000000
00100000
00000000
10010000
00000000
,
10000000
00010000
01000000
00000000
01000000
00001000
00010000
00000000
,
00000010
00001000
00000100
00000000
00000010
00000000
00001001
00000000
,
00000100
00000000
00000100
00000000
00000001
00001000
00000100
00000000
,
00010000
00000000
00001000
00000000
00001000
00010000
01000000
00000000
,
10000000
00000000
00010000
00000000
,
00100000
10000000
01000000
00000000
00100000
00000000
10010000
00000000
,
01000000
00000000
00010000
00000000
00001000
00000100
00000100
00000000
,
00000100
00000000
00001000
00000000
00010000
01000000
01000000
00000000
,
10000000
00010000
01000000
00000000
01000000
10000000
01000000
00000000
,
01000000
00000000
00010000
00000000
00001000
00000100
00000100
00000000
,
00001000
00000001
00000100
00001000
,
00010000
01000000
10000000
00010000
,
10000000
00000000
00010000
00000000
10000000
00000000
00010000
10000000
,
00000000
01000000
00010000
00001000
00000000
01100000
00000000
00000000
,
00010000
00000000
00001000
00000000
00001000
00000100
00000001
00000000
,
00000001
00001000
00000100
00000000
00001001
00000000
00000101
00000000
,
00000010
00001000
00000100
00010000
,
00001000
00000000
00100000
00000000
00010000
10000000
01000000
00000000
,
00100000
00000000
00010000
00000000
00001000
00010000
01000000
00000000
,
00001000
00010000
01000000
00000000
00010000
00000000
00001100
00000000
,
00000010
00001000
00000100
00000000
00000001
00001000
00000100
00000000
,
00010000
00000000
00001000
00000000
00100000
00001000
00010000
00000000
,
00010100
00000000
00001000
00000000
00000010
00000001
00000100
00000000
,
00001000
00000001
00000100
00000000
00001000
00000000
01001000
00000000
,
00011000
00000000
00100000
00000000
00100000
10000000
01000000
00000000
,
00010000
10000000
01000000
00000000
00010000
00000000
00010010
00000000
,
00000010
00001000
00000100
00000000
00000010
00001000
00000100
00000000
,
00000010
00001000
00000100
00000000
00011000
00000000
01001000
00000000
,
00100000
00010000
01000000
00000000
00100000
00010000
01000000
00000000
,
00100000
00010000
01000000
00000000
10010000
00000000
11000000
00000000
,
00100000
00000000
00010000
00000000
,
01000000
00001000
00010000
00000000
,
00000010
00000000
00001000
00000000
,
00000001
00000000
00000100
00000000
00001000
00000000
00010000
01000000
,
10000000
00000000
01010000
00000000
00100000
10000000
01000000
00000000
,
00010000
10000000
01000000
00000000
00010000
00000000
00010100
00000000
,
00000010
00000001
00000100
00001000
,
00010000
01000000
00100000
00010000
10000000
01000000
00100000
00000000
,
00010000
00000000
11000000
00000000
10000000
01000000
00010000
00000000
,
00010000
00001000
00000100
00000000
00000001
00001000
00000100
00000000
,
00000010
00000001
00000100
00000000
00000001
00000000
00001100
00000000
,
00000001
00000000
00000100
00000000
00001000
00010000
00001000
00000000
,
00100000
01010000
00010000
11000000
,
01000000
00010000
00001000
00000100
,
00000001
00000010
00000001
00000000
00000001
00000000
00000100
00000000
,
00001000
00000000
00010000
00000000
01000000
10000000
01000000
00000000
,
00100000
00001000
00000000
00010000
00001000
00000100
00000000
00000001
,
00000010
00000100
00001000
00000001
00000000
00000000
00000000
00000000
,
00000000
00000000
00000000
00000000
;

//---------------dance-double - ----------------
#NOTES:
     dance-double:
     :
     Hard:
     7:
     0.536,0.526,0.396,0.000,0.005:
00000000
00000000
00000000
00000000
,
00000000
00000000
00000000
00000000
,
00000000
00000000
00000000
00000000
,
10010000
00000000
01100000
00000000
00010000
10000000
01000000
00000000
,
00010000
10000000
01000000
00010000
00001000
00000100
00000001
00000001
,
00000010
00000000
00000100
00000000
00001000
00000001
00000100
00001000
,
00010000
00000000
01000000
00000000
10000000
01000000
00010000
01000000
,
10000000
00000000
01000000
00000000
00010000
00001000
00000100
00000001
,
00000010
00000001
00000100
00001000
00010000
00001000
00000100
00000000
,
00000000
00000000
00000000
00001001
00000000
00000000
00000000
00000000
,
00001000
00010000
01000000
00000000
00001000
00010000
01000000
00000000
,
00001000
00010000
01000000
10000000
00100000
00010000
00001000
00000000
,
00100000
00010000
00001000
00000000
00100000
00010000
00001000
00000000
,
00100000
00010000
00001000
00000010
00000001
00000100
00001000
00000000
,
00001000
00010000
01000000
00000000
00010000
00001000
00000100
00000000
,
00001000
00010000
01000000
00000000
00010000
00001000
00000100
00000000
,
00001000
00010000
01000000
10000000
,
00100000
00010000
00011000
00010100
,
00001000
00000100
00000001
00000010
00000001
00000100
00001000
00000000
,
00001000
00010000
01000000
10000000
00100000
10000000
01000000
00000000
,
00010000
10000000
01000000
00100000
00001000
00010000
01000000
00000000
,
00010000
00001000
00000100
00000000
00001100
00000000
00001001
00000000
,
00000010
00000001
00000100
00000000
00000001
00001000
00000100
00000000
,
00000010
00000001
00000100
00001000
00010000
00001000
01000000
00000000
,
10100000
00000000
11000000
00000000
10010000
00000000
00011000
00011000
,
00000000
00000010
00001000
00000100
00000000
00001001
00000000
00000000
,
00000101
00000000
00001001
00000000
00000010
00000001
00000100
00000000
,
00001000
00010000
01000000
10000000
00010000
10000000
01000000
00000000
,
00100000
00010000
01000000
00000000
00001000
00100000
01000000
00000000
,
00010000
00001000
00000100
00000001
00001000
00000001
00000100
00000000
,
00001001
00000000
00000100
00000000
00000010
00010000
00001000
00000000
,
00001000
00010000
00100000
10000000
01000000
00010000
00001000
00000000
,
00000010
00010000
00001000
00000000
00000010
00010000
00001000
00000000
,
00000010
00000001
00000100
00000000
00001000
00000000
00000101
00000000
,
00001001
00000000
00000101
00000000
00000010
00001000
00000100
00000000
,
00010100
00000000
00011000
00000000
00010000
01000000
10000000
00000000
,
10010000
00000000
01010000
00000000
00100000
10000000
01000000
00000000
,
10000000
01000000
00010000
00001000
00000100
00000001
00000010
00000000
,
00001001
00000101
00000000
00000100
00000100
00000000
00001000
00010000
,
00000000
00010000
01000000
00000000
10000000
00010000
01000000
00000000
,
10010000
11000000
00000000
01000000
01000000
00000000
00010000
00001000
,
00000000
00001000
00000100
00000001
00000010
00000100
00001000
00000000
,
00000001
00000000
00000001
00000000
,
00000001
00000100
00001000
00010000
01000000
10000000
00010000
01100000
,
01100000
00000000
10000000
00000000
,
10010000
00000000
00000000
01000000
10000000
00000000
01000000
00000000
00010000
00000000
00001000
00000000
00000100
00000000
00000000
00000000
,
00001001
00000000
00000100
00000000
00000001
00001000
00000100
00000000
,
00000010
00010000
00001000
00000000
00110000
00000000
10010000
00000000
,
00100000
10000000
01000000
00000000
00010000
00001000
01000000
00000000
,
00000010
00010000
00001000
00000100
00000010
00010000
00000100
00000000
,
00001010
00000000
00001001
00000000
00000010
00000001
00000100
00000000
,
00000101
00000000
00000010
00001000
00000100
00010000
00001000
00000000
,
00100000
00010000
10000000
01000000
,
01000000
00010000
00001000
00000100
00000001
00000010
00000100
00000000
,
00000001
00000000
00000101
00000000
00000010
00010000
00001000
00000000
,
00000010
00010000
00001000
00000000
00100000
00000000
01010000
00000000
,
00100000
10000000
01000000
00010000
00001000
00010000
00000100
00000000
,
00000010
00000000
00000001
00000000
00000001
00000100
00001000
00000000
,
00010000
00010000
00000000
01000000
10000000
00100000
00000000
00010000
,
00001000
00000010
00000001
00000100
00000000
00000000
00000000
00000000
,
00000000
00000000
00000000
00000000
;
