#TITLE:DIVE(more deep & deeper style);
#SUBTITLE:;
#ARTIST:BeForU;
#TITLETRANSLIT:;
#SUBTITLETRANSLIT:;
#ARTISTTRANSLIT:;
#CREDIT:;
#BANNER:DIVE(more deep & deeper style).png;
#BACKGROUND:DIVE(more deep & deeper style)-bg.png;
#LYRICSPATH:;
#CDTITLE:./CDTITLES/DANCE DANCE REVOLUTION HOME VERSION.PNG;
#MUSIC:DIVE(more deep & deeper style).ogg;
#OFFSET:0.000;
#SAMPLESTART:40.210;
#SAMPLELENGTH:15.000;
#SELECTABLE:YES;
#DISPLAYBPM:155.000;
#BPMS:0.000=158.472,4.000=155.003;
#STOPS:;
#BGCHANGES:;

//---------------dance-single - ----------------
#NOTES:
     dance-single:
     :
     Beginner:
     1:
     0.154,0.254,0.010,0.000,0.000:
0000
0000
0000
0000
,
0000
0000
0000
0000
,
0000
0000
0000
0000
,
0000
0000
0000
0000
,
0000
0000
0000
0000
,
0000
1000
0000
0000
,
0000
0001
0000
0000
,
0000
0001
0000
0100
,
0000
1000
0000
0010
,
0000
0000
0000
0000
,
0000
0100
0000
0100
,
0000
0100
0000
0100
,
0000
0010
0000
0010
,
0000
0010
0000
0010
,
0000
1000
0000
1000
,
0000
0001
0000
0001
,
0000
0100
0100
0100
,
0000
0010
0010
0010
,
0010
0000
0000
0000
,
0100
0000
0000
0000
,
0001
0000
0000
0000
,
1000
0000
0000
0000
,
0100
0000
0000
0000
,
0100
0000
0000
0000
,
0001
0000
0001
0000
,
1000
0000
0000
0000
,
0010
0010
0010
0010
,
0010
0010
0010
0000
,
1000
0000
1000
0000
,
0001
0000
1000
0000
,
0100
0100
0100
0000
,
0001
0000
1000
0000
,
0001
0000
1000
0000
,
0010
0010
0010
0000
,
0100
0000
0000
0000
,
0100
0000
0000
0000
,
0001
0000
0000
0000
,
1000
0000
0000
0000
,
1000
0000
0000
0000
,
0001
0000
0000
0000
,
1000
0000
0000
0000
,
0001
0000
0000
0000
,
0100
0000
0000
0000
,
0000
0000
0000
0100
,
0100
0000
0001
0000
,
1000
0000
1000
0000
,
0010
0000
0100
0000
,
0001
0000
1000
0000
,
0010
0000
0100
0000
,
0001
0001
0001
0000
,
1000
0000
0100
0000
,
0001
0000
0010
0000
,
1000
0000
1000
0000
,
0001
0000
0001
0000
,
0100
0000
0001
0000
,
1000
0000
0010
0000
,
0100
0000
0100
0000
,
1000
1000
1000
1000
,
1000
0000
0001
0000
,
1000
0000
0001
0000
,
1000
0000
0001
0000
,
1000
0000
1001
0000
,
0000
0000
0000
0000
;

//---------------dance-single - ----------------
#NOTES:
     dance-single:
     :
     Easy:
     3:
     0.232,0.286,0.031,0.000,0.000:
0000
0000
0000
0000
,
0000
0000
0000
0000
,
0000
0000
0000
0000
,
0000
0000
0000
0000
,
0000
0000
0000
0000
,
1000
0001
0100
0000
,
0001
1000
0100
0000
,
0001
0000
0100
0000
,
1000
0000
0010
0000
,
0000
0000
0000
0000
,
0000
0001
0000
1000
,
0001
0100
0001
0000
,
1000
0000
0001
0000
,
1000
0100
1000
0000
,
0001
1000
0001
0100
,
1000
0001
1000
0100
,
0001
0000
0100
0000
,
0010
0001
0100
0100
,
0010
0000
0000
0000
,
0100
0000
0000
0000
,
0010
0000
0001
0000
,
1000
0000
0000
0000
,
0010
0001
0001
0100
,
0100
1000
1000
0000
,
0010
0000
0001
0000
,
0100
0000
1001
0110
,
0010
0000
0010
0000
,
1000
0001
0100
0000
,
1000
0000
0001
0000
,
1000
0001
1000
0100
,
0010
0000
0100
0000
,
0001
0000
1000
0000
,
0010
0001
0100
1000
,
0001
0001
0001
0001
,
1000
0000
0100
0000
,
0001
0000
0100
0000
,
0001
0000
0100
0000
,
1000
0000
0100
0000
,
1000
0100
0100
0000
,
0001
0100
0100
0000
,
1000
1000
0100
0000
,
0001
0001
0100
1000
,
0010
0000
0000
0000
,
0100
0000
0100
0000
,
1000
0000
0001
0000
,
1000
0001
1000
0100
,
0010
0000
0100
0000
,
0001
0000
1000
0000
,
0010
0001
0100
1000
,
0001
0001
0001
0001
,
0010
0000
0010
0000
,
0001
1000
0100
0000
,
0001
0000
1000
0000
,
0001
1000
0001
0100
,
0010
0000
0100
0000
,
1000
0000
0001
0000
,
0010
1000
0100
0001
,
1000
1000
1000
1000
,
1000
0100
0001
0100
,
1000
0100
0001
0100
,
1000
0100
0001
0100
,
1000
0100
1001
0000
,
0000
0000
0000
0000
;

//---------------dance-single - ----------------
#NOTES:
     dance-single:
     :
     Medium:
     5:
     0.372,0.381,0.228,0.000,0.000:
0000
0000
0000
0000
,
0000
0000
0000
0000
,
0000
0000
0000
0000
,
0000
0000
0000
0000
,
0000
0000
0000
0000
,
0010
0001
1000
0101
,
0010
1000
0001
1100
,
0001
0100
0001
1000
,
0001
0000
1000
0000
0001
1000
0001
0100
,
0000
0000
0000
0000
,
0001
0110
0100
1001
,
1000
0001
0100
0100
,
0001
1000
0100
0000
0001
0000
0100
0000
,
0001
1000
0100
0100
,
0010
0101
1000
0001
,
0010
1100
0001
1000
,
1000
0001
0100
0000
1000
0000
0100
0000
,
0001
0000
0100
0000
1000
0001
0100
0000
,
0010
0000
0000
0000
,
1001
0000
0100
0000
,
0010
1000
0001
0100
,
1000
0000
0001
0000
1000
0000
0001
1000
,
0100
1000
0001
1100
,
1000
0000
0101
0000
1000
0000
0100
0010
,
0100
0000
0000
1000
0001
0000
0000
1000
,
0000
0001
1000
0001
0000
0100
0000
0000
,
0010
0101
1000
0001
,
0100
0001
1000
0100
,
1000
0001
0100
0000
0001
0000
0100
0000
,
1000
1100
0001
0100
,
1000
0000
1000
0000
0001
0100
0001
0000
,
0010
0001
0100
1100
,
0010
0000
1000
0000
0001
1000
0100
0000
,
0001
0001
0001
0001
,
1001
0010
0001
0001
,
0010
0001
1000
1100
,
0000
0010
1000
1000
,
0010
1000
0001
0101
,
1000
1000
0001
0001
,
0010
0001
1000
1100
,
0010
0010
1000
1000
,
0010
0000
1000
0000
0001
1000
0001
1000
,
0000
0000
0000
0000
,
0000
0000
0000
0000
0000
0001
1000
0000
,
0010
0101
1000
0001
,
0100
0001
1000
0100
,
1000
0100
0001
0100
,
1000
1100
0001
0100
,
1000
0000
1000
0000
0001
0100
0001
0000
,
0010
0001
0100
1100
,
0010
1100
0001
1000
,
0100
1000
0001
0100
,
0001
1000
0100
0000
1000
0000
0100
0000
,
0001
0101
1000
0100
,
0001
0000
0001
0000
1000
0100
1000
0000
,
0010
0001
0100
1100
,
0010
0000
1000
0000
0001
1000
0100
0000
,
1000
0000
1000
0001
0000
0100
0100
0000
,
1000
1000
0001
0100
,
1000
0000
0100
0000
0001
1000
0100
0000
,
1000
0100
0001
0100
,
1000
0001
1000
0100
0000
0000
0000
0000
,
0000
0000
0000
0000
;

//---------------dance-single - ----------------
#NOTES:
     dance-single:
     :
     Hard:
     7:
     0.522,0.508,0.321,0.000,0.000:
0000
0000
0000
0000
,
0000
0000
0000
0000
,
0000
0000
0000
0000
,
0000
0000
0000
0000
,
0000
0000
0000
0000
,
0010
1000
0101
0000
1000
0000
0100
0000
,
0010
0100
1000
0000
0001
0000
1100
0000
,
0001
1000
0100
0000
0001
1000
0100
0000
,
0001
1000
0100
0000
0001
1000
0100
0001
,
0000
0000
0000
0000
,
0001
0000
0110
0000
0100
0010
1000
0000
,
1000
0000
0001
0000
0100
0010
0100
0000
,
0001
1000
0100
0000
0001
0000
1100
0000
,
0001
0100
1000
0000
0100
0000
0100
0000
,
0010
1000
0101
0000
1000
0000
0001
0000
,
0010
0001
1100
0000
0001
0000
1000
0000
,
1000
0001
0100
0000
0001
1000
0100
0000
,
0001
1000
0100
1000
0010
0100
0001
0100
,
1000
0000
0001
0000
,
1000
0001
1000
0000
0001
0000
0100
0000
,
0010
0001
1000
0000
0001
0000
0100
0000
,
1000
0100
0001
0000
1000
0000
0001
1000
,
0101
1000
0001
1100
,
1000
0000
0101
0000
1000
0000
0100
0010
,
1001
0000
0000
1000
0110
0000
0000
1100
,
0000
0010
1000
0001
0000
0110
0000
0000
,
0010
1000
0100
0000
1000
0000
0001
0000
,
0100
0001
1000
0010
0100
0001
0100
0010
,
1000
0001
1000
0000
1000
0001
1100
0000
,
1000
0001
1000
0100
0010
0100
1000
0010
,
1000
0001
1000
0000
0001
0100
0001
0000
,
0010
0001
1000
0010
0100
0001
1000
0100
,
0010
0001
1000
0000
0001
1000
0100
0000
,
0001
0010
0001
1000
0001
0100
0001
1000
,
0010
1000
0000
0001
0000
0100
0000
1000
,
0010
0001
0000
1000
0000
0100
0000
0001
,
0010
1000
0100
0001
0000
0100
0000
1100
,
0010
0001
0100
1000
0000
0100
0000
1100
,
0010
0001
0100
0000
0010
0100
1000
0000
,
0100
0010
0100
0000
0001
1000
0100
0000
,
0010
0100
1000
0000
1000
0001
0100
0000
,
0010
1000
0001
0000
0001
1000
0001
1000
,
0010
0101
1000
0001
,
0010
0100
1000
0001
0000
1001
0000
0000
,
1000
0001
1000
0000
1000
0001
1100
0000
,
1000
0100
1000
0100
0010
0001
0100
0010
,
1000
0001
1000
0000
0001
0100
0001
0000
,
0010
0001
1000
0010
0100
0001
1000
0100
,
0010
0001
1000
0000
0001
1000
0100
1000
,
0001
0010
0100
1000
0010
0100
0001
1000
,
0001
0010
0100
1000
0010
0100
0001
0000
,
0001
0010
0100
1000
0000
1001
0000
1000
,
0001
1000
0100
0010
0100
0000
1000
0000
,
0001
1000
0101
0000
1000
0001
0100
0000
,
0001
1000
0010
0100
0001
0100
0001
0000
,
0010
1000
0001
0000
0100
0000
1100
0000
,
0010
0001
1000
0000
0001
1000
0100
0000
,
1001
0000
1000
0101
0000
0001
1100
0000
,
1001
0000
1000
0000
0001
1000
0100
0000
,
1000
0000
0101
0000
0001
1000
0100
0000
,
1000
0101
0001
1100
,
1000
0001
0101
1100
0000
0000
0000
0000
,
0000
0000
0000
0000
;

//---------------dance-double - ----------------
#NOTES:
     dance-double:
     :
     Easy:
     2:
     0.213,0.318,0.072,0.000,0.000:
00000000
00000000
00000000
00000000
,
00000000
00000000
00000000
00000000
,
00000000
00000000
00000000
00000000
,
00000000
00000000
00000000
00000000
,
00000000
00000000
00000000
00000000
,
00011000
00010000
00010000
00000000
,
00011000
00001000
00001000
00000000
,
00000010
00000000
00001000
00000000
,
00010000
00000000
01000000
00000000
,
00000000
00000000
00000000
00000000
,
00000000
00010000
00000000
01000000
,
00010000
01000000
00010000
00000000
,
01000000
00000000
00000000
00000000
,
00010000
00001000
00000010
00000000
,
00000010
00000000
00000000
00000000
,
00001000
00000010
00001000
00000000
,
00001000
00000000
00000100
00000000
,
00000010
00000010
00001000
00001000
,
00010000
00000000
00000000
00000000
,
01000000
00000000
00000000
00000000
,
00100000
00000000
00000000
00000000
,
00010000
00000000
00000000
00000000
,
00100000
00010000
00010000
00001000
,
00001000
00000100
00000100
00000000
,
00000010
00000000
00001000
00000000
,
00000100
00000000
00011000
00011000
,
00000010
00000000
00000000
00000000
,
00001000
00010000
00000100
00000000
,
00001000
00000000
00001000
00000000
,
00001000
00010000
01000000
00000000
,
00010000
00000000
01000000
00000000
,
00010000
00000000
00001000
00000000
,
00000010
00001000
00010000
01000000
,
00010000
00010000
00010000
00010000
,
00001000
00000000
00000000
00000000
,
00000010
00000000
00000000
00000000
,
00001000
00000000
00010000
00000000
,
00001000
00000000
01000000
00000000
,
00100000
00010000
00010000
00000000
,
00001000
00000100
00000100
00000000
,
00001000
00001000
00010000
00000000
,
00010000
00010000
00000100
00001000
,
00010000
00000000
00000000
00000000
,
00000000
00000000
00000000
00000000
,
00000010
00000000
00010000
00000000
,
00001000
00010000
00001000
00010000
,
01000000
00000000
00000000
00000000
,
00010000
00000000
00001000
00000000
,
00000010
00000000
00010000
00010000
,
00001000
00010000
00001000
00010000
,
00000010
00000000
00000010
00000000
,
00001000
00010000
00000100
00000000
,
00001000
00000000
00001000
00000000
,
00001000
00010000
01000000
00000000
,
00010000
00000000
01000000
00000000
,
00010000
00000000
00001000
00000000
,
00000010
00001000
00010000
01000000
,
00010000
00010000
00010000
00010000
,
00001000
00001000
01000000
00000000
,
00001000
00010000
00000100
00000000
,
00100000
00010000
00001000
00000100
,
00011000
00011000
00011000
00000000
,
00000000
00000000
00000000
00000000
;

//---------------dance-double - ----------------
#NOTES:
     dance-double:
     :
     Medium:
     5:
     0.374,0.444,0.259,0.000,0.000:
00000000
00000000
00000000
00000000
,
00000000
00000000
00000000
00000000
,
00000000
00000000
00000000
00000000
,
00000000
00000000
00000000
00000000
,
00000000
00000000
00000000
00000000
,
00100000
10000000
00010000
11000000
,
00010000
00001000
00000100
00000101
,
00001000
00000100
00001000
00000001
,
00000010
00000000
00000100
00000000
00010000
00001000
00010000
00000100
,
00000000
00000000
00000000
00000000
,
00010000
00011000
01000000
01100000
,
00010000
10000000
01000000
01000000
,
10000000
00010000
01000000
00000000
00010000
00000000
10000000
00000000
,
01000000
00010000
00001000
00001000
,
00010000
00011000
00001000
00000100
,
00000001
00001001
00000010
00000100
,
00001000
00000001
00000100
00000000
00000010
00000000
00000100
00000000
,
00000001
00000000
00001000
00000000
00000010
00001000
00000100
00000000
,
00001000
00000000
00000000
00000000
,
00011000
00000000
00000000
00000000
,
00100000
10000000
00010000
01000000
,
10000000
00000000
01000000
00000000
10000000
00000000
00010000
10000000
,
01000000
00010000
00001000
00011000
,
01000000
00000000
00011000
00000000
00000100
00000000
00000010
00000100
,
00000010
00000000
00000000
00001000
00000001
00000000
00000000
00001000
,
00000000
00000010
00000100
00001000
00000000
00010000
00000000
00000000
,
00010000
01010000
01000000
10000000
,
00010000
01000000
10000000
00100000
,
00010000
00001000
00000100
00000000
00000001
00000000
00000010
00000000
,
00000100
00000101
00001000
00001100
,
00001000
00000000
00000010
00000000
00000100
00000001
00000100
00000000
,
00000001
00000100
00001000
00011000
,
00010000
00000000
01000000
00000000
10000000
00010000
01000000
00000000
,
00100000
00010000
00001000
00000100
,
00001001
00000001
00001000
00001000
,
00010000
01000000
10000000
11000000
,
00000000
00100000
10000000
10000000
,
00100000
00010000
00001000
01000000
,
00100000
10000000
01000000
00010000
,
00000010
00001000
00010000
00000100
,
00000010
00000001
00000100
00001000
,
00001000
00000000
00010000
00000000
00001000
00010000
00001000
00010000
,
00000000
00000000
00000000
00000000
,
00000000
00000000
00000000
00000000
00000000
00010000
00001000
00000000
,
01000000
00011000
00001000
00000100
,
00000001
00000010
00000100
00001000
,
00000010
00000010
00001000
00010000
,
01000000
01100000
10000000
00010000
,
01000000
00000000
00010000
00000000
10000000
00010000
10000000
00000000
,
10010000
01010000
00001010
00000110
,
00000010
00000100
00000001
00001000
,
00001100
00000101
00000001
00000100
,
00000010
00000100
00001000
00000000
00010000
00000000
01000000
00000000
,
10000000
11000000
00010000
01000000
,
00100000
00000000
00100000
00000000
10000000
01000000
10000000
00000000
,
01000000
00010000
00001000
00011000
,
00001000
00000000
00000100
00000000
00000001
00001000
00000100
00000000
,
00000010
00000000
00001000
00010000
00000000
00000100
00010000
00000000
,
00001000
00001000
00010000
01000000
,
10000000
00100000
00010000
01000000
,
10000000
01000000
00010000
00001000
,
00010000
00001000
00010000
00000100
00000000
00000000
00000000
00000000
,
00000000
00000000
00000000
00000000
;

//---------------dance-double - ----------------
#NOTES:
     dance-double:
     :
     Hard:
     6:
     0.473,0.508,0.279,0.000,0.000:
00000000
00000000
00000000
00000000
,
00000000
00000000
00000000
00000000
,
00000000
00000000
00000000
00000000
,
00000000
00000000
00000000
00000000
,
00000000
00000000
00000000
00000000
,
10000000
01010000
00100000
00001000
,
00100000
00010000
00000000
00000100
00000000
00000000
00000000
00000001
,
00000001
00000010
00000000
00000100
00000100
00001000
00000000
01000000
,
00100000
00010000
00000000
00000100
00010000
00001000
00010000
00000100
,
00000000
00000000
00000000
00000000
,
00001000
00000000
00000110
00000000
00000001
00000010
00000100
00000000
,
00000001
00000000
00001000
00000000
00000010
00000100
00000010
00000000
,
00001000
00010000
00001000
00000000
00010000
00000000
00001100
00000000
,
00000001
00001000
00010000
01010000
,
00001000
00010000
01000000
00000000
10000000
00000000
00010000
00000000
,
00100000
00010000
00001000
00000000
00000100
00000000
00000001
00000000
,
00000101
00000000
00001100
00000000
00001000
00000010
00000100
00000000
,
00000001
00000010
00000100
00000000
00010000
00001000
00010000
00000100
,
00000010
00000000
00000000
00000000
,
00000100
00001000
00000100
00000000
00000001
00000000
00000100
00000000
,
00000010
00000001
00000100
00000000
00001000
00000000
00010000
00000000
,
00001000
00010000
00001000
00000000
01000000
00000000
00010000
00100000
,
01000000
10000000
00010000
11000000
,
00100000
00000000
00110000
00000000
00001000
00000000
00010000
00001000
,
00010000
00000000
00000000
00000010
00000100
00000000
00000000
00000101
,
00000000
00000010
00000001
00001000
00000000
00000110
00000000
00000000
,
00000001
00000100
00001000
00000000
00010000
00000000
01000000
00000000
,
10000000
00010000
01000000
00100000
01000000
00010000
00100000
01000000
,
00010000
00001000
00000100
00000000
00000001
00000000
00001100
00000000
,
00001000
00000000
00001000
00000000
00000010
00000100
00000100
00000100
,
00000001
00000100
00001000
00000000
00000001
00000000
00000100
00000000
,
00000001
00000100
00001000
00100000
01000000
10000000
00010000
00000000
,
01000000
10000000
00100000
00000000
10000000
00000000
01000000
00000000
,
00010000
00001000
00000100
00000001
00001000
00000001
00000100
00000000
,
00000010
00001000
00000001
00000000
00001000
00000000
00000101
00000000
,
00000010
00000001
00001000
00000000
00000001
00000000
00001100
00000000
,
00000010
00001000
00000100
00000000
00010000
00000000
00110000
00000000
,
00100000
00001000
00010000
00000000
10000000
00000000
01100000
00000000
,
10000000
00010000
01000000
00000000
10000000
00100000
10000000
00000000
,
00010000
10000000
01000000
00000000
00010000
00001000
00000100
00000000
,
00000001
00001000
00000001
00000000
00000010
00001000
00000100
00000000
,
00000100
00001000
00000010
00000000
00010000
00001000
00010000
00001000
,
00000000
00000000
00000000
00000000
,
00000000
00000000
00000000
00000000
00000000
01010000
00000000
00000000
,
00010000
01000000
00010000
00000000
00100000
00010000
01000000
00000000
,
00010000
00001000
00000010
00000100
00000001
00000010
00000100
00001000
,
00000001
00001000
00000001
00000000
00001000
00000100
00001000
00000000
,
00000010
00000100
00000010
00000100
00001000
00010000
01000000
00000000
,
00100000
00010000
10000000
00000000
00010000
10000000
01000000
10000000
,
00010000
00100000
01000000
10000000
00100000
10000000
01010000
00000000
,
00010000
00000000
00000100
00000000
00000010
00000001
00001000
00000000
,
00000001
00000010
00000100
00001000
00000000
00001001
00000000
00000000
,
00000010
00000100
00001000
00010000
00001000
00000000
00010000
00000000
,
00100000
00000000
00010000
00000000
00100000
10000000
01000000
00100000
,
00010000
10100000
01000000
00010000
,
10000000
01000000
00010000
00000010
00000100
00000001
00001000
00000000
,
00000010
00001000
00000001
00000000
00000010
00001000
00000100
00000000
,
00001010
00000000
00001000
00011000
00000000
00010000
01010000
00000000
,
00010000
00000000
01000000
00000000
10000000
00010000
01000000
00000000
,
10000000
00000000
01010000
00000000
00010000
10000000
01000000
00000000
,
00010000
00011000
00000100
00001100
,
00000001
00001000
00001100
00000101
00000000
00000000
00000000
00000000
,
00000000
00000000
00000000
00000000
;
