#TITLE:diving money;
#SUBTITLE:;
#ARTIST:QUADRA;
#TITLETRANSLIT:;
#SUBTITLETRANSLIT:;
#ARTISTTRANSLIT:;
#CREDIT:;
#BANNER:diving money.png;
#BACKGROUND:diving money-bg.png;
#LYRICSPATH:;
#CDTITLE:./CDTITLES/DANCE DANCE REVOLUTION CLUB VERSION.PNG;
#MUSIC:diving money.mp3;
#OFFSET:-0.065;
#SAMPLESTART:51.200;
#SAMPLELENGTH:12.000;
#SELECTABLE:YES;
#DISPLAYBPM:150.000;
#BPMS:0.000=149.910;
#STOPS:;
#BGCHANGES:;

//---------------dance-single - ----------------
#NOTES:
     dance-single:
     :
     Easy:
     4:
     0.348,0.392,0.467,0.000,0.000:
0000
0000
0000
0000
,
0000
0000
0000
0000
,
0000
0000
0000
0000
,
0000
0000
0000
0000
,
1001
0001
0100
1000
,
0010
0001
1000
1000
,
1001
0001
0100
1000
,
0010
0001
1000
1000
,
1001
0001
0100
1000
,
0010
0001
0100
1000
,
0110
0001
0100
0001
,
0010
0010
0001
0100
,
1001
1000
0100
0001
,
0010
1000
0100
0001
,
0110
0010
0100
1000
,
0001
0001
1000
0001
,
0010
0010
0100
0100
,
0001
0001
1000
1000
,
0010
0010
0100
0100
,
0001
0001
1000
1000
,
0001
1100
1000
1000
,
0001
0101
0001
0001
,
0010
0110
0100
0100
,
0001
0001
0101
1001
,
0010
0000
0000
0000
,
1000
0000
0000
0100
,
1001
0000
0000
0000
,
0100
0000
0000
0000
,
0001
0000
0000
0000
,
0010
0000
0000
0100
,
1001
0000
0000
0000
,
0110
0000
0001
0001
,
0010
1001
1100
0001
,
0010
1001
0101
1000
,
0010
1001
1100
0001
,
0010
1001
0101
1000
,
0010
1000
1000
1010
,
0010
0010
0100
0100
,
1001
0001
0100
1000
,
0001
0001
1000
1000
,
0010
1001
1100
0001
,
0010
1001
0101
1000
,
0010
1001
1100
0001
,
0010
1001
0100
1000
,
0001
0011
1100
0001
,
1000
1010
0101
0010
,
0001
0110
1100
0001
,
0100
0100
0100
0100
;

//---------------dance-single - ----------------
#NOTES:
     dance-single:
     :
     Medium:
     5:
     0.334,0.392,0.190,0.000,0.000:
0000
0000
0000
0000
,
0000
0000
0000
0000
,
0000
0000
0000
0000
,
0000
0000
0000
0000
,
0010
0000
1000
0001
0100
0000
1000
0000
,
0010
0000
0001
0001
,
0010
0000
1000
0001
0100
0000
1000
0000
,
0010
0000
0001
0001
,
0010
0000
1000
0001
0100
0000
1000
0000
,
0010
0000
1000
0001
0100
0000
1000
0000
,
0010
0000
0001
1000
0100
0000
0001
0000
,
0010
0000
0010
0000
0001
0010
0100
0000
,
0010
0000
0001
1000
0100
0000
0001
0000
,
0010
0000
0001
1000
0100
0000
0001
0000
,
0010
0000
1000
0001
0100
0000
0010
0000
,
0001
0000
0001
0000
1000
0010
0001
0000
,
0010
0010
0100
0100
,
0001
0001
1000
1000
,
0010
0010
0100
0100
,
0001
0001
1000
1000
,
0010
0001
0100
0000
1000
0000
0001
0000
,
0010
0001
0100
0000
1000
0000
0001
0000
,
1000
0010
0100
0000
1000
0000
1000
0000
,
0001
0001
0001
0001
0001
0001
0001
0000
,
0010
0000
0000
0000
,
1000
0000
0000
0100
,
1001
0000
0000
0000
,
0100
0000
0000
0000
,
0001
0000
0000
0000
,
0010
0000
0000
0100
,
1001
0000
0000
0000
,
0110
0000
0001
0001
,
0010
0000
1000
1001
0000
0000
0001
0000
,
0010
0000
1000
1001
0000
0000
0001
0000
,
0010
0000
1000
1010
0000
0000
0001
0000
,
0010
0000
0001
1001
0000
0000
1000
0000
,
0010
1000
0001
0100
,
0010
0100
0001
1000
,
1001
0010
0100
0010
,
0001
0001
1000
1000
,
0010
0000
1000
1001
0000
0000
0001
0000
,
0010
0000
0100
0110
0000
0000
0001
0000
,
1000
0000
0010
0101
0000
0000
0001
0000
,
1000
0000
0001
1010
0000
0000
0100
0000
,
0001
0000
0100
1010
0000
0000
0001
0000
,
0100
0000
1000
0101
0000
0000
0010
0000
,
1000
0000
0010
1001
0000
0000
0100
0000
,
0001
0001
0001
0001
;

//---------------dance-single - ----------------
#NOTES:
     dance-single:
     :
     Hard:
     7:
     0.431,0.483,0.303,0.000,0.038:  // measure 1
0000
0000
0000
0000
,  // measure 2
0000
0000
0000
0000
,  // measure 3
0000
0000
0000
0000
,  // measure 4
0000
0000
0000
0000
,  // measure 5
0010
0000
1000
0001
0100
0010
1000
0000
,  // measure 6
0010
0000
0000
0000
0000
0000
0001
0000
0000
0001
0000
0000
1001
0000
0000
0000
,  // measure 7
0010
0000
1000
0001
0100
0010
1000
0000
,  // measure 8
0010
0000
0000
0000
0000
0000
1000
0000
0000
1000
0000
0000
1010
0000
0000
0000
,  // measure 9
0010
0000
1000
0001
0100
0010
1000
0000
,  // measure 10
0010
0000
1000
0001
0100
0010
1000
0000
,  // measure 11
0001
0000
1000
0010
0100
0001
1000
0000
,  // measure 12
0010
0000
0010
0000
0001
0010
0100
0000
,  // measure 13
0010
0000
0001
1000
0100
0010
0001
0000
,  // measure 14
0010
0000
0001
1000
0100
0010
0001
0000
,  // measure 15
1000
0000
0001
0010
0100
1000
0001
0000
,  // measure 16
0001
0000
0001
0000
1000
0010
0001
0000
,  // measure 17
1000
0000
0000
0001
0000
0000
1000
0000
0000
0000
0000
0000
0100
0000
0000
0000
,  // measure 18
0001
0101
1000
1100
,  // measure 19
0001
0000
0000
1000
0000
0000
0001
0000
0000
0000
0000
0000
0010
0000
0000
0000
,  // measure 20
1000
1100
0001
0101
,  // measure 21
0010
0001
0100
0000
1000
1000
1001
0000
,  // measure 22
0010
0001
0100
0000
1000
1000
1100
0000
,  // measure 23
0001
0010
0100
0000
1000
1000
1001
0000
,  // measure 24
0001
1000
0001
1000
0001
0010
0001
0010
,  // measure 25
0010
0000
0000
0000
,  // measure 26
1000
0000
0000
0100
,  // measure 27
1010
0000
0000
0000
,  // measure 28
0100
0000
0000
0000
,  // measure 29
0001
0000
0000
0000
,  // measure 30
0010
0000
0000
0100
,  // measure 31
1010
0000
0000
0000
,  // measure 32
0101
0000
0001
0001
,  // measure 33
0010
0000
1000
1001
1000
0001
1000
0000
,  // measure 34
0010
0000
1000
1001
1000
0001
1000
0000
,  // measure 35
0010
0000
1000
1010
1000
0010
1000
0000
,  // measure 36
0010
0000
0001
1001
0001
1000
0001
0000
,  // measure 37
0010
0000
1000
0100
0000
0001
0010
0000
,  // measure 38
0010
0000
1000
0100
0000
0001
0010
0000
,  // measure 39
1001
0000
0010
0001
0000
1000
0100
0000
,  // measure 40
0001
0010
0001
0010
0001
0010
0001
0010
,  // measure 41
0010
0000
1000
1001
0001
1000
0001
0000
,  // measure 42
0010
0000
0100
0110
0010
0100
0010
0000
,  // measure 43
1000
0000
0001
0101
0001
0100
0001
0000
,  // measure 44
1000
0000
0010
1010
0010
1000
0010
0000
,  // measure 45
0001
0000
1000
1010
0010
1000
0010
0000
,  // measure 46
1000
0000
0100
1001
0001
1000
0001
0000
,  // measure 47
1000
0000
0010
1001
1000
0001
1000
0000
,  // measure 48
0100
1000
0000
0000
0100
1000
0000
0000
0100
0000
0000
0000
1000
0000
0000
0000
;

//---------------dance-double - ----------------
#NOTES:
     dance-double:
     :
     Easy:
     5:
     0.334,0.392,0.190,0.000,0.000:
00000000
00000000
00000000
00000000
,
00000000
00000000
00000000
00000000
,
00000000
00000000
00000000
00000000
,
00000000
00000000
00000000
00000000
,
00100000
00000000
10000000
01000000
00010000
00000000
00001000
00000000
,
00010000
00000000
00001000
00001000
,
00000010
00000000
00000001
00000100
00001000
00000000
00010000
00000000
,
00100000
00000000
10000000
10000000
,
00100000
00000000
10000000
01000000
00010000
00000000
00001000
00000000
,
00000010
00000000
00000001
00000100
00001000
00000000
00010000
00000000
,
00100000
00000000
10000000
01000000
00010000
00000000
00001000
00000000
,
00010000
00000000
00010000
00000000
00001000
00100000
00010000
00000000
,
00100000
00000000
10000000
01000000
00010000
00000000
00001000
00000000
,
00000010
00000000
00000001
00000100
00001000
00000000
00010000
00000000
,
00100000
00000000
10000000
01000000
00010000
00000000
00001000
00000000
,
00000010
00000000
00000010
00000000
00000100
00001000
00010000
00000000
,
00001000
00001000
00010000
00010000
,
01000000
01000000
00100000
00100000
,
00001000
00001000
00000010
00000010
,
00000100
00000100
00010000
00010000
,
00100000
10000000
00010000
00000000
00001000
00000000
00010000
00000000
,
00000010
00000001
00001000
00000000
00010000
00000000
00001000
00000000
,
00010000
00001000
00000010
00000000
00000100
00000000
00000100
00000000
,
00000001
00000001
00000001
00000001
00000001
00000001
00000001
00000000
,
00000010
00000000
00000000
00000000
,
00001000
00000000
00000000
00010000
,
00101000
00000000
00000000
00000000
,
00000100
00000000
00000000
00000000
,
00000001
00000000
00000000
00000000
,
00000010
00000000
00000000
00000100
,
00010010
00000000
00000000
00000000
,
01001000
00000000
00010000
00010000
,
00100000
00000000
10000000
10010000
00000000
00000000
01000000
00000000
,
00001000
00000000
00010000
00011000
00000000
00000000
00000100
00000000
,
00000010
00000000
00001000
00001010
00000000
00000000
00001000
00000000
,
00000100
00000000
00010000
00011000
00000000
00000000
00000100
00000000
,
00000010
00001000
01000000
10000000
,
00010000
00100000
00001000
00000100
,
00001001
00000010
00000100
00001000
,
00010000
00010000
10000000
10000000
,
00100000
00000000
10000000
10100000
00000000
00000000
00001000
00000000
,
00010000
00000000
00001000
00001010
00000000
00000000
00000100
00000000
,
00001000
00000000
00010000
01010000
00000000
00000000
00001000
00000000
,
00010000
00000000
00001000
00010100
00000000
00000000
00100000
00000000
,
00010000
00000000
10000000
01001000
00000000
00000000
00010000
00000000
,
00000100
00000000
00000010
00011000
00000000
00000000
00100000
00000000
,
01000000
00000000
00010000
00001100
00000000
00000000
00000100
00000000
,
00001000
00001000
00010000
00010000
;

//---------------dance-double - ----------------
#NOTES:
     dance-double:
     :
     Medium:
     8:
     0.431,0.483,0.303,0.000,0.038:
00000000
00000000
00000000
00000000
,
00000000
00000000
00000000
00000000
,
00000000
00000000
00000000
00000000
,
00000000
00000000
00000000
00000000
,
00100000
00000000
01000000
00010000
00001000
00010000
00000100
00000000
,
00001000
00000000
00000000
00000000
00000000
00000000
00000001
00000000
00000000
00000001
00000000
00000000
00001001
00000000
00000000
00000000
,
00000010
00000000
00000100
00001000
00010000
00001000
00100000
00000000
,
01000000
00000000
00000000
00000000
00000000
00000000
00010000
00000000
00000000
00010000
00000000
00000000
01010000
00000000
00000000
00000000
,
00100000
00000000
01000000
00010000
00001000
00010000
00000100
00000000
,
00000010
00000000
00000100
00001000
00010000
00001000
01000000
00000000
,
00100000
00000000
01000000
00010000
00001000
00010000
00000100
00000000
,
00010000
00000000
00010000
00000000
00001000
00100000
00010000
00000000
,
00100000
00000000
01000000
00010000
00001000
00010000
00000100
00000000
,
00000010
00000000
00000100
00001000
00010000
00001000
01000000
00000000
,
00100000
00000000
01000000
00001000
00010000
00000010
00000100
00000000
,
00000001
00000000
00000001
00000000
00001000
00010000
00000100
00000000
,
00001000
00000000
00000000
00100000
00000000
00000000
00001000
00000000
00000000
00000000
00000000
00000000
00010000
00000000
00000000
00000000
,
01000000
01010000
00001000
00001010
,
00010000
00000000
00000000
00000010
00000000
00000000
00010000
00000000
00000000
00000000
00000000
00000000
00001000
00000000
00000000
00000000
,
00000100
00000101
00001000
00011000
,
00100000
00010000
01000000
00000000
01000000
01000000
01001000
00000000
,
00010000
00001000
00000100
00000000
00001000
00001000
00011000
00000000
,
00100000
00010000
00001000
00000000
00000100
00000100
00001100
00000000
,
00000001
00001000
00000001
00001000
00000001
00000010
00000001
00000010
,
00000010
00000000
00000000
00000000
,
00001000
00000000
00000000
01000000
,
00011000
00000000
00000000
00000000
,
00000100
00000000
00000000
00000000
,
00000001
00000000
00000000
00000000
,
00000010
00000000
00000000
00001000
,
01010000
00000000
00000000
00000000
,
00001010
00000000
00010000
00010000
,
00100000
00000000
10000000
10010000
00010000
10000000
00010000
00000000
,
00100000
00000000
00001000
00011000
00010000
00001000
00010000
00000000
,
00000010
00000000
00001000
00001010
00000010
00001000
00000010
00000000
,
00010000
00000000
00001000
00011000
00010000
00001000
00010000
00000000
,
00000010
00000000
00001000
00010000
00000000
00100000
01000000
00000000
,
10000000
00000000
00010000
00001000
00000000
00000010
00000100
00000000
,
00001001
00000000
00000010
00000100
00000000
00010000
00001000
00000000
,
00010000
00100000
00010000
00100000
00010000
00100000
00010000
00100000
,
00100000
00000000
10000000
10100000
10000000
00100000
10000000
00000000
,
00001000
00000000
00010000
00000110
00000010
00000100
00000010
00000000
,
00010000
00000000
00100000
01010000
01000000
00010000
01000000
00000000
,
00010000
00000000
00001000
00010100
00000100
00010000
00000100
00000000
,
00100000
00000000
10000000
01001000
01000000
00001000
01000000
00000000
,
00000100
00000000
00000010
00011000
00001000
00100000
00001000
00000000
,
01000000
00000000
00100000
00010010
00000100
00000010
00000100
00000000
,
00001000
00010000
00000000
00000000
00001000
00010000
00000000
00000000
00001000
00000000
00000000
00000000
00010000
00000000
00000000
00000000
;

//---------------dance-double - ----------------
#NOTES:
     dance-double:
     :
     Hard:
     8:
     0.431,0.483,0.303,0.000,0.038:
00000000
00000000
00000000
00000000
,
00000000
00000000
00000000
00000000
,
00000000
00000000
00000000
00000000
,
00000000
00000000
00000000
00000000
,
00100000
00000000
01000000
00010000
00001000
00010000
00000100
00000000
,
00001000
00000000
00000000
00000000
00000000
00000000
00000001
00000000
00000000
00000001
00000000
00000000
00001001
00000000
00000000
00000000
,
00000010
00000000
00000100
00001000
00010000
00001000
00100000
00000000
,
01000000
00000000
00000000
00000000
00000000
00000000
00010000
00000000
00000000
00010000
00000000
00000000
01010000
00000000
00000000
00000000
,
00100000
00000000
01000000
00010000
00001000
00010000
00000100
00000000
,
00000010
00000000
00000100
00001000
00010000
00001000
01000000
00000000
,
00100000
00000000
01000000
00010000
00001000
00010000
00000100
00000000
,
00010000
00000000
00010000
00000000
00001000
00100000
00010000
00000000
,
00100000
00000000
01000000
00010000
00001000
00010000
00000100
00000000
,
00000010
00000000
00000100
00001000
00010000
00001000
01000000
00000000
,
00100000
00000000
01000000
00001000
00010000
00000010
00000100
00000000
,
00000001
00000000
00000001
00000000
00001000
00010000
00000100
00000000
,
00001000
00000000
00000000
00100000
00000000
00000000
00001000
00000000
00000000
00000000
00000000
00000000
00010000
00000000
00000000
00000000
,
01000000
01010000
00001000
00001010
,
00010000
00000000
00000000
00000010
00000000
00000000
00010000
00000000
00000000
00000000
00000000
00000000
00001000
00000000
00000000
00000000
,
00000100
00000101
00001000
00011000
,
00100000
00010000
01000000
00000000
01000000
01000000
01001000
00000000
,
00010000
00001000
00000100
00000000
00001000
00001000
00011000
00000000
,
00100000
00010000
00001000
00000000
00000100
00000100
00001100
00000000
,
00000001
00001000
00000001
00001000
00000001
00000010
00000001
00000010
,
00000010
00000000
00000000
00000000
,
00001000
00000000
00000000
01000000
,
00011000
00000000
00000000
00000000
,
00000100
00000000
00000000
00000000
,
00000001
00000000
00000000
00000000
,
00000010
00000000
00000000
00001000
,
01010000
00000000
00000000
00000000
,
00001010
00000000
00010000
00010000
,
00100000
00000000
10000000
10010000
00010000
10000000
00010000
00000000
,
00100000
00000000
00001000
00011000
00010000
00001000
00010000
00000000
,
00000010
00000000
00001000
00001010
00000010
00001000
00000010
00000000
,
00010000
00000000
00001000
00011000
00010000
00001000
00010000
00000000
,
00000010
00000000
00001000
00010000
00000000
00100000
01000000
00000000
,
10000000
00000000
00010000
00001000
00000000
00000010
00000100
00000000
,
00001001
00000000
00000010
00000100
00000000
00010000
00001000
00000000
,
00010000
00100000
00010000
00100000
00010000
00100000
00010000
00100000
,
00100000
00000000
10000000
10100000
10000000
00100000
10000000
00000000
,
00001000
00000000
00010000
00000110
00000010
00000100
00000010
00000000
,
00010000
00000000
00100000
01010000
01000000
00010000
01000000
00000000
,
00010000
00000000
00001000
00010100
00000100
00010000
00000100
00000000
,
00100000
00000000
10000000
01001000
01000000
00001000
01000000
00000000
,
00000100
00000000
00000010
00011000
00001000
00100000
00001000
00000000
,
01000000
00000000
00100000
00010010
00000100
00000010
00000100
00000000
,
00001000
00010000
00000000
00000000
00001000
00010000
00000000
00000000
00001000
00000000
00000000
00000000
00010000
00000000
00000000
00000000
;

//---------------dance-couple - ----------------
#NOTES:
     dance-couple:
     :
     Medium:
     4:
     0.697,0.784,1.000,0.000,0.000:
00000000
00000000
00000000
00000000
,
00000000
00000000
00000000
00000000
,
00000000
00000000
00000000
00000000
,
00000000
00000000
00000000
00000000
,
10011001
00010001
01000100
10001000
,
00100010
00010001
10001000
10001000
,
10011001
00010001
01000100
10001000
,
00100010
00010001
10001000
10001000
,
10011001
00010001
01000100
10001000
,
00100010
00010001
01000100
10001000
,
01100110
00010001
01000100
00010001
,
00100010
00100010
00010001
01000100
,
10011001
10001000
01000100
00010001
,
00100010
10001000
01000100
00010001
,
01100110
00100010
01000100
10001000
,
00010001
00010001
10001000
00010001
,
00100010
00100010
01000100
01000100
,
00010001
00010001
10001000
10001000
,
00100010
00100010
01000100
01000100
,
00010001
00010001
10001000
10001000
,
00010001
11001100
10001000
10001000
,
00010001
01010101
00010001
00010001
,
00100010
01100110
01000100
01000100
,
00010001
00010001
01010101
10011001
,
00100010
00000000
00000000
00000000
,
10001000
00000000
00000000
01000100
,
10011001
00000000
00000000
00000000
,
01000100
00000000
00000000
00000000
,
00010001
00000000
00000000
00000000
,
00100010
00000000
00000000
01000100
,
10011001
00000000
00000000
00000000
,
01100110
00000000
00010001
00010001
,
00100010
10011001
11001100
00010001
,
00100010
10011001
01010101
10001000
,
00100010
10011001
11001100
00010001
,
00100010
10011001
01010101
10001000
,
00100010
10001000
10001000
10101010
,
00100010
00100010
01000100
01000100
,
10011001
00010001
01000100
10001000
,
00010001
00010001
10001000
10001000
,
00100010
10011001
11001100
00010001
,
00100010
10011001
01010101
10001000
,
00100010
10011001
11001100
00010001
,
00100010
10011001
01000100
10001000
,
00010001
00110011
11001100
00010001
,
10001000
10101010
01010101
00100010
,
00010001
01100110
11001100
00010001
,
01000100
01000100
01000100
01000100
;

//---------------dance-solo - ----------------
#NOTES:
     dance-solo:
     :
     Easy:
     3:
     0.348,0.392,0.467,0.000,0.000:
000000
000000
000000
000000
,
000000
000000
000000
000000
,
000000
000000
000000
000000
,
000000
000000
000000
000000
,
100001
000001
001000
100000
,
000100
000001
100000
100000
,
100001
000001
001000
100000
,
000100
000001
100000
100000
,
100001
000001
001000
100000
,
000100
000001
001000
100000
,
001100
000001
001000
000001
,
000100
000100
000001
001000
,
100001
100000
001000
000001
,
000100
100000
001000
000001
,
001100
000100
001000
100000
,
000001
000001
100000
000001
,
000100
000100
001000
001000
,
000001
000001
100000
100000
,
000100
000100
001000
001000
,
000001
000001
100000
100000
,
000001
101000
100000
100000
,
000001
001001
000001
000001
,
000100
001100
001000
001000
,
000001
000001
001001
100001
,
000100
000000
000000
000000
,
100000
000000
000000
001000
,
100001
000000
000000
000000
,
001000
000000
000000
000000
,
000001
000000
000000
000000
,
000100
000000
000000
001000
,
100001
000000
000000
000000
,
001100
000000
000001
000001
,
000100
100001
101000
000001
,
000100
100001
001001
100000
,
000100
100001
101000
000001
,
000100
100001
001001
100000
,
000100
100000
100000
100100
,
000100
000100
001000
001000
,
100001
000001
001000
100000
,
000001
000001
100000
100000
,
000100
100001
101000
000001
,
000100
100001
001001
100000
,
000100
100001
101000
000001
,
000100
100001
001000
100000
,
000001
000101
101000
000001
,
100000
100100
001001
000100
,
000001
001100
101000
000001
,
001000
001000
001000
001000
;

//---------------dance-solo - ----------------
#NOTES:
     dance-solo:
     :
     Medium:
     4:
     0.334,0.392,0.190,0.000,0.000:
000000
000000
000000
000000
,
000000
000000
000000
000000
,
000000
000000
000000
000000
,
000000
000000
000000
000000
,
000100
000000
100000
000001
001000
000000
100000
000000
,
000100
000000
000001
000001
,
000100
000000
100000
000001
001000
000000
100000
000000
,
000100
000000
000001
000001
,
000100
000000
100000
000001
001000
000000
100000
000000
,
000100
000000
100000
000001
001000
000000
100000
000000
,
000100
000000
000001
100000
001000
000000
000001
000000
,
000100
000000
000100
000000
000001
000100
001000
000000
,
000100
000000
000001
100000
001000
000000
000001
000000
,
000100
000000
000001
100000
001000
000000
000001
000000
,
000100
000000
100000
000001
001000
000000
000100
000000
,
000001
000000
000001
000000
100000
000100
000001
000000
,
000100
000100
001000
001000
,
000001
000001
100000
100000
,
000100
000100
001000
001000
,
000001
000001
100000
100000
,
000100
000001
001000
000000
100000
000000
000001
000000
,
000100
000001
001000
000000
100000
000000
000001
000000
,
100000
000100
001000
000000
100000
000000
100000
000000
,
000001
000001
000001
000001
000001
000001
000001
000000
,
000100
000000
000000
000000
,
100000
000000
000000
001000
,
100001
000000
000000
000000
,
001000
000000
000000
000000
,
000001
000000
000000
000000
,
000100
000000
000000
001000
,
100001
000000
000000
000000
,
001100
000000
000001
000001
,
000100
000000
100000
100001
000000
000000
000001
000000
,
000100
000000
100000
100001
000000
000000
000001
000000
,
000100
000000
100000
100100
000000
000000
000001
000000
,
000100
000000
000001
100001
000000
000000
100000
000000
,
000100
100000
000001
001000
,
000100
001000
000001
100000
,
100001
000100
001000
000100
,
000001
000001
100000
100000
,
000100
000000
100000
100001
000000
000000
000001
000000
,
000100
000000
001000
001100
000000
000000
000001
000000
,
100000
000000
000100
001001
000000
000000
000001
000000
,
100000
000000
000001
100100
000000
000000
001000
000000
,
000001
000000
001000
100100
000000
000000
000001
000000
,
001000
000000
100000
001001
000000
000000
000100
000000
,
100000
000000
000100
100001
000000
000000
001000
000000
,
000001
000001
000001
000001
;

//---------------dance-solo - ----------------
#NOTES:
     dance-solo:
     :
     Hard:
     6:
     0.431,0.483,0.303,0.000,0.038:
000000
000000
000000
000000
,
000000
000000
000000
000000
,
000000
000000
000000
000000
,
000000
000000
000000
000000
,
000100
000000
100000
000001
001000
000100
100000
000000
,
000100
000000
000000
000000
000000
000000
000001
000000
000000
000001
000000
000000
100001
000000
000000
000000
,
000100
000000
100000
000001
001000
000100
100000
000000
,
000100
000000
000000
000000
000000
000000
100000
000000
000000
100000
000000
000000
100100
000000
000000
000000
,
000100
000000
100000
000001
001000
000100
100000
000000
,
000100
000000
100000
000001
001000
000100
100000
000000
,
000001
000000
100000
000100
001000
000001
100000
000000
,
000100
000000
000100
000000
000001
000100
001000
000000
,
000100
000000
000001
100000
001000
000100
000001
000000
,
000100
000000
000001
100000
001000
000100
000001
000000
,
100000
000000
000001
000100
001000
100000
000001
000000
,
000001
000000
000001
000000
100000
000100
000001
000000
,
100000
000000
000000
000001
000000
000000
100000
000000
000000
000000
000000
000000
001000
000000
000000
000000
,
000001
001001
100000
101000
,
000001
000000
000000
100000
000000
000000
000001
000000
000000
000000
000000
000000
000100
000000
000000
000000
,
100000
101000
000001
001001
,
000100
000001
001000
000000
100000
100000
100001
000000
,
000100
000001
001000
000000
100000
100000
101000
000000
,
000001
000100
001000
000000
100000
100000
100001
000000
,
000001
100000
000001
100000
000001
000100
000001
000100
,
000100
000000
000000
000000
,
100000
000000
000000
001000
,
100100
000000
000000
000000
,
001000
000000
000000
000000
,
000001
000000
000000
000000
,
000100
000000
000000
001000
,
100100
000000
000000
000000
,
001001
000000
000001
000001
,
000100
000000
100000
100001
100000
000001
100000
000000
,
000100
000000
100000
100001
100000
000001
100000
000000
,
000100
000000
100000
100100
100000
000100
100000
000000
,
000100
000000
000001
100001
000001
100000
000001
000000
,
000100
000000
100000
001000
000000
000001
000100
000000
,
000100
000000
100000
001000
000000
000001
000100
000000
,
100001
000000
000100
000001
000000
100000
001000
000000
,
000001
000100
000001
000100
000001
000100
000001
000100
,
000100
000000
100000
100001
000001
100000
000001
000000
,
000100
000000
001000
001100
000100
001000
000100
000000
,
100000
000000
000001
001001
000001
001000
000001
000000
,
100000
000000
000100
100100
000100
100000
000100
000000
,
000001
000000
100000
100100
000100
100000
000100
000000
,
100000
000000
001000
100001
000001
100000
000001
000000
,
100000
000000
000100
100001
100000
000001
100000
000000
,
001000
100000
000000
000000
001000
100000
000000
000000
001000
000000
000000
000000
100000
000000
000000
000000
;
