#TITLE:DO YOU REMEMBER ME;
#SUBTITLE:;
#ARTIST:JENNY;
#TITLETRANSLIT:;
#SUBTITLETRANSLIT:;
#ARTISTTRANSLIT:;
#CREDIT:;
#BANNER:DO YOU REMEMBER ME.png;
#BACKGROUND:DO YOU REMEMBER ME-bg.png;
#LYRICSPATH:;
#CDTITLE:./CDTITLES/Dancemania HAPPY PARADISE 2.PNG;
#MUSIC:DO YOU REMEMBER ME.ogg;
#OFFSET:0.000;
#SAMPLESTART:57.200;
#SAMPLELENGTH:15.000;
#SELECTABLE:YES;
#DISPLAYBPM:150.000;
#BPMS:0.000=149.634,4.000=150.000;
#STOPS:;
#BGCHANGES:;

//---------------dance-single - ----------------
#NOTES:
     dance-single:
     :
     Beginner:
     1:
     0.091,0.147,0.000,0.000,0.000:
0000
0000
0000
0000
,
0000
0000
0000
0000
,
0000
0000
0000
0000
,
0000
0000
0000
0000
,
0000
0000
0000
0000
,
0000
0000
0000
0000
,
1000
0000
0000
0000
,
0001
0000
0000
0000
,
0010
0000
0000
0000
,
0100
0000
0000
0000
,
0001
0000
0000
0000
,
1000
0000
0000
0000
,
0001
0000
0000
0000
,
0100
0000
0000
0000
,
0010
0000
0000
0000
,
1000
0000
0000
0000
,
0100
0000
0000
0000
,
0001
0000
0000
0000
,
1000
0000
1000
0000
,
0100
0000
0100
0000
,
0001
0000
0001
0000
,
0010
0000
0010
0000
,
1000
0000
0000
0000
,
0001
0000
0000
0000
,
0001
0000
0000
0000
,
0001
0000
0000
0000
,
1000
0000
0000
0000
,
0000
0000
0000
0000
,
0001
0000
0000
0000
,
0001
0001
0000
0000
,
0000
0000
0000
0000
,
0100
0000
0100
0000
,
0010
0000
0000
0000
,
0010
0000
0000
0000
,
1000
0000
0000
0000
,
1000
0000
0000
0000
,
0001
0000
0001
0000
,
1000
0000
1000
0000
,
0010
0000
0000
0000
,
0001
0000
0000
0000
,
1000
0000
0000
0000
,
1000
1000
0000
0000
,
0010
0000
0000
0000
,
0100
0000
0000
0000
,
0100
0000
0000
0000
,
0001
0000
1000
0000
,
0100
0000
0000
0000
,
0010
0000
0000
0000
,
0001
0000
0000
0000
,
1000
0000
0000
0000
,
0010
0000
0000
0000
,
0100
0000
0000
0000
,
0001
0000
0001
0000
,
0100
0000
0000
0000
,
0000
0000
0000
0000
;

//---------------dance-single - ----------------
#NOTES:
     dance-single:
     :
     Easy:
     2:
     0.152,0.209,0.022,0.067,0.000:
0000
0000
0000
0000
,
0000
0000
0000
0000
,
0000
0000
0000
0000
,
0000
0000
0000
0000
,
0000
0000
0000
0000
,
0000
0000
0000
0000
,
1000
0000
1000
0000
,
0001
0000
0001
0000
,
1000
0000
0001
0000
,
0100
0000
0100
0000
,
0001
0000
0001
0000
,
1000
0000
1000
0000
,
0001
0000
1000
0000
,
0200
0000
0000
0300
,
0010
0000
0001
0000
,
1000
1000
0010
0000
,
0100
0000
0001
0000
,
1000
0100
0001
0100
,
0010
0000
1000
0000
,
0100
0100
0010
0000
,
0001
0000
1000
0000
,
0100
0000
0000
0000
,
0010
0000
0000
0000
,
0010
0000
0000
0000
,
0001
0000
0000
0000
,
0001
0000
0000
0000
,
1000
0000
0100
0000
,
0010
0000
0000
0000
,
0002
0000
0000
0003
,
1001
0000
0000
0000
,
0001
0000
0001
0000
,
0001
1000
0001
1000
,
0100
0000
0100
0000
,
0010
0000
0001
0000
,
1000
0000
0100
0000
,
0020
0000
0000
0030
,
0001
0000
0001
0000
,
1000
0000
1000
0000
,
0010
0000
0100
0000
,
0002
0000
0000
0003
,
2000
0000
0000
3000
,
1001
0000
0000
0000
,
0100
0000
0100
0000
,
0010
0000
0010
0000
,
0100
0000
0010
0000
,
0001
0000
1000
0000
,
0100
0000
0100
0000
,
0010
0000
0010
0000
,
0001
0000
1000
0000
,
0010
0000
0010
0000
,
0100
0000
0100
0000
,
0001
0000
0001
0000
,
1000
0000
0100
0000
,
0020
0000
0000
0030
,
0000
0000
0000
0000
;

//---------------dance-single - ----------------
#NOTES:
     dance-single:
     :
     Medium:
     5:
     0.365,0.419,0.211,0.089,0.000:
0000
0000
0000
0000
,
0000
0000
0000
0000
,
0000
0000
0000
0000
,
0000
0000
0000
0000
,
0000
0000
0000
0000
,
0000
0000
0000
0000
,
1000
0000
1000
0100
0010
0000
0001
0000
,
0100
0000
0100
0010
1000
0000
0100
0000
,
0010
0000
0010
0001
0100
0000
0010
0000
,
1000
0100
0010
0001
,
0100
0000
0010
1000
0001
0000
1000
0000
,
0100
0000
0010
0001
0100
0000
0010
0000
,
1000
0100
1000
0000
0001
0100
0001
0000
,
1000
0010
0100
0001
,
0000
1000
0000
1000
0000
0100
0010
0100
,
0000
1000
0000
1000
0000
0001
0100
0001
,
0000
0010
0000
0010
0000
0100
1000
0100
,
0000
0001
0000
0001
0000
0100
0010
1000
,
0000
0100
0000
0100
0000
0010
0001
0010
,
0000
0100
0000
0100
0000
1000
0010
1000
,
0000
0001
0000
0001
0000
0100
0010
0100
,
0001
1000
0100
0010
,
0001
0000
0001
0000
1000
0010
1000
0000
,
0100
0000
0100
0000
0010
0001
0010
0000
,
0100
0000
1000
0000
0010
0100
0010
0000
,
1000
0000
0001
0000
0010
0100
0010
0000
,
0001
1000
0100
0010
,
0001
0001
1000
1000
,
0020
0030
0200
0300
,
1001
0000
0000
0000
,
0100
0100
0100
0100
,
0020
0030
0020
0030
,
0001
0101
1000
1100
,
0001
0011
1000
1010
,
0001
0100
1000
0100
,
0011
0000
1100
1001
,
0100
0101
0010
1010
,
0100
1100
0010
0011
,
1000
0100
0001
0100
,
0220
0330
1001
0110
,
2002
0000
0000
3003
,
0110
0000
0000
0000
,
1000
1100
0001
0100
,
0010
0010
1000
1000
,
0100
0011
0100
0100
,
0010
1000
0100
0010
,
0001
0000
0001
1000
0100
0000
0010
0000
,
0001
0000
0001
0100
1000
0000
0100
0000
,
0001
0000
0001
1000
0100
0000
0010
0000
,
0001
0100
1000
0100
,
0010
0000
0001
0100
1000
0000
0100
0000
,
0001
0000
0010
1000
0010
0000
0001
0000
,
1000
0010
0100
0000
0001
1000
0100
0000
,
0010
0000
0001
0000
1000
0000
0010
0100
,
0000
0000
0000
0000
;

//---------------dance-single - ----------------
#NOTES:
     dance-single:
     :
     Hard:
     8:
     0.586,0.599,0.022,0.100,0.189:
0000
0000
0000
0000
,
0000
0000
0000
0000
,
0000
0000
0000
0000
,
0000
0000
0000
0000
,
0000
0000
0000
0000
,
0000
0000
0000
0000
,
1000
0000
0100
0000
1000
0000
0010
0100
0000
0100
0001
0000
1000
0000
0100
0000
,
0010
0001
0010
0000
0001
0000
0100
0010
0000
0010
1000
0000
0100
0000
0010
0000
,
0001
0000
1000
0000
0100
0000
0010
0001
0000
0001
1000
0000
0010
0000
0100
0000
,
0001
1000
0100
0010
0100
1000
0001
0100
,
0010
0000
1000
0000
0010
0000
0100
0001
0000
0001
0010
0000
0100
0000
1000
0000
,
0001
0100
0001
0000
1000
0000
0100
0010
0000
0010
0001
0000
0100
0000
0010
0000
,
1000
0001
0100
0010
0100
0001
1000
0100
,
0010
0001
0010
0000
0100
0000
1000
0000
0010
0100
0010
0000
1000
0000
0001
0000
,
0000
0100
0000
0010
1000
0100
0010
0001
,
0000
1000
0000
1000
0100
0010
0001
1000
,
0000
0010
0000
0010
0100
0001
1000
0100
,
0010
0001
0100
0010
1000
0001
0100
0000
,
0010
1000
0100
1000
0010
0100
0001
0010
,
0100
1000
0100
0010
0001
1000
0010
0100
,
0001
0010
0001
0000
0100
0000
0010
0000
1000
0000
0100
0000
1000
0000
0010
0000
,
0100
0001
0100
0010
1000
0100
0010
0001
,
1000
1000
0010
0010
0100
0100
0001
0001
,
0010
0010
0100
0100
1000
1000
0001
0000
,
0100
0100
0010
0010
1000
1000
0100
0100
,
0010
0010
0001
0001
1000
1000
0010
0000
,
0100
1000
0100
0001
0010
1000
0010
0001
,
0100
1000
0100
0001
0010
1000
0010
0001
,
0100
0010
1000
0100
0010
0001
1000
0010
,
0101
0000
0000
0000
,
1000
0100
0010
0001
0100
0010
0100
0001
,
1000
1000
0100
0010
0001
0100
0100
0100
,
0010
1000
1000
0000
0100
0010
0010
0000
,
0001
0100
0010
1000
0001
0010
0100
0000
,
1000
0010
0010
0000
0001
0010
0010
0000
,
0100
1000
1000
0001
0100
0010
1000
0000
,
0001
0100
0100
0000
0010
1000
1000
0000
,
0001
0010
0100
1000
0010
0100
0001
0000
,
1000
0100
0100
0000
0010
0001
0001
0000
,
1000
0010
1000
0100
0010
0001
0100
0001
,
0010
0000
0100
0000
1000
0000
0010
0000
0100
0001
0100
0000
0010
1000
0010
0000
,
0101
0000
0000
0000
,
2000
0000
0000
0000
3200
0000
0000
0000
0310
0000
0000
0001
0000
0000
0200
0000
,
0300
0000
0010
0000
0010
0000
0000
0000
1000
0000
0000
0001
0000
0000
0100
0000
,
0002
0000
0000
0000
2003
0000
0000
0000
3100
0000
0000
0010
0000
0000
0001
0000
,
0200
0300
0020
0030
2000
3000
0200
0300
,
0010
0000
0001
0000
0010
0000
0100
1000
0000
1000
0001
0000
0100
0000
0010
0000
,
1000
0100
1000
0000
0001
0000
0100
0010
0000
0010
1000
0000
0100
0000
0010
0000
,
0001
0000
1000
0000
0100
0000
0010
0001
0000
0001
0100
0000
0010
0000
1000
0000
,
0001
0010
1000
0010
0001
0100
0010
1000
,
0100
0000
0010
0000
0001
0000
0100
0010
0000
0010
1000
0000
0001
0000
0010
0000
,
0100
1000
0100
0000
0010
0000
0001
1000
0000
1000
0010
0000
0100
0000
0001
0000
,
1000
0100
0001
0100
1000
0010
0100
0001
,
1000
0100
1000
0000
0010
0000
0100
0000
0001
1000
0001
0000
0010
0000
0100
0000
,
0000
0000
0000
0000
;

//---------------dance-double - ----------------
#NOTES:
     dance-double:
     :
     Easy:
     2:
     0.168,0.209,0.022,0.133,0.000:
00000000
00000000
00000000
00000000
,
00000000
00000000
00000000
00000000
,
00000000
00000000
00000000
00000000
,
00000000
00000000
00000000
00000000
,
00000000
00000000
00000000
00000000
,
00000000
00000000
00000000
00000000
,
10000000
00000000
10000000
00000000
,
02000000
00000000
03000000
00000000
,
00010000
00000000
00010000
00000000
,
00002000
00000000
00003000
00000000
,
00000100
00000000
00000100
00000000
,
00000002
00000000
00000003
00000000
,
00000020
00000000
00000030
00000000
,
00000100
00000000
00000000
00000000
,
00010000
00000000
00001000
00000000
,
00100000
01000000
10000000
00000000
,
00010000
00000000
01000000
00000000
,
00001000
00000000
00010000
00000000
,
00000100
00000000
00000010
00000000
,
00000001
00000100
00000010
00000000
,
00001000
00000000
00000100
00000000
,
00000001
00000100
00001000
00010000
,
02000000
00000000
03000000
00000000
,
00100000
00000000
00001000
00010000
,
00000200
00000000
00000300
00000000
,
00001000
00000000
00000001
00000000
,
00000100
00000000
00000100
00000000
,
00000010
00000000
00000010
00000000
,
00010000
00000000
00001000
00000000
,
00011000
00000000
00000000
00000000
,
00100000
00000000
00100000
00000000
,
01000000
01000000
10000000
10000000
,
00010000
00000000
00010000
00000000
,
01000000
00000000
01000000
00000000
,
00001000
00000000
00001000
00000000
,
00010000
00001000
00010000
00000000
,
00000010
00000000
00000010
00000000
,
00000100
00000000
00000100
00000000
,
00000001
00000000
00000001
00000000
,
00002000
00000000
00003000
00000000
,
00000200
00000000
00000000
00000300
,
00001001
00000000
00000000
00000000
,
00000100
00000000
00000100
00000000
,
00001000
00000000
00001000
00000000
,
00010000
00000000
00010000
00000000
,
01000000
01000000
10000000
10000000
,
00010000
00000000
01000000
00000000
,
00002000
00000000
00003000
00000000
,
00010000
00000000
00000100
00000000
,
00000020
00000000
00000030
00000000
,
00000001
00000000
00000100
00000000
,
00002000
00000000
00003000
00000000
,
00020000
00000000
00030000
00000000
,
00001000
00000000
00010000
00001000
,
00000000
00000000
00000000
00000000
;

//---------------dance-double - ----------------
#NOTES:
     dance-double:
     :
     Medium:
     5:
     0.332,0.359,0.022,0.044,0.000:
00000000
00000000
00000000
00000000
,
00000000
00000000
00000000
00000000
,
00000000
00000000
00000000
00000000
,
00000000
00000000
00000000
00000000
,
00000000
00000000
00000000
00000000
,
00000000
00000000
00000000
00000000
,
00010000
00100000
00001000
00010000
,
00001000
00000010
00010000
00001000
,
00100000
10000000
00100000
00010000
,
10000000
01000000
00010000
00001000
,
00010000
00100000
00001000
00010000
,
00001000
00000010
00010000
00001000
,
00100000
00100000
01000000
01000000
,
00010000
00001000
00000100
00000001
,
00002000
00000000
00000000
00000010
00003010
00000000
00000000
00000000
,
00000100
00000000
00001000
00000000
00010000
00000000
01000000
10000000
,
01000000
00100000
00010000
01000000
,
00001000
00001000
00010000
00010000
,
00000020
00000000
00000000
00001000
00001030
00000000
00000000
00000000
,
00000001
00000000
00000010
00000000
00000100
00000000
00001000
00000010
,
00000100
00001000
00010000
01000000
,
00010000
00001000
00000100
00000001
,
00001000
00000000
00000000
00000100
00000100
00000000
00000000
00000000
,
00010000
00000000
00000000
00001000
00010000
00000000
00100000
00000000
,
10000000
00000000
00000000
01000000
01000000
00000000
00000000
00000000
,
00100000
00000000
00000000
00010000
00010000
00000000
01000000
00000000
,
00001000
00001000
00010000
00010000
,
00001000
00001000
00010000
00100000
,
20000000
00000000
00000000
00010000
00020000
00000000
30030000
00000000
,
01100000
00000000
00000000
00000000
,
10000000
01000000
00010000
00001000
,
00000100
00000001
00000010
00000000
00000100
00001000
00000010
00000000
,
00000100
00000000
00000100
00000000
00001000
00010000
00001000
00000000
,
00100000
00000000
00010000
10000000
01000000
00000000
00100000
00010000
,
01000000
01000000
00100000
00010000
,
00001000
00010000
00001000
00000010
,
00000100
00000000
00000100
00000000
00001000
00000010
00001000
00000000
,
00000100
00000000
00010000
00001000
00010000
00000000
00100000
01000000
,
00010000
00010000
10000000
01000000
,
00010000
00001000
00010000
00001000
00010000
00000000
00000010
00000000
,
00001000
00000100
00001000
00000100
00001000
00000100
00001000
00000100
,
00000010
00000000
00000000
00000000
,
00000001
00000100
00001000
00010000
,
01000000
10000000
01000000
00000000
00100000
00010000
00100000
00000000
,
01000000
00010000
00001000
00000100
,
00000001
00001000
00000100
00010000
,
00001000
00000010
00010000
00001000
,
00010000
00100000
00001000
00010000
,
00000010
00001000
00000100
00000000
00000010
00000001
00000100
00000000
,
00001000
00010000
01000000
00010000
,
00001000
00000010
00010000
00001000
,
00010000
00100000
00001000
00010000
,
00000100
00000010
00000001
00000000
00000100
00000010
00001000
00000000
,
00000001
00000100
00001000
00011000
,
00000000
00000000
00000000
00000000
;

//---------------dance-double - ----------------
#NOTES:
     dance-double:
     :
     Hard:
     9:
     0.629,0.570,0.000,0.167,0.150:
00000000
00000000
00000000
00000000
,
00000000
00000000
00000000
00000000
,
00000000
00000000
00000000
00000000
,
00000000
00000000
00000000
00000000
,
00000000
00000000
00000000
00000000
,
00000000
00000000
00000000
00000000
,
10000000
00000000
01000000
00000000
00100000
00000000
01000000
10000000
00000000
10000000
00100000
00000000
00010000
00000000
00001000
00000000
,
00000010
00000000
00000001
00000000
00000100
00000000
00000010
00001000
00000000
00001000
00000100
00000000
00010000
00000000
00001000
00000000
,
00100000
00000000
01000000
00000000
10000000
00000000
00100000
01000000
00000000
01000000
00010000
00000000
00100000
00000000
01000000
00000000
,
10000000
00100000
00010000
00001000
00000010
00000001
00000100
00000010
,
00001000
00000000
00000100
00000000
00000010
00000000
00000001
00000100
00000000
00000100
00000010
00000000
00001000
00000000
00000100
00000000
,
00000010
00000000
00001000
00000000
00010000
00000000
00100000
10000000
00000000
10000000
01000000
00000000
00100000
00000000
00010000
00000000
,
01000000
00100000
00010000
00001000
00010000
01000000
10000000
00100000
,
01000000
00010000
00100000
01000000
00010000
00001000
00000100
00000001
,
00000020
00000000
00000130
00001000
00000010
00000100
00001000
00010000
,
02000000
00000000
13000000
00100000
00010000
00001000
00000010
00000001
,
00000200
00000000
00000310
00001000
00000100
00000010
00001000
00010000
,
00200000
00000000
10300000
01000000
00100000
00010000
01000000
00100000
,
20000000
00000000
31000000
00010000
00001000
00000100
00000010
00001000
,
00000002
00000000
00000013
00001000
00010000
00100000
01000000
00010000
,
20000000
00000000
31000000
00100000
00010000
01000000
00100000
00010000
,
00001000
00000010
00001000
00010000
00100000
00010000
00001000
00000010
,
00000001
00000100
00000010
00000100
00000001
00000010
00000100
00001000
,
00000010
00001000
00000100
00001000
00000001
00000100
00001000
00010000
,
01000000
10000000
00100000
10000000
00010000
00100000
01000000
10000000
,
00010000
01000000
00100000
01000000
00010000
00100000
01000000
00010000
,
00001000
00000100
00000100
00000100
00000001
00000010
00000010
00000010
,
00001000
00010000
00010000
00010000
00100000
10000000
10000000
10000000
,
01000000
00010000
00001000
00000100
00001000
00010000
01000000
10000000
,
00010000
00000000
00000000
00000000
01000000
00000000
00000000
00000000
00100000
10000000
00100000
10000000
00100000
10000000
00100000
00000000
,
02000000
00000000
03010000
00000000
00100000
01000000
00010000
00001000
,
00000100
00000001
00000010
00001000
00010000
00100000
10000000
00010000
,
01000000
10000000
01000000
00010000
00100000
01000000
00010000
00001000
,
00000100
00000001
00000010
00001000
00000010
00000001
00000100
00000010
,
00001000
00000100
00010000
00001000
01000000
00100000
10000000
01000000
,
00100000
00010000
01000000
10000000
01000000
00010000
00100000
01000000
,
10000000
00010000
01000000
00001000
00010000
01000000
10000000
00100000
,
00010000
00001000
00000010
00000001
00000100
00000010
00001000
00000100
,
00000010
00000001
00001000
00000010
00000100
00001000
00010000
01000000
,
10000000
00100000
00100000
00100000
01000000
00010000
00010000
00010000
,
00100000
01000000
00010000
00001000
00000100
00000001
00000010
00000100
,
00001000
00000000
00000000
00000000
00000001
00000000
00000000
00000000
00000100
00000010
00000100
00000010
00000100
00000010
00000100
00000000
,
00000002
00000000
00001003
00000100
00000010
00000001
00000100
00000010
,
00020000
00000000
00030100
00000010
00000001
00000100
00001000
00010000
,
02000000
00000000
13000000
00010000
00100000
01000000
10000000
00100000
,
00020000
00032000
00003020
00000032
,
00001003
00000000
00000100
00000000
00010000
00000000
00001000
00100000
00000000
00100000
01000000
00000000
10000000
00000000
00010000
00000000
,
01000000
00000000
00100000
00000000
00010000
00000000
00001000
00010000
00000000
00010000
01000000
00000000
10000000
00000000
00100000
00000000
,
00010000
00000000
00001000
00000000
00000010
00000000
00000001
00001000
00000000
00001000
00000010
00000000
00000100
00000000
00000001
00000000
,
00000010
00001000
00010000
00100000
00010000
00001000
00000010
00000001
,
00000100
00000000
00001000
00000000
00010000
00000000
01000000
10000000
00000000
10000000
00100000
00000000
01000000
00000000
00001000
00000000
,
00010000
00000000
01000000
00000000
10000000
00000000
00010000
01000000
00000000
01000000
00100000
00000000
00010000
00000000
00001000
00000000
,
00000010
00000001
00001000
00000010
00000100
00000001
00000010
00000100
,
00001000
00000000
00000010
00000000
00000100
00000000
00001000
00000000
00010000
00000000
01000000
00000000
10000000
00000000
00010000
01000000
,
00000000
00000000
00000000
00000000
;
