#TITLE:DOESN'T REALLY MATTER;
#SUBTITLE:;
#ARTIST:JANET JACKSON;
#TITLETRANSLIT:;
#SUBTITLETRANSLIT:;
#ARTISTTRANSLIT:;
#CREDIT:;
#BANNER:DOESN'T REALLY MATTER.png;
#BACKGROUND:DOESN'T REALLY MATTER-bg.png;
#LYRICSPATH:;
#CDTITLE:./CDTITLES/Dancing Stage SuperNOVA.png;
#MUSIC:DOESN'T REALLY MATTER.ogg;
#OFFSET:0.000;
#SAMPLESTART:55.680;
#SAMPLELENGTH:15.000;
#SELECTABLE:YES;
#DISPLAYBPM:99.000;
#BPMS:0.000=99.174,4.000=99.174,12.000=98.361,16.000=102.273,17.500=95.745,18.000=98.361,20.000=101.124,21.000=95.745,22.000=100.000,23.000=101.124,24.000=97.826,26.000=100.000,27.000=95.745,27.500=97.826,28.000=100.000,29.000=99.338,34.000=98.901,36.000=90.909,38.000=95.745,39.000=102.273,40.000=104.651,41.000=98.901,42.000=101.124,43.000=104.651,44.000=99.349;
#STOPS:;
#BGCHANGES:;

//---------------dance-single - ----------------
#NOTES:
     dance-single:
     :
     Beginner:
     1:
     0.084,0.098,0.000,0.000,0.000:
0000
0000
0000
0000
,
0000
0000
0000
0000
,
0000
0000
0000
0000
,
0001
0000
0000
0000
,
0010
0000
0000
0000
,
1000
0000
0001
0000
,
0100
0000
0000
0000
,
1000
0000
0010
0000
,
0100
0000
0000
0000
,
0001
0000
1000
0000
,
1000
0000
0001
0000
,
0001
0000
0000
0000
,
1000
0000
0000
0000
,
0100
0000
0000
0000
,
0010
0000
0000
0000
,
1000
0000
0000
0000
,
0001
0000
0000
0000
,
0100
0000
0000
0000
,
0010
0000
0000
0000
,
1000
0000
0001
0000
,
1000
0000
0010
0000
,
0001
0000
1000
0000
,
0001
0000
0010
0000
,
1000
0000
0001
0000
,
1000
0000
0001
0000
,
0100
0000
0010
0000
,
0100
0000
0010
0000
,
0001
0000
1000
0000
,
0001
0000
1000
0000
,
0100
0000
0010
0000
,
0100
0000
0010
0000
,
1000
0000
1000
0000
,
0001
0000
0001
0000
,
1000
0000
0010
0000
,
0001
0000
0000
0000
,
0000
0000
0000
0000
;

//---------------dance-single - ----------------
#NOTES:
     dance-single:
     :
     Easy:
     3:
     0.111,0.138,0.000,0.023,0.000:
0000
0000
0000
0000
,
0000
0000
0000
0000
,
0000
0000
0000
0000
,
0001
0000
0000
0000
,
0010
0000
0000
0000
,
1000
0000
0001
0000
,
0100
0000
0000
0000
,
1000
0000
0010
0000
,
0100
0000
0000
0000
,
0001
0000
1000
0000
,
1000
0000
0001
0000
,
0001
1000
0000
0000
,
1000
0001
0000
0000
,
0100
0010
0000
0000
,
0010
0100
0000
0000
,
1000
0001
0000
0000
,
0001
1000
0000
0000
,
0200
0000
0000
0300
,
0020
0000
0000
0030
,
1000
0000
0001
0000
,
1000
0100
0010
0000
,
0001
0000
1000
0000
,
0001
0000
0010
0100
,
1000
0000
0001
0010
,
1000
0000
0001
0000
,
0100
0000
0010
1000
,
0100
0000
0010
0000
,
0001
0000
1000
0010
,
0001
0000
1000
0000
,
0100
0000
0010
0001
,
0100
0000
0010
0000
,
1000
0001
1000
0000
,
0001
0000
0001
0000
,
1000
0100
0010
0000
,
0001
0000
0000
0000
,
0000
0000
0000
0000
;

//---------------dance-single - ----------------
#NOTES:
     dance-single:
     :
     Medium:
     8:
     0.278,0.278,0.174,0.000,0.110:
0000
0000
0000
0000
,
0000
0000
0000
0000
,
0000
0000
0000
0000
,
0010
0000
0000
0100
0001
0000
0000
0010
,
1000
0000
0000
0001
1001
0100
0010
1001
,
0110
0000
0000
1000
0100
0000
0000
0001
,
0100
0000
0000
1000
0010
0000
0000
1001
,
0100
0000
0000
0010
0001
0000
0000
0100
,
0010
0000
1001
0000
0000
0000
0000
0110
0000
0000
0000
0000
0000
0000
1001
0000
,
0100
0000
1000
0100
,
0010
0001
0100
0010
,
1000
0000
0000
0001
0000
0000
0100
0000
0000
0000
0001
0000
0100
0000
0000
0000
,
1000
0000
0000
0010
0000
0000
0100
0000
0000
0000
0001
0000
0100
0000
0000
0000
,
0010
0000
0000
1000
0000
0000
0001
0000
0000
0000
0001
0000
0100
0000
0000
0000
,
0010
0000
0000
1000
0000
0000
0100
0000
0000
0000
0001
0000
0100
0000
0000
0000
,
0001
0000
0000
1000
0000
0000
0010
0000
0000
0000
0001
0000
0100
0000
0000
0000
,
0001
0000
0000
0010
0000
0000
0100
0000
0000
0000
0001
0000
0100
0000
0000
0000
,
1000
0010
0100
0001
0000
0001
0100
0000
,
0010
0100
1000
0001
0000
0001
0100
0000
,
1001
0000
1100
0000
,
0010
0000
0001
0100
0010
0000
1000
0000
,
0001
0000
0000
1000
0000
0000
0001
0000
0000
1000
0000
0000
0100
0000
0010
0000
,
0001
0100
0010
1000
,
0001
0000
0010
0000
0100
0000
0000
0000
1000
0000
0000
0001
0000
0000
1000
0000
,
0001
0000
0100
0000
0010
0000
0000
0000
1000
0000
0000
0001
0000
0000
1000
0000
,
0010
0000
0100
0000
0001
0000
0000
0000
1000
0000
0000
0001
0000
0000
1000
0000
,
0100
0000
0010
0000
0001
0000
0000
0000
1000
0000
0000
0100
0000
0000
0000
0000
,
0001
0000
0100
0000
0010
0000
0000
0000
1000
0000
0000
0001
0000
0000
1000
0000
,
1000
0000
0100
0000
0010
0000
0000
0000
0001
0000
0000
1000
0000
0000
0001
0000
,
0100
0000
0010
0000
1000
0000
0000
0000
1000
0000
0000
0001
0000
0000
1000
0000
,
1000
0100
0001
0000
1000
0010
0100
0001
,
1001
0000
0000
0110
0000
0000
1001
0000
0000
0000
0000
0000
0000
0000
0000
0000
,
0100
0010
1000
0001
,
0110
0000
0000
1001
0000
0000
0110
0000
0000
0000
0000
0000
0000
0000
0000
0000
,
1000
0000
0000
0001
0000
0000
0100
0000
0000
0000
0000
0000
0000
0000
0000
0000
,
0000
0000
0000
0000
;

//---------------dance-single - ----------------
#NOTES:
     dance-single:
     :
     Hard:
     10:
     0.360,0.378,0.116,0.023,0.255:
0000
0000
0000
0000
,
0000
0000
0000
0000
,
0000
0000
0000
0000
,
0100
0000
0001
1000
0001
0000
1000
0001
,
1000
0000
0000
0000
0001
0000
0100
0000
0010
0000
1000
0100
1000
0100
1000
0000
,
0001
0000
1000
0010
0100
0000
0001
0010
,
0100
0000
1000
0001
0100
0000
0010
1001
,
0100
0000
0010
1000
0100
0000
0010
0001
,
0100
0000
1001
0000
0000
0000
0000
0110
0000
0000
0000
0000
0000
0000
1001
0000
,
0100
0000
1000
0010
,
0100
0001
0010
0100
,
1000
0000
0001
0100
0000
0001
0010
0000
0000
0000
0100
0000
1000
0000
0000
0000
,
0001
0000
1000
0100
0000
1000
0010
0000
0000
0000
0100
0000
0001
0000
0000
0000
,
0010
0000
0100
1000
0000
0001
0100
0000
0000
0000
0010
0000
1000
0000
0000
0000
,
0100
0000
0010
0001
0000
1000
0010
0000
0000
0000
0100
0000
0001
0000
0000
0000
,
1000
0000
0001
0100
0000
0001
0010
0000
0000
0000
0100
0000
1000
0000
0000
0000
,
0001
0000
1000
0100
0000
1000
0010
0000
0000
0000
0100
0000
0001
0000
0000
0000
,
2000
0000
0000
3000
0000
0001
0100
0000
,
2000
0000
0000
3000
0001
0010
0000
0000
,
0000
1000
0100
0000
0000
0001
0100
0000
,
1000
0000
0001
0100
0000
0010
1000
0000
0100
0000
0000
0010
0000
0000
0000
0000
,
0001
0000
0000
1000
0000
0000
0001
0000
0000
1000
0000
0000
0100
0000
0010
0000
,
0001
0000
0100
0000
1000
0000
0100
0010
,
0001
0100
0001
0100
0001
0000
1000
0000
0100
0000
0010
0001
0000
0000
1000
0000
,
0001
0000
0100
0001
0000
0000
1000
0000
0001
0000
1000
0100
0000
0000
0001
0000
,
1000
0100
1000
0100
1000
0000
0001
0000
0100
0000
0010
1000
0000
0000
0001
0000
,
1000
0000
0001
0100
0000
0000
1000
0000
0001
0000
1000
0100
0000
0000
0000
0000
,
0001
0100
0001
0010
0001
0000
0100
0000
0010
0000
1000
0100
0000
0000
0010
0000
,
0001
0000
1000
0010
0000
0000
0100
0000
0001
0000
1000
0010
0000
0000
0100
0000
,
0001
0010
0001
0100
0001
0000
0010
0000
0100
0000
1000
0001
0000
0000
0100
0000
,
0010
0000
1000
0001
0000
0000
0010
0000
0100
0000
1000
0000
0010
0000
0100
0000
,
1001
0000
0000
0110
0000
0000
1001
0000
0000
0000
0000
0000
0000
0000
0000
0000
,
0010
0000
0100
0000
1000
0000
0001
0010
0001
0000
0100
0000
0010
0000
0000
0000
,
1001
0000
0000
0110
0000
0000
1001
0000
0000
0000
0000
0000
0010
0000
0100
0000
,
0010
0000
0001
0100
0000
1000
0100
0000
0000
0000
0000
0000
0000
0000
0000
0000
,
0000
0000
0000
0000
;

//---------------dance-double - ----------------
#NOTES:
     dance-double:
     :
     Easy:
     2:
     0.098,0.138,0.023,0.000,0.000:
00000000
00000000
00000000
00000000
,
00000000
00000000
00000000
00000000
,
00000000
00000000
00000000
00000000
,
01000000
00000000
00000000
00000000
,
00001000
00000000
00000000
00000000
,
00010000
00000000
00000000
00000000
,
00000100
00000000
00000000
00000000
,
00001000
00000000
00000000
00000000
,
00000001
00000000
00000000
00000000
,
00000100
00000000
00000001
00000000
,
00001000
00000000
00000100
00000000
,
00010000
00000000
00001000
00000000
,
01000000
00000000
00001000
00000000
,
00001000
00000000
00010000
00000000
,
00000100
00000000
00010000
00000000
,
00010000
00000000
00001000
00000000
,
01000000
00000000
00010000
00000000
,
10000000
00000000
00000000
00000000
,
00010000
00000000
00000000
00000000
,
10000000
00000000
01000000
00000000
,
00010000
00001000
00000100
00000000
,
00000001
00000000
00000000
00000000
,
00001000
00000000
00000001
00000000
,
00000100
00000000
00001000
00000000
,
00010000
00000000
01000000
00000000
,
01000000
00000000
00010000
00000000
,
00001000
00000000
00000100
00000001
,
00000100
00000000
00001000
00000000
,
00010000
00000000
01000000
00000000
,
01000000
00000000
10000000
00000000
,
00010000
00000000
01000000
00100000
,
10010000
00000000
00000000
01000000
,
00001000
00000000
00010000
00000000
,
00011000
00000000
00000000
00000010
,
00000100
00000000
00000000
00000000
,
00000000
00000000
00000000
00000000
;

//---------------dance-double - ----------------
#NOTES:
     dance-double:
     :
     Medium:
     7:
     0.212,0.239,0.000,0.000,0.029:
00000000
00000000
00000000
00000000
,
00000000
00000000
00000000
00000000
,
00000000
00000000
00000000
00000000
,
00010000
00000000
00001000
00010000
,
01000000
00000000
00001000
00000000
,
00010000
00000000
00001000
00010000
,
00000010
00000000
00001000
00000000
,
00010000
00000000
00001000
00010000
,
00100000
00000000
00001000
00000000
,
00000010
00000000
00000001
00000100
,
00001000
00010000
01000000
10000000
,
00010000
00000000
01000000
00100000
,
10000000
00000000
01000000
00100000
,
00001000
00000000
00010000
00000100
,
00010000
00000000
00001000
01000000
,
00010000
00000000
00100000
01000000
,
10000000
00000000
00100000
01000000
,
00001000
00010000
00000010
00001000
00000001
00000000
00000000
00000000
,
00001000
00000100
00010000
00001000
00100000
00000000
00000000
00000000
,
01000000
00000000
10000000
00100000
01000000
00000000
00010000
00100000
,
01000000
00000000
00010000
00000000
00001000
00000000
00000100
00000001
,
00000010
00000000
00000000
00000100
00000000
00000000
00001000
00000000
00000000
00000001
00000000
00000000
00000100
00000000
00000000
00000000
,
00001000
00000000
00010000
00000000
01000000
00000000
00010000
00001000
,
00000100
00000001
00000010
00000000
00000100
00000000
00000100
00000000
,
00001000
00000010
00000100
00000000
00001000
00000000
00001000
00000000
,
00010000
01000000
10000000
00000000
00100000
00000000
00100000
00000000
,
01000000
00010000
10000000
00000000
00010000
10000000
01000000
00000000
,
00010000
00001000
00000100
00000000
00000001
00000000
00000001
00000000
,
00000010
00001000
00010000
00000000
00100000
00000000
00100000
00000000
,
10000000
01000000
00010000
00000000
00001000
00000000
00001000
00000000
,
00000100
00000001
00000010
00000000
00000100
00001000
00000010
00000000
,
00000100
00000000
00000000
00000001
00000000
00000000
00001000
00000000
00000000
00000000
00000000
00000000
00000100
00000000
00000000
00000000
,
00010000
00001000
00100000
00010000
,
10000000
00000000
00000000
00100000
00000000
00000000
01000000
00000000
00000000
00000000
00000000
00000000
00010000
00000000
00000000
00000000
,
00100000
00000000
00000000
00001000
00000000
00000000
00010000
00000000
00000000
00000000
00000000
00000000
00000000
00000000
00000000
00000000
,
00000000
00000000
00000000
00000000
;

//---------------dance-double - ----------------
#NOTES:
     dance-double:
     :
     Hard:
     10:
     0.342,0.418,0.000,0.000,0.243:
00000000
00000000
00000000
00000000
,
00000000
00000000
00000000
00000000
,
00000000
00000000
00000000
00000000
,
00001000
00000000
00000001
00000100
00001000
00000000
00000001
00000010
,
00000100
00000000
00000000
00000000
00001000
00000000
00000010
00000000
00010000
00000000
00001000
00100000
00010000
00100000
00001000
00000000
,
00010000
00000000
00000010
00001000
00000100
00000000
00000010
00000001
,
00000100
00000000
00001000
00010000
01000000
10000000
00010000
01000000
,
00100000
00000000
10000000
00010000
00100000
00000000
01000000
00010000
,
00001000
00000100
00000001
00001000
00000100
00010000
00001000
00100000
,
00010000
00000000
10000000
00100000
,
01000000
00010000
10000000
01000000
,
00010000
00000000
00000000
00001000
00000000
00000000
00000100
00000000
00000000
00000000
00010000
00000000
00001000
00000000
00000000
00000000
,
00001000
00000000
00000000
00010000
00000000
00000000
01000000
00000000
00000000
00000000
00001000
00000000
00010000
00000000
00000000
00000000
,
00000010
00000000
00000000
00000100
00000000
00000000
00000001
00000000
00000000
00000000
00001000
00000000
00000100
00000000
00000000
00000000
,
00010000
00000000
00000000
00001000
00000000
00000000
00100000
00000000
00000000
00000000
00010000
00000000
01000000
00000000
00000000
00000000
,
00001000
00000000
00000000
00010000
00000000
00000000
01000000
00000000
00000000
00000000
00001000
00000000
00010000
00000000
00000000
00000000
,
00010000
00000000
00000000
00001000
00000000
00000000
00000100
00000000
00000000
00000000
00010000
00000000
00001000
00000000
00000000
00000000
,
00100000
00000000
00000000
01000000
00000000
00000000
10000000
00000000
00000000
00000000
00010000
00000000
01000000
00000000
00000000
00000000
,
00001000
00000000
00000000
00010000
00000000
00000000
00000010
00000000
00000000
00000000
00001000
00000000
00000001
00000000
00000000
00000000
,
00000010
00000000
00000100
00000000
00000000
00001000
00000000
00000000
00000001
00000000
00000000
00000100
00000000
00000000
00000010
00000000
,
00001000
00000000
00000100
00000000
00000000
00010000
00000000
00000000
00001000
00000000
00000000
00100000
00000000
00000000
00010000
00000000
,
10000000
00000000
00100000
01000000
00000000
00100000
01000000
00000000
00010000
00000000
10000000
00000000
01000000
00000000
00010000
00000000
,
00001000
00000000
00000100
00000000
00010000
00000000
01000000
10000000
,
00010000
00000000
01000000
00000000
00100000
10000000
00000000
00000000
01000000
00000000
00100000
00010000
00000000
00000000
01000000
00000000
,
00001000
00000000
00010000
00000000
00000000
00000010
00000000
00000000
00001000
00000000
00000001
00000010
00000000
00000000
00000100
00000000
,
00001000
00000000
00000001
00000000
00000100
00000000
00001000
00000000
00010000
00000000
01000000
00010000
00000000
00000000
00001000
00000000
,
00000100
00000000
00001000
00000000
00010000
00001000
00000000
00000000
00100000
00010000
00100000
00010000
00100000
00010000
00100000
00010000
,
00100000
00000000
01000000
00000000
10000000
00010000
00000000
00000000
01000000
00000000
00001000
00010000
00000000
00000000
00000010
00000000
,
00001000
00000000
00000100
00000000
00000000
00010000
00000000
00000000
00001000
00000000
00100000
00010000
00000000
00000000
10000000
00000000
,
01000000
00000000
00010000
00000000
01000000
10000000
00000000
00000000
00010000
00000000
01000000
00001000
00000000
00000000
00010000
00000000
,
00001000
00000000
00000010
00000000
00000001
00000100
00000000
00000000
00000010
00001000
00000010
00001000
00000010
00001000
00000010
00001000
,
00000010
00000000
00000000
00010000
00000000
00000000
00001000
00000000
00000000
00000000
00000010
00000000
00000100
00000000
00000000
00000000
,
00010000
00000000
00001000
00010000
00001000
00000000
00010000
00000000
00000000
00000000
00100000
00000000
01000000
00000000
00000000
00000000
,
00010000
00000000
00000000
10000000
00000000
00000000
01000000
00000000
00000000
00000000
00010000
00000000
00001000
00000000
00000000
00000000
,
00000100
00000000
00000001
00001000
00000000
00000100
00000010
00000000
00000000
00000000
00000000
00000000
00000000
00000000
00000000
00000000
,
00000000
00000000
00000000
00000000
;
