//----- song ID: doup -----//
#TITLE:DOWNER & UPPER;
#ARTIST:BEMANI Sound Team "DJ TOTTO";
#BANNER:DOWNER & UPPER.png;
#BACKGROUND:DOWNER & UPPER-bg.png;
#CDTITLE:./CDTitles/DANCERUSH STARDOM.png;
#MUSIC:DOWNER & UPPER.ogg;
#SAMPLESTART:58.286;
#SAMPLELENGTH:15;
#BPMS:0=140;

#NOTES:
     dance-single:
     :
     Beginner:
     3:
     :
0000
0000
0000
0000
,
0000
0000
0000
0000
,
1000
0000
0000
0000
,
0001
0000
0010
0010
,
0010
0000
0100
0000
,
1000
1000
1000
1000
,
1000
0000
0001
0000
,
1000
0000
0001
0001
,
0001
0000
1000
0000
,
0010
0010
0010
0000
,
1000
0000
0000
0000
,
0001
0000
0010
0010
,
0010
0000
0001
0000
,
1000
1000
1000
1000
,
1000
0000
0001
0000
,
1000
0000
0001
0001
,
0001
0000
1000
0000
,
0010
0010
0010
0000
,
0001
0000
0001
0000
,
1000
0000
1000
0000
,
0001
0000
0100
0000
,
0001
0000
0001
0000
,
1000
0000
1000
0000
,
0001
0000
0001
0000
,
1000
0000
1000
0000
,
0001
0000
0001
0001
,
0001
0000
0001
0000
,
1000
0000
1000
0000
,
0001
0000
0100
0000
,
0001
0000
0001
0000
,
1000
1000
1000
0000
,
0001
0001
0001
0000
,
1000
1000
0000
0000
,
0001
0001
0000
0000
,
0001
0000
1000
0000
,
0001
0001
0001
0000
,
1000
0000
0001
0000
,
0010
0010
0010
0000
,
0001
0000
1000
0000
,
0001
0000
1000
0000
,
0002
0000
0003
0000
,
1000
1000
1000
0000
,
0001
0000
1000
0000
,
0001
0000
1000
0000
,
1000
0000
0001
0000
,
0100
0100
0100
0000
,
0001
0000
1000
0000
,
0001
0001
0001
0000
,
1000
0010
0010
0000
,
0001
0010
0010
0000
,
2002
0000
0000
0000
,
0000
0000
0000
3003
,
0000
0000
0000
0000
;

#NOTES:
     dance-single:
     :
     Easy:
     6:
     :
0000
0000
0000
0000
,
0000
0000
0000
0000
,
1000
0010
0100
0000
,
0010
1000
1001
0110
,
1001
0000
0010
0100
,
1000
0001
1000
0002
,
1003
0100
0001
0000
,
0100
1000
1001
0110
,
1001
0000
0100
1000
,
0010
0010
0010
1000
,
0001
0010
0100
0000
,
0010
0001
1001
0110
,
1001
0000
0010
0100
,
0001
1000
0001
2000
,
3001
0100
1000
0000
,
0100
0001
1001
0110
,
1000
0000
0100
1000
,
0001
1000
0001
1000
,
0001
0100
0001
0001
,
1000
0100
1000
0000
,
0001
0001
0100
0001
,
1000
1000
0100
0000
,
1000
0100
1000
0000
,
0001
0100
0001
0000
,
1000
1000
0100
1000
,
0001
0001
0100
0100
,
0001
0010
0100
0000
,
1000
0010
0100
0000
,
0001
1000
0100
0000
,
0010
0010
0100
0000
,
1000
1000
0100
0100
,
0001
0001
0100
0000
,
1000
0010
0001
0010
,
1000
0001
1001
0000
,
1000
1000
0001
0001
,
1000
0100
0010
0100
,
1000
0001
1000
0001
,
1001
0110
1001
0000
,
0001
0010
1000
0010
,
0001
1000
1001
0000
,
1000
0001
1000
0001
,
1000
0001
0100
0000
,
0001
0010
1000
0010
,
0001
0010
0110
0000
,
1000
1000
0001
0001
,
1001
0110
1001
0110
,
1000
0100
0001
0100
,
1000
0001
1001
0110
,
0001
0010
1000
0010
,
0001
1000
0001
1000
,
2002
0000
0000
0000
,
0000
0000
0000
3003
,
0000
0000
0000
0000
;

#NOTES:
     dance-single:
     :
     Medium:
     9:
     :
0000
0000
0000
0000
,
0000
0000
0000
0000
,
1000
0000
0000
0000
0001
0010
0001
0000
,
1000
0001
1000
0000
0011
0000
1100
0000
,
1001
0000
0000
0000
1000
0001
0010
0000
,
0001
0000
0000
1000
0000
0000
0001
0000
0000
1000
0000
0000
0110
0000
0000
0000
,
0001
0000
0000
0000
1000
0010
0100
0010
,
1000
0001
1010
0101
,
1001
0000
0000
0000
0001
1000
0010
0000
,
1100
0000
0011
0000
1000
0100
1000
0001
,
1001
0000
0000
0000
1000
0010
1000
0000
,
0001
1000
0001
0000
1010
0000
0101
0000
,
1001
0000
0000
0000
0001
1000
0010
0000
,
1000
0000
0000
0001
0000
0000
1000
0000
0000
0001
0000
0000
0110
0000
0000
0000
,
1000
0000
0000
0000
0001
0010
0100
0010
,
0001
1000
0011
1100
,
1001
0000
0000
0000
1000
0001
0010
0000
,
0001
0010
0100
0010
0001
0100
0001
0000
,
1000
0000
0100
0000
1000
0010
0100
0001
,
1000
0000
0001
0000
0010
0001
1000
0100
,
1000
0000
0001
0000
0100
0010
1000
0001
,
1000
0100
1000
0000
0010
0001
0010
0000
,
1001
0000
0100
0000
0001
0010
0100
1000
,
0001
0000
1000
0000
0010
1000
0001
0100
,
0001
0000
1000
0000
0100
0010
0001
1000
,
0001
0100
0001
0000
0010
1000
0010
0000
,
0001
0010
1000
0010
0001
0000
0000
0000
,
0100
0001
0100
1000
0100
0000
0000
0000
,
0001
0010
1000
0010
0001
0000
0100
0000
,
0010
1000
0010
0001
0010
0000
0100
0000
,
0010
0000
0100
0000
0010
0000
0100
0010
,
1000
0100
0001
0100
,
1000
0001
1000
0000
0100
0010
0001
0000
,
0010
0100
1000
0001
0100
0000
1001
0000
,
0001
0000
1000
0100
1000
0000
0100
0000
,
0010
0001
0010
0100
0110
0000
1001
0000
,
0001
1000
0100
0000
1000
0001
0010
0000
,
0002
0003
0000
2000
3000
0000
0002
0003
0000
2000
3000
0000
0110
0000
0000
0000
,
1000
0000
0001
0100
0001
0000
0100
0000
,
0010
1000
0010
0100
0110
0000
1001
0000
,
1000
0001
0100
0000
0001
1000
0010
0000
,
1000
0100
1000
0001
0100
0010
1000
0000
,
0002
0000
1003
0100
0001
0000
0100
0000
,
0010
0001
0100
1000
0100
0000
1001
0000
,
0001
0010
1000
0000
0010
0001
0100
0000
,
0002
0003
0000
2000
3000
0000
0002
0003
0000
2000
3000
0000
0110
0000
0000
0000
,
2000
0000
3001
0100
1000
0000
0100
0000
,
0010
1000
0100
0001
0100
0000
1001
0000
,
1000
0100
1000
0100
0010
0100
0010
0100
,
1000
0001
1000
0001
0100
1000
0100
0000
,
2002
0000
0000
0000
,
0000
0000
0000
3003
,
0000
0000
0000
0000
;

#NOTES:
     dance-single:
     :
     Hard:
     13:
     :
0000
0000
0000
0000
,
0000
0000
0000
0000
,
1000
0010
1000
0001
0100
0010
0100
0010
,
1000
0000
0001
0000
1000
0001
0010
0001
0020
0000
0030
0000
0220
0000
0330
0000
,
1001
0001
1000
0100
1000
0001
0010
0001
,
2200
3300
0000
0220
0330
0000
2002
3003
0000
0022
0033
0000
0220
0000
0330
0000
,
0001
0010
0001
1000
0100
0010
0100
0010
,
0001
0000
1000
0000
0001
1000
0010
1000
0020
0000
0030
0000
0220
0000
0330
0000
,
1001
0001
0100
1000
0100
0001
1000
0001
,
1000
0100
1000
0000
0001
0010
0001
0000
1000
0001
0010
0001
1000
0000
0001
0000
,
1000
0010
1000
0001
0100
0010
0100
0010
,
1000
0000
0001
0000
1000
0001
0010
0001
0020
0000
0030
0000
0220
0000
0330
0000
,
1001
1000
0001
0100
0001
1000
0010
1000
,
0202
0303
0000
0220
0330
0000
2002
3003
0000
2020
3030
0000
0220
0000
0330
0000
,
1000
0010
1000
0001
0100
0010
0100
0010
,
1000
0000
0001
0000
1000
0001
0010
0001
0020
0000
0030
0000
0220
0000
0330
0000
,
1001
1000
0100
0001
0100
1000
0001
1000
,
0001
0100
0001
0000
1000
0010
1000
0000
0001
1000
0010
1000
0001
0000
0100
0000
,
0001
1000
0100
0010
0001
1000
0100
0100
,
1000
0001
1000
0100
0010
0001
1000
1000
,
0001
0010
0001
1000
0100
1000
0001
0001
,
1000
0100
1000
0100
0010
0001
0010
0001
,
1000
0001
0100
0010
1000
0001
0100
0100
,
0001
1000
0001
0100
0010
1000
0001
0001
,
1000
0010
1000
0001
0100
0001
1000
1000
,
0001
0100
0001
0100
0220
0330
2002
3003
,
0001
0010
1000
0010
0001
0100
1000
0100
,
0010
0001
0010
1000
0100
1000
0100
0100
,
1000
0010
0001
0010
1000
0100
0001
0100
,
0010
1000
0010
0001
0100
0001
0100
0010
,
0110
0000
0110
0000
0101
0000
0101
0100
,
0001
1001
1001
0110
,
0001
1000
0100
0000
1000
0000
0001
0000
0010
0000
0001
0000
0100
0000
1000
0000
,
0100
0010
0100
0000
0001
1000
0001
0000
0010
0000
0100
0000
0110
0000
0000
0000
,
1000
0000
0001
0000
1000
0000
0100
0000
1000
0000
0100
1000
0000
0001
0000
0000
,
0010
0000
0001
0000
0010
0001
1000
0100
0010
0000
0000
0000
0110
0000
0000
0000
,
0001
0000
1000
0000
0100
1000
0100
0000
1000
0000
0001
0000
0010
0001
0010
0000
,
0022
0033
0000
0220
0330
0000
2200
3300
0000
2002
3003
0000
0220
0000
0330
0000
,
0001
0000
1000
0000
0001
0000
0100
0000
0001
0000
0100
0001
0000
1000
0000
0000
,
0010
0000
1000
0000
0010
1000
0001
0100
0010
0000
0000
0000
0110
0000
0000
0000
,
1000
0000
0001
0000
0100
0001
0100
0000
0001
0000
1000
0000
0010
1000
0010
0000
,
2000
0000
0000
3200
0000
0000
0302
0000
0000
0200
0003
0000
2300
0000
3000
0000
,
1000
0000
0100
0000
0010
0000
0001
0000
1000
0000
0010
0001
0000
0010
0000
0000
,
1000
0000
0001
0000
0100
0001
1000
0010
0100
0000
0000
0000
1001
0000
0000
0000
,
0001
0000
0010
0000
1000
0010
1000
0000
0010
0000
0001
0000
0010
0001
0010
0000
,
0022
0033
0000
0220
0330
0000
2200
3300
0000
2002
3003
0000
0220
0000
0330
0000
,
0001
0000
1000
0000
0001
0000
0100
0000
0001
0000
0100
0001
0000
1000
0000
0000
,
0010
0000
1000
0000
0010
1000
0001
0100
0010
0000
0000
0000
0110
0000
0000
0000
,
1000
0010
0001
1000
0100
0001
1000
0010
,
1000
0100
1000
0000
0001
0010
0001
0000
1000
0001
0010
0001
1000
0000
0001
0000
,
2002
0000
0000
0000
,
0000
0000
0000
3003
,
0000
0000
0000
0000
;

#NOTES:
     dance-double:
     :
     Easy:
     6:
     :
00000000
00000000
00000000
00000000
,
00000000
00000000
00000000
00000000
,
10000000
10000000
00010000
00000000
,
01000000
00010000
00110000
00101000
,
00011000
00000000
00001000
00000100
,
00000010
00001000
00000001
00002000
,
00003001
00000100
00001000
00000000
,
00001000
00010000
00011000
00101000
,
01100000
00000000
10000000
01000000
,
00100000
00100000
00100000
10000000
,
00010000
00100000
01000000
00000000
,
00010000
00001000
00011000
00010100
,
00001100
00000000
00000010
00000100
,
00001000
00000001
00001000
00000002
,
00001003
00000010
00000100
00000000
,
00000001
00000100
00001010
00010010
,
00011000
00000000
00010000
00100000
,
10000000
00010000
10000000
00010000
,
10000000
01000000
00100000
00100000
,
00001000
00010000
00000100
00000000
,
00000010
00000010
00000001
00001000
,
00000010
00000010
00000100
00000000
,
00001000
00010000
00001000
00000000
,
01000000
00100000
01000000
00000000
,
00010000
00010000
10000000
00010000
,
00100000
00100000
01100000
01100000
,
10000000
01000000
00010000
00000000
,
00001000
00010000
00001000
00000000
,
00000100
00000001
00001000
00000000
,
00000010
00000010
00000100
00000000
,
00000001
00000001
00000100
00000100
,
00001000
00001000
00010000
00010000
,
00100000
10000000
00100000
00010000
,
00100000
10000000
10010000
00000000
,
10000000
10000000
01000000
01000000
,
10000000
01000000
00010000
00001000
,
00000010
00000010
00000001
00000001
,
00001001
00000110
00001001
00000000
,
00000001
00000010
00001000
00000010
,
00001000
00010000
00011000
00000000
,
00010000
00100000
10000000
01000000
,
00010000
00001000
00000010
00000000
,
00000001
00000001
00000100
00000100
,
00000001
00000100
00001000
00010000
,
00100000
00100000
10000000
10000000
,
10010000
01100000
10010000
00000000
,
10000000
00100000
00010000
00100000
,
00010000
00001000
00011000
00000000
,
00001000
00000010
00000001
00000100
,
00001000
00010000
00100000
00010000
,
00022000
00000000
00000000
00000000
,
00000000
00000000
00000000
00033000
,
00000000
00000000
00000000
00000000
;

#NOTES:
     dance-double:
     :
     Medium:
     10:
     :
00000000
00000000
00000000
00000000
,
00000000
00000000
00000000
00000000
,
10010000
00000000
00000000
00000000
00100000
00001000
00100000
00000000
,
00001000
00010000
00001000
00000000
00010100
00000000
00000110
00000000
,
00001001
00000000
00000000
00000000
00000001
00001000
00000010
00000000
,
00001000
00000000
00000000
00000001
00000000
00000000
00000100
00000000
00000000
00000010
00000000
00000000
00000110
00000000
00000000
00000000
,
00000101
00000000
00000000
00000000
00000100
00001000
00010000
00001000
,
00010000
00100000
01100000
10010000
,
01100000
00000000
00000000
00000000
10000000
00010000
00100000
00000000
,
11000000
00000000
00110000
00000000
10000000
01000000
10000000
00010000
,
10010000
00000000
00000000
00000000
10000000
01000000
00010000
00000000
,
00001000
00010000
00001000
00000000
00000010
00000100
00001000
00000000
,
00001001
00000000
00000000
00000000
00000001
00001000
00000010
00000000
,
00000100
00000000
00000000
00000001
00000000
00000000
00001000
00000000
00000000
00000001
00000000
00000000
00000101
00000000
00000000
00000000
,
00001010
00000000
00000000
00000000
00000010
00010000
00001000
00010000
,
00001000
00010000
00110000
01100000
,
10010000
00000000
00000000
00000000
10000000
00010000
00100000
00000000
,
01000000
10000000
01000000
00010000
00001000
00000010
00000001
00000000
,
00001000
00000100
00000000
00000010
00000000
00000001
00001000
00000010
,
00000100
00001000
00000000
00010000
00000000
00001000
00010000
00100000
,
01000000
00010000
00000000
10000000
00000000
01000000
00010000
00001000
,
00000000
00010000
00001000
00010000
00000000
00001000
00000100
00000001
,
00001000
00000001
00000000
00000010
00000000
00000100
00001000
00000100
,
00000001
00000100
00000000
00000010
00000000
00001000
00010000
00001000
,
00010000
01000000
00000000
10000000
00000000
00010000
00100000
01000000
,
00000000
10000000
00010000
00100000
01100000
00000000
01100000
00000000
,
10000000
01000000
00010000
01000000
10000000
00000000
00000000
00000000
,
00010000
00100000
10000000
00100000
00010000
00000000
00000000
00000000
,
00100000
00001000
00010000
00001000
00100000
00000000
00010000
00000000
,
00001000
00000100
00000001
00000100
00001000
00000000
00000010
00000000
,
00000100
00000000
00000010
00000000
00000100
00000000
00000010
00001000
,
00000001
00000010
00001000
00010000
,
00001000
00010000
01000000
00000000
10000000
00010000
10000000
00000000
,
01000000
00100000
00010000
00100000
00001000
00000000
00011000
00000000
,
00001000
00000000
00000100
00000001
00000100
00000000
00000010
00000000
,
00001000
00000001
00000010
00000100
00000110
00000000
00001001
00000000
,
00000001
00000100
00001000
00000000
00010000
00001000
00010000
00000000
,
00100000
00000000
00000000
10000000
00000000
00000000
00010000
00000000
00000000
01000000
00000000
00000000
01100000
00000000
00000000
00000000
,
10000000
00000000
00010000
01000000
00010000
00000000
00100000
00000000
,
01000000
10000000
01000000
00010000
01010000
00000000
00011000
00000000
,
00001000
00000100
00000001
00000000
00001000
00000001
00000010
00000000
,
00000100
00001000
00000001
00000010
00001000
00010000
00002000
00000000
,
00013000
00000000
01000000
10000000
01000000
00000000
00100000
00000000
,
00010000
10000000
00100000
01000000
01100000
00000000
10010000
00000000
,
10000000
01000000
00010000
00000000
00001000
00010000
00001000
00000000
,
00000010
00000000
00000000
00000001
00000000
00000000
00001000
00000000
00000000
00000100
00000000
00000000
00000110
00000000
00000000
00000000
,
00000001
00000000
00001000
00000100
00001000
00000000
00000010
00000000
,
00000100
00000001
00000100
00001000
00001100
00000000
00011000
00000000
,
00010000
01000000
10000000
01000000
00100000
00010000
00100000
01000000
,
10000000
00010000
10000000
00100000
00010000
00001000
00010000
00000000
,
00022000
00000000
00000000
00000000
,
00000000
00000000
00000000
00033000
,
00000000
00000000
00000000
00000000
;

#NOTES:
     dance-double:
     :
     Hard:
     13:
     :
00000000
00000000
00000000
00000000
,
00000000
00000000
00000000
00000000
,
10000000
01000000
00010000
01000000
00100000
00001000
00010000
00000000
,
00001000
00000000
00000100
00000000
00000001
00000100
00000001
00000000
00002000
00000000
00000010
00000000
00003001
00000000
00000000
00000000
,
00000001
00000010
00001000
00000010
00000100
00010000
00001000
00000000
,
00011000
00000000
00000000
00110000
00000000
00000000
10100000
00000000
00000000
10010000
00000000
00000000
02200000
00000000
03300000
00000000
,
10000000
00100000
00010000
00100000
01000000
00001000
00010000
00000000
,
00001000
00000000
00000010
00000000
00000001
00000010
00000100
00000000
00000020
00000000
00000000
00000000
00000031
00000000
00000000
00000000
,
00001000
00000001
00000100
00001000
00010000
00100000
10000000
01000000
,
00100000
00010000
00100000
00000000
00001000
00010000
00001000
00000000
00000100
00000010
00000100
00000001
00001000
00000000
00001001
00000000
,
00000001
00000100
00001000
00000100
00000010
00010000
00001000
00000000
,
00010000
00000000
01000000
00000000
10000000
01000000
10000000
00000000
00020000
00000000
00100000
00000000
10030000
00000000
00000000
00000000
,
10000000
00100000
00010000
00100000
01000000
00001000
00010000
00000000
,
00011000
00000000
00000000
00001010
00000000
00000000
00000011
00000000
00000000
00001001
00000000
00000000
00000220
00000000
00000330
00000000
,
00000001
00000010
00001000
00000010
00000100
00010000
00001000
00000000
,
00010000
00000000
00100000
00000000
10000000
00100000
01000000
00000000
00200000
00000000
00000000
00000000
10300000
00000000
00000000
00000000
,
00010000
10000000
01000000
00010000
00001000
00000010
00000001
00000100
,
00000010
00001000
00000010
00000000
00010000
00001000
00010000
00000000
01000000
00100000
01000000
10000000
00010000
00000000
10010000
00000000
,
00000000
10000000
01000000
10000000
00000000
01000000
00010000
01000000
,
00000000
00010000
00001000
00010000
00000000
00001000
00000010
00001000
,
00000000
00000010
00000001
00000010
00000000
00000001
00001000
00000001
,
00000000
00000100
00000010
00000100
00000000
00000001
00001000
00000001
,
00000000
00000101
00000000
00001100
00000000
00011000
00000000
00001100
,
00000000
00000110
00000000
00010010
00000000
00011000
00000000
01001000
,
00000000
00101000
00000000
00011000
00000000
00010100
00000000
00011000
,
00000000
00110000
00000000
10100000
02200000
03300000
20020000
30030000
,
10000000
01000000
00010000
01000000
10000000
00100000
00010000
00100000
,
01000000
00010000
00001000
00010000
01000000
00100000
00010000
00001000
,
00000100
00000001
00000100
00001000
00010000
00001000
00000010
00000001
,
00000010
00000100
00001000
00000100
00000001
00000100
00000010
00000001
,
00000011
00000000
00000110
00000000
00001100
00000000
00001001
00000100
,
00000101
00001100
00011000
00110000
,
10000000
10000000
00010000
00010000
00100000
00100000
01000000
01000000
,
10000000
01000000
10000000
00000000
01000000
00010000
01000000
00000000
00010000
00000000
00001000
00000000
00011000
00000000
00000000
00000000
,
00001000
00000000
00000010
00000000
00000001
00000000
00000010
00000000
00000100
00000000
00010000
00001000
00000000
00010000
01000000
00000000
,
10000000
00000000
00010000
00000000
00100000
01000000
00020000
00000000
00031000
00000000
00000000
00000000
00011000
00000000
00000000
00000000
,
00001000
00000000
00000100
00000000
00000001
00000000
00000100
00000000
00000010
00000000
00001000
00000001
00000000
00000100
00000010
00000000
,
00000110
00000000
00000000
00001100
00000000
00000000
00011000
00000000
00000000
00110000
00000000
00000000
00022000
00000000
00033000
00000000
,
00010000
00000000
00100000
00000000
10000000
00000000
00100000
00000000
01000000
00000000
00001000
00010000
00000000
00001000
00000100
00000000
,
00000001
00000000
00001000
00000000
00000010
00000100
00002000
00000000
00013000
00000000
00000000
00000000
00011000
00000000
00000000
00000000
,
00010000
00000000
01000000
00000000
10000000
00000000
01000000
00000000
00100000
00000000
00010000
10000000
00000000
01000000
00100000
00000000
,
01100000
00000000
00000000
01010000
00000000
00000000
00011000
00000000
00000000
00001010
00000000
00000000
00022000
00000000
00033000
00000000
,
00001000
00000000
00000100
00000000
00000001
00000000
00000100
00000000
00000010
00000000
00010000
00001000
00000000
00010000
00100000
00000000
,
10000000
00000000
00010000
00000000
01000000
00100000
00020000
00000000
00031000
00000000
00000000
00000000
00011000
00000000
00000000
00000000
,
00001000
00000000
00000010
00000000
00000001
00000000
00000010
00000000
00000100
00000000
00001000
00000001
00000000
00000010
00000100
00000000
,
00000110
00000000
00000000
00001010
00000000
00000000
00011000
00000000
00000000
01010000
00000000
00000000
00022000
00000000
00033000
00000000
,
00010000
00000000
01000000
00000000
10000000
00000000
01000000
00000000
00100000
00000000
00001000
00010000
00000000
00001000
00000010
00000000
,
00000001
00000000
00001000
00000000
00000100
00000010
00002000
00000000
00013000
00000000
00000000
00000000
00011000
00000000
00000000
00000000
,
00010000
00100000
00010000
00001000
00000010
00001000
00010000
01000000
,
10000000
01000000
10000000
00000000
01000000
00010000
01000000
00000000
00010000
00001000
00010000
00001000
00010000
00000000
00001000
00000000
,
00022000
00000000
00000000
00000000
,
00000000
00000000
00000000
00033000
,
00000000
00000000
00000000
00000000
;