#TITLE:Dummy;
#SUBTITLE:;
#ARTIST:RAM;
#TITLETRANSLIT:;
#SUBTITLETRANSLIT:;
#ARTISTTRANSLIT:;
#CREDIT:;
#BANNER:Dummy.png;
#BACKGROUND:Dummy-bg.png;
#LYRICSPATH:;
#CDTITLE:./CDTITLES/DanceDanceRevolution UNIVERSE3.png;
#MUSIC:Dummy.ogg;
#OFFSET:0.000;
#SAMPLESTART:23.320;
#SAMPLELENGTH:15.000;
#SELECTABLE:YES;
#DISPLAYBPM:175.000;
#BPMS:0.000=175.610,4.000=174.985;
#STOPS:;
#BGCHANGES:;

//---------------dance-single - ----------------
#NOTES:
     dance-single:
     :
     Beginner:
     2:
     0.125,0.142,0.011,0.055,0.000:

0000
0000
0000
0000
,

0000
0000
0000
0000
,

0000
0000
0000
0000
,

0000
0000
0000
0000
,

0000
0000
0000
0000
,

0002
0000
0000
0003
,

0001
0000
0000
0000
,

2000
0000
0000
3000
,

1000
0000
0000
0000
,

0010
0000
0010
0000
,

0010
0000
0000
0000
,

1000
0000
1000
0000
,

1000
0000
0000
0000
,

0001
0000
0001
0000
,

0001
0000
0000
0000
,

0100
0000
0100
0000
,

0100
0000
0000
0000
,

0001
0000
0000
0000
,

0010
0000
0000
0000
,

0100
0000
0000
0000
,

1000
0000
0000
0000
,

0001
0000
0000
0000
,

0100
0000
0000
0000
,

0010
0000
0000
0000
,

1000
0000
0001
0000
,

1000
0000
0000
0000
,

0010
0000
0000
0000
,

0100
0000
0000
0000
,

0001
0000
0000
0000
,

1000
0000
0000
0000
,

0100
0000
0000
0000
,

0010
0000
0000
0000
,

0001
0000
0000
0000
,

2000
0000
0000
3000
,

1000
0000
0000
0000
,

0001
0000
0000
0000
,

0100
0000
0000
0000
,

0002
0000
0000
0003
,

0001
0000
0000
0000
,

1000
0000
0000
0000
,

0100
0000
0000
0000
,

0020
0000
0000
0030
,

0010
0000
0000
0000
,

0001
0000
0000
0000
,

1000
0000
0000
0000
,

0010
0000
0000
0000
,

0100
0000
0000
0000
,

0001
0000
0000
0000
,

1000
0000
0000
0000
,

0001
0000
1000
0000
,

0001
0000
0000
0000
,

0010
0000
0100
0000
,

0010
0000
0000
0000
,

0001
0000
0100
0000
,

0001
0000
0000
0000
,

1000
0000
0100
0000
,

1000
0000
0000
0000
,

0010
0000
0100
0000
,

0010
0000
0000
0000
,

1000
0000
0001
0000
,

1000
0000
0000
0000
,

0001
0000
0010
0000
,

0001
0000
0000
0000
,

1000
0000
0010
0000
,

1000
0000
0000
0000
,

1001
0000
0000
0000
,;

//---------------dance-single - ----------------
#NOTES:
     dance-single:
     :
     Easy:
     4:
     0.214,0.249,0.000,0.044,0.000:  // measure 1
0000
0000
0000
0000
,  // measure 2
0000
0000
0000
0000
,  // measure 3
0000
0000
0000
0000
,  // measure 4
0000
0000
0000
0000
,  // measure 5
0000
0000
0000
0000
,  // measure 6
0001
0000
0100
0000
,  // measure 7
1000
0000
0100
0000
,  // measure 8
0001
0000
0100
0000
,  // measure 9
1000
0000
0000
0000
,  // measure 10
0001
0000
0010
0000
,  // measure 11
0100
0000
1000
0000
,  // measure 12
0010
0000
0100
0000
,  // measure 13
0001
0000
0000
0000
,  // measure 14
1000
0000
0010
0000
,  // measure 15
0100
0000
0001
0000
,  // measure 16
0010
0000
0100
0000
,  // measure 17
1000
0000
0000
0000
,  // measure 18
0100
0000
0010
0000
,  // measure 19
0001
1000
0001
0000
,  // measure 20
0100
0000
0010
0000
,  // measure 21
1000
0001
1000
0000
,  // measure 22
0010
0000
0100
0000
,  // measure 23
0001
1000
0001
0000
,  // measure 24
0010
0000
0100
0000
,  // measure 25
1000
0001
1000
0000
,  // measure 26
0100
0000
1000
0000
,  // measure 27
0001
0010
0001
0000
,  // measure 28
0100
0000
0001
0000
,  // measure 29
1000
0010
1000
0000
,  // measure 30
0001
0000
1000
0000
,  // measure 31
0100
0010
0100
0000
,  // measure 32
1000
0000
0001
0000
,  // measure 33
0100
0000
0000
0000
,  // measure 34
0001
0000
1000
0000
,  // measure 35
0001
0000
1000
0000
,  // measure 36
0010
0000
0100
0000
,  // measure 37
0001
0001
1000
1000
,  // measure 38
0100
0000
0010
0000
,  // measure 39
0100
0000
0010
0000
,  // measure 40
0001
0000
1000
0000
,  // measure 41
0100
0100
0010
0010
,  // measure 42
0001
0000
0100
0000
,  // measure 43
1000
0000
0100
0000
,  // measure 44
0001
0000
0100
0000
,  // measure 45
1000
1000
0001
0001
,  // measure 46
0020
0000
0030
0000
,  // measure 47
0002
0000
0003
0000
,  // measure 48
2000
0000
3000
0000
,  // measure 49
0200
0000
0300
0000
,  // measure 50
1000
0000
0010
0000
,  // measure 51
0100
0100
0001
0000
,  // measure 52
0010
0000
0100
0000
,  // measure 53
1000
1000
0001
0000
,  // measure 54
0100
0000
0010
0000
,  // measure 55
0100
0100
0001
0000
,  // measure 56
0010
0000
0001
0000
,  // measure 57
1000
1000
0100
0000
,  // measure 58
1000
0000
0010
0000
,  // measure 59
1000
0001
1000
0000
,  // measure 60
0100
0000
0010
0000
,  // measure 61
0001
1000
0001
0000
,  // measure 62
0100
0000
0010
0000
,  // measure 63
1000
0010
1000
0000
,  // measure 64
0100
0000
0010
0000
,  // measure 65
0001
0000
1000
0000
,  // measure 66
0010
0000
0000
0000
;

//---------------dance-single - ----------------
#NOTES:
     dance-single:
     :
     Medium:
     7:
     0.358,0.427,0.066,0.011,0.000:

0000
0000
0000
0000
,

0000
0000
0000
0000
,

0000
0000
0000
0000
,

0000
0000
0000
0000
,

0000
0000
0000
0000
,

0100
0000
1000
0000
0001
0000
0000
0100
,

0000
0000
0001
0000
0000
0010
0000
0000
,

0100
0000
0010
0000
0001
0000
0000
1000
,

0000
0000
0000
0000
,

0010
0000
1000
0000
0001
0000
0000
1000
,

0000
0000
0100
0000
0000
0010
0000
0000
,

0001
0000
1000
0000
0001
0000
0000
0100
,

0000
0000
0000
0000
,

0010
0000
1000
0000
0100
0000
0000
1000
,

0000
0000
0010
0000
0000
0100
0000
0000
,

0001
0010
0100
1000
,

1001
0000
0000
0000
,

0001
0000
0100
0000
0010
0100
0000
0001
,

0000
0001
0000
0010
0100
0000
1000
0000
,

0010
0000
1000
0000
0100
1000
0000
0010
,

0000
0010
0000
0100
0001
0000
0010
0000
,

0001
0000
1000
0000
0100
1000
0000
0001
,

0000
0001
0000
0100
0010
0000
1000
0000
,

0100
0000
1000
0000
0001
1000
0000
0100
,

0000
0100
0000
0000
1100
0000
0101
0000
,

1000
0000
0100
0000
0010
0001
0000
0100
,

0000
0100
0000
0010
1000
0000
0100
0000
,

1000
0000
0010
0000
0100
0001
0000
0010
,

0000
0010
0000
0001
0100
0000
0010
0000
,

0100
0000
0001
0000
1000
0001
0000
0010
,

0000
0010
0000
0100
1000
0000
0001
0000
,

1000
0010
0100
0001
,

1001
0000
0000
0000
,

1000
0000
0001
0000
1000
0100
0000
0010
,

0000
0001
0000
0000
0000
0000
0000
0000
,

0100
0010
1000
0100
,

0010
0001
0100
0010
,

1000
0000
0001
0000
0010
0001
0000
0100
,

0000
0010
0000
0000
0000
0000
0000
0000
,

1000
0001
0010
0100
,

1000
0001
0010
0100
,

0010
0000
0001
0000
1000
0010
0000
1000
,

0000
0100
0000
0000
0000
0000
0000
0000
,

1000
0001
0100
0010
,

1000
0001
0100
0010
,

0100
0000
0001
0000
1000
0100
0000
0010
,

0000
0001
0000
0000
0000
0000
0000
0000
,

1000
0000
0001
0000
,

0200
0000
0000
0300
,

0010
1000
0001
0000
0010
0000
0100
0000
,

0010
0001
1000
0010
,

0100
0001
1000
0000
0100
0000
0010
0000
,

0001
1000
0001
0100
,

0001
0010
1000
0000
0010
0000
0100
0000
,

1000
0010
1000
0001
,

1000
0010
0001
0000
0010
0000
0100
0000
,

0010
1000
1100
0101
,

0001
0010
0100
0000
1000
0000
0010
0000
,

1000
0001
0010
0100
,

1000
0001
0100
0000
0010
0000
0100
0000
,

0001
1000
0001
0010
,

0001
0100
1000
0000
0100
0000
0010
0000
,

1000
0001
1000
0010
,

1000
0100
0001
0000
0100
0000
0010
0000
,

0001
0000
1000
0000
0001
0000
0000
0010
,

0100
0000
0000
0000
,;

//---------------dance-single - ----------------
#NOTES:
     dance-single:
     :
     Hard:
     10:
     0.518,0.498,0.318,0.033,0.033:
0000
0000
0000
0000
,
0000
0000
0000
0000
,
0000
0000
0000
0000
,
0000
0000
0000
0000
,
0000
0000
0000
0000
,
1000
0100
0010
0000
0001
0000
0000
1000
,
0000
0000
0001
0000
0000
1000
0000
0000
,
0100
1000
0010
0000
1000
0000
0000
0001
,
0000
0000
0000
0000
,
0100
0001
0010
0000
0001
0000
0001
1000
,
0000
1000
0010
0000
0010
0100
0000
0100
,
0001
1000
0010
0000
1000
0000
1000
0001
,
0000
0000
0000
0000
,
0100
0001
0010
0000
0001
0000
0001
1000
,
0000
1000
0010
0000
0010
0100
0000
0100
,
0001
0010
0100
1000
0001
0010
0100
1000
,
0020
0000
0000
0030
,
0100
0000
0101
0000
0010
1000
0100
0010
,
0000
0011
0000
0100
1000
0000
0001
0000
,
0100
0000
0110
0000
0001
1000
0010
0100
,
0000
0101
0000
0010
1000
0000
0001
0000
,
0010
0000
0110
0000
0001
1000
0100
1000
,
0000
1010
0000
0001
1000
0000
0100
0000
,
1000
0000
1001
0000
0010
1000
0001
0010
,
0000
0110
0000
1000
0001
1000
0001
1000
,
0100
0000
0110
0000
0001
0010
0100
1000
,
0000
1001
0000
0010
1000
0000
0100
0000
,
0010
0000
0011
0000
0100
0010
0001
1000
,
0000
1010
0000
0001
0100
0000
0001
0000
,
0010
0000
0110
0000
1000
0100
0001
0100
,
0000
1100
0000
0010
0001
0000
0100
0000
,
0001
0010
0100
1000
0001
0010
0100
2000
,
0000
0000
0000
3000
,
0010
0000
1000
0000
0001
0010
0000
0100
,
0000
1000
0000
0000
0001
1000
0010
0000
,
1000
0100
0010
0001
0100
0010
0100
0001
,
1000
0100
0010
0000
0001
0100
0010
0000
,
1000
0000
0010
0000
1000
0001
0000
0010
,
0000
0100
0000
0000
0010
0001
1000
0000
,
0010
1000
0100
0010
0001
0100
1000
0100
,
0001
0010
0100
0000
1000
0010
0100
0000
,
0001
0000
0010
0000
0001
1000
0000
0010
,
0000
0100
0000
0000
0001
1000
0100
0000
,
0010
0001
0010
0100
1000
0010
1000
0001
,
1000
0100
0010
0000
0001
0100
0010
0000
,
1000
0000
0100
0000
0010
0001
0000
1000
,
0000
0010
0000
0000
0000
0000
0000
0000
,
1000
0000
0000
0000
0001
2000
0000
0000
,
0001
0001
0001
3001
,
0100
0000
0110
0000
0001
0010
0100
1000
,
0000
0000
1001
0000
0000
0000
0100
0000
0010
0000
0000
0001
0000
0000
1000
0000
,
0010
0000
0110
0000
0001
1000
0100
0010
,
0000
0000
0011
0000
0000
0000
0100
0000
1000
0000
0000
0010
0000
0000
0100
0000
,
0010
0000
1010
0000
0001
0010
1000
0010
,
0000
0000
0011
0000
0000
0000
0100
0000
0010
0000
0000
0001
0000
0000
0100
0000
,
0010
0000
1010
0000
0100
0001
1000
0100
,
0000
0110
0000
0001
1000
0001
1000
0001
,
0100
0000
0110
0000
0001
0010
0100
1000
,
0000
0000
1010
0000
0000
0000
0100
0000
0001
0000
0000
0010
0000
0000
0100
0000
,
1000
0000
1010
0000
0001
0010
0100
0010
,
0000
0000
0011
0000
0000
0000
1000
0000
0010
0000
0000
1000
0000
0000
0001
0000
,
0010
0000
0110
0000
1000
0001
0100
0010
,
0000
0000
1010
0000
0000
0000
0100
0000
0001
0000
0000
0010
0000
0000
0100
0000
,
1000
0000
1001
0000
0100
0010
0001
0100
,
0000
0000
0001
0000
1000
0000
0000
0010
,
0100
0000
0000
0000
;

//---------------dance-double - ----------------
#NOTES:
     dance-double:
     :
     Easy:
     4:
     0.214,0.249,0.000,0.044,0.000:

00000000
00000000
00000000
00000000
,

00000000
00000000
00000000
00000000
,

00000000
00000000
00000000
00000000
,

00000000
00000000
00000000
00000000
,

00000000
00000000
00000000
00000000
,

00001000
00000000
00010000
00000000
,

00001000
00000000
00010000
00000000
,

00000100
00000000
00000010
00000000
,

00000100
00000000
00000000
00000000
,

00001000
00000000
00000001
00000000
,

00001000
00000000
00000001
00000000
,

00000100
00000000
00000010
00000000
,

00000100
00000000
00000000
00000000
,

00000010
00000000
00001000
00000000
,

00000010
00000000
00001000
00000000
,

00000100
00000000
00010000
00000000
,

00000100
00000000
00000000
00000000
,

00010000
00000000
00001000
00000000
,

00010000
01000000
10000000
00000000
,

00100000
00000000
10000000
00000000
,

01000000
00100000
00010000
00000000
,

01000000
00000000
00001000
00000000
,

00010000
00000100
00001000
00000000
,

00000010
00000000
00001000
00000000
,

00000001
00000100
00001000
00000000
,

00010000
00000000
00001000
00000000
,

00010000
00100000
10000000
00000000
,

01000000
00000000
00100000
00000000
,

00010000
00100000
00001000
00000000
,

00010000
00000000
00000010
00000000
,

00001000
00000100
00010000
00000000
,

00000100
00000000
00000010
00000000
,

00000100
00000000
00000000
00000000
,

00000001
00000000
00000010
00000000
,

00000100
00000000
00001000
00000000
,

00000001
00000000
00000100
00000000
,

00001000
00001000
00010000
00010000
,

00001000
00000000
00100000
00000000
,

00010000
00000000
01000000
00000000
,

00100000
00000000
10000000
00000000
,

00010000
00010000
10000000
10000000
,

00010000
00000000
00100000
00000000
,

01000000
00000000
00100000
00000000
,

00001000
00000000
00010000
00000000
,

00000100
00000100
00000010
00000010
,

00000200
00000000
00000300
00000000
,

00020000
00000000
00030000
00000000
,

00002000
00000000
00003000
00000000
,

02000000
00000000
03000000
00000000
,

00100000
00000000
10000000
00000000
,

01000000
01000000
01000000
00000000
,

00100000
00000000
00001000
00000000
,

00010000
00010000
00010000
00000000
,

00000010
00000000
00001000
00000000
,

00000100
00000100
00000100
00000000
,

00000010
00000000
00000001
00000000
,

00000100
00000100
00000100
00000000
,

00000010
00000000
00010000
00000000
,

00001000
00010000
00001000
00000000
,

01000000
00000000
00010000
00000000
,

00100000
01000000
00100000
00000000
,

00001000
00000000
01000000
00000000
,

00010000
10000000
00010000
00000000
,

00100000
00000000
10000000
00000000
,

01000000
00000000
00010000
00000000
,

00001000
00000000
00000000
00000000
,;

//---------------dance-double - ----------------
#NOTES:
     dance-double:
     :
     Medium:
     7:
     0.358,0.427,0.066,0.011,0.000:

00000000
00000000
00000000
00000000
,

00000000
00000000
00000000
00000000
,

00000000
00000000
00000000
00000000
,

00000000
00000000
00000000
00000000
,

00000000
00000000
00000000
00000000
,

00000010
00000000
00001000
00000000
00000001
00000000
00000000
00000010
,

00000000
00000000
00000001
00000000
00000000
00000100
00000000
00000000
,

00001000
00000000
00010000
00000000
00000100
00000000
00000000
00010000
,

00000000
00000000
00000000
00000000
,

00001000
00000000
01000000
00000000
00010000
00000000
00000000
00100000
,

00000000
00000000
01000000
00000000
00000000
10000000
00000000
00000000
,

00100000
00000000
10000000
00000000
01000000
00000000
00000000
00100000
,

00000000
00000000
00000000
00000000
,

00001000
00000000
00100000
00000000
00010000
00000000
00000000
01000000
,

00000000
00000000
00001000
00000000
00000000
00010000
00000000
00000000
,

00000100
00000010
00000001
00000100
,

00001001
00000000
00000000
00000000
,

00000010
00000000
00010000
00000000
00000100
00001000
00000000
00000001
,

00000000
00000001
00000000
00000010
00000100
00000000
00010000
00000000
,

00001000
00000000
01000000
00000000
00100000
10000000
00000000
01000000
,

00000000
01000000
00000000
10000000
00010000
00000000
00100000
00000000
,

00001000
00000000
01000000
00000000
00100000
10000000
00000000
00010000
,

00000000
00010000
00000000
00100000
00001000
00000000
00010000
00000000
,

00000010
00000000
00001000
00000000
00000001
00000010
00000000
00000100
,

00000000
00000100
00000000
00000000
00001100
00000000
00000101
00000000
,

00001000
00000000
00000010
00000000
00010000
00001000
00000000
00100000
,

00000000
00100000
00000000
00010000
01000000
00000000
00100000
00000000
,

10000000
00000000
01000000
00000000
00010000
00001000
00000000
01000000
,

00000000
01000000
00000000
00001000
00010000
00000000
00001000
00000000
,

00000100
00000000
00000001
00000000
00000010
00000100
00000000
00010000
,

00000000
00010000
00000000
00001000
00010000
00000000
00000010
00000000
,

00001000
00000100
00010000
00001000
,

00011000
00000000
00000000
00000000
,

00010000
00000000
01000000
00000000
10000000
00100000
00000000
01000000
,

00000000
00010000
00000000
00000000
00000000
00000000
00000000
00000000
,

00100000
00010000
01000000
00100000
,

10000000
01000000
00010000
00001000
,

00010000
00000000
00000100
00000000
00000010
00000001
00000000
00001000
,

00000000
00000100
00000000
00000000
00000000
00000000
00000000
00000000
,

00000010
00000001
00000100
00000010
,

00000100
00000001
00000010
00001000
,

00010000
00000000
00001000
00000000
00100000
00010000
00000000
10000000
,

00000000
00100000
00000000
00000000
00000000
00000000
00000000
00000000
,

01000000
00100000
10000000
00010000
,

10000000
00100000
00010000
00001000
,

00100000
00000000
01000000
00000000
10000000
01000000
00000000
00010000
,

00000000
00001000
00000000
00000000
00000000
00000000
00000000
00000000
,

00000100
00000000
00000001
00000000
,

00000020
00000000
00000000
00000030
,

00000001
00000100
00000001
00000000
00000010
00000000
00000100
00000000
,

00010000
00001000
01000000
00001000
,

00100000
00010000
00100000
00000000
01000000
00000000
10000000
00000000
,

00100000
00010000
00001000
00100000
,

00001000
00010000
00001000
00000000
01000000
00000000
00100000
00000000
,

10000000
01000000
00010000
00001000
,

00010000
00000100
00010000
00000000
00000010
00000000
00000100
00000000
,

00000001
00000010
00001100
00000101
,

00000010
00010000
00001000
00000000
00010000
00000000
00000100
00000000
,

00000010
00000001
00000100
00001000
,

00010000
00001000
01000000
00000000
00100000
00000000
00010000
00000000
,

00001000
00100000
01000000
00100000
,

00010000
01000000
00100000
00000000
10000000
00000000
01000000
00000000
,

00100000
00001000
01000000
00100000
,

10000000
01000000
00010000
00000000
00001000
00000000
00000100
00000000
,

00000001
00000000
00000010
00000000
00000100
00000000
00000000
00001000
,

00000001
00000000
00000000
00000000
,;

//---------------dance-double - ----------------
#NOTES:
     dance-double:
     :
     Hard:
     11:
     0.515,0.498,0.000,0.077,0.033:

00000000
00000000
00000000
00000000
,

00000000
00000000
00000000
00000000
,

00000000
00000000
00000000
00000000
,

00000000
00000000
00000000
00000000
,

00000000
00000000
00000000
00000000
,

00010000
01000000
00100000
00000000
10000000
00000000
00000000
00010000
,

00000000
00000000
01000000
00000000
00000000
00100000
00000000
00000000
,

00010000
00001000
00100000
00000000
00001000
00000000
00000000
00010000
,

00000000
00000000
00000000
00000000
,

00000010
00001000
00000100
00000000
00000010
00000000
00000001
00000100
,

00000000
00000010
00000100
00000000
00000001
00000100
00000000
00000001
,

00000010
00000100
00010000
00000000
00001000
00000000
01000000
00100000
,

00000000
00000000
00000000
00000000
,

01000000
00001000
00100000
00000000
01000000
00000000
10000000
00100000
,

00000000
01000000
00100000
00000000
10000000
00100000
00000000
01000000
,

00100000
10000000
01000000
10000000
00010000
00100000
00001000
00010000
,

00002000
00000000
00000000
00003000
,

00010000
00000100
00000010
00000000
00000001
00000100
00000001
00001000
,

00000000
00000010
00000000
00010000
00001000
00010000
00000100
00000000
,

00000010
00000001
00000100
00000000
00000010
00010000
00001000
00010000
,

00000000
00000100
00000000
00010000
00001000
00100000
01000000
00000000
,

10000000
00010000
01000000
00000000
00100000
10000000
01000000
00010000
,

00000000
00001000
00000000
01000000
00100000
10000000
01000000
00000000
,

10000000
00100000
00010000
00000000
00001000
00010000
00000010
00001000
,

00000000
00000100
00000000
00000010
00000010
00000010
00000010
00000010
,

00000100
00001000
00000001
00000000
00000010
00000001
00000100
00001000
,

00000000
00010000
00000000
00000100
00000010
00000100
00010000
00000000
,

00001000
01000000
00010000
00000000
01000000
00100000
10000000
01000000
,

00000000
00100000
00000000
00001000
00010000
00100000
10000000
00000000
,

01000000
00100000
00001000
00000000
00010000
00000010
00000100
00000001
,

00000000
00000010
00000000
00000001
00000100
00001000
00010000
00000000
,

00001000
00100000
01000000
00100000
00001000
00010000
00001000
02000000
,

00000000
00000000
00000000
03000000
,

00010000
00000000
10000000
00000000
01000000
00010000
00000000
00001000
,

00000000
00200000
00000000
00000000
00000000
00000000
00300000
00000000
,

00001000
00010000
00100000
00010000
00001000
00100000
00010000
01000000
,

00100000
10000000
00010000
00100000
00010000
01000000
00001000
00000000
,

00010000
00000000
00001000
00000000
00000100
00000001
00000000
00000010
,

00000000
00000200
00000000
00000000
00000000
00000000
00000300
00000000
,

00001000
00000001
00000010
00001000
00010000
00000010
00010000
00001000
,

00000100
00001000
00010000
00000100
00000010
00000001
00000100
00000000
,

00000010
00000000
00000100
00000000
00000001
00000010
00000000
00000100
,

00000000
00020000
00000000
00000000
00000000
00000000
00030000
00000000
,

00000010
00010000
00001000
00100000
00001000
00010000
01000000
00010000
,

00001000
01000000
00001000
00100000
00010000
01000000
00100000
00000000
,

10000000
00000000
01000000
00000000
00100000
00001000
00000000
00010000
,

00000000
00002000
00000000
00000000
00000000
00000000
00003000
00000000
,

00010000
00000000
00000000
00000000
00000100
00020000
00000000
00000000
,

00001000
01000000
00001000
01030000
,

10000000
00100000
01000000
00001000
00010000
00100000
10000000
01000000
,

00000000
00000000
00100000
00000000
00000000
00000000
01000000
00000000
00010000
00000000
00000000
01000000
00000000
00000000
10000000
00000000
,

00100000
01000000
00001000
00100000
00010000
00100000
00001000
00010000
,

00000000
00000000
00000010
00000000
00000000
00000000
00000100
00000000
00001000
00000000
00000000
00000100
00000000
00000000
00000001
00000000
,

00000010
00000100
00000010
00000001
00001000
00000010
00010000
00000010
,

00000000
00000000
00000100
00000000
00000000
00000000
00000001
00000000
00000010
00000000
00000000
00001000
00000000
00000000
00010000
00000000
,

00001000
01000000
00100000
10000000
01000000
00010000
00001000
01000000
,

00000000
00100000
00000000
10000000
10000000
10000000
10000000
10000000
,

01000000
00100000
00001000
00100000
00010000
01000000
00001000
00010000
,

00000000
00000000
00000100
00000000
00000000
00000000
00000010
00000000
00000001
00000000
00000000
00000100
00000000
00000000
00001000
00000000
,

00010000
00000100
00000010
00000100
00000001
00000100
00001000
00000001
,

00000000
00000000
00000100
00000000
00000000
00000000
00000010
00000000
00000100
00000000
00000000
00000001
00000000
00000000
00000010
00000000
,

00001000
00010000
00001000
01000000
00100000
00010000
00001000
00100000
,

00000000
00000000
01000000
00000000
00000000
00000000
10000000
00000000
00010000
00000000
00000000
01000000
00000000
00000000
00100000
00000000
,

10000000
01000000
00010000
01000000
00100000
00001000
00010000
00000010
,

00000000
00000000
00000100
00000000
00000010
00000000
00000000
00010000
,

00001000
00000000
00000000
00000000
,;
