#TITLE:DYNAMITE RAVE(Down Bird SOTA Mix);
#SUBTITLE:;
#ARTIST:NAOKI;
#TITLETRANSLIT:;
#SUBTITLETRANSLIT:;
#ARTISTTRANSLIT:;
#CREDIT:;
#BANNER:DYNAMITE RAVE(Down Bird SOTA Mix).png;
#BACKGROUND:DYNAMITE RAVE(Down Bird SOTA Mix)-bg.png;
#LYRICSPATH:;
#CDTITLE:./CDTITLES/DANCE DANCE REVOLUTION HOME VERSION.PNG;
#MUSIC:DYNAMITE RAVE(Down Bird SOTA Mix).ogg;
#OFFSET:0.000;
#SAMPLESTART:41.580;
#SAMPLELENGTH:15.000;
#SELECTABLE:YES;
#DISPLAYBPM:150.000;
#BPMS:0.000=150.000,8.000=150.000;
#STOPS:;
#BGCHANGES:;

//---------------dance-single - ----------------
#NOTES:
     dance-single:
     :
     Beginner:
     3:
     0.196,0.277,0.156,0.000,0.000:
0000
0000
0000
0000
,
0000
0000
0000
0000
,
0000
0000
0000
0000
,
0000
0000
0000
0000
,
0000
0000
0000
0000
,
1000
0000
0000
0000
,
0100
0000
0100
0000
,
0001
0000
0000
0000
,
0100
0000
0100
0000
,
0100
0000
0000
0000
,
0010
0000
0001
0000
,
0100
0000
0100
0100
,
0100
0000
1000
0000
,
0010
0000
0010
0010
,
0010
0000
0001
0000
,
0100
0000
0100
0100
,
0100
0000
1000
0000
,
0010
0000
0010
0010
,
0010
0000
1001
0000
,
0100
0000
0100
0000
,
1000
0000
0001
0000
,
1000
0000
0001
0000
,
0010
0000
1001
0000
,
0100
0000
0100
0000
,
1000
0000
0001
0000
,
0100
0100
0100
0100
,
0100
0000
0010
0000
,
1001
0000
0100
0000
,
1000
0000
1000
0000
,
1000
1000
1000
0000
,
0100
0000
0010
0000
,
1001
0000
0100
0000
,
0001
0000
0001
0000
,
0001
0001
0001
0000
,
0001
0001
0000
0000
,
0010
0000
0000
0000
,
1000
1000
0000
0000
,
0010
0000
0000
0000
,
0001
0001
0000
0000
,
0100
0000
0000
0000
,
1000
1000
0000
0000
,
0100
0100
0100
0000
,
1001
0000
1001
0000
,
0010
0000
0100
0000
,
1001
0000
1001
0000
,
0100
0100
0100
0000
,
1001
0000
1001
0000
,
1000
0000
0001
0000
,
1001
0000
1001
0000
,
0100
0100
0100
0000
,
0100
0000
0010
0000
,
1001
0000
0100
0000
,
0001
0000
0001
0000
,
0001
0001
0001
0000
,
0100
0000
0010
0000
,
1001
0000
0100
0000
,
1000
0000
1000
0000
,
1000
1000
1000
0000
,
0001
0001
0001
0000
,
1001
0000
0000
0000
,
0000
0000
0000
0000
;

//---------------dance-single - ----------------
#NOTES:
     dance-single:
     :
     Easy:
     5:
     0.318,0.369,0.167,0.313,0.000:
0000
0000
0000
0000
,
0000
0000
0000
0000
,
0000
0000
0000
0000
,
0000
0000
0000
0000
,
0000
0000
0000
0000
,
1000
0000
0001
0000
,
0010
0000
0010
0000
,
1000
0000
0001
0000
,
0100
0000
0001
1000
,
2002
0000
0000
3003
,
0010
0010
0200
0300
,
0001
1000
0020
0030
,
1000
0100
0001
0100
,
0010
1000
0200
0300
,
1000
0001
0000
1001
,
0100
0010
0000
0110
,
0010
1000
0100
0001
,
0100
0000
0001
1000
,
0010
0100
0001
1000
,
0001
1000
0100
0010
,
0001
0001
0100
0010
,
1000
0001
1000
0001
,
0100
0200
0000
0300
,
0001
0002
0003
0000
,
1000
0100
0001
0001
,
0010
1000
0001
0100
,
1001
0000
0110
0000
,
0001
0100
2000
3000
,
0001
0010
1000
0100
,
0001
1000
0001
0110
,
0002
0103
2000
3000
,
0010
1000
0010
0001
,
1000
0100
0002
0003
,
1001
0110
1001
0000
,
0001
2000
3000
1100
,
0001
0200
0300
0110
,
1000
0000
0001
0000
,
0010
0000
0100
0000
,
1000
0002
0103
0010
,
0001
2000
3001
0100
,
0020
0030
0200
0300
,
0001
1000
0010
0100
,
0002
0003
0100
1000
,
0010
0002
0203
0300
,
0010
0100
0001
1000
,
0001
0100
1000
0010
,
1000
0002
0003
0100
,
1000
0020
0030
0001
,
0110
0000
0110
0000
,
0001
0100
1000
0100
,
0000
0002
2000
3003
,
0010
0110
0100
0001
,
2000
3100
0010
0001
,
0002
1003
0100
0010
,
1000
1001
2002
3003
,
0010
1000
0001
0100
,
0001
0001
1000
0010
,
0100
0002
2000
0000
,
0000
0000
0000
0000
,
3003
0000
0000
0000
,
0000
0000
0000
0000
;

//---------------dance-single - ----------------
#NOTES:
     dance-single:
     :
     Medium:
     8:
     0.452,0.492,0.417,0.333,0.000:
0000
0000
0000
0000
,
0000
0000
0000
0000
,
0000
0000
0000
0000
,
0000
0000
0000
0000
,
0000
0000
0000
0000
,
0001
1100
0001
0100
,
1000
0101
1000
0100
,
0001
0010
1000
0100
,
0001
0100
1000
0001
,
0220
0000
0000
0330
,
0001
0000
1000
0000
0000
0010
1000
0000
,
0100
0000
0002
0000
0003
0100
0010
0000
,
1000
0110
0001
0110
,
1000
0100
0100
0000
0001
1000
0100
0000
,
1000
0002
0003
0101
,
0001
2000
3000
1100
,
0010
1000
1000
0000
0010
0000
0110
0000
,
1001
0000
0100
0000
0001
0100
1000
0010
,
0100
0000
2002
0000
3003
0000
1001
0100
,
0000
0000
0210
0000
0300
0010
0100
0000
,
0001
1000
0200
0000
0300
0001
1000
0000
,
0010
0000
0010
0000
1000
0000
0001
1000
,
0100
0000
0102
0000
0003
1000
0001
0000
,
1000
0001
0100
0100
,
0001
1000
0001
0000
0100
0010
1000
0000
,
0001
0100
1000
0000
,
1002
0103
2001
3010
,
0001
0100
1000
0000
0010
0000
0110
0000
,
1000
1000
0100
0000
0002
0000
0013
0000
,
0010
1000
0100
0000
0101
0000
1100
0000
,
0010
0001
0100
0000
1000
0000
1100
0000
,
0001
0100
0001
1000
0000
0000
0110
0000
,
0001
0100
0100
0000
1000
0010
0100
0000
,
0110
1001
0220
0330
,
1000
0001
0010
0200
,
0001
0001
1000
0301
,
0100
0010
1000
0100
,
0002
0003
2000
3000
,
0020
0100
0001
1000
,
0031
0010
1000
0100
,
0002
0000
0003
0000
1000
0100
0001
0000
,
1000
2000
3001
0001
,
1000
0102
1003
0001
,
0010
0110
1000
0100
,
0001
0100
1000
0000
0010
1000
0001
0000
,
2000
0001
0010
3100
,
1010
0001
0100
0001
,
0010
0000
1000
0000
0001
0100
1000
0000
,
0002
0013
0200
1300
,
0001
0100
0001
1000
0010
0001
0100
0000
,
2001
3100
0021
0130
,
0001
1000
0010
0000
0200
0000
0300
0000
,
0001
0100
0001
1000
0020
0000
0130
0000
,
0110
0110
1001
0110
,
2000
0001
3010
0000
,
0011
0110
1100
1001
,
0001
0100
0001
1000
0010
0000
0001
0000
,
0011
1100
2002
3003
,
0001
1000
0000
0010
0000
1000
0001
0000
,
1001
0000
0000
0000
,
0000
0000
0000
0000
;

//---------------dance-single - ----------------
#NOTES:
     dance-single:
     :
     Hard:
     10:
     0.485,0.492,0.219,0.375,0.016:
0000
0000
0000
0000
,
0000
0000
0000
0000
,
0000
0000
0000
0000
,
0000
0000
0000
0000
,
0000
0000
0000
0000
,
0000
0000
0000
0010
0100
0000
0001
1000
,
0002
0000
0003
0200
0000
0000
0300
0000
,
0001
0100
0010
0000
1000
0000
0001
0000
,
0010
1000
0100
0001
1000
0010
0100
0000
,
0020
0000
0000
0030
,
0001
1000
0100
0000
1000
0001
0100
0000
,
0001
0000
1000
0000
0100
0010
0001
0000
,
1000
1000
0100
0000
0001
0010
0100
0000
,
0010
1000
0100
0000
0002
0000
0103
0000
,
0010
1000
0100
0000
2000
0000
3100
0000
,
0001
1000
0001
0100
0010
1000
0100
0000
,
0001
0001
1000
0100
,
0002
1000
0200
0303
,
0010
1000
0001
0000
0100
0010
1000
0001
,
0100
0001
0000
0110
0000
1001
0000
0010
,
0100
0001
1000
0000
0100
0000
1001
0000
,
0010
0001
1000
0100
0000
0001
1000
0000
,
0001
0000
0110
0000
0010
1000
0100
0000
,
0010
0001
0200
0000
0302
0000
1003
0000
,
0010
1000
0100
0010
0001
1000
0100
0000
,
0020
1030
0200
0301
,
2002
3003
1001
0110
,
0010
1000
0001
0200
0000
0000
0310
0000
,
0001
1000
0001
0100
0100
0010
0000
0001
,
0000
0100
0001
0010
0002
0000
1003
0100
,
0000
0101
2200
3300
,
0001
1000
0001
0020
0000
0000
0030
0000
,
0100
0001
0100
1000
0001
0100
0001
0000
,
0101
1010
0220
0330
,
0002
1000
0100
0013
,
2000
0100
0001
3010
,
0001
0100
0010
0000
1000
0000
0010
0001
,
0100
0000
0010
0001
1000
0000
0001
0000
,
0010
1000
0001
0000
0100
0000
0010
0000
,
0200
0300
0020
0030
,
0002
0100
1003
0100
,
0002
2003
3020
0130
,
0110
0000
1001
0000
0001
1000
0100
0000
,
0010
1000
0100
0000
0001
0001
0100
0000
,
2000
3010
0200
0301
,
0010
1000
0001
0100
0010
1000
0200
0000
,
0300
0000
0001
0100
1000
0010
0100
0000
,
0002
0000
0103
0000
1000
0100
0010
0000
,
0010
1000
0100
0000
0001
0100
0001
0000
,
0010
1000
0001
1000
0010
0001
0100
0000
,
0000
0002
1003
0110
,
0001
0000
0100
0000
1000
0100
1000
0000
,
0001
0100
1000
0100
0001
0100
0000
0001
,
0000
1000
0001
0100
0010
0000
0200
0000
,
0300
1010
0101
1100
,
0001
0100
0001
1000
0000
0001
1000
0000
,
0100
1000
0001
0100
0010
1000
0001
0000
,
0101
1010
0220
0330
,
0001
0000
0100
0000
0000
0000
0010
0000
0100
0000
0000
0010
1000
0010
1000
0001
,
0100
0000
0000
0000
,
0000
0000
0000
0000
;

//---------------dance-double - ----------------
#NOTES:
     dance-double:
     :
     Easy:
     5:
     0.268,0.307,0.115,0.167,0.000:
00000000
00000000
00000000
00000000
,
00000000
00000000
00000000
00000000
,
00000000
00000000
00000000
00000000
,
00000000
00000000
00000000
00000000
,
00000000
00000000
00000000
00000000
,
00100000
00000000
00010000
00000000
,
10000000
00000000
01000000
00000000
,
00010000
00000000
00001000
00000000
,
00000010
00000001
00001000
00000100
,
00002002
00000000
00000000
00003003
,
00000010
00000000
00000100
00000000
,
00000001
00000010
00001000
00010000
,
00100000
00000000
10000000
00000000
,
00010000
00100000
01000000
10000000
,
00010000
01000000
00100000
10000000
,
10000000
00010000
01000000
00100000
,
00010000
00000000
00001000
00000000
,
00000010
00000001
00001000
00000110
,
00000000
00000001
00000000
00001000
,
00000000
00000010
00000100
00000001
,
00000000
00000010
00000000
00001000
,
00000000
00010000
01000000
10000000
,
00020000
00000000
00000000
00030000
,
20000000
00000000
00000000
30000000
,
00200000
00300000
02000000
03000000
,
00010000
10000000
00010000
00001000
,
00000010
00000100
00000001
00001000
,
00000010
00000100
00001001
00000000
,
00000100
00000000
00000010
00000000
,
00000001
00000100
00001000
00010000
,
00000000
00011000
00011000
00000000
,
01000000
00100000
10000000
00010000
,
01000000
01000000
00100000
00100000
,
10000000
00010000
10010000
00000000
,
00100000
00000000
01000000
00000000
,
00010000
10000000
01000000
00010000
,
00001000
00000000
00000010
00000000
,
00000001
00001000
00000010
00000100
,
00002002
00000000
00000000
00003003
,
00000010
00000000
00000100
00000000
,
00000001
00000000
00001000
00000000
,
00000010
00000100
00001000
00010000
,
00011000
00000000
01000000
00000000
,
00100000
10000000
00010000
01000000
,
10010000
00000000
00010000
00000000
,
00100000
00001000
00000010
00000001
,
00001000
00000000
00000100
00000000
,
00000010
00000001
00000100
00000010
,
00001000
00000000
00000001
00000000
,
00000010
00001000
00010000
00100000
,
01000000
10010000
02000000
03000000
,
00200000
00300000
00020000
00030000
,
20000000
30000000
02000000
03000000
,
00010000
00001000
00000100
00000001
,
00000010
00000100
00001001
00000000
,
00000200
00000300
00000020
00000030
,
00010000
00001000
01000000
00100000
,
10000000
00010000
00200000
00000000
,
00010000
00000000
00000000
01000000
00000000
00000000
01000000
00000000
,
00301000
00000000
00000000
00000000
,
00000000
00000000
00000000
00000000
;

//---------------dance-double - ----------------
#NOTES:
     dance-double:
     :
     Medium:
     7:
     0.384,0.461,0.198,0.115,0.010:
00000000
00000000
00000000
00000000
,
00000000
00000000
00000000
00000000
,
00000000
00000000
00000000
00000000
,
00000000
00000000
00000000
00000000
,
00100000
00100000
01000000
10010000
,
00100000
00000000
01000000
00000000
,
00010000
00100000
10000000
01000000
,
00010000
00010000
10000000
10000000
,
00100000
00010000
00001000
00000010
,
00002002
00000000
00000000
00003003
,
00000110
00000001
00000010
00000100
,
00001000
00000001
00000100
00000010
,
00001000
00001000
00000001
00000001
,
00001100
00000000
00000101
00000000
00000010
00000100
00000100
00000000
,
00000001
00000100
00001000
00010000
,
01000000
10000000
00010000
01000000
,
10000000
01000000
00010000
01000000
,
00100000
10000000
01100000
10010000
,
00100000
01000000
00010000
10000000
,
01000000
00010000
00001000
00000100
,
00000001
00000010
00000100
00001000
,
00000001
00000000
00000100
00000000
00000010
00001000
00000100
00000000
,
00000010
00000001
00001000
00000100
,
00000001
00000100
00001000
00000100
,
00000001
00000010
00001000
00010000
,
00100000
01000000
00010000
10000000
,
01100000
00010000
01100000
10000000
,
00010000
00000000
01000000
00000000
00100000
10000000
01000000
00000000
,
00100000
00001000
00010000
00000100
,
00000010
00000000
00000001
00000000
00001000
00000010
00000100
00000001
,
00001000
00000110
00001001
00000000
,
00000100
00000000
00000010
00000000
00000001
00001000
00000100
00000000
,
00000010
00000001
00000100
00000000
00000010
00001000
00000100
00000000
,
00000011
00001000
00000110
00001000
,
00000001
00000000
00001000
00000000
,
00000001
00000100
00001000
00010000
,
00000100
00000000
00001000
00000000
,
00010000
01000000
00100000
10000000
,
00010000
00010000
00100000
01000000
,
10000000
00010000
01000000
00100000
,
20000000
31000000
00020000
01030000
,
10200000
00010000
20300000
30010000
,
01100000
10000000
00100000
00010000
,
00001000
00000000
00000010
00000000
00000001
00001000
00000100
00000000
,
00000020
00000031
00000200
00001300
,
00000001
00000000
00000100
00000000
00000010
00001000
00000100
00000000
,
00010000
00001000
01000000
00100000
,
10000000
00010000
01000000
00000000
00200000
00000000
10300000
00000000
,
00010000
01000000
00100000
10000000
,
01000000
00000000
00010000
00000000
00001000
00010000
00001000
00000000
,
00000000
00011000
00000100
00000010
,
00000001
00000000
00001000
00000000
00000010
00000100
00000001
00000000
,
00000010
00001000
00010000
00100000
,
10000000
00010000
01000000
00000000
01000000
00000000
00010000
00000000
,
00000100
00000000
00000010
00000001
00001000
00000000
00000100
00000000
,
00000010
00000000
00000001
00000000
00001000
00000010
00000100
00000000
,
00001001
00000100
00001001
00000100
,
00000010
00001000
00000100
00000000
00020200
00000000
00030300
00000000
,
00001000
00000000
00000000
01000000
00000000
00000000
00100000
00000000
00000000
10000000
00000000
00000000
00010000
00000000
00100000
00000000
,
01000000
00000000
00000000
00000000
,
00000000
00000000
00000000
00000000
;

//---------------dance-double - ----------------
#NOTES:
     dance-double:
     :
     Hard:
     10:
     0.470,0.492,0.167,0.313,0.010:
00000000
00000000
00000000
00000000
,
00000000
00000000
00000000
00000000
,
00000000
00000000
00000000
00000000
,
00000000
00000000
00000000
00000000
,
00000000
00000000
00000010
00000100
,
00002001
00003100
00001002
00000103
,
00000010
00001000
00100000
10000000
,
00010000
10000000
01000000
00000000
00100000
00010000
01000000
00000000
,
10200000
00010000
20300000
31000000
,
00220000
00000000
00030000
01300000
,
10010000
01000000
00010000
00000010
,
00000100
00000001
00002010
00003100
,
00000010
00000001
00000100
00000000
00001000
00010000
01000000
00000000
,
10000000
00100000
01020000
10030000
,
00100000
01000000
00010000
00000000
00001000
00000000
00000010
00000000
,
00000100
00000001
00001000
00000000
00000010
00000000
00000100
00000000
,
00000001
00000010
00000100
00001000
,
00000001
00000100
00001000
00010000
01000000
10000000
00100000
00000000
,
20020000
00000000
00000000
30030000
,
01000000
00010000
00001000
00000100
,
00000001
00001000
00000100
00000010
,
00000001
00001000
00000010
00000100
,
00001000
00000000
00100000
00000000
01000000
10000000
00010000
00000000
,
00100000
00000000
01000000
00000000
10000000
00100000
00010000
00000000
,
10000000
01000000
00010000
00000000
00001000
00000100
00000001
00000000
,
00000010
00000001
00001000
00000100
00001000
00000001
00000100
00000000
,
00002010
00003001
00000210
00001300
,
00000001
00000010
00001000
00010000
00001000
01000000
00100000
00000000
,
10000000
00010000
01000000
00000000
00010000
10000000
01000000
00000000
,
00100000
00010000
01000000
00100000
10000000
01000000
00100000
00000000
,
00001000
00011000
00000100
00000010
,
00000001
00001000
00000100
00001000
00000010
00000100
00000001
00000000
,
00000010
00000100
00001000
00000001
00000100
00001000
00010000
00000000
,
01001000
00100000
22000000
33000000
,
00100000
01000000
00000000
00000000
00010000
10000000
01000000
00000000
,
00100000
00010000
00000000
00000000
00000000
10000000
00100000
00010000
,
00001000
00010000
00000000
00000000
00000000
00000100
00000010
00000000
,
00000001
00001000
00000100
00000000
00000000
00000010
00000001
00001000
,
00000010
00000100
00000000
00000000
00000001
00000010
00001000
00000000
,
00010000
00100000
10000000
00000000
00000000
00010000
10000000
00100000
,
01000000
00010000
00000000
00000000
10000000
00000000
01000000
00000000
,
00210000
10000000
00320000
01030000
,
20000000
30100000
00020000
00130000
,
01000000
00010000
00001000
00000100
00000001
00000010
00000100
00000000
,
00002000
00003010
00000002
00000103
,
00000010
00000001
00001000
00000000
00000010
00000100
00000001
00000000
,
00000010
00000100
00001000
00000000
00100000
01000000
00010000
00000000
,
00100000
01000000
10000000
00100000
01000000
00010000
01000000
00000000
,
00200000
10300000
02000000
03020000
,
00100000
00000000
00000000
00100000
00000000
00000000
00100000
00000000
00030000
00000000
00100000
00000000
01000000
00000000
10000000
00000000
,
00100000
01000000
10010000
00100000
,
00010000
00001000
00000010
00000001
,
00000100
00000010
00001000
00000000
00000100
00000010
00000001
00000000
,
00002000
00000000
00003100
00000000
00000010
00000001
00001000
00000010
,
00000100
00000002
00000013
00001000
,
00010000
00100000
01000000
00010000
00100000
00000000
00010000
00000000
,
20000000
32000000
03200000
00302000
,
00003100
00000001
00000010
00000100
00002000
00000000
00003000
00000000
,
00000010
00000000
00000000
00000100
00000000
00000000
00000001
00000000
00000000
00000000
00000010
00000000
00000100
00000000
00000000
00000000
,
00001001
00000000
00000000
00000000
,
00000000
00000000
00000000
00000000
;
