#TITLE:DYNAMITE RAVE (B4 ZA BEAT MIX);
#SUBTITLE:;
#ARTIST:NAOKI;
#TITLETRANSLIT:;
#SUBTITLETRANSLIT:;
#ARTISTTRANSLIT:;
#CREDIT:;
#BANNER:DYNAMITE RAVE (B4 ZA BEAT MIX).png;
#BACKGROUND:DYNAMITE RAVE (B4 ZA BEAT MIX)-bg.png;
#LYRICSPATH:;
#CDTITLE:./CDTITLES/DDRMAX2 -Dance Dance Revolution 7thMIX-.PNG;
#MUSIC:DYNAMITE RAVE (B4 ZA BEAT MIX).ogg;
#OFFSET:0.000;
#SAMPLESTART:50.817;
#SAMPLELENGTH:15.000;
#SELECTABLE:YES;
#DISPLAYBPM:170.000;
#BPMS:0.000=170.022;
#STOPS:;
#BGCHANGES:;

//---------------dance-single - ----------------
#NOTES:
     dance-single:
     :
     Challenge:
     10:
     0.528,0.654,0.389,0.056,0.056:
0000
0000
0000
0000
,
0000
0000
0000
0000
,
0000
0000
0000
0000
,
0020
0000
0000
0030
,
2000
0000
0000
3000
,
0200
0000
0000
0300
,
0002
0000
0000
0003
,
0010
0000
1000
0000
0001
0000
0100
0010
0000
0010
0100
0000
0001
0000
1000
0000
,
0001
0000
0100
0000
0010
0000
1000
0001
0000
0001
1000
0000
0010
0000
0100
0000
,
0001
0000
0100
0000
0001
0000
0010
0100
0000
0100
0010
0000
0001
0000
0100
0000
,
0010
0000
1000
0000
0001
0000
1000
0100
0000
0100
1000
0000
0001
0000
0000
0000
,
0000
0010
0000
0010
0000
1000
0000
0001
,
0000
0100
0000
0100
0000
0001
0000
0010
,
0000
0001
0000
0001
0000
0100
0000
0010
,
0000
1000
0000
1000
0000
0100
0000
0010
,
0000
1001
0000
0010
0000
0100
0000
0001
,
0000
1010
0000
0100
0000
0010
0000
1000
,
0000
0110
0000
0001
0000
0010
0000
1000
,
0000
0101
0000
0010
0000
1000
0000
0001
,
0200
0000
0000
0300
,
0010
1000
0010
0000
0100
0001
0100
0000
,
0010
0100
0001
0000
0010
0100
1000
0000
,
0001
1000
0100
0000
1000
0001
0100
0000
,
0001
1000
0010
0000
1000
0001
0010
0000
,
0001
0100
0010
0000
1000
0100
0010
0000
,
0001
0010
0100
0000
1000
0010
0100
0000
,
0010
1000
0100
0000
0010
0001
0100
0000
,
0001
0010
0001
0000
1000
0100
1000
0000
,
0110
0000
1001
0000
1000
0100
0001
0000
,
0100
1000
0010
0000
1000
0001
0100
0000
,
0010
0001
0100
0000
0010
0001
0100
0000
,
0001
0100
1000
0000
0100
0001
0010
0000
,
0010
1000
0001
0000
0010
0001
1000
0000
,
0010
1000
0010
0000
0010
0001
0010
0000
,
0001
0100
0010
0000
1000
0100
0010
0000
,
0001
1000
0100
0000
1000
0001
0100
0000
,
1010
0001
0011
1000
,
0010
0000
1000
0001
0000
1000
0000
0010
,
0000
0100
0001
0000
1000
0100
0000
0010
,
0000
0001
1000
0000
0110
0000
1001
0000
,
0000
0110
1001
0000
,
0001
1000
0100
0010
0000
0000
0010
0000
,
0001
1000
0010
0100
0001
0100
0010
1000
,
0001
0100
0010
0000
,
1001
1001
1001
1001
,
0110
0000
1001
0000
1000
0001
1000
0000
,
0010
1000
0100
0000
0010
0001
0100
0000
,
0001
1000
0010
0000
1000
0001
0010
0000
,
0100
0010
0001
0000
0100
0010
1000
0000
,
0001
1000
0100
0000
1000
0001
0100
0000
,
0010
0100
0010
0000
0100
0010
0100
0000
,
0010
1000
0100
0000
0010
0001
0100
0000
,
0001
1000
0001
0000
1000
0001
1000
0000
,
0110
1000
0110
0001
,
0010
0001
1000
0100
,
1000
0100
1001
0010
,
0100
0001
0110
1000
,
0001
0110
0110
1000
,
0010
1000
0001
0100
,
0011
1100
0101
1010
,
1001
0110
1001
0110
,
0001
0000
1000
0000
0000
0110
0000
0000
1001
0000
0000
0110
0000
0000
1000
0000
,
0001
0000
0000
0000
,
0000
0000
0000
0000
;

//---------------dance-double - ----------------
#NOTES:
     dance-double:
     :
     Challenge:
     10:
     0.501,0.585,0.311,0.089,0.022:
00000000
00000000
00000000
00000000
,
00000000
00000000
00000000
00000000
,
00000000
00000000
00000000
00000000
,
00000020
00000000
00000000
00000030
,
00002000
00000000
00000000
00003000
,
00020000
00000000
00000000
00030000
,
00200000
00000000
00000000
00300000
,
02000000
00000000
00010000
03010000
,
00200000
00000000
00001000
00301000
,
00010000
00000100
00010000
00001000
,
00000100
00000000
00001000
00000000
00010000
00000000
00001000
00010000
00000000
00010000
00001000
00000000
00010000
00000000
00000000
00000000
,
00000000
00100000
00000000
10000000
00000000
01000000
00000000
00010000
,
00000000
00001000
00000000
00000100
00000000
00000001
00000000
00000010
,
00000000
00000010
00000000
00000001
00000000
00000100
00000000
00001000
,
00000000
00010000
00000000
01000000
00000000
10000000
00000000
00100000
,
00000000
00100000
00000000
10000000
00000000
00100000
00000000
01000000
,
00000000
00010000
00000000
10000000
00000000
01000000
00000000
00010000
,
00000000
00001000
00000000
00000100
00000000
00000001
00000000
00001000
,
00000000
00000100
00000000
00000010
00000000
00000001
00000000
00000010
,
00000200
00000000
00000000
00000300
,
00001000
00000001
00000100
00000000
00000001
00001000
00000100
00000000
,
00000010
00000001
00000100
00000000
00000001
00000100
00001000
00000000
,
00010000
01000000
10000000
00000000
00100000
10000000
01000000
00000000
,
10000000
00010000
01000000
00000000
00010000
10000000
01000000
00000000
,
00010000
00001000
00000100
00000000
00001000
00010000
01000000
00000000
,
00010000
00001000
00000010
00000000
00001000
00010000
00100000
00000000
,
10000000
00100000
00010000
00000000
00001000
00000010
00000001
00000000
,
00000001
00000100
00001000
00000000
00010000
01000000
10000000
00000000
,
01010000
00000000
01010000
00000000
10000000
01000000
00010000
00000000
,
00001000
00000100
00000001
00000000
00000010
00000001
00000100
00000000
,
00000010
00001000
00000100
00000000
00001000
00000001
00000100
00000000
,
00000010
00000100
00001000
00000000
00010000
00100000
01000000
00000000
,
00010000
10000000
01000000
00000000
10000000
00010000
01000000
00000000
,
00100000
10000000
01000000
00000000
00010000
00001000
00000100
00000000
,
00001000
00010000
01000000
00000000
00100000
00010000
01000000
00000000
,
00100000
00010000
00001000
00000000
00001010
00000000
00001001
00000000
,
00001000
00001100
00010000
01010000
,
00100000
00000000
10000000
01000000
00000000
00010000
00000000
00001000
,
00000000
00000100
00000001
00000000
00000010
00000001
00000000
00001000
,
00000000
00000001
00000100
00000000
00001000
00000000
00010000
00000000
,
00000000
00010010
00101000
00000000
,
00010000
10000000
01000000
00010000
00000000
00000000
00001000
00000000
,
00010000
00000100
00010000
00001000
00100000
00001000
00010000
00001000
,
00000100
00000001
00001001
00000000
,
00000120
00000100
00000100
00000130
,
00000001
00001000
00000100
00000000
00000010
00000001
00000100
00000000
,
00001000
00010000
00100000
00000000
10000000
00010000
01000000
00000000
,
00100000
10000000
01000000
00000000
00010000
00001000
00010000
00000000
,
00001000
00000100
00000010
00000000
00001000
00000001
00000010
00000000
,
00000100
00001000
00000100
00000000
00010000
00001000
00010000
00000000
,
00001000
00100000
00001000
00000000
01000000
00010000
01000000
00000000
,
00100000
10000000
01000000
00000000
00100000
00010000
01000000
00000000
,
00010000
10000000
01000000
00000000
00010000
00001000
00000100
00000000
,
00000001
00001100
00000010
00001100
,
00000001
00001010
00000010
00001001
,
00000010
00001100
00000110
00001001
,
00001010
00011000
00110000
10010000
,
01000000
00110000
01001000
00110000
,
00010100
00101000
00010100
00001010
,
00000010
00001000
00000100
00010000
00001000
00100000
00010000
10000000
,
01000000
00010000
00001000
00000100
,
00000001
00000000
00001000
00000000
00000000
00000001
00000000
00000000
00000100
00000000
00000000
00001000
00000000
00000000
00010000
00000000
,
01000000
00000000
00000000
00000000
,
00000000
00000000
00000000
00000000
;