#TITLE:Electric Dance System Music;
#SUBTITLE:;
#ARTIST:U1 overground;
#TITLETRANSLIT:;
#SUBTITLETRANSLIT:;
#ARTISTTRANSLIT:;
#GENRE:;
#CREDIT:;
#BANNER:Electric Dance System Music.png;
#BACKGROUND:Electric Dance System Music-bg.png;
#LYRICSPATH:;
#CDTITLE:./CDTitles/DDR A.png;
#MUSIC:Electric Dance System Music.ogg;
#OFFSET:0.000000;
#SAMPLESTART:90.818;
#SAMPLELENGTH:15.000000;
#SELECTABLE:YES;
#DISPLAYBPM:140.000000;
#BPMS:0.000000=140.060000;
#STOPS:97.937500=0.857000,173.937500=1.714000;
;
#BGCHANGES:;
#KEYSOUNDS:;
#ATTACKS:;

//---------------dance-single - ----------------
#NOTES:
     dance-single:
     :
     Hard:
     13:
     0.678571,0.661111,0.046296,0.018519,0.643519,506.000000,5.000000,2.000000,0.000000,0.000000,0.000000,0.678571,0.661111,0.046296,0.018519,0.643519,506.000000,5.000000,2.000000,0.000000,0.000000,0.000000:
0000
0000
0000
0000
,
0000
0000
0000
0000
,
0000
0000
0000
0000
,
0000
0000
0000
0000
,
0000
0000
0000
0000
,
1001
0000
0000
0000
0011
0000
0000
0000
0010
0000
0000
0010
0001
0000
0010
0000
,
1000
0010
0001
0100
0001
0010
0001
1000
,
0001
0100
1000
0100
0001
0010
0001
0100
,
0001
0010
1000
0010
0001
0100
0001
0010
,
0001
0000
1000
0000
0010
0100
0000
1000
0100
0000
0010
0000
0100
0001
0000
0010
,
0001
0000
0100
0000
0010
1000
0010
1000
0100
0000
0010
0000
0001
0000
0000
0000
,
1000
0000
0001
0000
0010
0100
0000
0001
0100
0000
0010
0000
0100
1000
0000
0010
,
1000
0000
0100
0000
0010
0001
0010
0001
0100
0000
0010
0000
1000
0000
0000
0000
,
0001
0000
0010
0000
0100
0010
0000
1000
0010
0000
0001
0000
0100
0010
0000
0001
,
0010
0000
1000
0000
0100
1000
0100
1000
0001
0000
0010
0000
0100
0000
0000
0000
,
1000
0000
0010
0000
0100
0010
0000
0001
0010
0000
1000
0000
0100
0010
0000
1000
,
0010
0000
0001
0000
0100
0001
0100
0001
1000
0000
0010
0000
0100
0000
0000
0000
,
0010
0000
0100
0000
0001
0010
0000
1000
0001
0000
0100
0000
0010
0001
0000
1000
,
0010
0000
0100
0001
0000
0100
1000
0000
0100
0000
0001
0000
0010
0001
0010
0001
,
0010
0000
0100
0000
1000
0010
0000
0001
1000
0000
0100
0000
0010
1000
0000
0001
,
0010
0000
0100
1000
0000
0100
0001
0000
0100
0000
1000
0000
0010
1000
0010
1000
,
0001
0000
1000
0000
0010
0001
0000
0010
0100
0000
0001
0000
0010
0100
0000
1000
,
0100
0000
0001
0100
0000
0010
0100
0000
1000
0000
0010
0000
0100
0001
0100
0010
,
1000
0000
0001
0000
0010
1000
0000
0010
0100
0000
1000
0000
0010
0100
0000
0001
,
0100
0000
1000
0100
0000
0010
0100
0000
0001
0000
0010
0000
0100
0000
0010
0000
,
0001
0000
0000
1000
0000
0000
0100
0000
0000
1000
0000
0000
0001
0000
0100
0000
0010
0000
0100
0000
0001
0000
1000
0000
,
0001
0000
0000
0011
0000
0000
1000
0100
0010
0100
1000
0001
,
1000
0000
0000
0000
0000
0000
0010
0000
0000
0100
0000
0000
0001
0000
0000
0100
0000
0000
1000
0000
0100
0000
0001
0000
,
0100
0000
0010
0000
1000
0010
1000
0010
1000
0000
0100
0000
0010
0001
0010
0001
,
0010
0000
0000
0100
0000
0000
1000
0000
0000
0001
0000
0000
0100
0000
0001
0000
0010
0000
0100
0000
0010
0000
0001
0000
,
1000
0000
0000
0010
0000
0000
1000
0000
0000
0001
0000
0000
0100
0000
1000
0000
0100
0000
0001
0000
0010
0000
0001
0000
,
1000
0000
0000
0001
0000
0000
0010
0000
0000
1000
0000
0000
0010
0000
0001
0000
0010
0000
0100
0000
1000
0000
0010
0000
,
1000
0000
0001
0000
0100
0001
0100
0001
0010
0000
0100
0000
1000
0010
0000
0001
,
1000
0000
0100
0000
0010
1000
0000
0001
0010
0000
0100
1000
0000
0100
0001
0000
,
0100
0000
1000
0000
0010
1000
0010
1000
0010
0000
0100
0000
0001
0010
0000
1000
,
0001
0000
0100
0000
0010
0001
0000
1000
0010
0000
0100
0001
0000
0100
1000
0000
,
0200
0000
0000
0000
0000
0000
0000
0000
0310
0000
1000
0000
0100
1000
0000
0100
,
0010
0000
0000
0000
0000
0000
0000
0000
0100
0000
0010
0000
0001
0010
0000
0001
,
1000
0000
0000
0000
0000
0000
0000
0000
0010
0000
0001
0000
0010
0001
0000
0010
,
0001
0000
0010
0000
1000
0010
0000
1000
0010
0000
1000
0000
0100
1000
0000
0100
,
1000
0000
0100
0000
0001
0100
0000
0001
0100
0000
0010
0000
0001
0000
0100
0000
,
0010
0001
0100
0001
0010
0100
1000
0100
,
0010
0000
1000
0000
0100
0000
0010
0000
0001
0010
0001
0010
0100
1000
0100
0010
,
0100
1000
0010
0100
0001
1000
0100
0020
0031
0000
0000
0000
1001
0000
0000
0000
,
0010
0000
0000
0010
0001
0000
0010
0000
1000
0000
0010
0000
0001
0000
0100
0000
,
0001
0010
0001
1000
0001
0100
1000
0100
,
0001
0010
0001
0100
0001
0010
1000
0010
,
0001
0100
0001
0010
0001
0000
1010
0000
,
0010
0000
0000
0010
1000
0000
0010
0000
0001
0000
0010
0000
1000
0000
0100
0000
,
1000
0010
1000
0001
1000
0100
0001
0100
,
1000
0010
1000
0100
1000
0010
0001
0010
,
1000
0000
0100
0000
1000
0000
0010
0000
1000
0100
0010
0100
1000
0001
0010
0001
,
0100
0000
0000
0100
0010
0000
1000
0000
0100
0000
0010
0000
0001
0000
0010
0000
,
0100
0000
1000
0000
0010
0100
0010
0100
0010
0000
0100
0000
0001
0000
0010
0000
,
0001
0000
0100
0000
1000
0100
1000
0100
1000
0000
0100
0000
0001
0000
1000
0000
,
0100
0000
1000
0000
0001
0000
1000
0000
0001
0100
0010
0100
0001
1000
0010
1000
,
0100
0000
0000
0100
0010
0000
0001
0000
0100
0000
0010
0000
0001
0000
0010
0000
,
0100
0000
0001
0000
0010
0100
0010
0100
0010
0000
0100
0000
1000
0000
0100
0000
,
0010
0000
0001
0000
0100
0010
0100
0010
0100
0000
0010
0000
0001
0000
0010
0000
,
0100
0000
0001
0000
1000
0100
1000
0100
0010
0000
0000
0000
0000
0000
0000
0000
;

//---------------dance-double - ----------------
#NOTES:
     dance-double:
     :
     Hard:
     13:
     0.640212,0.606018,0.055556,0.018519,0.509259,476.000000,6.000000,2.000000,0.000000,0.000000,0.000000,0.640212,0.606018,0.055556,0.018519,0.509259,476.000000,6.000000,2.000000,0.000000,0.000000,0.000000:
  // measure 0
00000000
00000000
00000000
00000000
,  // measure 1
00000000
00000000
00000000
00000000
,  // measure 2
00000000
00000000
00000000
00000000
,  // measure 3
00000000
00000000
00000000
00000000
,  // measure 4
00000000
00000000
00000000
00000000
,  // measure 5
00101000
00000000
00000000
00000000
00110000
00000000
00000000
00000000
00100000
00000000
00000000
00100000
00010000
00000000
00100000
00000000
,  // measure 6
10000000
00100000
00010000
01000000
00010000
00001000
00000010
00001000
,  // measure 7
00000100
00000001
00000100
00001000
00010000
00100000
10000000
00100000
,  // measure 8
00010000
01000000
10000000
01000000
00010000
00001000
00000010
00001000
,  // measure 9
00000001
00000000
00001000
00000000
00000010
00000100
00000000
00001000
00000100
00000000
00000010
00000000
00000100
00000001
00000000
00000010
,  // measure 10
00001000
00010000
01000000
00100000
00010000
01000000
00010000
00000000
,  // measure 11
10000000
00000000
00010000
00000000
00100000
01000000
00000000
00010000
01000000
00000000
00100000
00000000
01000000
10000000
00000000
00100000
,  // measure 12
00010000
00001000
00000100
00000010
00001000
00000100
00001000
00000000
,  // measure 13
00000001
00000000
00000010
00000000
00000100
00000010
00000000
00001000
00000010
00000000
00000001
00000000
00000100
00000010
00000000
00000001
,  // measure 14
00000010
00001000
00010000
01000000
00100000
10000000
00010000
00000000
,  // measure 15
10000000
00000000
00100000
00000000
01000000
00100000
00000000
00010000
00100000
00000000
10000000
00000000
01000000
00100000
00000000
10000000
,  // measure 16
00100000
00010000
00001000
00000100
00000010
00000001
00001000
00000000
,  // measure 17
00000010
00000000
00000100
00000000
00000001
00000010
00000000
00001000
00000001
00000000
00000100
00000000
00000010
00000001
00000000
00001000
,  // measure 18
00000010
00000000
00010000
00001000
00000000
00100000
00010000
00000000
10000000
00000000
01000000
00000000
00100000
00000000
00010000
00000000
,  // measure 19
00100000
00000000
01000000
00000000
10000000
00100000
00000000
00010000
10000000
00000000
01000000
00000000
00100000
10000000
00000000
00010000
,  // measure 20
00100000
00000000
00001000
00010000
00000000
00000010
00001000
00000000
00000001
00000000
00000100
00000000
00000010
00000000
00001000
00000000
,  // measure 21
00000001
00000000
00001000
00000000
00000010
00000001
00000000
00000010
00000100
00000000
00000001
00000000
00000010
00000100
00000000
00001000
,  // measure 22
00000100
00000000
00010000
00001000
00000000
00100000
01000000
00000000
10000000
00000000
00100000
00000000
01000000
00000000
00010000
00000000
,  // measure 23
10000000
00000000
00010000
00000000
00100000
10000000
00000000
00100000
01000000
00000000
10000000
00000000
00100000
01000000
00000000
00010000
,  // measure 24
01000000
00000000
00001000
00010000
00000000
00000010
00000100
00000000
00000001
00000000
00000010
00000000
00000100
00000000
00000010
00000000
,  // measure 25
00000001
00000000
00000000
00001000
00000000
00000000
00000010
00000000
00000000
00001000
00000000
00000000
00000001
00000000
00000100
00000000
00000010
00000000
00000100
00000000
00000001
00000000
00001000
00000000
,  // measure 26
00000001
00000000
00000000
00001010
00000000
00000000
00001000
00000100
00000010
00000100
00000010
00001000
,  // measure 27
00010000
00000000
00000000
00000000
00000000
00000000
00001000
00000000
00000000
00100000
00000000
00000000
00010000
00000000
00000000
01000000
00000000
00000000
10000000
00000000
01000000
00000000
00010000
00000000
,  // measure 28
01000000
00000000
00100000
00000000
10000000
00100000
10000000
00100000
10000000
00000000
01000000
00000000
00100000
00010000
00100000
00010000
,  // measure 29
00100000
00000000
00000000
00001000
00000000
00000000
00010000
00000000
00000000
00000100
00000000
00000000
00010000
00000000
00001000
00000000
00010000
00000000
00000100
00000000
00000010
00000000
00000100
00000000
,  // measure 30
00001000
00000000
00000000
00000100
00000000
00000000
00010000
00000000
00000000
00000000
00000000
00000000
00001000
00000000
00010000
00000000
00001000
00000000
01000000
00000000
00100000
00000000
01000000
00000000
,  // measure 31
00010000
00000000
00000000
01000000
00000000
00000000
00001000
00000000
00000000
00010000
00000000
00000000
00001000
00000000
00000010
00000000
00000001
00000000
00000010
00000000
00000100
00000000
00001000
00000000
,  // measure 32
00000100
00000000
00001000
00000000
00000001
00000000
00000010
00000000
00000100
00000000
00000010
00000000
00000001
00000100
00000000
00001000
,  // measure 33
00000001
00000000
00000010
00000000
00000100
00000001
00000000
00001000
00000100
00000000
00010000
00001000
00000000
01000000
00010000
00000000
,  // measure 34
10000000
00000000
00100000
00000000
01000000
00000000
00010000
00000000
01000000
00000000
00100000
00000000
10000000
01000000
00000000
00010000
,  // measure 35
10000000
00000000
00100000
00000000
01000000
10000000
00000000
00010000
01000000
00000000
00001000
00010000
00000000
00000100
00001000
00000000
,  // measure 36
00000020
00000000
00000000
00000000
00000000
00000000
00000000
00000000
00000130
00000000
00000001
00000000
00000010
00000001
00000000
00000010
,  // measure 37
00000100
00000000
00000000
00000000
00000000
00000000
00000000
00000000
00001000
00000000
00000010
00000000
00001000
00000010
00000000
00001000
,  // measure 38
00000100
00000000
00000000
00000000
00000000
00000000
00000000
00000000
00010000
00000000
00001000
00000000
00010000
00001000
00000000
00010000
,  // measure 39
00001000
00000000
00100000
00000000
00010000
00100000
00000000
00010000
00100000
00000000
01000000
00000000
10000000
01000000
00000000
10000000
,  // measure 40
01000000
00000000
00100000
00000000
00010000
00100000
00000000
00010000
00100000
00000000
00010000
00000000
00001000
00000000
00000100
00000000
,  // measure 41
00010000
00001000
00000010
00010000
00001000
00000100
00001000
00010000
,  // measure 42
00100000
00001000
00010000
01000000
00001000
00010000
00100000
00010000
,  // measure 43
00001000
00000000
00000100
00000000
00001000
00000000
00000010
00000200
00000310
00000000
00000000
00000000
00000101
00000000
00000000
00000000
,  // measure 44
00000010
00000000
00000000
00000010
00001000
00000000
00000010
00000000
00000001
00000000
00000010
00000000
00001000
00000000
00000100
00000000
,  // measure 45
00001000
00010000
00100000
00010000
01000000
10000000
01000000
00010000
,  // measure 46
00001000
00000010
00000001
00000010
00001000
00000100
00000001
00000100
,  // measure 47
00001000
00010000
00100000
00001000
00101000
00000000
00110000
00000000
,  // measure 48
00100000
00000000
00000000
00100000
00010000
00000000
00100000
00000000
10000000
00000000
00100000
00000000
00010000
00000000
01000000
00000000
,  // measure 49
00010000
00001000
00000010
00001000
00000100
00000001
00000100
00001000
,  // measure 50
00010000
00100000
10000000
00100000
00010000
01000000
10000000
01000000
,  // measure 51
00010000
00000000
00001000
00000000
00000010
00000000
00001000
00000000
00000010
00000100
00000010
00000100
00000001
00000000
00000010
00000000
,  // measure 52
00000100
00000000
00000000
00000100
00000010
00000000
00001000
00000000
00010000
00000000
01000000
00000000
00100000
00000000
10000000
00000000
,  // measure 53
00100000
00000000
00010000
00000000
00100000
00010000
00100000
00010000
00100000
00000000
00010000
00000000
00001000
00000000
00000100
00000000
,  // measure 54
00000010
00000000
00000100
00000000
00001000
00000010
00001000
00000010
00001000
00000000
00010000
00000000
01000000
00000000
00100000
00000000
,  // measure 55
10000000
00000000
01000000
00000000
00100000
00000000
01000000
00000000
00100000
01000000
00100000
01000000
10000000
00000000
00100000
00000000
,  // measure 56
01000000
00000000
00000000
01000000
00100000
00000000
00010000
00000000
00001000
00000000
00000100
00000000
00000010
00000000
00000001
00000000
,  // measure 57
00000010
00000000
00001000
00000000
00000010
00000100
00000010
00000100
00000010
00000000
00001000
00000000
00010000
00000000
01000000
00000000
,  // measure 58
10000000
00000000
01000000
00000000
00100000
01000000
00100000
01000000
00100000
00000000
00010000
00000000
00001000
00000000
00000100
00000000
,  // measure 59
00000001
00000000
00001000
00000000
00000001
00000100
00000001
00000100
00000010
00000000
00000000
00000000
00000000
00000000
00000000
00000000
;

//---------------dance-single - ----------------
#NOTES:
     dance-single:
     :
     Beginner:
     2:
     0.136243,0.137731,0.037037,0.027778,0.000000,96.000000,4.000000,3.000000,0.000000,0.000000,0.000000,0.136243,0.137731,0.037037,0.027778,0.000000,96.000000,4.000000,3.000000,0.000000,0.000000,0.000000:
0000
0000
0000
0000
,
0000
0000
0000
0000
,
0000
0000
0000
0000
,
0000
0000
0000
0000
,
0000
0000
0000
0000
,
0001
0000
0001
0000
,
1000
0000
1000
0000
,
0001
0000
0001
0000
,
0010
0000
0010
0000
,
0001
0000
1000
0000
,
0001
0001
0001
0000
,
1000
0000
0001
0000
,
1000
1000
1000
0000
,
0001
0000
0010
0000
,
0001
0001
0001
0000
,
1000
0000
0010
0000
,
1000
1000
1000
0000
,
0001
0000
0100
0000
,
0001
0000
0001
0000
,
1000
0000
0100
0000
,
1000
0000
1000
0000
,
0010
0000
0100
0000
,
0010
0000
0010
0000
,
0100
0000
0010
0000
,
0100
0000
0000
0000
,
0001
0000
0000
0000
,
1001
0000
0000
0000
,
1000
0000
0000
0000
,
1001
0000
0000
0000
,
0010
0000
0000
0000
,
0100
0000
0001
0000
,
1001
0000
1000
0000
,
1001
0000
1000
0000
,
0001
0000
1000
0000
,
1000
0000
0001
0000
,
1000
0000
0001
0000
,
0002
0000
0000
0000
,
0000
0000
0000
0000
,
0000
0000
0000
0000
,
0003
0000
1000
0000
,
0010
0000
0001
0000
,
0010
0000
1000
0000
,
0001
0000
2000
0000
,
0002
0000
3003
0000
,
0000
0000
0000
0000
,
0000
0000
0000
0000
,
0000
0000
0000
0000
,
0000
0000
1000
0000
,
0001
0000
0100
0000
,
0001
0000
1000
0000
,
0100
0000
1000
0000
,
0001
0000
1000
1000
,
1000
0000
0001
0000
,
0001
0000
0010
0000
,
0010
0000
1000
0000
,
1000
0000
0001
0001
,
0001
0000
1000
0000
,
1000
0000
0010
0000
,
0010
0000
0001
0000
,
0001
0000
1000
0000
;

//---------------dance-single - ----------------
#NOTES:
     dance-single:
     :
     Medium:
     9:
     0.437831,0.413194,0.194444,0.138889,0.000000,295.000000,21.000000,15.000000,0.000000,0.000000,0.000000,0.437831,0.413194,0.194444,0.138889,0.000000,295.000000,21.000000,15.000000,0.000000,0.000000,0.000000:
0000
0000
0000
0000
,
0000
0000
0000
0000
,
0000
0000
0000
0000
,
0000
0000
0000
0000
,
0000
0000
0000
0000
,
0001
0000
0100
0000
0001
0100
0010
0000
,
0010
0000
1000
0000
0100
1000
0010
0000
,
1000
0100
1000
0000
0100
0010
1000
0000
,
0010
0001
0100
0000
0001
0100
1000
0000
,
1000
0100
0001
0000
0100
0001
0010
0000
,
0001
0010
0001
0010
0200
0000
0300
0000
,
0001
0100
1000
0000
0100
1000
0010
0000
,
1000
0100
1000
0100
0020
0000
0030
0000
,
0001
0010
1000
0000
0010
0001
0100
0000
,
0001
0100
0001
0100
0020
0000
0030
0000
,
0001
0010
1000
0000
0010
1000
0100
0000
,
1000
0010
1000
0010
0200
0000
0300
0000
,
0001
0000
0020
0000
1030
0001
0100
0000
,
1000
0000
0002
0000
0013
1000
0001
0000
,
0100
0000
2000
0000
3001
0010
1000
0000
,
0001
0000
0200
0000
1300
0010
0001
0000
,
1000
0000
0200
0000
0301
1000
0010
0000
,
0001
0000
2000
0000
3100
0001
1000
0000
,
0010
0000
0002
0000
1003
0100
0001
0000
,
1000
0020
1030
1000
,
0110
0000
0001
0000
1000
0100
0010
0001
,
0010
0000
1100
0000
0010
0100
1000
0100
,
0010
0000
0101
0000
0010
0001
0010
0100
,
1000
0110
0001
1000
,
1001
0000
0110
0000
0001
0010
1000
0001
,
0100
0000
1010
0000
1000
0100
0001
1000
,
0010
0000
0101
0000
0010
0100
1000
0100
,
0010
0000
1001
0000
1000
0100
0001
0000
,
0100
1000
0010
0000
1000
0010
1000
0010
,
0100
0001
0100
0000
0001
0100
1000
0000
,
0100
0001
0010
0000
0001
0010
0001
0010
,
0200
0000
0001
0000
,
0010
0000
1000
0000
,
0010
0000
1000
0010
,
1300
0011
1000
0011
,
1000
0012
1003
0101
,
1010
0101
1010
0011
,
0101
0000
0110
0000
0010
1000
0001
1000
,
0010
1000
0100
2000
3001
0000
0001
0000
,
1000
0100
0010
0000
0010
0000
0001
0000
,
0100
0001
0010
0000
0001
0100
0001
0000
,
0100
0010
0001
0000
0010
1000
0100
0000
,
1000
0100
0001
0000
0100
0000
1000
0000
,
0001
0100
0010
0000
0010
0000
1000
0000
,
0100
1000
0010
0000
1000
0100
1000
0000
,
0100
0010
1000
0000
0010
0001
0100
0000
,
0001
0100
1000
0000
0100
0001
0010
0001
,
0100
0000
0110
0000
1000
0010
0100
0000
,
0100
0010
1000
0000
0001
0010
0100
0000
,
0100
0010
0001
0000
1000
0001
0010
0100
,
1000
0100
0001
0000
0100
1000
0010
1000
,
0100
0000
0110
0000
0001
0010
0100
0000
,
0100
0010
0001
0000
1000
0010
0100
0000
,
0100
0010
1000
0000
0001
0010
0100
1000
,
0100
0010
0001
0100
0010
0000
0000
0000
;

//---------------dance-single - ----------------
#NOTES:
     dance-single:
     :
     Easy:
     5:
     0.244709,0.220370,0.120370,0.027778,0.000000,169.000000,13.000000,3.000000,0.000000,0.000000,0.000000,0.244709,0.220370,0.120370,0.027778,0.000000,169.000000,13.000000,3.000000,0.000000,0.000000,0.000000:
0000
0000
0000
0000
,
0000
0000
0000
0000
,
0000
0000
0000
0000
,
0000
0000
0000
0000
,
0000
0000
0000
0000
,
0001
0001
1000
0001
,
1000
1000
0100
1000
,
0100
0100
0010
0001
,
0010
0010
0001
0010
,
0001
1000
0001
1000
,
0001
0001
1001
0000
,
1000
0001
1000
0001
,
1000
1000
1001
0000
,
0001
0010
0001
0010
,
0001
0001
1001
0000
,
1000
0010
1000
0010
,
1000
1000
1001
0000
,
0100
1000
0100
1000
,
0100
0010
0001
0010
,
0100
1000
0100
1000
,
0010
0100
0001
0000
,
0001
0010
0001
0010
,
0100
1000
0100
1000
,
0001
1000
0001
0010
,
0001
0001
0000
0000
,
1001
0000
0100
0100
,
0110
0000
1000
0000
,
0110
0000
0001
0001
,
1001
0000
1000
0000
,
1001
0000
0100
0100
,
0110
0000
0010
0000
,
0110
0000
1000
1000
,
1001
0000
1000
0010
,
1000
0010
0100
0001
,
0100
0001
1000
0001
,
1000
0010
1000
1000
,
1002
0000
0000
0000
,
1000
0000
0000
0000
,
1000
0000
0000
0000
,
1003
0000
0001
0000
,
1000
0000
0001
1000
,
0001
1000
0001
0001
,
0001
0001
1000
1000
,
2000
0002
3003
0000
,
0000
0000
0000
0000
,
0000
0000
0000
0000
,
0000
0000
0000
0000
,
0000
0000
1000
1000
,
0001
1000
0001
0001
,
0100
0001
0100
0100
,
0010
1000
0010
0010
,
1000
0010
0001
0010
,
1000
0000
0010
0100
,
0001
0100
1000
0100
,
0001
0000
1000
0001
,
1000
0001
1000
0100
,
0001
0000
0100
1000
,
0100
1000
0010
0100
,
0010
0000
1000
0001
,
1000
1000
0010
0000
;

//---------------dance-double - ----------------
#NOTES:
     dance-double:
     :
     Easy:
     6:
     0.248677,0.220370,0.129630,0.027778,0.000000,171.000000,14.000000,3.000000,0.000000,0.000000,0.000000,0.248677,0.220370,0.129630,0.027778,0.000000,171.000000,14.000000,3.000000,0.000000,0.000000,0.000000:
00000000
00000000
00000000
00000000
,
00000000
00000000
00000000
00000000
,
00000000
00000000
00000000
00000000
,
00000000
00000000
00000000
00000000
,
00000000
00000000
00000000
00000000
,
00001000
00001000
00010000
00001000
,
00100000
00100000
00010000
00100000
,
00010000
00010000
01000000
00010000
,
00100000
00100000
00001000
00010000
,
00001000
00010000
00001000
00010000
,
00001000
00000010
00001001
00000000
,
00001000
00000001
00001000
00000001
,
00000010
00001000
00011000
00000000
,
00010000
00001000
00010000
00001000
,
00010000
00100000
10010000
00000000
,
00010000
10000000
00010000
10000000
,
00100000
00010000
00011000
00000000
,
00001000
00000010
00001000
00000010
,
00000001
00000001
00001000
00000100
,
00001000
00000010
00001000
00000010
,
00010000
00001000
00011000
00000000
,
00010000
00100000
01000000
00100000
,
00010000
00100000
01000000
00100000
,
00010000
00001000
00010000
00001000
,
00000010
00000010
00000000
00000000
,
00001001
00000000
00000100
00000100
,
00000110
00000000
00001000
00000000
,
00011000
00000000
01000000
01000000
,
01100000
00000000
00010000
00000000
,
00011000
00000000
00001000
00001000
,
00001001
00000000
00001000
00000000
,
00011000
00000000
00010000
00010000
,
10010000
00000000
10000000
00100000
,
01000000
00100000
10000000
00100000
,
01000000
00100000
00010000
00001000
,
00010000
00100000
10000000
10000000
,
10020000
00000000
00000000
00000000
,
10000000
00000000
00000000
00000000
,
10000000
00000000
00000000
00000000
,
10030000
00000000
00010000
00000000
,
00100000
00000000
00001000
00010000
,
00001000
00010000
00000100
00000100
,
00000100
00000100
00000010
00000010
,
00000002
00002000
00003003
00000000
,
00000000
00000000
00000000
00000000
,
00000000
00000000
00000000
00000000
,
00000000
00000000
00000000
00000000
,
00000100
00001000
00010000
00010000
,
00001000
00010000
00000010
00000010
,
00001000
00000010
00001000
00001000
,
00000100
00001000
00000010
00000010
,
00010000
00001000
00010000
00100000
,
00010000
00000000
00001000
00100000
,
00010000
00100000
01000000
00100000
,
01000000
00000000
10000000
00010000
,
10000000
00010000
10000000
01000000
,
00010000
00000000
00001000
00010000
,
00001000
00010000
00000010
00001000
,
00000010
00000000
00010000
00001000
,
00010000
00010000
00000100
00000000
;

//---------------dance-double - ----------------
#NOTES:
     dance-double:
     :
     Medium:
     9:
     0.435185,0.413194,0.129630,0.120370,0.000000,302.000000,14.000000,13.000000,0.000000,0.000000,0.000000,0.435185,0.413194,0.129630,0.120370,0.000000,302.000000,14.000000,13.000000,0.000000,0.000000,0.000000:
  // measure 0
00000000
00000000
00000000
00000000
,  // measure 1
00000000
00000000
00000000
00000000
,  // measure 2
00000000
00000000
00000000
00000000
,  // measure 3
00000000
00000000
00000000
00000000
,  // measure 4
00000000
00000000
00000000
00000000
,  // measure 5
00010000
00000000
00010000
00000000
00001000
00010000
00100000
00000000
,  // measure 6
00100000
00000000
10000000
00000000
00100000
00010000
00001000
00000000
,  // measure 7
00000100
00000010
00000100
00000000
00000001
00000100
00001000
00000000
,  // measure 8
00000100
00001000
00010000
00000000
00100000
01000000
00100000
01000000
,  // measure 9
00001000
00010000
00000100
00000000
00001000
00000010
00000100
00000000
,  // measure 10
00000001
00000010
00000001
00000010
00000200
00000000
00000300
00000000
,  // measure 11
00000001
00000100
00001000
00000000
00000100
00001000
00000010
00000000
,  // measure 12
00001000
00000100
00001000
00000100
00000020
00000000
00000030
00000000
,  // measure 13
00000001
00000010
00001000
00000000
00000010
00000001
00000100
00000000
,  // measure 14
00001000
00010000
00001000
00010000
00200000
00000000
00300000
00000000
,  // measure 15
10000000
00100000
00010000
00000000
00100000
10000000
01000000
00000000
,  // measure 16
00010000
00001000
00010000
00001000
00000020
00000000
00000030
00000000
,  // measure 17
00000001
00000000
00000020
00000000
00001030
00000001
00000100
00000000
,  // measure 18
00001000
00000000
00000002
00000000
00000013
00001000
00000001
00000000
,  // measure 19
00000100
00000000
00002000
00000000
00003001
00000010
00001000
00000000
,  // measure 20
00000001
00000100
00000010
00001000
00010000
01000000
00100000
00000000
,  // measure 21
00100000
00000000
20000000
00000000
30100000
00010000
10000000
00000000
,  // measure 22
01000000
00000000
00020000
00000000
10030000
00100000
00010000
00000000
,  // measure 23
00001000
00000000
00020000
00000000
10030000
01000000
00010000
00000000
,  // measure 24
00001000
00020000
00031000
01000000
,  // measure 25
00010000
00000000
10000000
00000000
10000000
01000000
00100000
00010000
,  // measure 26
00100000
00000000
01010000
00000000
00001000
00010000
00100000
00010000
,  // measure 27
00001000
00000000
00001100
00000000
00000010
00000001
00000010
00000100
,  // measure 28
00001000
00000110
00000001
00001000
,  // measure 29
00010000
00000000
00001000
00000000
00000001
00000100
00000010
00001000
,  // measure 30
00000010
00000000
00001100
00000000
00010000
00001000
00000010
00001000
,  // measure 31
00010000
00000000
01010000
00000000
00100000
10000000
00100000
01000000
,  // measure 32
00010000
00000000
01100000
00000000
10000000
00100000
00010000
00000000
,  // measure 33
00100000
10000000
01000000
00000000
00010000
00001000
00010000
00001000
,  // measure 34
00000010
00000001
00000010
00000000
00000001
00000010
00001000
00000000
,  // measure 35
00000010
00000001
00000100
00000000
00001000
00010000
00001000
00010000
,  // measure 36
00200000
00000000
10000000
00000000
,  // measure 37
01000000
00000000
00010000
00000000
,  // measure 38
01000000
00000000
00310000
00100000
,  // measure 39
00010000
00001010
00010000
00001010
,  // measure 40
00010000
00001010
00010000
00001100
,  // measure 41
00000110
00000000
00000011
00000000
00000001
00000100
00000001
00000100
,  // measure 42
00000010
00001000
00000010
00001000
00000100
00010000
00000100
00010000
,  // measure 43
00001000
00010000
00000010
00002000
00003001
00000000
00000001
00000000
,  // measure 44
00001000
00000100
00000010
00000000
00000010
00000000
00000001
00000000
,  // measure 45
00000010
00001000
00010000
00000000
01000000
00100000
01000000
00000000
,  // measure 46
10000000
01000000
00010000
00000000
01000000
00010000
00001000
00000000
,  // measure 47
00000010
00000100
00000010
00000000
00000001
00000000
00000100
00000000
,  // measure 48
00001000
00000100
00000010
00000000
00000010
00000000
00000001
00000000
,  // measure 49
00000010
00001000
00010000
00000000
01000000
00100000
01000000
00000000
,  // measure 50
10000000
01000000
00010000
00000000
01000000
00010000
00001000
00000000
,  // measure 51
00000010
00000100
00000010
00000000
00010000
00001000
00100000
00001000
,  // measure 52
00010000
00000000
00011000
00000000
00001000
00010000
00100000
00000000
,  // measure 53
00100000
00010000
00001000
00000000
00010000
00001000
00000010
00000000
,  // measure 54
00000010
00001000
00010000
00000000
01000000
10000000
01000000
00100000
,  // measure 55
00010000
00001000
00000100
00000000
00010000
00001000
00010000
00000010
,  // measure 56
00010000
00000000
00011000
00000000
00010000
00001000
00000010
00000000
,  // measure 57
00000010
00001000
00010000
00000000
00001000
00010000
00100000
00000000
,  // measure 58
00100000
00010000
00001000
00000000
00000100
00000001
00000100
00000010
,  // measure 59
00001000
00010000
01000000
00100000
00010000
00000000
00000000
00000000
;
