#TITLE:Electro Tuned ( the SubS Mix );
#SUBTITLE:;
#ARTIST:TaQ;
#TITLETRANSLIT:;
#SUBTITLETRANSLIT:;
#ARTISTTRANSLIT:;
#CREDIT:;
#BANNER:Electro Tuned ( the SubS Mix ).png;
#BACKGROUND:Electro Tuned ( the SubS Mix )-bg.png;
#LYRICSPATH:;
#CDTITLE:./CDTITLES/BEATMANIAIIDX.PNG;
#MUSIC:Electro Tuned ( the SubS Mix ).ogg;
#OFFSET:0.000;
#SAMPLESTART:65.470;
#SAMPLELENGTH:15.000;
#SELECTABLE:YES;
#DISPLAYBPM:125.000;
#BPMS:0.000=111.307,3.500=125.000;
#STOPS:;
#BGCHANGES:;

//---------------dance-single - ----------------
#NOTES:
     dance-single:
     :
     Beginner:
     4:
     0.151,0.200,0.050,0.000,0.000:
0000
0000
0000
0000
,
0000
0000
0000
0000
0000
0000
0000
1000
,
0000
1000
0000
1000
0000
1000
0000
1000
,
0000
1000
0000
1000
0000
1000
0000
1000
,
0000
1000
0000
1000
0000
1000
0000
0000
,
0000
0001
0000
0001
,
0000
0100
0000
0100
,
0000
0010
0000
0100
,
0000
1000
0000
0110
,
0000
0001
0000
0001
,
0000
1000
0000
1000
,
0000
0001
0000
0001
,
0000
1000
0000
1000
,
0000
0110
0000
0001
,
0000
0110
0000
1000
,
0000
0110
0000
0001
,
0000
0100
0100
0100
,
0000
0010
0000
0100
,
0000
0010
0000
0100
,
0000
0010
0000
0100
,
0000
0010
0000
0100
,
0000
0000
0000
0000
,
0010
0000
0000
0000
,
0100
0000
0000
0000
,
0010
0000
0000
0000
,
0100
0000
0000
1000
,
1000
0000
0001
0001
,
0000
1000
0000
0001
,
0001
0001
0000
0010
,
0000
0100
0100
0100
,
0000
0100
0000
0001
,
0000
0010
0000
0100
,
0000
0001
0000
0100
,
0000
0010
0010
0000
,
0000
0010
0000
0001
,
0000
1000
0000
0100
,
0000
0001
0000
1000
,
0000
0010
0000
0010
,
0000
1000
1000
1000
,
0000
0001
0001
0001
,
0000
1000
0000
0010
,
0000
0100
0000
0110
,
0000
0000
0000
1000
,
0000
0000
0000
0001
,
0000
0000
0000
0010
,
0000
0000
0000
0100
,
0000
1000
0000
0001
,
0000
1000
0000
0001
,
0000
1000
0000
0001
,
0000
0010
0010
0010
,
0010
0000
0000
0000
,
0000
0000
0000
0000
;

//---------------dance-single - ----------------
#NOTES:
     dance-single:
     :
     Easy:
     6:
     0.257,0.300,0.010,0.000,0.000:
0000
0000
0000
0000
,
0000
0000
0000
0000
0000
0000
0000
1000
,
0000
1000
0000
1000
0000
1000
0000
1000
,
0000
1000
0000
0000
0000
1000
0000
0000
,
0000
1001
0000
0100
0000
0100
0000
0000
,
0000
1000
0010
0010
,
0000
0100
0001
0001
,
0000
0010
0100
0100
,
0000
1000
0001
1000
,
0100
0000
0000
0001
,
1000
0000
0000
0010
,
0100
0000
0000
0010
,
1000
0000
0000
0001
,
0100
0010
0100
0001
,
1000
0010
0100
0001
,
1000
1000
0010
0010
,
0100
0100
0001
0001
,
1000
0000
0010
0000
1000
0010
0100
0000
,
0001
0000
1000
0000
0010
0100
0001
0000
,
1000
0001
1000
0000
1000
0001
1000
0000
,
0010
0100
0001
0000
1000
0010
1000
0000
,
0001
0000
0000
0000
,
1000
0000
0000
0000
,
0100
0000
0000
0000
,
0010
0000
0000
0000
,
0001
0000
0000
1000
,
0001
0000
0001
0100
,
0010
0000
0010
1000
,
0001
0100
0010
1000
,
0001
0001
1000
1000
,
0000
0010
0100
0000
0000
0000
0001
0000
,
0000
1000
0010
0000
0000
0000
0100
0000
,
0001
1000
0001
0000
0000
0000
0100
0000
,
0010
0010
0000
0010
,
0100
0010
0100
0001
,
1000
0100
1000
0010
,
0100
0010
1000
0001
,
0100
0100
0100
0010
,
1000
0000
1000
0000
0001
0001
0001
0000
,
0100
0000
0100
0000
0001
0001
0001
0000
,
1000
0000
1000
0000
0010
0010
0010
0000
,
1000
0010
0100
0000
0001
1000
0010
0000
,
0100
0000
0100
0000
0001
0010
1000
0000
,
0001
0000
0001
0000
1000
0010
0100
0000
,
0001
0000
1000
0000
0010
0100
0001
0000
,
1000
0000
1000
0000
1000
0010
0100
0000
,
0001
0000
1000
0000
0010
0100
0001
0000
,
1000
0000
0010
0000
0100
0001
1000
0000
,
0010
0000
0100
0000
0001
1000
0010
0000
,
0100
0000
0100
0000
0100
0001
1000
0000
,
0010
0000
0000
0000
,
0000
0000
0000
0000
;

//---------------dance-single - ----------------
#NOTES:
     dance-single:
     :
     Medium:
     9:
     0.413,0.425,0.210,0.000,0.000:
0000
0000
0000
0000
,
0000
0000
0000
0000
,
0000
0100
0000
0100
0001
0100
0010
1000
,
0000
0000
0000
1000
0010
0100
0001
0000
,
0000
0100
0000
0010
0000
0100
0000
0000
,
0001
1000
0010
0100
,
0001
0100
1000
0000
0001
0100
1000
0000
,
0010
1000
0001
0100
,
0001
0000
0001
0001
0100
0010
1000
0001
,
1000
1000
1000
0010
,
0100
0000
0100
0000
0100
0001
1000
0010
,
0100
0001
1000
0010
0100
0000
0100
0001
,
1000
1000
1000
1000
1000
0000
1000
0010
,
0100
0001
0100
1000
,
0100
0001
0100
0010
,
1000
0100
1000
0000
1000
0010
1000
0000
,
0001
0100
0010
1000
0001
0001
0001
0000
,
1000
0010
1000
0010
1000
0001
0001
0000
,
0100
0001
0100
0001
0100
0010
0010
0000
,
1000
0010
0100
0001
1000
0001
0001
0000
,
1000
0100
1000
0010
1000
0001
0001
0100
,
0000
0000
0000
0000
,
0100
0100
0100
0001
,
1000
1000
1000
0010
,
0100
0000
0100
0001
1000
0010
1000
0001
,
0100
0000
0100
0010
1000
0001
1000
0001
,
0100
0000
0010
0000
1000
0000
1001
1001
,
0000
0000
0100
0000
1000
0001
1001
1001
,
0000
0100
0001
1000
0010
0000
1010
1010
,
0000
0001
0100
0010
1000
0001
0101
0101
,
0000
0000
1000
0000
1000
0001
0100
0000
,
0010
0000
1000
0001
0100
0101
0101
0000
,
0000
0000
0001
0100
0010
1010
1010
0000
,
0000
0000
0100
0100
0000
0000
0001
0000
,
0100
0000
0100
0000
0100
0010
1000
0001
,
1000
0000
1000
0000
1000
0010
0100
0001
,
1000
0010
1000
0000
0001
0100
0001
0000
,
1000
0010
0100
0001
1000
1000
1000
0001
,
0100
0000
0100
0000
0100
0010
1000
0001
,
1000
0000
1000
0000
1000
0010
0100
0001
,
1000
0010
1000
0000
0001
0100
0001
0000
,
1000
0010
0100
0001
1000
0001
1000
0000
,
0010
0000
0100
0000
1001
1001
1001
0000
,
0100
0000
0001
0000
1010
1010
1010
0000
,
0001
0000
0010
0000
1100
1100
1100
0000
,
0010
0000
1000
0001
0100
0001
1000
0000
,
0000
0000
0001
0000
0000
1000
1000
1000
,
0010
0000
0100
0001
1000
0010
0100
0000
,
0001
0000
0001
1000
0010
0100
0010
1000
,
0001
0000
0100
0010
1000
0001
0100
0010
,
1000
0000
0000
0000
,
0000
0000
0000
0000
;

//---------------dance-single - ----------------
#NOTES:
     dance-single:
     :
     Hard:
     12:
     0.507,0.525,0.060,0.000,0.385:
0000
0000
0000
0000
,
0000
0000
0000
0000
0000
0000
0000
1000
,
0000
0000
1000
0000
0000
0000
0010
0010
0000
0000
1010
0000
0000
0000
0100
0000
,
0000
0000
0100
0000
0000
0000
0001
0001
0000
0000
0101
0000
0000
0000
0010
0000
,
0000
0100
0000
1000
0000
0001
0000
0000
,
0100
0000
0000
0100
0001
0000
0000
0001
1000
0000
0010
0000
1000
0000
0001
0000
,
0100
0000
0000
0100
0010
0000
0000
0010
1000
0000
0001
0000
0100
0000
0010
0000
,
1000
0000
0000
1000
0001
0000
0000
0001
0100
0000
0010
0000
1000
0000
0001
0000
,
0100
0000
0000
0100
0001
0000
0000
0001
0100
0000
0001
0000
1000
0000
0010
0000
,
0100
0000
0000
0000
0000
0000
0001
1000
,
0010
0010
0000
0100
0100
0000
0001
0001
0000
1000
1000
0000
0001
0000
1000
0000
,
0100
0100
0000
1000
1000
0000
0010
0010
0000
0100
0100
0000
0001
0000
1000
0000
,
0010
0010
0000
0100
0100
0000
0001
0001
0000
1000
1000
0000
0010
0000
0100
0000
,
0001
0001
0000
1000
0001
0000
0100
0010
0000
0100
0010
0000
1000
0000
0001
0000
,
1000
0100
0000
1000
0100
0000
1000
0100
0000
1000
0100
0000
1000
0000
0001
0000
,
0010
0001
0000
0010
0001
0000
0010
0001
0000
0010
0001
0000
0010
0000
0100
0000
,
1000
0001
0000
0100
0001
0000
1000
0001
0000
0100
0001
0000
1000
0000
0010
0000
,
0100
0100
0000
0001
0001
0000
1000
1000
0010
0000
0000
0000
1001
0000
0000
0000
,
0100
0100
0000
0001
0001
0000
0010
0010
0100
0000
0000
0000
1001
0000
0000
0000
,
0100
0010
0000
1000
0001
0000
0100
0010
0000
1000
0001
0000
0100
0000
0000
0000
,
0100
0010
0000
1000
0001
0000
0100
0010
0000
1000
0001
0000
0100
0000
0000
0000
,
0000
0000
0000
0000
,
0100
0100
0100
0100
,
0001
0000
0001
0000
0001
0001
0001
0001
,
1000
1000
1000
1000
1000
1000
1000
1000
,
0001
0100
0010
1000
0001
1000
0010
0100
,
0001
0000
0000
0001
0100
0000
0000
0100
0000
0000
0010
0000
1000
0000
0001
0000
,
0100
0000
0000
0100
0010
0000
0000
0010
0000
0000
1000
0000
0001
0000
0100
0000
,
0001
0000
0000
0001
0010
0000
0000
0010
0000
0000
0100
0000
1000
0000
0001
0000
,
1000
0000
0000
1000
0100
0000
0000
0100
0000
0000
0010
0000
0001
0000
1000
0000
,
0010
0010
0100
0100
0000
0001
1000
0001
,
0000
0100
0100
0100
0010
1000
0001
0000
,
0100
0100
0001
0001
1000
0010
0100
0001
,
1000
0100
0000
0000
1000
0001
1000
0001
1000
0000
0000
0000
0000
0000
0000
0000
,
0100
0100
0100
0100
,
0001
0000
0001
0000
0001
0001
0001
0001
,
1000
1000
1000
1000
1000
1000
1000
1000
,
0001
0100
0010
1000
0001
1000
0010
0100
,
0001
0000
0000
0001
0100
0000
0000
0100
0000
0000
0010
0000
1000
0000
0001
0000
,
0100
0000
0000
0100
0010
0000
0000
0010
0000
0000
1000
0000
0001
0000
0100
0000
,
0001
0000
0000
0001
0010
0000
0000
0010
0000
0000
0100
0000
1000
0000
0001
0000
,
1000
0000
0000
1000
0100
0000
0000
0100
0000
0000
0010
0000
0001
0000
1000
0000
,
0010
0010
0100
0100
0000
0001
1000
0001
,
0000
0100
0100
0100
0010
1000
0001
0000
,
0100
0100
0001
0001
1000
0010
0100
0001
,
1000
1000
1000
1000
0000
1001
1001
0000
,
0100
0000
0000
0100
0001
0000
0000
0001
1000
0000
0010
0000
1000
0000
0001
0000
,
0100
0000
0000
0100
0010
0000
0000
0010
1000
0000
0001
0000
0100
0000
0010
0000
,
1000
0000
0000
1000
0001
0000
0000
0001
0100
0000
0010
0000
1000
0000
0001
0000
,
0100
0010
1000
0001
0100
0100
0010
0100
,
0001
0000
0000
0000
,
0000
0000
0000
0000
;

//---------------dance-double - ----------------
#NOTES:
     dance-double:
     :
     Easy:
     5:
     0.241,0.225,0.010,0.000,0.000:
00000000
00000000
00000000
00000000
,
00000000
00000000
00000000
00000000
00000000
00000000
00000000
00000001
,
00000000
00000000
00000000
00000100
00000000
00010000
00000000
01000000
,
00000000
00000000
00000000
00001000
00000000
00000100
00000000
00000010
,
00000000
00000000
00000000
00000010
00000000
00000000
00000000
00000000
,
00000000
00001000
00000000
00000001
,
00000010
00000100
00000000
00010000
,
01000000
00000000
00000000
01000000
,
10000000
00100000
01000000
00010000
,
00000100
00000000
00000000
00000010
,
00010000
00000000
00000000
01000000
,
10000000
00100000
10000000
00100000
,
01000000
00001000
00100000
00001000
,
00000100
00000000
00000010
00001000
,
00000001
00000100
00000001
00001000
,
00000010
00010000
00000100
00010000
,
00001000
00001000
01000000
00010000
,
00100000
00010000
10000000
01000000
,
00100000
00010000
10000000
01000000
,
00100000
00001000
01000000
00001000
,
00010000
00000100
00010000
00000010
,
00001000
00000000
00000000
00000000
,
00000001
00000100
00010000
00001000
,
00100000
01000000
00010000
10000000
,
00100000
00100000
10000000
00010000
,
01000000
00001000
00010000
00000100
,
00000010
00000010
00000001
00000100
,
00000010
00010000
00001000
00100000
,
01000000
01000000
10000000
00010000
,
01000000
00001000
00100000
00001000
,
00000100
00000000
00000001
00001000
,
00000010
00000000
00010000
01000000
,
10000000
00100000
10000000
00010000
,
01000000
01000000
01000000
00000000
,
00000001
00000100
00010000
00001000
,
00100000
01000000
00010000
10000000
,
00100000
00100000
10000000
00010000
,
01000000
00001000
00010000
00000100
,
00000010
00000010
00000001
00000100
,
00000010
00010000
00001000
00100000
,
01000000
01000000
10000000
00010000
,
01000000
00001000
00100000
00001000
,
00000100
00000000
00000001
00001000
,
00000010
00000000
00010000
01000000
,
10000000
00100000
10000000
00010000
,
01000000
00000000
01000000
10010000
,
00000000
00000000
01000000
00000000
00000000
00001000
00001000
00000000
,
00010000
00000000
00000100
00000010
,
00000001
00001000
00000100
00000010
,
00000100
00010000
00001000
01000000
,
00100000
00000000
00000000
00000000
,
00000000
00000000
00000000
00000000
;

//---------------dance-double - ----------------
#NOTES:
     dance-double:
     :
     Medium:
     9:
     0.354,0.375,0.000,0.000,0.000:
00000000
00000000
00000000
00000000
,
00000000
00000000
00000000
00000000
,
01000000
01000000
00001000
01000000
,
00001000
00000000
00010000
00000000
00001000
00010000
00000010
00000100
,
00000000
00000001
00000000
00001000
00000000
00000010
00000000
00000100
,
00000001
00001000
00000100
00010000
,
01000000
00000000
01000000
00000000
00000000
10000000
00100000
01000000
,
00000000
00010000
00000000
01000000
00000000
00001000
00100000
00001000
,
00010000
00000000
00000100
00000010
,
00001000
00000000
00000000
00000000
00000000
00000100
00010000
00001000
,
01000000
00000000
00000000
00000000
00000000
00100000
10000000
00010000
,
01000000
00000000
01000000
00000000
01000000
00100000
10000000
00010000
,
01000000
00001000
00010000
01000000
10000000
00100000
00100000
00000000
,
01000000
00000000
00001000
00000100
,
00000010
00000000
00001000
00000001
00000100
00000001
00000001
00000000
,
00000100
00001000
00000100
00000001
,
00000100
00000000
00000010
00000000
00010000
00001000
00001000
00000000
,
01000000
00000000
00010000
00000000
10000000
00000000
01000000
01000000
,
10000000
00000000
00100000
00000000
01000000
00000000
00001000
00010000
,
00000100
00000000
00010000
00000000
00000010
00000000
00000010
00001000
,
00000001
00000000
00000100
00000001
00001000
00000010
00000010
00000000
,
00000100
00000000
00000000
00000000
,
00000001
00000000
00000001
00000000
00000001
00000000
00000001
00000010
,
00000100
00000000
00000100
00000000
00000100
00000000
00000100
00000010
,
00001000
00000010
00000100
00000010
00001000
00000010
00000100
00000010
,
00010000
00000000
00010000
00000000
00010000
00001000
01000000
00001000
,
00100000
00000000
00000000
00000000
00010000
01000000
10000000
01000000
,
00010000
00000000
00100000
00000000
01000000
10000000
01000000
00100000
,
00001000
00000000
00001000
00000000
00000100
00000010
00001000
00000001
,
00000100
00000000
00000010
00000000
00001000
00000000
00001000
00000100
,
00010000
00000000
01000000
00000000
10000000
01000000
00010000
00000000
,
10000000
00000000
00100000
00000000
01000000
00010000
10000000
00000000
,
00100000
00000000
00001000
00000000
00000010
00001000
00000001
00000000
,
00000100
00000010
00000000
00000000
00001000
00000001
00000100
00000000
,
00000001
00001000
00000001
00001000
00000001
00000000
00000001
00000100
,
00000010
00001000
00000001
00001000
00000010
00000000
00000010
00000100
,
00001000
00000100
00000010
00000100
00001000
00000100
00000010
00000100
,
00010000
00000000
00010000
00000000
00010000
00001000
00100000
00001000
,
01000000
00000000
00000000
00000000
00010000
00100000
10000000
00100000
,
00010000
00000000
01000000
00000000
00100000
10000000
00100000
01000000
,
00001000
00000000
00001000
00000000
00000010
00000100
00001000
00000001
,
00000010
00000000
00000100
00000000
00001000
00000000
00001000
00000010
,
00010000
00000000
00100000
00000000
10000000
00100000
00010000
00000000
,
10000000
00000000
01000000
00000000
00100000
00010000
10000000
00000000
,
01000000
00000000
00001000
00000000
00000100
00001000
00000001
00000000
,
00000100
00000000
00000100
00000000
00000010
00010000
01000000
00000000
,
10000000
00000000
00000000
00000000
00100000
10000000
00100000
01000000
,
00010000
00000000
00000000
00000000
01000000
00001000
01000000
00100000
,
00010000
00000000
00000000
00000000
00000010
00010000
00000100
00001000
,
00000001
00000001
00001000
00000010
,
00000100
00000000
00000000
00000000
,
00000000
00000000
00000000
00000000
;

//---------------dance-double - ----------------
#NOTES:
     dance-double:
     :
     Hard:
     11:
     0.444,0.500,0.060,0.000,0.055:
00000000
00000000
00000000
00000000
,
00000000
00000000
00000000
00000000
00000000
00000000
00000000
10000000
,
00000000
10000000
00000000
00100000
00000000
00001000
00000010
00001000
,
00000001
00000100
00000010
00010000
00000000
00001000
01000000
00010000
,
00100000
00000000
00010000
10000000
01000000
00100000
00000000
10000000
,
00010000
01000000
00001000
00000000
01000000
00100000
10000000
00000000
,
00100000
00001000
00000010
00000100
,
00000001
00000000
00001000
00000010
00010000
00000100
00001000
00000001
,
00000100
00000010
00010000
00000000
00001000
00000010
00010000
00000100
,
00001000
00000000
00000000
00000000
00000000
00000000
01000000
10000000
,
00100000
00000000
00000000
00000000
00000000
00000000
00100000
00001000
,
00010000
00000010
00010000
00000100
00001000
00010000
00010000
00000000
,
00001000
00000010
00000100
00000001
00001000
00000001
00000001
00000000
,
00000100
00000000
00010000
00000000
01000000
00100000
10000000
00010000
,
01000000
00010000
10000000
00100000
01000000
00010000
00010000
00010000
,
01000000
00001000
01000000
00010000
00100000
00100000
00100000
00100000
,
00001000
00010000
00001000
00000100
00000010
00000010
00000010
00000010
,
00001000
00000000
00000001
00000000
00001000
00000000
00000001
00000000
00000100
00000010
00000100
00000000
00000001
00000000
00000000
00000000
,
00000100
00000000
00010000
00000000
01000000
00000000
00001000
00000000
01000000
00010000
01000000
00000000
00100000
00000000
00000000
00000000
,
00000000
00000000
10000000
00000000
00100000
00000000
01000000
00000000
00010000
10000000
00100000
00000000
01000000
00000000
00000000
00000000
,
00001000
00000000
00100000
00000000
00001000
00000000
01000000
00000000
00001000
01000000
00001000
00000000
00010000
00000000
00010000
00000000
,
00000100
00000000
00000000
00000000
,
00000001
00000000
00001000
00000000
,
00000100
00000000
00010000
00000000
00000010
00000000
00010000
00001000
,
01000000
00000000
00001000
00000000
00100000
00000000
00001000
00010000
,
01000000
00000000
01000000
01000000
10000000
00000000
00010000
10010000
,
10000000
00100000
01000000
00001000
00010000
01000000
01000000
00000000
,
00100000
00001000
00010000
00000010
00010000
00001000
00001000
00000000
,
00000100
00000000
00000010
00000000
00001000
00000000
00000001
00000000
00000100
00000000
00000010
00000000
00001000
00000001
00001000
00000000
,
00000100
00000000
00010000
00000000
00000100
00000000
00001000
00000000
00000010
00000100
00000010
00000000
00001000
00000000
00001001
00000000
,
00000001
00000000
00000100
00000000
00000010
00010000
00001000
00000000
,
01000000
00000000
00001000
00000000
01000000
00010000
00100000
00000000
,
00001000
01000000
00100000
00000000
10000000
00010000
01000000
00000000
,
01000000
00100000
00000000
00000000
10000000
00010000
10000000
00010000
10000000
00000000
00000000
00000000
00100000
00000000
00000000
00000000
,
10000000
10000000
00100000
00000000
01000000
01000000
00010000
00000000
,
00100000
00001000
00100000
00000000
00010000
01000000
00001000
00010000
,
00000010
00000000
00010000
00000000
00000100
00000000
00010000
00001000
,
00000010
00000000
00000010
00000010
00000001
00000000
00001000
00001001
,
00000001
00000100
00000010
00010000
00001000
00000010
00000010
00000000
,
00000100
00010000
00001000
01000000
00001000
00010000
00010000
00000000
,
00100000
00000000
01000000
00000000
00010000
00000000
10000000
00000000
00100000
00000000
01000000
00000000
00010000
10000000
00010000
00000000
,
00100000
00000000
00001000
00000000
00100000
00000000
00010000
00000000
01000000
00100000
01000000
00000000
00010000
00000000
10010000
00000000
,
10000000
00000000
00100000
00000000
01000000
00001000
00010000
00000000
,
00000010
00000000
00010000
00000000
00000010
00001000
00000100
00000000
,
00010000
00000010
00000100
00000000
00000001
00001000
00000010
00000000
,
00010000
00000000
00001000
00010000
00000100
00000000
00010000
00000000
,
01000000
01000000
01000000
10000000
00100000
00000000
01000000
01000000
,
00001000
00000000
00100000
00001000
01000000
00010000
00010000
00000000
,
00100000
00001000
00000100
00000100
00000010
00000000
00001001
00001001
,
00001000
00000010
00000100
00000000
00000001
00001000
00000010
00000010
,
00010000
00000000
00000000
00000000
,
00000000
00000000
00000000
00000000
;
