#TITLE:Emera;
#ARTIST:PON;
#BANNER:Emera.png;
#BACKGROUND:Emera-bg.png;
#CDTITLE:./CDTitles/DDR A.png;
#MUSIC:Emera.ogg;
#SAMPLESTART:74.534;
#SAMPLELENGTH:15;
#BPMS:0=161;

//---------------dance-single - ----------------
#NOTES:
     dance-single:
     :
     Beginner:
     3:
     0.16,0.2,0.01,0.35,0:
0000
0000
0000
0000
,
0000
0000
0000
0000
,
0000
0000
0000
0000
,
0000
0000
0000
0000
,
0000
0000
0000
0000
,
1000
0000
0000
0000
,
0001
0000
0000
0000
,
0020
0000
0000
0000
,
0000
0000
0000
0000
,
0030
0000
0000
0000
,
1000
1000
0000
0000
,
0001
0001
0000
0000
,
1000
1000
0000
0000
,
0010
0000
0000
0000
,
0010
0010
0000
0000
,
1000
1000
0000
0000
,
0010
0010
0000
0000
,
0100
0000
0000
0000
,
0001
0000
0001
0000
,
1000
0000
1000
0000
,
0010
0000
0010
0010
,
0000
0000
0000
0000
,
1000
0000
1000
0000
,
0001
0000
0001
0000
,
0100
0000
0100
0100
,
0000
0000
0000
0000
,
1001
0000
0000
0000
,
0001
0001
0000
0000
,
1000
0000
0001
0000
,
1000
0000
0000
0000
,
0010
0000
0001
0000
,
0010
0000
0000
0000
,
0002
0000
0000
0003
,
0000
0000
0000
0000
,
0000
0000
0010
0000
,
0000
0000
1000
0000
,
0000
0000
0100
0000
,
0000
0000
0001
0000
,
0000
0000
0010
0000
,
0000
0000
1000
0000
,
0000
0000
0100
0000
,
0001
0000
0002
0000
,
0000
0000
0003
0000
,
0100
0000
0000
0000
,
0010
0000
0000
0000
,
0100
0000
0000
0000
,
1000
0000
0000
0000
,
0001
0000
0000
0000
,
1000
0000
0010
0000
,
0001
0000
1000
0000
,
2002
0000
0000
0000
,
0000
0000
3003
0000
,
0010
0000
0000
1000
,
0000
0000
0000
0000
,
0001
0000
0010
0000
,
0001
0000
0010
0000
,
1000
0000
0000
0020
,
0000
0000
0000
0030
,
0000
0000
0000
0000
,
1000
1000
1000
0000
,
0001
0001
0001
0000
,
1000
1000
1000
0000
,
0010
0010
0010
0000
,
0100
0100
0100
0000
,
1000
0000
0000
0100
,
0000
0000
0000
0000
,
0010
0000
0000
0002
,
0000
0000
0000
0000
,
0000
0000
0000
0000
,
0003
0000
0000
0000
;

//---------------dance-single - ----------------
#NOTES:
     dance-single:
     :
     Easy:
     6:
     0.31,0.26,0.07,0.48,0:
0000
0000
0000
0000
,
0000
0000
0000
0000
,
0000
0000
0000
0000
,
0000
0000
0000
0000
,
0000
0000
0000
0000
,
1000
0000
0000
0001
0000
0000
0000
0000
,
0100
0010
0100
0000
,
0001
0000
0000
1000
0000
0000
0002
0000
,
0000
0000
0000
0000
,
0000
0000
0000
0003
,
0010
0001
1000
0001
,
0010
0001
1000
0001
,
0010
0001
1000
0001
,
0010
0100
1000
0000
,
0010
1000
0001
1000
,
0010
1000
0001
1000
,
0010
1000
0001
1000
,
0010
0100
0001
0000
,
1000
0010
0001
0010
,
1000
1000
0100
0001
,
0100
1000
0100
0001
,
0000
0000
0000
0000
,
0001
0010
1000
0010
,
0001
0001
0100
1000
,
0100
0001
1000
0001
,
0000
0000
0000
0000
,
0220
0330
0000
0000
,
0100
0001
1000
0001
,
1000
0100
0001
0100
,
0000
0000
0000
0000
,
1000
0001
1000
0001
,
0100
0001
0100
1000
,
0010
0001
1000
0100
,
0000
0000
0000
0000
,
1000
0001
0110
0000
,
0100
0010
1001
0000
,
1000
0010
1000
0100
,
0010
0001
0010
0010
,
0001
0000
0100
0001
,
1000
1000
0100
0001
,
0100
1000
0001
0100
,
1000
0100
0002
0000
,
0000
0000
0003
0000
,
2000
0000
3000
0000
,
0200
0000
0300
0000
,
2000
0000
3000
0000
,
0020
0000
0030
0000
,
0200
0000
0300
0000
,
0002
0000
0010
0000
,
0100
0000
0013
0000
,
2002
0000
0000
0000
0000
0000
0000
3003
,
0001
1000
0001
1000
0000
0000
0000
0000
,
0001
0000
0000
1000
0000
0000
2002
0000
,
0000
0000
3003
0000
,
1001
0000
0000
0010
0000
0000
0100
0000
,
1000
0001
0000
0000
,
1000
0000
0000
0010
0000
0000
2002
0000
,
0000
0000
0000
3003
,
0000
0000
0001
1000
,
0001
0010
0100
1000
,
0001
0100
1000
0100
,
0000
0000
0000
0000
,
0001
1000
0001
1000
,
0100
1000
0100
0001
,
0010
1000
0001
0100
,
0000
0000
0000
0000
,
0001
0000
0000
1000
0000
0000
0020
0000
,
0000
0000
0000
0000
,
0000
0000
0000
0000
,
0030
0000
0000
0000
;

//---------------dance-single - ----------------
#NOTES:
     dance-single:
     :
     Medium:
     11:
     0.59,0.53,0.29,0.71,0.2:
0000
0000
0000
0000
,
0000
0000
0000
0000
,
0000
0000
0000
0000
,
0000
0000
0000
0000
,
0000
0000
0000
0000
,
1001
0000
0000
0110
0000
0000
0001
0000
,
1000
0100
0001
0100
0000
0100
1000
0001
,
1000
0000
0001
0010
0000
0001
2000
0000
,
0010
0010
0010
0001
,
3002
0100
0100
0100
,
1003
0000
0010
0000
1000
0010
0100
0001
,
0010
0000
0010
0000
1000
0010
0100
0001
,
0010
0000
0010
0000
1000
0010
0100
0001
,
0010
0100
0010
0001
0010
0001
0100
0000
,
0001
0000
0010
0000
0001
0010
0100
1000
,
0010
0000
0010
0000
0001
0010
0100
1000
,
0010
0000
0010
0000
0001
0010
0100
1000
,
0010
0100
0010
1000
0010
1000
0100
0000
,
1100
0000
0001
0010
0000
0100
0010
0000
,
0001
0010
1000
0010
0000
0010
0001
1000
,
0001
1010
0011
1001
,
1000
0100
1000
0010
0100
0001
0010
0000
,
0101
0000
1000
0010
0000
0100
0010
0000
,
1000
0010
0001
0010
0000
0010
1000
0001
,
1000
0011
1010
1001
,
0001
0100
0001
0010
0100
1000
0010
0000
,
0101
0000
1000
0001
,
0010
0001
0010
0001
0000
0001
1000
0010
,
0100
0101
1010
0101
,
1000
0100
0010
0001
0010
0001
1000
0010
,
1000
0001
1000
0010
0000
0100
0001
0000
,
0001
0010
1000
0010
0000
0010
0100
1000
,
0010
0000
1000
0010
1000
0100
0020
0000
,
0000
0000
0000
0030
,
0001
1000
1010
0011
,
0010
1000
0100
0010
0001
0001
0001
0000
,
0100
0001
0010
0001
1000
0001
1000
0000
,
0010
0100
1000
0100
0001
0010
0001
0000
,
1000
0001
1100
0011
,
1000
0000
0001
1000
0100
0010
0001
0000
,
1010
0011
1001
1100
,
1001
0011
2100
0000
,
3002
0000
0100
0000
,
0023
0000
0100
0000
,
0032
0000
0100
0000
,
2003
0000
0100
0000
,
3020
0000
0001
0000
,
2030
0000
0001
0000
,
3010
0000
0000
0010
0000
0000
0010
0000
1000
0000
0000
1000
0000
0000
1000
0000
,
0001
0000
0000
0001
0000
0000
0001
0000
1000
0000
0000
0000
0000
0000
0000
0000
,
2002
0000
0000
3003
,
1000
0100
0001
0100
0000
0100
1000
0100
,
1000
0000
0001
0100
0000
1000
0200
0000
,
0000
0001
0000
0000
1300
0000
0000
0000
,
1001
0000
0000
0110
0000
0000
1000
0000
,
0001
0100
1000
0200
0000
0000
0300
0000
,
0001
1000
0010
0100
0010
1000
0002
0000
,
0000
0010
0000
0000
1000
0000
0000
0103
,
0000
0000
1000
0000
0000
1000
0000
0000
0010
0000
0000
0010
0000
0000
0100
0000
,
0100
0001
0100
1000
0100
0001
0010
0000
,
0100
1000
0010
0100
0001
0100
0020
0000
,
1000
0001
1000
1030
,
0100
0010
0001
1000
0010
0001
0010
0000
,
0010
1000
0001
1000
0000
0100
1000
0100
,
0001
0100
1000
0010
0100
0010
2000
0000
,
0000
0000
0000
0000
,
3100
0000
0010
0001
0000
1000
0020
0000
,
0000
0000
0000
0000
,
0000
0000
0000
0000
,
0030
0000
0000
0000
;

//---------------dance-single - ----------------
#NOTES:
     dance-single:
     :
     Hard:
     16:
     1,0.93,0.32,0.58,1.03:
0000
0000
0000
0000
,
0000
0000
0000
0000
,
0000
0000
0000
0000
,
0000
0000
0000
0000
,
0000
0000
0000
0000
,
1001
0000
0010
0001
0000
1000
0001
0000
,
0101
0001
1000
0010
0000
0001
0010
1000
,
1001
0000
0001
0011
0000
0100
0201
0000
,
1000
1000
0000
0010
0010
0000
0302
0000
,
0010
0010
0000
1000
1000
0000
0103
0000
,
0001
0000
0100
0000
1000
0000
0100
0000
0000
0000
0000
0010
1000
0000
0001
0000
,
0010
0000
0001
0000
1000
0000
0100
0000
0000
0000
0000
0001
0100
0000
1000
0000
,
0001
0000
0010
0000
1000
0000
0010
0000
0000
0000
0000
0001
1000
0000
0001
0000
,
0100
0001
0100
0000
0010
1000
0010
0000
1000
0001
0100
0001
0010
0100
1000
0001
,
1000
0000
0100
0000
0001
0000
0100
0000
0000
0000
0000
0010
0001
0000
1000
0000
,
0010
0000
1000
0000
0001
0000
0100
0000
0000
0000
0000
1000
0100
0000
0001
0000
,
1000
0000
0010
0000
0001
0000
0010
0000
0000
0000
0000
1000
0001
0000
1000
0000
,
0100
1000
0100
0000
0010
0001
0010
0000
0001
1000
0100
1000
0010
0100
0001
1000
,
0001
0000
0010
0000
1000
0000
0001
0000
1000
0000
0010
0001
0010
0000
0100
0000
,
1000
0000
0010
0000
0001
0000
0010
0000
1000
0000
0001
1000
0001
0000
0100
0001
,
1000
0000
0001
0000
0100
0000
0010
0100
0001
0000
0010
0001
1000
0000
0010
0000
,
0001
0000
0010
1000
0010
0100
0001
0000
0100
0000
0001
1000
0001
0000
0010
0001
,
1000
0000
0010
0000
0001
0000
1000
0000
0001
0000
0010
1000
0010
0000
0100
0000
,
0001
0000
0010
0000
1000
0000
0010
0000
0001
0000
1000
0001
1000
0000
0100
1000
,
0001
0000
1000
0000
0100
0000
0010
0100
1000
0000
0010
1000
0001
0000
0001
0000
,
1000
0100
1000
0000
0001
0010
0001
0000
0010
0100
0010
0001
1000
0010
0100
0001
,
2000
0000
0000
0000
3000
0000
0000
0000
0011
0000
0000
0000
1000
0001
1000
0001
,
0100
0000
1000
0000
0100
0000
0001
0000
0010
0000
1000
0000
0001
0000
0100
1000
,
0100
0000
0010
0000
0001
0010
0100
0000
1000
0000
0001
0010
0100
0000
1000
0000
,
0001
0000
0100
0010
0100
0010
1000
0000
0010
0000
0100
0001
0100
0000
0001
1000
,
0001
0000
0010
0000
1000
0000
0010
0001
1000
0000
0010
0000
0001
0000
0010
1000
,
0001
0000
0100
0000
1000
0000
0100
0001
1000
0000
0001
1000
0001
0000
1000
0010
,
1000
0000
0010
1000
0001
0000
1000
0000
0100
1000
0001
0000
0200
0000
0000
0000
,
0000
0000
0000
0000
,
0310
0000
0000
0000
0000
0000
1010
0000
0000
0010
0000
0000
1000
0000
0001
0000
0100
0000
1000
0000
0000
0100
0000
0000
,
0001
0000
0010
0000
1000
0000
0010
0000
0011
0000
0001
0000
1000
0010
0000
1000
,
0100
0000
0001
0000
0101
0000
0100
0000
1001
0000
1000
0000
0010
0100
0001
1000
,
0000
0000
1001
0000
0100
0001
0100
0010
1000
0010
0100
0001
1000
0000
0000
0000
,
1001
0000
0000
0010
0000
0000
1001
0000
0000
0100
0000
0000
0010
0000
0001
0000
0010
0000
0100
0000
0000
1000
0000
0000
,
0100
0000
1000
0000
0010
0000
0100
0000
0001
0100
0001
0100
0000
0001
0000
1000
,
0010
0001
0010
0100
1000
0100
0010
0001
0010
1000
0001
1000
,
0001
1000
0100
0001
0100
1000
0002
0000
0000
0000
0000
0000
,
2003
0001
0010
0010
,
3002
1000
0100
0100
,
0203
1000
0001
0001
,
0302
1000
0010
0010
,
2003
0001
0010
0010
,
3020
0001
1000
1030
,
1001
0000
0000
1100
0000
0000
0101
0000
1100
0000
0000
0011
0000
0000
0101
0000
,
1100
0000
0000
0101
0000
0000
0011
0000
0110
0000
0000
0000
0000
0000
0000
0000
,
2002
0000
0000
3003
,
0001
0000
0010
0000
0100
0000
0002
0000
0000
0000
0000
0000
0103
0000
1000
0100
,
1000
0000
0001
0000
0100
0000
1000
0000
0100
0001
1000
0000
0200
0000
0000
0000
,
0000
0000
0001
0000
0000
0000
0000
0000
1000
0000
0000
0000
0301
0000
0100
1000
,
0001
0000
1000
0001
1000
0000
0001
0000
0100
0010
0100
0000
0001
0000
1000
0001
,
1000
0000
0100
0000
0010
0001
0010
0000
0001
0000
0100
1000
0100
0000
0001
0000
,
1000
0100
1000
0100
0010
0000
0001
0010
0001
0010
0100
0000
1000
0001
1000
0010
,
0100
0000
0001
1000
0001
0010
0100
0000
1000
0010
0100
0001
0010
0000
0001
0100
,
0010
0000
1010
0000
0000
0011
0000
0000
0101
0000
0000
1100
0000
0000
0101
0000
,
1001
0000
0000
1000
0000
0000
0100
0000
0000
0001
0000
0000
0100
0000
0010
0000
0100
0000
1000
0000
0010
0000
0100
0000
,
0001
0000
1000
0000
0001
0000
0100
0001
0100
0000
0010
1000
0010
0000
0001
0010
,
0100
0000
0001
1000
0000
0100
0001
0000
1000
0010
0000
0001
1000
0000
0100
0010
,
0100
0000
1000
0000
0001
0000
0100
0010
0100
0000
0001
0000
1000
0100
0010
0100
,
0010
0000
0001
0000
1000
0000
0010
0100
0010
0000
1000
0010
0100
0010
0100
0001
,
1000
0000
0001
1000
0001
0010
1000
0000
0001
0100
0000
1000
0100
0000
1000
0010
,
0000
1000
0100
0000
0001
0100
0000
1000
0001
0000
1000
0010
0000
0001
0010
1000
,
0010
0000
0100
0101
0000
0001
2002
0000
,
0000
0000
0000
0000
,
0000
0000
0000
0000
,
3003
0000
0000
0000
;

//---------------dance-double - ----------------
#NOTES:
     dance-double:
     :
     Easy:
     7:
     0.36,0.26,0.25,0.48,0.01:
00000000
00000000
00000000
00000000
,
00000000
00000000
00000000
00000000
,
00000000
00000000
00000000
00000000
,
00000000
00000000
00000000
00000000
,
00000000
00000000
00000000
00000000
,
00011000
00000000
00000000
00010000
00000000
00000000
00000010
00000000
,
00000100
00000010
00000100
00000000
,
00001001
00000000
00000000
00000101
00000000
00000000
00000200
00000000
,
00000000
00000000
00000000
00000000
,
00000000
00000000
00000000
00000300
,
00000010
00010000
00001000
00010000
,
00000010
00010000
00001000
00010000
,
00000010
00010000
00001000
00010000
,
00100000
00010000
00001000
00000000
,
00100000
00001000
00010000
00001000
,
00100000
00001000
00010000
00001000
,
00100000
00001000
00010000
00001000
,
00000010
00001000
00010000
00010000
,
00001000
00000010
00000001
00000010
,
00001000
00010000
01000000
10000000
,
01000000
00010000
00001000
00000010
,
00000001
00001000
00000010
00010000
,
00010000
00100000
10000000
00100000
,
00010000
00001000
00000100
00000001
,
00000100
00001000
00010000
00100000
,
10000000
00100000
00010000
00001000
,
00000200
00000300
00001001
00001000
,
00000100
00001000
00000001
00001000
,
00000001
00000100
00001000
00010000
,
00100000
10000000
00100000
00010000
,
00001000
00000100
00001000
00010000
,
01000000
10000000
01000000
00010000
,
00001000
00000010
00000100
00001000
,
00000000
00000000
00000000
00000000
,
00000001
00001000
00000110
00000110
,
00010000
00001000
00011000
00011000
,
00001000
00100000
00010000
01000000
,
00100000
10000000
00010000
01100000
,
10000000
00000000
01000000
00010000
,
00001000
00010000
01000000
10000000
,
11000000
00010000
00001000
00000100
,
00000101
00000100
00002000
00000000
,
00000000
00000000
00103000
00000000
,
00200000
00000000
01300000
00000000
,
02000000
00000000
03010000
00000000
,
00020000
00000000
00031000
00000000
,
00002000
00000000
00003100
00000000
,
00000200
00000000
00000301
00000000
,
00000002
00000000
00000100
00000000
,
00000010
00000000
00000103
00000000
,
00002002
00000000
00003003
00000000
,
00000010
00001000
00000010
00001000
00000000
00000000
00000000
00000000
,
00010000
00000000
00000000
00100000
00000000
00000000
20020000
00000000
,
00000000
00000000
30030000
00000000
,
01100000
00000000
00000000
00110000
00000000
00000000
00011000
00000000
,
00010000
00000000
00000010
00001000
00000000
00000000
00000000
00000000
,
00001000
00000000
00000000
00000110
00000000
00000000
00002002
00000000
,
00000000
00000000
00000000
00003003
,
00000000
00000110
00000000
00000000
00011000
00000000
00000000
00000000
,
00010000
00100000
01000000
00010000
,
10000000
01000000
00010000
00001000
,
00011000
00010010
00011000
00001000
,
00010000
00001000
00000010
00000001
,
00000010
00001000
00010000
00001000
,
01000000
00010000
00100000
01000000
,
00000000
00000000
00000000
00000000
,
00110000
00000000
00000000
00011000
00000000
00000000
00000020
00000000
,
00000000
00000000
00000000
00000000
,
00000000
00000000
00000000
00000000
,
00000030
00000000
00000000
00000000
;

//---------------dance-double - ----------------
#NOTES:
     dance-double:
     :
     Medium:
     11:
     0.58,0.53,0.27,0.7,0.19:
00000000
00000000
00000000
00000000
,
00000000
00000000
00000000
00000000
,
00000000
00000000
00000000
00000000
,
00000000
00000000
00000000
00000000
,
00000000
00000000
00000000
00000000
,
00010010
00000000
00000000
00101000
00000000
00000000
00010000
00000000
,
10000000
01000000
00010000
00001000
00000000
00001000
00010000
00000010
,
00010000
00000000
00001000
00000010
00000000
00000001
00002000
00000000
,
00000010
00000010
00000010
00000100
,
00003200
00010000
00010000
00010000
,
00001300
00000000
00000100
00000000
00010000
00001000
00000100
00000010
,
00001000
00000000
00000100
00000000
00010000
00001000
00000100
00000010
,
00001000
00000000
00000100
00000000
00010000
00001000
00000100
00000010
,
00001000
00000100
00010000
00001000
00100000
00010000
01000000
00000000
,
00010000
00000000
01000000
00000000
00001000
00010000
01000000
00100000
,
00010000
00000000
01000000
00000000
00001000
00010000
01000000
00100000
,
00010000
00000000
01000000
00000000
00001000
00010000
01000000
00100000
,
00010000
01000000
00001000
00010000
00000010
00001000
00000100
00000010
,
00000001
00000000
00001000
00000010
00000000
00000100
00000010
00000000
,
00000001
00000010
00001000
00000010
00000000
00000010
00010000
00001000
,
00010000
00101000
00011000
00110000
,
01000000
10000000
01000000
00100000
00001000
00010000
01000000
00000000
,
10000000
00000000
00010000
00100000
00000000
01000000
00100000
00000000
,
10000000
00100000
00010000
00100000
00000000
00100000
00001000
00010000
,
00001000
00010010
00011000
00001010
,
00000100
00000001
00000100
00000010
00010000
00001000
00000100
00000000
,
00000101
00000000
00001000
00011000
,
00100000
00010000
00100000
00010000
00000000
00010000
00001000
00100000
,
00001000
00110000
00101000
00110000
,
10000000
01000000
00100000
00010000
00100000
00010000
00001000
00000000
,
00000100
00010000
00001000
00000010
00000000
00001000
00010000
00000000
,
00001000
00100000
00001000
00010000
00000000
00000010
00000100
00001000
,
00010000
00000000
00010000
00100000
00010000
00001000
00200000
00000000
,
00000000
00000000
00000000
00300000
,
00010000
10000000
00110000
00011000
,
00000010
00001000
00000100
00000010
00000001
00000001
00000001
00000000
,
00000100
00001000
00010000
00000000
00001000
00010000
00001000
00000000
,
01000000
00000000
00010000
00100000
00001000
01000000
00100000
00000000
,
10000000
00010000
01010000
00101000
,
00010000
00000000
00001000
00010000
00000100
00000010
00000001
00000000
,
00000011
00001010
00011000
00001100
,
00011000
00110000
01020000
00000000
,
20030000
00000000
01000000
00000000
,
30200000
00000000
01000000
00000000
,
20300000
00000000
01000000
00000000
,
30020000
00000000
01000000
00000000
,
00230000
00000000
00001000
00000000
,
00320000
00000000
00001000
00030000
,
00100000
00000000
00000000
00001000
00000000
00000000
00010000
00000000
00010000
00000000
00000000
00000100
00000000
00000000
00001000
00000000
,
00001000
00000000
00000000
00000010
00000000
00000000
00001000
00000000
00010000
00000000
00000000
00000000
00000000
00000000
00000000
00000000
,
00022000
00000000
00000000
00033000
,
00010000
00001000
00000100
00000001
00000000
00000001
00000100
00001000
,
00010000
00000000
00001000
00000100
00000000
00000001
00000200
00000000
,
00000000
00001000
00000000
00000000
00000310
00000000
00010000
00000000
,
00101000
00000000
00000000
00001010
00000000
00000000
00001000
00000000
,
00000001
00000100
00001000
00020000
00000000
00000000
00030000
00000000
,
00010000
00001000
00100000
01000000
00100000
00001000
00020000
00000000
,
00000000
00000010
00000000
00000000
00001000
00000000
00000000
00030100
,
00000000
00000000
00001000
00000000
00000000
00010000
00000000
00000000
00000010
00000000
00000000
00001000
00000000
00000000
00000001
00000000
,
00001000
00000001
00000100
00001000
00000100
00000001
00000010
00000000
,
00000010
00000001
00001000
00000100
00010000
00001000
00200000
00000000
,
00010000
10000000
00010000
01300000
,
10000000
01000000
00010000
00001000
00100000
00001000
00010000
00000000
,
01000000
00010000
00001000
00010000
00000000
00000010
00001000
00000001
,
00000100
00000000
00000010
00010000
00001000
00000100
00000002
00000000
,
00000000
00000000
00000000
00000000
,
00000103
00000000
00001000
00010000
00000000
00100000
20000000
00000000
,
00000000
00000000
00000000
00000000
,
00000000
00000000
00000000
00000000
,
30000000
00000000
00000000
00000000
;

//---------------dance-double - ----------------
#NOTES:
     dance-double:
     :
     Hard:
     16:
     0.99,0.93,0.34,0.57,1.03:
00000000
00000000
00000000
00000000
,
00000000
00000000
00000000
00000000
,
00000000
00000000
00000000
00000000
,
00000000
00000000
00000000
00000000
,
00000000
00000000
00000000
00000000
,
00011000
00000000
00000010
00000001
00000000
00001000
00000001
00000000
,
00000101
00001000
00010000
00100000
00000000
10000000
00100000
00010000
,
00011000
00000000
00100000
00101000
00000000
00000100
00010200
00000000
,
00001000
00010000
00000010
00002300
,
00000010
00010000
00000010
00003001
,
00000001
00000000
00000100
00000000
00001000
00000000
00010000
00000000
00000000
00000000
00000000
01000000
00010000
00000000
00001000
00000000
,
00000010
00000000
00001000
00000000
00010000
00000000
01000000
00000000
00000000
00000000
00000000
10000000
00100000
00000000
00010000
00000000
,
00001000
00000000
00000100
00000000
00000001
00000000
00000100
00000000
00000000
00000000
00000000
00001000
00010000
00000000
00001000
00000000
,
00000010
00000001
00000010
00000000
00000100
00001000
00000100
00000000
00010000
00001000
00100000
00010000
00100000
01000000
10000000
00010000
,
10000000
00000000
01000000
00000000
00010000
00000000
00001000
00000000
00000000
00000000
00000000
00000100
00001000
00000000
00010000
00000000
,
00100000
00000000
00010000
00000000
00001000
00000000
00000100
00000000
00000000
00000000
00000000
00000001
00000010
00000000
00001000
00000000
,
00010000
00000000
01000000
00000000
10000000
00000000
01000000
00000000
00000000
00000000
00000000
00010000
00001000
00000000
00010000
00000000
,
00100000
10000000
00100000
00000000
01000000
00010000
01000000
00000000
00001000
00010000
00000010
00001000
00000010
00000100
00000001
00001000
,
00000001
00000000
00000100
00000000
00001000
00000000
00010000
00000000
00001000
00000000
00000010
00000001
00000010
00000000
00001000
00000000
,
00010000
00000000
01000000
00000000
10000000
00000000
01000000
00000000
00010000
00000000
00001000
00010000
00001000
00000000
00100000
00001000
,
00010000
00000000
00001000
00000000
00000010
00000000
00001000
00010000
00001000
00000000
00100000
00010000
00100000
00000000
00001000
00000000
,
00010000
00000000
01000000
10000000
01000000
00100000
00010000
00000000
00100000
00000000
00001000
00010000
00001000
00000000
00100000
00010000
,
10000000
00000000
01000000
00000000
00010000
00000000
00001000
00000000
00010000
00000000
00100000
10000000
00100000
00000000
00010000
00000000
,
00001000
00000000
00000100
00000000
00000001
00000000
00000100
00000000
00001000
00000000
00010000
00001000
00010000
00000000
00000010
00010000
,
00001000
00000000
00010000
00000000
00100000
00000000
00010000
00001000
00010000
00000000
00000010
00001000
00000001
00000000
00000100
00000000
,
00000001
00000100
00000001
00000000
00001000
00000010
00001000
00000000
00000100
00010000
00000100
00010000
00000010
00001000
00000001
00000100
,
00000002
00000000
00000000
00000000
00000003
00000000
00000000
00000000
00001100
00000000
00000000
00000000
00010000
00001000
00010000
00001000
,
00100000
00000000
00010000
00000000
01000000
00000000
10000000
00000000
01000000
00000000
00010000
00000000
00001000
00000000
00000010
00000001
,
00000010
00000000
00001000
00000000
00000001
00000100
00000010
00000000
00001000
00000000
00000100
00010000
00001000
00000000
00100000
00000000
,
00010000
00000000
00100000
00010000
00100000
01000000
10000000
00000000
01000000
00000000
00100000
00010000
00100000
00000000
00001000
00010000
,
00001000
00000000
00000100
00000000
00000001
00000000
00000100
00001000
00010000
00000000
01000000
00000000
10000000
00000000
01000000
00010000
,
00001000
00000000
00000010
00000000
00000001
00000000
00000010
00001000
00000010
00000000
00001000
00010000
00001000
00000000
00100000
00001000
,
00010000
00000000
00000100
00010000
00001000
00000000
00010000
00000000
00000010
00010000
00001000
00000000
00200000
00000000
00000000
00000000
,
00000000
00000000
00000000
00000000
,
01300000
00000000
00000000
00000000
00000000
00000000
11000000
00000000
00000000
01000000
00000000
00000000
00010000
00000000
00001000
00000000
00000010
00000000
00000001
00000000
00000000
00000010
00000000
00000000
,
00000001
00000000
00000100
00000000
00001000
00000000
00000100
00000000
00000101
00000000
00000001
00000000
00001000
00000100
00000000
00010000
,
00000010
00000000
00001000
00000000
00001010
00000000
00000010
00000000
00011000
00000000
00010000
00000000
01000000
00100000
00010000
10000000
,
00000000
00000000
10010000
00000000
00100000
00010000
00100000
00001000
00010000
00000100
00001000
00000001
00000100
00000000
00000000
00000000
,
00001001
00000000
00000000
00000100
00000000
00000000
00001001
00000000
00000000
00000010
00000000
00000000
00000100
00000000
00001000
00000000
00010000
00000000
00100000
00000000
00000000
10000000
00000000
00000000
,
00100000
00000000
10000000
00000000
01000000
00000000
00100000
00000000
00010000
00100000
00001000
00010000
00000000
00000100
00000000
00001000
,
00000100
00001000
00000100
00000010
00000001
00000010
00000100
00001000
00000100
00010000
00001000
00010000
,
00001000
00010000
00100000
10000000
00100000
00010000
00002000
00000000
00000000
00000000
00000000
00000000
,
00023000
00001000
01000000
01000000
,
00032000
00000010
00010000
00010000
,
00203000
00010000
10000000
00010000
,
00302000
00010000
00000100
00010000
,
00023000
00001000
01000000
00001000
,
00030200
00001000
00000001
00001300
,
00001001
00000000
00000000
00001010
00000000
00000000
00010010
00000000
00011000
00000000
00000000
00101000
00000000
00000000
10010000
00000000
,
01010000
00000000
00000000
00011000
00000000
00000000
00110000
00000000
01100000
00000000
00000000
00000000
00000000
00000000
00000000
00000000
,
20020000
00000000
00000000
30030000
,
00010000
00000000
01000000
00000000
00100000
00000000
00021000
00000000
00000000
00000000
00000000
00000000
00031000
00000000
00010000
00000010
,
00001000
00000000
00000100
00000000
00000010
00000000
00000001
00000000
00001000
00000001
00000100
00000000
00000020
00000000
00000000
00000000
,
00000000
00000000
00000001
00000000
00000000
00000000
00000000
00000000
00001030
00000000
00000000
00000000
00001000
00000000
00000010
00010000
,
00001000
00000000
00010000
00001000
00010000
00000000
00001000
00000000
00100000
01000000
00100000
00000000
00010000
00000000
10000000
00010000
,
10000000
00000000
00100000
00000000
01000000
00010000
01000000
00000000
00010000
00000000
00100000
00001000
00100000
00000000
00001000
00000000
,
00010000
00001000
00100000
00001000
00100000
00000000
00001000
00100000
00010000
00100000
00010000
00000000
10000000
00010000
10000000
00100000
,
01000000
00000000
00010000
01000000
00001000
00010000
00001000
00000000
00010000
00000010
00001000
00000010
00000100
00000000
00000001
00001000
,
00000001
00000000
00000101
00000000
00000000
00001100
00000000
00000000
00001010
00000000
00000000
00011000
00000000
00000000
00101000
00000000
,
00011000
00000000
00000000
00010000
00000000
00000000
00100000
00000000
00000000
10000000
00000000
00000000
00100000
00000000
01000000
00000000
00100000
00000000
10000000
00000000
01000000
00000000
00010000
00000000
,
00001000
00000000
00010000
00000000
00001000
00000000
00000010
00000001
00000010
00000000
00000001
00001000
00000100
00000000
00010000
00000100
,
00001000
00000000
00000100
00010000
00000000
00000010
00001000
00000000
00000001
00000100
00000000
00001000
00010000
00000000
00100000
01000000
,
00100000
00000000
00010000
00000000
00001000
00000000
00000010
00000100
00000010
00000000
00001000
00000000
00010000
00100000
01000000
00100000
,
01000000
00000000
00001000
00000000
00010000
00000000
00000010
00000100
00000010
00000000
00010000
00000000
00001000
00100000
01000000
00100000
,
00010000
00000000
00010000
10000000
00010000
01000000
00001000
00000000
00010000
00001000
00000000
00010000
00000010
00000000
00001000
00000100
,
00000000
00000010
00001000
00000000
00010000
00001000
00000000
00001000
00100000
00000000
00001000
01000000
00000000
00010000
01000000
00001000
,
00010000
00000000
00000010
00000110
00000000
00010000
00022000
00000000
,
00000000
00000000
00000000
00000000
,
00000000
00000000
00000000
00000000
,
00033000
00000000
00000000
00000000
;
