#TITLE:FANTASY;
#SUBTITLE:;
#ARTIST:MELISSA;
#TITLETRANSLIT:;
#SUBTITLETRANSLIT:;
#ARTISTTRANSLIT:;
#CREDIT:;
#BANNER:FANTASY.png;
#BACKGROUND:FANTASY-bg.png;
#LYRICSPATH:;
#CDTITLE:./CDTITLES/Dancemania HAPPY PARADISE 2.PNG;
#MUSIC:FANTASY.ogg;
#OFFSET:0.000;
#SAMPLESTART:50.990;
#SAMPLELENGTH:15.000;
#SELECTABLE:YES;
#DISPLAYBPM:160.000;
#BPMS:0.000=159.425,4.000=160.009;
#STOPS:;
#BGCHANGES:;

//---------------dance-single - ----------------
#NOTES:
     dance-single:
     :
     Beginner:
     1:
     0.148,0.253,0.056,0.000,0.000:
0000
0000
0000
0000
,
0000
0000
0000
0000
,
0000
0000
0000
0000
,
0000
0000
0000
0000
,
1001
0000
0000
0000
,
0000
0000
0000
0000
,
1001
0000
0000
0000
,
0000
0000
0000
0000
,
1001
0000
0000
0000
,
0000
0000
0000
0000
,
0001
0001
0000
0000
,
0001
0001
0000
0000
,
0100
0100
0100
0000
,
1000
1000
1000
1000
,
1000
1000
0000
0000
,
1000
1000
0000
0000
,
0100
0100
0100
0000
,
0001
0000
0000
0000
,
1000
0000
0000
0000
,
1000
0000
0100
0000
,
0110
0000
0000
0000
,
0100
0000
0001
0000
,
0001
0000
0000
0000
,
0001
0000
0100
0000
,
0110
0000
0000
0000
,
0100
0000
1000
0000
,
0100
0000
0000
0000
,
0100
0000
0100
0000
,
0010
0000
0000
0000
,
0010
0000
0010
0000
,
0100
0000
0000
0000
,
0100
0000
0100
0000
,
0010
0000
0000
0000
,
0010
0000
0000
0000
,
0001
0000
0000
0000
,
1000
0000
0001
0000
,
0100
0000
0000
0000
,
0010
0000
0010
0000
,
0001
0000
0000
0000
,
1000
0000
0001
0000
,
0100
0000
0000
0000
,
0010
0000
0010
0000
,
0001
0000
0000
0000
,
1000
0000
0001
0000
,
0100
0000
0000
0000
,
0010
0000
0010
0000
,
0001
0000
0000
0000
,
1000
0000
0001
0000
,
0100
0000
0000
0000
,
0010
0000
0010
0000
,
0001
0001
0000
0000
,
0001
0001
0000
0000
,
0100
0100
0100
0000
,
1000
1000
1000
1000
,
1000
1000
0000
0000
,
1000
1000
0000
0000
,
0100
0100
0100
0000
,
0001
0000
0000
0000
,
0000
0000
0000
0000
;

//---------------dance-single - ----------------
#NOTES:
     dance-single:
     :
     Easy:
     3:
     0.213,0.288,0.011,0.100,0.000:
0000
0000
0000
0000
,
0000
0000
0000
0000
,
0000
0000
0000
0000
,
1000
0000
0000
0000
,
0001
0000
0000
0000
,
0100
0000
0100
0000
,
0010
0000
0000
0000
,
1000
0000
0000
0000
,
0001
0000
0000
0000
,
0100
0000
0100
0000
,
0001
0001
0000
0000
,
1000
1000
0000
0000
,
0010
0010
0000
0000
,
0100
0100
0100
0000
,
0001
1000
0000
0000
,
1000
0001
0000
0000
,
0010
0100
0000
0000
,
1000
0000
0000
0000
,
0100
0100
0100
0100
,
0100
0100
0100
0100
,
1000
1000
0100
0100
,
0100
0100
0100
0100
,
0010
0010
0010
0010
,
0010
0010
0010
0010
,
0001
0001
1000
1000
,
0100
0100
0100
0100
,
0002
0000
0000
0000
,
0000
0003
1000
1000
,
2000
0000
0000
0000
,
0000
3000
0010
0010
,
0020
0000
0000
0000
,
0000
0030
0100
0100
,
0100
0000
0010
0000
,
1000
0000
1000
0000
,
0001
0000
0000
0000
,
0001
0000
0000
0000
,
0100
0001
1000
0010
,
0200
0300
0010
0010
,
1000
0000
0000
0000
,
1000
0000
0000
0000
,
0010
0100
0001
1000
,
0020
0030
0200
0300
,
0010
0000
0000
0000
,
0010
0000
0000
0000
,
1000
0010
0100
0001
,
2000
3000
0001
0001
,
0100
0000
0000
0000
,
0100
0000
0100
0100
,
0002
0003
0001
0001
,
2000
0000
3000
1001
,
1000
1000
0000
0000
,
0001
0001
0000
0000
,
0100
0100
0000
0000
,
0010
0010
0010
1000
,
0001
0001
0000
0000
,
0100
0100
0000
0000
,
0010
0000
1000
0000
,
0001
0000
0000
1000
0000
1000
0000
0000
,
0000
0000
0000
0000
;

//---------------dance-single - ----------------
#NOTES:
     dance-single:
     :
     Medium:
     5:
     0.361,0.480,0.089,0.422,0.000:
0000
0000
0000
0000
,
0000
0000
0000
0000
,
0000
0000
0000
0000
,
2000
0000
0000
3000
,
0002
0000
0000
0003
,
0200
0300
0020
0030
,
2000
0000
0000
3000
,
0002
0000
0000
0003
,
0020
0000
0000
0030
,
0200
0300
2000
3000
,
0001
0001
0100
0100
,
0001
0001
1000
1000
,
0100
0100
1000
1000
,
0001
1000
0001
1000
,
0010
0010
0100
0100
,
0010
0010
1000
1000
,
0001
0001
0010
0010
,
0001
0000
0000
1000
0000
1001
0000
0000
,
2000
0100
0100
3100
,
0020
0001
0001
0031
,
0200
0010
0310
0100
,
0002
1000
1000
1003
,
2000
3020
0230
0302
,
2003
3000
0002
0003
,
0200
0000
0300
1001
,
0100
0100
0100
0100
,
0001
0000
0001
0000
,
1000
0000
1000
1001
,
0100
0100
0010
1000
,
0001
0000
0001
0000
,
0100
0000
0010
0000
,
1000
0000
0001
1000
,
0010
0010
0100
0000
,
0001
0000
0001
1001
,
1000
2002
3003
1001
,
0100
0220
0330
0110
,
0100
0001
1000
0010
,
0100
0000
0100
0000
0100
0010
0100
0000
,
0001
2000
3000
0010
,
0100
0001
0001
1000
,
0020
1030
2000
3001
,
0100
0010
1000
0001
,
0100
0002
1000
1003
,
1000
0000
0010
0000
0100
0000
0001
1000
,
0002
0100
0100
0103
,
2000
0010
0010
3010
,
0002
0103
2000
3100
,
0002
0103
2000
3100
,
0002
0003
0002
0003
,
2000
3000
0002
1003
,
0100
0100
0001
0001
,
1000
1000
0010
0010
,
0100
0001
0100
0001
,
1000
1000
1000
1000
,
0010
0010
1000
1000
,
0001
0001
0100
0100
,
0010
0000
1000
0000
0001
0000
0100
0010
,
0000
0000
0000
1000
0000
1000
0000
0000
,
0000
0000
0000
0000
;

//---------------dance-single - ----------------
#NOTES:
     dance-single:
     :
     Hard:
     9:
     0.645,0.680,0.278,0.345,0.400:
0000
0000
0000
0000
,
0000
0000
0000
0000
,
0000
0000
0000
0000
,
0000
0000
0000
0000
,
1000
0000
0000
0000
,
0001
0000
0001
0000
,
1000
0000
0000
0000
0001
0000
1000
0000
0000
0000
0000
0000
0000
0000
0010
0100
,
0010
0000
0000
0000
0000
0000
0000
0000
0000
0000
0000
0000
0000
0000
0001
0010
,
0001
0000
0000
0000
0000
0000
0000
0000
0000
0000
0000
0000
0000
0000
0010
1000
,
0010
0000
0000
0000
0000
0000
0000
0000
0001
0000
1000
0001
0000
0000
1000
0001
,
0100
0000
0010
0100
0000
0001
1000
0000
0001
1000
0001
0200
0000
0000
0300
0000
,
0001
0000
0100
0001
0000
0100
0001
0000
1000
0010
1000
0020
0000
0000
0030
0000
,
1000
0000
0001
1000
0000
0001
0100
0000
0010
0100
0010
0200
0000
0000
0300
0000
,
0001
0010
0011
0000
1000
0100
1100
0001
,
0010
0000
0100
0010
0000
0100
0010
0000
0001
1000
0001
2000
0000
0000
3000
0000
,
0001
0000
0010
0001
0000
0010
0001
0000
1000
0001
1000
0002
0000
0000
0003
0000
,
0010
0000
0100
0010
0000
0100
0010
0000
0001
0010
0001
0020
0000
0000
0030
0000
,
0002
0000
0003
0010
0001
1000
0000
0000
,
0010
0100
0010
0000
1000
0001
0100
0010
,
1000
0010
1000
0001
0000
0010
0100
1000
,
0001
0010
0100
1000
0001
0020
0000
0230
,
0000
1000
1300
0000
1100
0000
0101
0000
,
0100
0010
1000
0001
0100
0010
1000
0001
,
0001
0100
0000
0010
0000
1000
0010
0000
,
0100
0001
0100
0010
1000
0200
0000
2300
,
0000
0001
3001
0000
0110
0110
1000
0001
,
0200
0010
0010
0010
0000
0001
0301
1000
,
0000
1100
0000
0001
0000
0101
0100
0000
,
0020
1000
1000
1000
0000
0100
0130
0001
,
0000
0011
0000
1010
0000
0101
0000
0000
,
1000
0010
1000
0010
0100
0001
0100
0001
,
0010
0100
0010
0100
1000
0001
0101
0000
,
1000
0000
1000
0010
0000
0100
0000
0001
,
0000
1001
0000
0110
0000
2002
0000
3003
,
0001
0000
1000
0010
0000
2000
0000
0010
,
3000
0000
0100
0000
0001
0000
0000
0000
1000
0010
1000
0010
0100
0001
0100
0001
,
1000
1000
0000
0100
0000
0010
1000
0000
,
0000
1100
0000
0010
0000
1010
0000
0000
,
0100
1000
0001
0000
0100
0001
1000
0010
,
0000
0000
0100
0000
0001
0000
0001
0000
1000
0001
1000
0001
0010
0100
0010
0100
,
0010
0100
1000
0020
0000
2030
0000
3002
,
0000
0000
0003
0200
0000
0000
0300
0000
,
0001
0000
0100
0010
0000
0200
0000
0001
,
0300
0000
1000
0000
0001
0000
0000
0000
1000
0010
1000
0010
0100
0001
0100
0001
,
0010
0010
0000
0001
0000
0100
0001
1000
,
0000
1010
0000
0100
0000
0101
0000
0000
,
1000
1001
0010
0000
0001
1001
0100
0010
,
0000
0000
0100
0000
0010
0000
1000
0000
0001
1000
0001
1000
0001
1000
0001
0000
,
0001
1000
0001
0002
0000
0203
0000
0320
,
0000
0000
0030
0100
0010
0110
1001
0000
,
1000
0000
0010
1000
0000
0010
1000
0000
0010
0100
0010
0200
0000
0000
0300
0000
,
0001
0000
0100
0001
0000
0100
0001
0000
1000
0010
1000
0020
0000
0000
0030
0000
,
1000
0000
0001
1000
0000
0001
1000
0000
0010
0100
0010
0200
0000
0000
0300
0000
,
0010
0001
0011
0000
0100
1000
1100
0010
,
0100
0000
0010
0100
0000
0010
1000
0000
0001
1000
0001
2000
0000
0000
3000
0000
,
0001
0000
0010
0001
0000
0010
0001
0000
0100
0001
0100
0002
0000
0000
0003
0000
,
0010
0000
0100
0010
0000
0100
0010
0000
0001
0010
0001
0020
0000
0000
0030
0000
,
0001
1000
0001
1000
0001
0000
1000
0100
1000
0100
2000
0000
0000
0000
0000
0000
,
0000
3000
0000
0000
,
0000
0000
0000
0000
;

//---------------dance-double - ----------------
#NOTES:
     dance-double:
     :
     Easy:
     1:
     0.124,0.160,0.000,0.122,0.000:
00000000
00000000
00000000
00000000
,
00000000
00000000
00000000
00000000
,
00000000
00000000
00000000
00000000
,
00000000
00000000
00000000
00000000
,
00000000
00000000
00000000
00000000
,
00000000
00000000
00000000
00000000
,
10000000
00000000
00000000
00000000
,
00001000
00000000
00000000
00000000
,
00000001
00000000
00000000
00000000
,
00010000
00000000
00001000
00000000
,
01000000
00000000
01000000
00000000
,
00010000
00000000
00010000
00000000
,
10000000
00000000
10000000
00000000
,
00100000
00000000
00100000
00000000
,
00001000
00000000
00000000
00000000
,
00000100
00000000
00000000
00000000
,
00000001
00000000
00000000
00000000
,
00002000
00000000
00000000
00003000
,
00000010
00000000
00000000
00000000
,
00001000
00000000
00000000
00000000
,
00000010
00000000
00000000
00000000
,
00010000
00000000
00000000
00000000
,
01000000
00000000
01000000
00000000
,
10000000
00000000
00100000
00000000
,
01000000
00000000
00000000
00000000
,
01000000
00000000
00001000
00000000
,
00020000
00000000
00000000
00030000
,
00000000
00000000
00000100
00000000
,
00000020
00000000
00000000
00000030
,
00000000
00000000
00000001
00000000
,
00001000
00000000
00001000
00000000
,
00000100
00000000
00000000
00000000
,
00010000
00000000
00000000
00000000
,
01000000
00000000
00000000
00000000
,
00200000
00300000
00000000
00000000
,
02000000
03000000
00000000
00000000
,
00002000
00003000
00000000
00000000
,
00000000
00000000
00000000
00000000
,
00000020
00000030
00000000
00000000
,
00000002
00000003
00000000
00000000
,
00002000
00003000
00000000
00000000
,
00000000
00000000
00000000
00000000
,
00000100
00000100
00000000
00000000
,
00010000
00010000
00000000
00000000
,
00100000
00100000
00000000
00000000
,
10000000
10000000
00000000
00000000
,
01000000
00000000
00000000
01000000
,
00001000
00000000
00000000
00001000
,
00000010
00000000
00000000
00000010
,
00002000
00000000
00003000
00000000
,
00000001
00000000
00000000
00000000
,
00000001
00000000
00000000
00000000
,
00001000
00000000
00000000
00000000
,
00001000
00000000
00000000
00000000
,
00010000
00000000
00000000
00010000
,
10000000
00000000
00000000
00000000
,
10000000
00000000
00000000
00000000
,
02000000
00000000
00000000
03000000
,
00000000
00000000
00000000
00000000
;

//---------------dance-double - ----------------
#NOTES:
     dance-double:
     :
     Medium:
     6:
     0.414,0.448,0.211,0.322,0.000:
00000000
00000000
00000000
00000000
,
00000000
00000000
00000000
00000000
,
00000000
00000000
00000000
00000000
,
00000000
00000000
00000000
00000000
,
00000000
00000000
00000000
00000000
,
00000000
00000000
00000000
00000000
,
10000000
00000000
10000000
00000000
,
01000000
00000000
01000000
00000000
,
00001000
00000000
00001000
00000000
,
00000010
00000010
00001000
00001000
,
00000002
00000100
00000100
00000103
,
00020000
00100000
00100000
00130000
,
02000000
00000000
13000000
00000000
00020000
00000000
01030000
00100000
,
10000000
01000000
00010000
00000000
00010000
00000010
00000100
00000000
,
00000002
00000103
00002000
00003100
,
00000020
00000130
00002000
00003001
,
00000010
00000000
00010000
00000000
00001000
00000000
00100000
00020000
,
00000000
00000000
00000000
10000000
00000000
10000000
00030000
00000000
,
01000000
00000000
00001000
00000000
00010000
00000000
00000010
00000100
,
00000001
00000000
00000001
00001000
00000001
00000000
00001001
00000000
,
00000001
00001000
00010000
10000000
,
00100000
00100000
01000000
10010000
,
10000000
00010000
00001000
00000001
,
00000001
00000000
00001000
00000000
00010000
00000000
10000000
00100000
,
01000000
00010000
10000000
00000000
10000000
00010000
01000000
00000000
,
01000000
00000000
00001000
00000000
00010000
00000000
00000010
00000100
,
00000002
00000003
00001001
00000000
00002000
00003000
00001001
00000000
,
00000001
00001000
00010000
10000000
,
00200000
00300000
01100000
00000000
02000000
03000000
01100000
00000000
,
01000000
00001000
00010000
00000010
,
00001000
00000100
00001000
00000000
00000001
00000100
00000001
00000000
,
00001000
00001100
00001001
00000101
,
00000001
00001000
00010000
10000000
,
00100000
10000000
00000000
11000000
00000000
02020000
03030000
00000000
,
02001000
00200000
03300000
00001000
,
00010000
00000010
00000100
00000001
,
00000100
00000010
00010000
00100000
,
10000000
10010000
00100000
01100000
,
10000000
00010000
00001000
00000001
,
00000200
00000001
00000301
00001010
,
00001000
00000100
00000001
00000000
00001000
00000000
00000100
00000000
,
00010000
00001000
01000000
00001000
,
00020000
00000020
00030030
00010000
,
00001000
00100000
01000000
10000000
,
01000000
00100000
00001000
00000010
,
00000001
00001001
00000010
00000110
,
00000001
00001000
00010000
10000000
,
02000000
10000000
13000000
00110000
,
00010000
01000000
10000000
00000000
01000000
00000000
00001000
00000000
,
00010000
00000000
00000000
00110000
,
00002000
00010000
00010000
00013000
,
00000020
00001000
00001000
00001030
,
00000200
00000000
00000301
00000000
00002000
00000000
00003100
00000010
,
00000001
00000100
00001000
00000000
00001000
00100000
01000000
00000000
,
20000000
31000000
00020000
01030000
,
00200000
01300000
00020000
10030000
,
00100000
00000000
00001000
00000000
00010000
00000000
00000010
00001000
,
00001000
00000000
00000000
00000001
00000000
00000001
00000000
00000000
,
00000000
00000000
00000000
00000000
;

//---------------dance-double - ----------------
#NOTES:
     dance-double:
     :
     Hard:
     9:
     0.532,0.550,0.189,0.289,0.000:
00000000
00000000
00000000
00000000
,
00000000
00000000
00000000
00000000
,
00000000
00000000
00000000
00000000
,
00000000
00000000
00000000
00000000
,
00000001
00000000
00000000
00000000
,
00010000
00000000
00000000
00000000
,
02000000
00000000
00000000
03000000
,
00002000
00000000
00000000
00003000
,
00000020
00000000
00000000
00000030
,
00000200
00000300
00020000
00030000
,
01000000
00100000
10000000
01000000
00010000
00001000
00000010
00000001
,
00001000
00000100
00000010
00000001
00000100
00001000
00010000
00100000
,
10000000
01000000
00100000
00010000
10000000
01000000
00010000
00001000
,
00010000
00000010
00001000
00000100
00010000
00100000
01000000
00010000
,
00100000
00001000
00010000
00000010
00001000
00000001
00001000
00000100
,
00000010
00000001
00000100
00000001
00000010
00000100
00001000
00000001
,
00001000
00000001
00000100
00000010
00010000
00001000
00200000
00010000
,
00000000
00000000
00300000
00010000
00000000
00010000
00000000
00000000
,
10000000
01000000
00010000
00001000
01000000
00010000
01000000
00100000
,
10000000
01000000
10000000
00010000
10000000
01000000
10000000
00010000
,
10000000
00100000
10000000
01000000
10000000
00100000
10000000
01000000
,
10000000
01010000
10010000
11000000
,
00100000
00001000
00000010
00001000
00100000
00000000
00001000
00000010
,
00000010
00000001
00000100
00000001
00000010
00000001
00000100
00000001
,
00001000
00000001
00000010
00000001
00001000
00000001
00000010
00000001
,
00001000
00000000
00000101
00000000
00001001
00000000
00001100
00000100
,
00020000
00001000
00000000
00000100
00000000
00001000
00000000
00000100
,
00030000
00001000
00000000
00110000
00000000
10010000
00000000
00000000
,
00020000
01000000
00000000
00100000
00000000
01000000
00000000
00100000
,
00030000
01000000
00000000
00101000
00000000
00010010
00000000
00000000
,
00000002
00000100
00000000
00000010
00000000
00000100
00000000
00000010
,
00000003
00001000
00000000
00001010
00000000
00010100
00000000
00000000
,
00101000
01020000
20000000
30030000
,
00000000
01000000
00000000
00001000
00000000
00000020
00000000
00000030
,
00001000
00000001
00000100
00000010
00020000
00000000
00030000
00100000
,
01000000
00010000
20000000
00000000
00100000
00000000
30100000
10000000
,
01000000
00010000
00000000
00002000
00000000
00010000
00003000
00000000
,
00000000
00001000
00000000
00000100
00000000
00010000
00000000
00000000
,
10000000
00100000
01000000
00010000
00100000
00001000
00010000
00000010
,
00001000
00000001
00000020
00000000
00000001
00000001
00000031
00000000
,
00001000
00000100
00010000
00100000
00000000
20000000
00000000
00020000
,
30000000
00000000
00000000
01000000
00030000
00000000
01001000
00000000
,
00010000
00000010
00000100
00000001
00002000
00000000
00003000
00000010
,
00001000
00000001
00000002
00000000
00000010
00000000
00000013
00000100
,
00010000
00100000
00000000
20000000
00000000
00010000
30000000
00000000
,
00000000
10000000
00000000
01000000
00000000
00001000
00000000
00000000
,
00000001
00000010
00000100
00001000
00000010
00000100
00000001
00001000
,
00000100
00010000
00200000
00000000
10000000
10000000
10300000
00000000
,
00010000
01000000
00001000
00000010
00000000
00000002
00000000
00002000
,
00000003
00000000
00000000
00000100
00003000
00001100
00001100
00000000
,
00000010
00000001
00001000
00000100
00010000
00100000
10000000
01000000
,
00100000
00010000
00100000
01000000
10000000
00010000
00100000
00001000
,
00010000
00000010
00000100
00000001
00001000
00000100
00010000
00100000
,
10000000
00010000
00100000
01000000
00001000
00000100
00000010
00000001
,
00000010
00000100
00010000
00001000
00100000
00010000
10000000
01000000
,
10000000
00010000
00100000
01000000
00100000
01000000
10000000
00010000
,
10000000
00010000
01000000
00001000
00010000
00000100
00000020
00000001
,
00000000
00000000
00000030
00000001
00000000
00002000
00000000
00000000
,
00000000
00003000
00000000
00000000
,
00000000
00000000
00000000
00000000
;
