#TITLE:FIRE FIRE;
#SUBTITLE:;
#ARTIST:StripE;
#TITLETRANSLIT:;
#SUBTITLETRANSLIT:;
#ARTISTTRANSLIT:;
#CREDIT:;
#BANNER:FIRE FIRE.png;
#BACKGROUND:FIRE FIRE-bg.png;
#LYRICSPATH:;
#CDTITLE:./CDTITLES/beatmaniaIIDX.png;
#MUSIC:FIRE FIRE.ogg;
#OFFSET:0.000;
#SAMPLESTART:70.430;
#SAMPLELENGTH:15.000;
#SELECTABLE:YES;
#DISPLAYBPM:150.000;
#BPMS:0.000=150.000,4.000=150.000;
#STOPS:;
#BGCHANGES:0.000=FIRE FIRE.avi=1.000=0=0=0;

//---------------dance-single - ----------------
#NOTES:
     dance-single:
     :
     Beginner:
     3:
     0.162,0.211,0.039,0.000,0.000:

0000
0000
0000
0000
,

0000
0000
0000
0000
,

0000
0000
0000
0000
,

0000
0000
0000
0000
,

0000
0000
0000
0000
,

0000
0000
0000
0000
,

0001
0000
0001
0000
,

1000
0000
1000
0000
,

0001
0000
1000
0000
,

1001
0000
0000
0000
,

0010
0000
0010
0000
,

0001
0000
0000
0000
,

0100
0000
0100
0000
,

1000
0000
0000
0000
,

0010
0000
0010
0000
,

1000
0000
0000
0000
,

0100
0000
0100
0000
,

0001
0000
0000
0000
,

0001
0001
0001
0000
,

0001
0000
0000
0000
,

1000
1000
1000
0000
,

1000
0000
0000
0000
,

0001
0000
0001
0000
,

1000
0000
1000
0000
,

0010
0000
0010
0000
,

0010
0010
0010
0000
,

1001
0000
0000
0000
,

0001
0000
0000
0000
,

0100
0100
0100
0000
,

1000
0000
0000
0000
,

0100
0100
0100
0000
,

0001
0000
0000
0000
,

0010
0010
0010
0000
,

1000
0000
0000
0000
,

0010
0010
0010
0000
,

0001
0000
0001
0000
,

1000
0000
1000
0000
,

0001
0000
1000
0000
,

0001
0000
1000
0000
,

0001
0000
0100
0000
,

1000
0000
0100
0000
,

0001
0001
0001
0000
,

1000
1000
1000
0000
,

0010
0000
0000
0000
,

1001
0000
0000
0000
,

0001
0000
0001
0000
,

1000
0000
1000
0000
,

0010
0000
0010
0000
,

0010
0000
0000
0000
,

0001
0000
0001
0000
,

1000
0000
1000
0000
,

0100
0000
0100
0000
,

0100
0100
0100
0000
,

0001
0000
0001
0000
,

0100
0000
0100
0000
,

1000
0000
1000
0000
,

0100
0000
0100
0000
,

0001
0000
0001
0000
,

0010
0000
0010
0000
,

1000
0000
1000
0000
,

0010
0010
0010
0010
,

0010
0000
0010
0000
,

1000
0000
0000
0000
,

0100
0000
0100
0000
,

0001
0000
0000
0000
,

0010
0000
0010
0000
,

0001
0000
0000
0000
,

0100
0000
0100
0000
,

1000
0000
0000
0000
,

1001
0000
0000
0000
,

0100
0100
0100
0000
,

0001
0000
0001
0000
,

0010
0010
0010
0000
,

1000
0000
1000
0000
,

0100
0100
0100
0000
,

0001
0000
0001
0000
,

1000
0001
1000
0001
,

1001
0000
0000
0000
,;

//---------------dance-single - ----------------
#NOTES:
     dance-single:
     :
     Easy:
     5:
     0.258,0.422,0.157,0.047,0.000:

0000
0000
0000
0000
,

0000
0000
0000
0000
,

0000
0000
0000
0000
,

0000
0000
0000
0000
,

0000
0000
0000
0000
,

0000
0000
0000
0000
,

0001
0000
1000
0000
,

0010
0000
0100
0000
,

0001
1000
0001
1000
,

2002
0000
3003
0000
,

0010
0010
0010
0000
,

0001
0000
0100
0000
,

1000
1000
1000
0000
,

0100
0000
0001
0000
,

0100
0100
0100
0000
,

0010
0000
1000
0000
,

0001
0001
0001
0000
,

1001
0000
0000
0000
,

0001
0100
0001
1000
,

0100
0000
0010
0010
,

1000
0100
1000
0001
,

0100
0000
0010
0010
,

0010
0000
0000
0000
,

0100
0000
0000
0000
,

0010
0000
0100
0000
,

0110
0000
0000
0000
,

2002
0000
3003
0000
,

1000
1000
0100
1000
,

0100
0000
0100
0000
,

0010
0010
0001
0100
,

0010
0000
0010
0000
,

0001
0001
0010
0001
,

0010
0010
0010
0000
,

0100
0100
1000
0010
,

0100
0100
0100
0000
,

0001
1000
0100
0000
,

1000
0001
0100
0000
,

0001
0001
1000
1000
,

0010
0010
0100
0100
,

0001
0100
0001
0100
,

1000
0100
1000
0100
,

0010
0010
0010
0010
,

0110
0110
0110
0110
,

0220
0000
0330
0000
,

1001
0000
0000
0000
,

1000
0100
0010
0000
,

0001
0100
0001
0000
,

0001
0010
0100
0000
,

1000
0100
1000
0000
,

1000
0100
0010
0000
,

0010
0100
0010
0000
,

0001
0010
0100
0000
,

0110
0000
0110
0000
,

1000
0100
0010
0001
,

0100
0100
0010
0000
,

0001
0010
0100
1000
,

0001
0001
0010
0000
,

1000
0100
0010
0001
,

1000
0001
0001
0000
,

0001
0010
0100
1000
,

1001
0000
1001
0000
,

1000
1000
0010
0000
,

0110
0000
0000
0000
,

0100
0100
0001
0000
,

1001
0000
0000
0000
,

0001
0001
0010
0000
,

0110
0000
0000
0000
,

0010
0010
1000
0000
,

1001
0000
0000
0000
,

0010
0010
0010
1001
,

1000
0100
0001
0010
,

1000
1000
0001
0100
,

0001
0010
1000
0100
,

0001
0001
0010
0100
,

1000
0010
0001
0100
,

1000
1000
0010
0100
,

0001
0100
1000
0010
,

1001
0000
0000
0000
,;

//---------------dance-single - ----------------
#NOTES:
     dance-single:
     :
     Medium:
     8:
     0.391,0.452,0.227,0.102,0.000:

0000
0000
0000
0000
,

0000
0000
0000
0000
,

0000
0000
0000
0000
,

0000
0000
0000
0000
,

0000
0000
0000
0000
,

0000
0000
0000
0000
,

0001
0100
0001
1000
,

0010
0100
0001
1000
,

0001
0100
0001
0000
1000
0010
1000
0000
,

0220
0000
0000
0330
,

0010
0010
0100
0100
,

0110
0000
1000
0001
,

1000
1000
0001
0001
,

1001
0000
0000
0000
0001
1000
0001
0000
,

0100
0100
0010
0010
,

1000
0010
0100
0001
,

1000
1000
0001
0001
,

0020
0000
0030
1001
,

0010
1100
0010
0001
,

2000
0001
0010
3001
,

0100
0011
0100
1000
,

0002
0100
1000
0103
,

0010
0100
0010
0000
2000
0000
3000
0000
,

0010
0100
0010
0000
0002
0000
0003
0000
,

0010
0100
0010
0000
0100
0000
0001
0000
,

1000
0000
0001
0000
0100
0100
0100
0000
,

2002
0000
0000
3003
,

0010
1000
0100
0001
,

0010
0000
1000
0000
0001
0100
1000
0000
,

0001
0010
1000
0100
,

0001
0000
0100
0000
1000
1000
1000
0000
,

0100
0001
0010
1000
,

0100
0000
0001
0000
1000
0100
0001
0000
,

1000
0100
0001
0010
,

1000
0000
0010
0000
0001
0001
0001
0000
,

1000
0000
1000
0000
1000
0100
0001
0000
,

0001
0000
0001
0000
0001
0100
1000
0000
,

1000
0100
0001
0000
0001
0100
1000
0000
,

1000
0010
0001
0000
0001
0010
1000
0000
,

0001
0101
1000
1100
,

0010
0011
0100
1100
,

1001
0110
1001
0110
,

0001
1000
0010
0100
0001
1000
0010
0100
,

0020
0000
0000
0030
,

1000
0100
0010
0001
0010
0100
1000
0000
,

0001
0101
0100
0010
,

1000
0000
0001
0000
0100
0010
0100
0000
,

0001
1001
1000
0100
,

0010
0000
0001
0000
1000
0100
1000
0000
,

0001
0101
0100
0001
,

1000
0000
0010
0000
0100
0001
0100
0000
,

0010
1010
1000
0001
,

0100
1000
0010
0001
,

0001
0000
1100
0000
1000
0001
1000
0000
,

0200
0010
1000
0310
,

0100
0000
0011
0000
0001
0010
0001
0000
,

2000
0001
0010
3001
,

0100
0000
0110
0000
0010
0100
0010
0000
,

0002
0010
1000
0013
,

1000
0000
1001
0000
0001
1000
0001
0000
,

0001
0010
1000
0100
,

0010
0000
0010
0000
0100
0000
0100
1000
,

0010
0000
0001
1000
,

0001
0000
0001
0000
0010
0000
0010
1000
,

0100
0000
0000
0000
1000
0001
1000
0000
,

0100
0000
0100
0000
0010
0000
0010
0100
,

0001
0010
0100
1000
,

0001
0001
1000
1000
,

1001
0000
0000
0000
,

1000
0100
0001
0100
1000
0000
1001
0000
,

1000
0000
0001
0000
0100
0010
1000
0000
,

0001
1001
0010
0100
,

1000
0000
0001
0000
0010
0001
0100
0000
,

0010
0110
1000
0001
,

0100
0000
0010
0000
1000
0001
0010
0000
,

0001
0101
1000
0001
,

1000
0100
0010
0001
0010
0100
1000
0000
,

1001
0000
0000
0000
,;

//---------------dance-single - ----------------
#NOTES:
     dance-single:
     :
     Hard:
     14:
     0.677,0.693,0.227,0.039,0.415:
0000
0000
0000
0000
,
0000
0000
0000
0000
,
0000
0000
0000
0000
,
0000
0000
0000
0000
,
0000
0000
0000
0000
,
0000
0000
0000
0000
,
0010
1000
0100
0001
,
0010
0001
0100
1000
,
0001
0010
0001
0000
1000
0010
1000
0000
0010
0100
0010
0100
0001
1000
0001
0000
,
0020
0000
0000
0030
,
0010
0000
0000
0010
0100
0000
0001
0000
1000
0000
0000
1000
0100
0000
0010
0000
,
0001
0000
0000
0010
0001
0000
1000
0000
0010
0000
0100
0000
0010
0000
0000
0000
,
1000
0000
0000
1000
0001
0000
0010
0000
0100
0000
0000
0100
1000
0000
0010
0000
,
0100
0000
0000
0010
0100
0000
0001
0000
1000
0000
0100
0000
0110
0000
0000
0000
,
0001
0000
0000
0001
0010
0000
0100
0000
0010
0000
0000
0010
0001
0000
1000
0000
,
0100
0001
0100
1000
0010
0000
0110
0000
,
0100
0000
0000
0100
0001
0000
0010
0000
0001
0000
0000
0001
1000
0000
0100
0000
,
0020
0100
0100
0000
0130
0000
1001
0001
,
1000
0000
0000
0100
1000
0000
0010
0000
0100
0000
0000
0001
0100
0000
0010
0000
,
0001
0000
0000
0010
0001
0000
1000
0000
0100
0000
0001
0000
0010
0000
0000
0000
,
0100
0000
0000
0001
0100
0000
1000
0000
0010
0000
0000
0001
0010
0000
1000
0000
,
0100
0000
0000
0001
0100
0000
0010
0000
0001
0000
0100
0000
1001
0000
0000
0000
,
1000
0100
0001
0100
1000
0100
0001
0100
,
0010
1000
0010
0001
0010
1000
0010
0001
,
0010
1000
0001
0100
0010
1000
1001
0000
,
0010
0000
0000
0001
0100
0000
0000
0010
1000
0000
0000
0100
0001
0000
0000
0010
,
0200
0000
0000
0300
,
1000
0100
1000
0000
0100
0000
0010
0000
0001
0000
0100
0000
0001
0000
0001
0000
,
1000
0000
0001
0000
0100
0000
0010
0000
1000
0001
1000
0000
0100
0000
0000
0000
,
1000
0100
1000
0000
0100
0000
0010
0000
0001
0000
0100
0000
0010
0000
0010
0000
,
1000
0000
0001
0000
0100
0000
0010
0000
1000
0100
1000
0000
1100
0000
0000
0000
,
0001
0010
0001
0000
1000
0000
0100
0000
0010
0000
0001
0000
1000
0000
1000
0000
,
0001
0000
0100
0000
0010
0000
1000
0000
0100
1000
0100
0000
0010
0000
0000
0000
,
0001
0010
0001
0000
0010
0000
0100
0000
1000
0000
0001
0000
0100
0000
0100
0000
,
0001
0010
0001
0000
0010
0000
0100
0000
1000
0100
1000
0000
1001
0000
0000
0000
,
1000
0100
1000
0000
0010
0000
0100
0000
0001
0000
1000
0000
0010
0000
0100
0000
,
0001
0010
0001
0000
0010
0000
0100
0000
1000
0000
0001
0000
0100
0000
0010
0000
,
1000
0100
1000
0000
0010
0000
0100
0000
0001
0010
0001
0000
0100
0000
0010
0000
,
1000
0010
1000
0000
0001
0000
1000
0000
0001
0100
0001
0000
0010
0000
0100
0000
,
1000
0000
0001
0010
0100
0000
1000
0000
0001
0000
1000
0100
0010
0000
0001
0000
,
1000
0000
0001
0100
0010
0000
1000
0000
0001
0000
0100
0010
1000
0000
0001
0000
,
1000
0100
1000
0000
1000
0001
1000
0000
0001
0100
0001
0000
0001
1000
0001
0000
,
0100
0010
0100
0000
0010
0100
0010
0000
1000
0001
1000
0001
1000
0001
1000
0001
,
0020
0000
0000
0000
,
0200
0000
0000
0300
0130
0110
1001
0000
,
1000
0100
1000
0100
0010
0000
0001
0000
0100
0000
1000
0000
0100
0000
0001
0000
,
0010
0100
0001
1000
0010
0100
1100
0000
,
0001
0100
0001
0100
0010
0000
1000
0000
0010
0000
0001
0000
1000
0000
0100
0000
,
0010
0000
0010
1000
0100
0000
0010
0000
0001
0000
0100
0000
0101
0000
0000
0000
,
1000
0001
1000
0001
0100
0000
0001
0000
0010
0000
0100
0000
0010
0000
0001
0000
,
1000
0010
1000
0001
0100
0010
1010
0000
,
0100
0010
0100
0010
1000
0000
0001
0000
1000
0000
0010
0000
0100
0000
0010
0000
,
0110
0000
0000
0101
0000
0000
1001
0000
0000
0010
0100
0000
0010
0000
1000
0000
,
0001
0100
0010
0100
0001
0000
1000
0000
0100
0000
0001
0000
0100
0000
1000
0000
,
0001
0010
0010
0001
1000
0100
0101
0000
,
1000
0010
0100
0010
1000
0000
0001
0000
0010
0000
1000
0000
0001
0000
0100
0000
,
0010
0000
0010
0001
0100
0000
0010
0000
1000
0000
0001
0000
0011
0000
0000
0000
,
0100
0001
1000
0001
0100
0000
0010
0000
0100
0000
1000
0000
0100
0000
0001
0000
,
0010
0100
0100
0010
0001
1000
1100
0000
,
0010
1000
0001
1000
0010
0000
0100
0000
1000
0000
0001
0000
0010
0000
1000
0000
,
0100
0000
0010
0000
0100
0000
0001
0000
0100
0010
0100
0000
1001
0000
0000
0000
,
0011
0000
0000
0010
0100
0000
1000
0000
0001
0000
0000
0001
0100
0000
0010
0000
,
1000
0000
0000
0010
1000
0000
0001
0000
0010
0000
0100
0000
0010
0000
0000
0000
,
0001
0000
0000
0001
1000
0000
0010
0000
0100
0000
0000
0100
0001
0000
0010
0000
,
0100
0000
0000
0010
0100
0000
1000
0000
0001
0000
0100
0000
0010
0000
0000
0000
,
1000
0000
0000
1000
0010
0000
0100
0000
0010
0000
0000
0010
1000
0000
0001
0000
,
0100
1000
0100
0001
0010
0000
0110
0000
,
0100
0000
0000
0100
1000
0000
0010
0000
1000
0000
0000
1000
0001
0000
0100
0000
,
0010
0000
0000
0000
,
0100
1000
0100
0010
0001
0000
0010
0100
1000
0001
1000
0000
0110
0000
0000
0000
,
1000
0010
1000
0000
0010
0000
0100
0000
0001
0010
0100
0000
1100
0000
0000
0000
,
0010
1000
0001
1000
0010
0000
1000
0100
1000
0000
1000
0000
0010
0000
0100
0000
,
0001
0000
0001
0010
1000
0000
0001
0000
0100
0010
0100
0000
0011
0000
0000
0000
,
0100
0001
0010
0001
0100
0000
1000
0100
0001
0000
0100
0000
0100
0000
1000
0000
,
0001
0010
0001
0000
1000
0000
0010
0000
0100
0001
1000
0000
1010
0000
0000
0000
,
0001
1000
0010
1000
0001
0000
0100
0010
0100
0000
0010
0000
0010
0000
0100
0000
,
1001
0000
0000
0110
0000
0000
1001
0000
0000
0100
0010
0000
0100
0000
0010
0000
,
1001
0000
0000
0000
;

//---------------dance-double - ----------------
#NOTES:
     dance-double:
     :
     Easy:
     5:
     0.235,0.301,0.133,0.102,0.000:

00000000
00000000
00000000
00000000
,

00000000
00000000
00000000
00000000
,

00000000
00000000
00000000
00000000
,

00000000
00000000
00000000
00000000
,

00000000
00000000
00000000
00000000
,

00000000
00000000
00000000
00000000
,

00000001
00000000
00001000
00000010
,

00000100
00000000
00000010
00001000
,

00000100
00000100
00000100
00000100
,

00011000
00000000
00000000
00000000
,

00100000
00100000
00100000
00000000
,

20000000
00000000
30000000
00000000
,

00010000
00010000
00010000
00000000
,

00002000
00000000
00003000
00000000
,

00000010
00000010
00000010
00000000
,

00000001
00000000
00000100
00000000
,

00001000
00001000
00001000
00000000
,

00022000
00000000
00000000
00033000
,

00010000
00001000
00010000
00000000
,

01000000
00000000
10000000
00000000
,

00100000
01000000
00100000
00000000
,

00010000
00000000
00001000
00000000
,

00000020
00000000
00000030
00000000
,

00002000
00000000
00003000
00000000
,

00200000
00000000
00300000
00000000
,

10000000
00010000
01000000
00100000
,

20020000
00000000
00000000
30030000
,

10000000
01000000
00100000
00000000
,

00010000
00000000
00001000
00000000
,

00000010
00000001
00000100
00000000
,

00001000
00000000
00010000
00000000
,

00100000
10000000
01000000
00000000
,

00010000
00000000
00001000
00000000
,

00000010
00000001
00000100
00000000
,

00001000
00000000
00010000
00000000
,

00100000
00000000
01100000
00000000
,

00010000
00000000
00011000
00000000
,

00000100
00000000
00000110
00000000
,

00001000
00000000
00011000
00000000
,

00100000
00001000
00010000
00001000
,

00010000
00000100
00010000
00001000
,

00011000
00000000
01100000
00000000
,

00011000
00000000
00000110
00000000
,

00011000
00000000
00000000
00000000
,

00002002
00000000
00000000
00003003
,

00000001
00001000
00000010
00000000
,

00000100
00010000
00001000
00000000
,

00010000
00001000
00100000
00000000
,

00010000
10000000
01000000
00000000
,

00100000
10000000
00010000
00000000
,

00100000
00001000
00010000
00000000
,

00001000
00010000
00000010
00000000
,

00000100
00000000
00001001
00000000
,

00000010
00000001
00000100
00001000
,

00010000
00100000
01000000
00000000
,

00100000
10000000
01000000
00010000
,

00001000
00000100
00000010
00000000
,

00000100
00000001
00000010
00001000
,

00010000
01000000
00100000
00000000
,

01000000
10000000
00100000
00010000
,

00001000
00000000
00011000
00000000
,

00000010
00000010
00000100
00000000
,

00000002
00000000
00000003
00000000
,

00000100
00000100
00001000
00000000
,

00020000
00000000
00030000
00000000
,

00100000
00100000
01000000
00000000
,

10000000
00000000
01000000
00000000
,

00010000
00010000
00001000
00000000
,

00011000
00000000
00000000
00000000
,

00000001
00001000
00010000
00000000
,

00001000
00000010
00001000
00000000
,

00001000
00010000
00100000
00000000
,

10000000
01000000
00010000
00000000
,

10000000
01000000
00010000
00000000
,

00001000
00010000
00001000
00000000
,

00010000
00001000
00000100
00000010
,

00000100
00000000
00000010
00000000
,

00001001
00000000
00000000
00000000
,;

//---------------dance-double - ----------------
#NOTES:
     dance-double:
     :
     Medium:
     8:
     0.344,0.392,0.219,0.157,0.000:

00000000
00000000
00000000
00000000
,

00000000
00000000
00000000
00000000
,

00000000
00000000
00000000
00000000
,

00000000
00000000
00000000
00000000
,

00000000
00000000
00000000
00000000
,

00000000
00000000
00000000
00000000
,

00100000
00100000
00000000
10000000
00000000
00010000
00000000
01000000
,

00000000
00001000
00000000
00010000
00000000
00000010
00000000
00000100
,

00000100
00000100
00000110
00000110
,

00022000
00000000
00000000
00033000
,

00001000
00000000
00000000
00001000
00010000
00000000
00000000
00001000
,

00020000
00000000
00001000
00031000
,

00100000
00000000
00000000
00100000
01000000
00000000
00000000
00010000
,

00002000
00000000
00010000
00013000
,

00000010
00000000
00000000
00000010
00000100
00000000
00000000
00001000
,

00000002
00001000
00001000
00001003
,

00000001
00000000
00000000
00000001
00000100
00000000
00000000
00001000
,

00020000
00000000
00030000
00011000
,

00001000
00000000
00000000
00001000
00010000
00000000
00000000
00100000
,

10000000
01000000
00010000
00001000
,

00010000
00000000
00000000
00010000
00001000
00000000
00000000
00000100
,

00000001
00000010
00000100
00001000
,

00001100
00000000
00000000
00100000
,

00110000
00000000
00000000
10000000
,

11000000
00000000
00110000
00000000
,

00011000
00000000
00001100
00000000
,

00000020
00000000
00000000
00000030
,

00000010
00001000
00000001
00000100
,

00000010
00001000
00010000
00000000
,

00100000
01000000
00010000
10000000
,

01000000
00010000
00001000
00000000
,

00000010
00000001
00001000
00000001
,

00000100
00000010
00001000
00000000
,

00010000
00100000
10000000
01000000
,

00100000
01000000
10010000
00000000
,

00100000
10000000
01000000
00010000
,

00001000
00000100
00000001
00000010
,

00000100
00010000
00001000
00100000
,

00001000
00010000
00000100
00000010
,

00001001
00000000
00000110
00000000
,

00011000
00000000
01100000
00000000
,

11000000
11000000
11000000
11000000
,

10000000
01000000
00010000
00000000
00001000
00000100
00000001
00000000
,

00000020
00000000
00000000
00000030
,

00011000
00011000
00022000
00033000
,

00010000
01000000
10000000
00100000
,

01000000
00000000
00010000
00000000
00100000
00001000
00010000
00000000
,

00001000
00000100
00000001
00000010
,

00000100
00001000
00001010
00000000
,

00010000
00100000
10000000
01000000
,

00100000
00000000
00010000
00000000
01000000
00001000
00010000
00000000
,

00001000
00000010
00000001
00000100
,

00000010
00001000
00010100
00000000
,

00200000
00001000
00310000
00001000
,

00002000
00010000
00003100
00010100
,

00000020
00010000
00001030
00000100
,

00020000
00001000
01030000
01100000
,

10000000
01000000
00010000
00000000
00001000
00000000
00010000
00000000
,

00000020
00001000
00000100
00001030
,

00000001
00000100
00001000
00000000
00010000
00000000
00001000
00000000
,

00200000
00010000
01000000
10300000
,

00010000
00000000
00000000
00010000
00001000
00000000
00000000
00010000
,

00002000
00000000
00010000
00013000
,

00000100
00000000
00000000
00000100
00000010
00000000
00000000
00001000
,

00020000
00000000
00001000
00031000
,

01000000
00000000
00000000
01000000
00100000
00000000
00000000
00010000
,

20000000
00010000
00010000
30010000
,

10000000
00000000
00000000
10000000
00100000
00000000
00000000
00010000
,

00002000
00000000
00000000
00003000
,

00010000
00001000
00100000
00001000
00010000
00000000
00011000
00000000
,

00001000
00000100
00000001
00000010
,

00000100
00001000
00000100
00000000
00010000
00000000
00001000
00000000
,

00010000
00100000
10000000
01000000
,

00100000
00010000
00100000
00000000
00001000
00000000
00010000
00000000
,

00001000
00000010
00000001
00000100
,

00000010
00001000
00000010
00000000
00010000
00000000
00001000
00000000
,

01000000
00010000
00100000
10000000
,

01100000
00000000
00000000
00000000
,;

//---------------dance-double - ----------------
#NOTES:
     dance-double:
     :
     Hard:
     13:
     0.599,0.603,0.196,0.110,0.211:

00000000
00000000
00000000
00000000
,

00000000
00000000
00000000
00000000
,

00000000
00000000
00000000
00000000
,

00000000
00000000
00000000
00000000
,

00000000
00000000
00000000
00000000
,

00000000
00000000
00000000
00000000
,

00000100
00000001
00000100
00000001
00001000
00000010
00001000
00000010
,

00010000
00001000
00010000
00001000
00100000
01000000
00100000
01000000
,

10000000
00100000
10000000
00000000
00010000
01000000
00010000
00000000
00100000
00001000
00100000
00000000
00001000
00010000
00001000
00000000
,

00022000
00000000
00000000
00033000
,

00001000
00000000
00000000
00010000
00001000
00000000
00000100
00000000
00000010
00000000
00000010
00000000
00000001
00000000
00001000
00000010
,

00002000
00000100
00000001
00000010
,

00013000
00000000
00000000
00001000
00010000
00000000
01000000
00000000
00100000
00000000
00100000
00000000
10000000
00000000
00010000
00100000
,

00020000
01000000
10000000
00100000
,

00031000
00000000
00000000
00001000
00010000
00000000
00001000
00000000
00000100
00000000
00000010
00000000
00000001
00000000
00001000
00000100
,

00002000
00000000
00000000
00000000
00000000
00000000
00000000
00000000
00000000
00000000
00000000
00000000
00000000
00000000
00000000
00000000
00000000
00000000
00000000
00000000
00000000
00000000
00000000
00000000
00000000
00000000
00000000
00000000
00000000
00000000
00000000
00000000
00000000
00000000
00000000
00000000
00000000
00000000
00000000
00000000
00000000
00000000
00000000
00000000
00000000
00000000
00000000
00000000
00000100
00000000
00000000
00000000
00000000
00000000
00000000
00000000
00000000
00000000
00000000
00000000
00000000
00000000
00000000
00000000
00000000
00000000
00000000
00000000
00000000
00000000
00000000
00000000
00000000
00000000
00000000
00000000
00000000
00000000
00000000
00000000
00000000
00000000
00000000
00000000
00000000
00000000
00000000
00000000
00000000
00000000
00000000
00000000
00000000
00000000
00000000
00000000
00000001
00000000
00000000
00000000
00000000
00000000
00000000
00000000
00000000
00000000
00000000
00000000
00000000
00000000
00000000
00000000
00000000
00000000
00000000
00000000
00000000
00000000
00000000
00000000
00000000
00000000
00000000
00000000
00000000
00000000
00000000
00000000
00000000
00000000
00000000
00000000
00000000
00000000
00000000
00000000
00000000
00000000
00000000
00000000
00000000
00000000
00000000
00000000
00000010
00000000
00000000
00000000
00000000
00000000
00000000
00000000
00000000
00000000
00000000
00000000
00000000
00000000
00000000
00000000
00000000
00000000
00000000
00000000
00000000
00000000
00000000
00000000
00000000
00000000
00000000
00000000
00000000
00000000
00000000
00000000
00000000
00000000
00000000
00000000
00000000
00000000
00000000
00000000
00000000
00000000
00000000
00000000
00000000
00000000
00000000
00003000
,

00010000
00000000
00000000
00010000
00001000
00000000
00010000
00000000
01000000
00000000
00100000
00000000
10000000
00000000
00010000
01000000
,

00020000
00000000
00030000
00011000
,

00010000
00000000
00000000
00010000
00001000
00000000
00000100
00000000
00000010
00000000
00000000
00000010
00001000
00000000
00000001
00000000
,

00000100
00001000
00000000
00010000
00000000
01100000
00000000
00010000
,

00001000
00000000
00000000
00001000
00010000
00000000
01000000
00000000
00100000
00000000
00000000
00100000
00010000
00000000
10000000
00000000
,

01000000
00010000
00000000
00001000
00000000
00000110
00000000
00001000
,

00010000
00001000
00000010
00000100
00000010
00000001
00000100
00001000
,

00010000
00001000
00100000
01000000
00100000
00010000
01000000
10000000
,

01000000
01100000
01010000
11000000
,

00100000
00000000
00000000
10000000
00010000
00000000
00000000
01000000
00001000
00000000
00000000
00010000
00000010
00000000
00000000
00000100
,

00000002
00000000
00000000
00000003
,

00000100
00001000
00000100
00000001
00000010
00000100
00010000
00001000
,

00100000
00010000
01000000
10000000
01000000
00100000
10000000
00000000
,

00010000
00100000
00001000
00010000
01000000
10000000
00100000
00010000
,

00001000
01000000
00001000
00010000
00000100
00000010
00000001
00000000
,

00001000
00000100
00010000
00000010
00000100
00000001
00000010
00001000
,

00010000
00001000
00100000
00010000
01000000
00100000
10000000
00000000
,

10000000
00010000
00100000
00001000
00010000
01000000
10000000
00100000
,

01000000
00001000
00010000
00001000
00000010
00000100
00000001
00000000
,

00000100
00001000
00000010
00000100
00001000
00010000
00100000
00000000
,

01000000
00010000
00100000
01000000
00010000
00001000
00000100
00000000
,

00000010
00000001
00000101
00000000
00000010
00010000
00011000
00000000
,

00100000
10000000
11000000
00000000
00100000
00001000
00011000
00000000
,

00010000
00000000
00000100
00001000
00000100
00000000
00010000
00000000
00001000
00000000
00100000
00010000
00100000
00000000
00001000
00000000
,

00010000
00000000
00000100
00000010
00000100
00000000
00010000
00000000
00001000
00000000
01000000
00100000
01000000
00000000
00001000
00000000
,

00011000
00000000
00000000
00100000
00010000
00000000
00000000
00010000
00001000
00000000
00000000
00001000
00000100
00000000
00000000
00000100
,

00000010
00000001
00001000
00000100
00010000
00001000
01000000
00100000
,

20000000
00000000
00000000
30000000
,

00022000
00000000
00000000
00033000
,

00010000
00001000
00010000
00000000
00001000
00000000
00000100
00000000
00000001
00000000
00000010
00000000
00000100
00000000
00001000
00000000
,

00000001
00000010
00000100
00001000
00000100
00010000
00001000
00000000
,

00001000
00010000
00001000
00000000
00010000
00000000
00100000
00000000
10000000
00000000
01000000
00000000
00100000
00000000
00010000
00000000
,

10000000
01000000
00100000
00010000
00100000
00001000
00010000
00000000
,

00000100
00000010
00000100
00000000
00001000
00000000
00000001
00000000
00000100
00000000
00001000
00000000
00010000
00000000
00001000
00000000
,

01000000
00100000
10000000
01000000
00010000
00001000
00100000
00000000
,

01000000
00100000
01000000
00000000
00010000
00000000
00001000
00000000
00010000
00000000
00000100
00000000
00000010
00000000
00000001
00000000
,

00000101
00000000
00000000
00001010
00000000
00000000
00010010
00000000
00000000
00011000
00000000
00000000
00101000
00000000
00000000
00000000
,

01000000
10000000
01000000
00000000
00100000
00000000
00001000
00000000
00000010
00000000
00000001
00000000
00000100
00000000
00010000
00000000
,

00001000
00000010
00000100
00001000
00010000
00100000
10000000
00000000
,

01000000
10000000
01000000
00000000
00100000
00000000
00001000
00000000
00000010
00000000
00000001
00000000
00000100
00000000
00010000
00000000
,

00001000
00000010
00000100
00000001
00000010
00000000
00001001
00000000
,

00000010
00000001
00000010
00000000
00000100
00000000
00010000
00000000
01000000
00000000
10000000
00000000
00100000
00000000
00001000
00000000
,

00010000
01000000
00100000
00010000
00001000
00000100
00000001
00000000
,

00000010
00000001
00000010
00000000
00000100
00000000
00010000
00000000
01000000
00000000
10000000
00000000
00100000
00000000
00001000
00000000
,

00010000
01000000
00100000
10000000
01000000
00100000
00010000
00000000
,

00010000
00000000
00000000
00001000
00010000
00000000
01000000
00000000
00100000
00000000
00100000
00000000
10000000
00000000
00010000
00100000
,

00020000
01000000
10000000
00100000
,

00031000
00000000
00000000
00010000
00001000
00000000
00000100
00000000
00000010
00000000
00000010
00000000
00000001
00000000
00001000
00000010
,

00002000
00000100
00000001
00000010
,

00013000
00000000
00000000
00010000
00001000
00000000
00010000
00000000
01000000
00000000
00100000
00000000
10000000
00000000
00010000
01000000
,

00020000
00000000
00000000
00000000
00000000
00000000
00000000
00000000
00000000
00000000
00000000
00000000
00000000
00000000
00000000
00000000
00000000
00000000
00000000
00000000
00000000
00000000
00000000
00000000
00000000
00000000
00000000
00000000
00000000
00000000
00000000
00000000
00000000
00000000
00000000
00000000
00000000
00000000
00000000
00000000
00000000
00000000
00000000
00000000
00000000
00000000
00000000
00000000
01000000
00000000
00000000
00000000
00000000
00000000
00000000
00000000
00000000
00000000
00000000
00000000
00000000
00000000
00000000
00000000
00000000
00000000
00000000
00000000
00000000
00000000
00000000
00000000
00000000
00000000
00000000
00000000
00000000
00000000
00000000
00000000
00000000
00000000
00000000
00000000
00000000
00000000
00000000
00000000
00000000
00000000
00000000
00000000
00000000
00000000
00000000
00000000
10000000
00000000
00000000
00000000
00000000
00000000
00000000
00000000
00000000
00000000
00000000
00000000
00000000
00000000
00000000
00000000
00000000
00000000
00000000
00000000
00000000
00000000
00000000
00000000
00000000
00000000
00000000
00000000
00000000
00000000
00000000
00000000
00000000
00000000
00000000
00000000
00000000
00000000
00000000
00000000
00000000
00000000
00000000
00000000
00000000
00000000
00000000
00000000
00100000
00000000
00000000
00000000
00000000
00000000
00000000
00000000
00000000
00000000
00000000
00000000
00000000
00000000
00000000
00000000
00000000
00000000
00000000
00000000
00000000
00000000
00000000
00000000
00000000
00000000
00000000
00000000
00000000
00000000
00000000
00000000
00000000
00000000
00000000
00000000
00000000
00000000
00000000
00000000
00000000
00000000
00000000
00000000
00000000
00000000
00000000
00030000
,

00001000
00000000
00000000
00001000
00010000
00000000
00001000
00000000
00000100
00000000
00000010
00000000
00000001
00000000
00001000
00000100
,

00002000
00000000
00000000
00003000
,

00000001
00001000
00010000
10000000
00010000
00000000
10010000
00000000
,

10000000
01000000
00100000
00010000
00100000
00001000
00010000
00000000
,

00010000
00001000
00100000
00001000
00010000
00000000
00000100
00000000
00001000
00000000
00000010
00000000
00000100
00000000
00000001
00000000
,

00000010
00000001
00000100
00001000
00000100
00000010
00010000
00000000
,

00001000
00010000
00000100
00010000
00001000
00000000
00100000
00000000
00001000
00000000
00010000
00000000
01000000
00000000
10000000
00000000
,

00100000
01000000
00010000
00100000
00010000
10000000
01000000
00000000
,

00100000
01000000
00010000
01000000
00100000
00000000
00001000
00000000
00010000
00000000
00000010
00000000
00000100
00000000
00000001
00000000
,

00000011
00000000
00000000
00001100
00000000
00000000
00010100
00000000
00000000
00010000
00001000
00000000
01001000
00000000
01000000
00000000
,

01100000
00000000
00000000
00000000
,;
