#TITLE:FLASHDANCE (WHAT A FEELING);
#SUBTITLE:;
#ARTIST:MAGIKA;
#TITLETRANSLIT:;
#SUBTITLETRANSLIT:;
#ARTISTTRANSLIT:;
#CREDIT:;
#BANNER:FLASHDANCE (WHAT A FEELING).png;
#BACKGROUND:FLASHDANCE (WHAT A FEELING)-bg.png;
#LYRICSPATH:;
#CDTITLE:./CDTITLES/DANCEMANIA SPEED 3.PNG;
#MUSIC:FLASHDANCE (WHAT A FEELING).ogg;
#OFFSET:0.000;
#SAMPLESTART:18.116;
#SAMPLELENGTH:15.000;
#SELECTABLE:YES;
#DISPLAYBPM:167.000;
#BPMS:0.000=167.260;
#STOPS:;
#BGCHANGES:;

//---------------dance-single - ----------------
#NOTES:
     dance-single:
     :
     Easy:
     4:
     0.358,0.406,0.213,0.000,0.000:
0000
0000
0000
0000
,
0000
0000
0000
0000
,
0000
0000
0000
0000
,
0000
0000
0000
0000
,
0000
0000
0000
0000
,
0000
0000
0000
0000
,
0000
0000
0000
0000
,
0010
1000
0001
0100
,
0010
0001
1000
0100
,
1000
0001
0100
0100
,
0001
1000
0100
0100
,
0000
0100
0000
0100
,
0000
0100
0000
0100
,
1001
0100
0001
0100
,
1001
0100
1000
1000
,
1001
0100
1000
0100
,
1001
0100
0001
0001
,
1000
0100
0001
0100
,
1000
0100
0001
0100
,
0010
1000
0100
0001
,
0010
1000
0100
0001
,
1001
1001
0001
0100
,
1000
0100
0010
0010
,
1001
1001
1000
0100
,
0001
0100
1000
1000
,
0001
0100
1000
0100
,
0001
0010
1000
0010
,
1000
0010
0001
0010
,
0100
1000
0001
0100
,
1000
0000
0001
0000
,
0100
0010
1001
1001
,
0100
0000
0010
0000
,
0100
0010
1001
1001
,
0010
1000
0001
0100
,
0001
1000
0100
0100
,
0001
0010
0001
0100
,
1000
0100
0010
0010
,
1001
0100
0001
0100
,
1001
0100
1000
1000
,
1001
0100
1000
0100
,
1001
0100
0001
0001
,
1000
0100
0001
0100
,
1000
0100
0001
0100
,
0010
1000
0100
0001
,
0010
1000
0100
0001
,
1001
1001
0010
0100
,
0001
0100
1000
0100
,
1000
0001
1000
0100
,
1000
0001
1000
0001
,
1000
0100
0001
0100
,
1000
0100
0001
0100
,
1000
1000
0001
0001
,
0010
1000
0100
0001
,
1000
1000
0001
0001
,
1000
1000
0001
0100
,
0001
0001
1000
1000
,
0001
0001
1000
0100
,
0001
1000
0000
0000
;

//---------------dance-single - ----------------
#NOTES:
     dance-single:
     :
     Medium:
     7:
     0.479,0.508,0.295,0.000,0.000:
0000
0000
0000
0000
,
0000
0000
0000
0000
,
0000
0000
0000
0000
,
0000
0000
0000
0000
,
0000
0000
0000
0000
,
0000
0000
0000
0000
,
0000
0000
0000
0000
,
0001
0000
1000
0000
0001
0000
1000
0001
,
1000
0000
0001
0000
1000
0000
0001
1000
,
0001
0000
1000
0000
0001
0000
1000
0001
,
1000
0000
0001
0000
1000
0000
0001
1000
,
0001
1000
0001
1000
,
0001
1000
0100
0100
,
1001
0000
1100
0000
0001
0100
0001
0000
,
1000
0000
0100
0000
0001
0010
0100
0000
,
0101
0000
0010
0000
0001
1000
0100
0000
,
0001
0000
1000
0000
0001
0100
0010
0000
,
1000
0100
1000
0100
,
0001
0100
0001
0100
,
1000
0100
1000
0000
0001
0100
0001
0000
,
1000
0100
1000
0100
1000
0001
0100
0000
,
1001
0000
1100
0000
0001
0100
1000
0000
,
0001
0100
1000
0000
0001
0100
1000
0000
,
0010
0000
0101
0000
1000
0100
0001
0000
,
1000
0100
0001
0000
1000
0100
0001
0000
,
1000
0100
1000
0100
,
0001
0100
0001
0100
,
1000
0010
1000
0000
0001
0010
0001
0000
,
1000
0100
1000
0100
1000
0001
0100
0000
,
1001
0000
1001
0000
,
0010
0100
0001
0000
1001
0000
1100
0000
,
0110
0000
0110
0000
,
0001
1000
0010
0000
1001
0000
1100
0000
,
0001
0000
0001
0000
1000
0100
1000
0000
,
0010
0000
0010
0000
0100
0001
0100
0000
,
1000
0000
1000
0000
0001
0010
0001
0000
,
0100
0000
0100
0000
0010
1000
0010
0000
,
1001
0000
0101
0000
1000
0100
1000
0000
,
0001
0000
0100
0000
1000
0001
0100
0000
,
1000
0000
0101
0000
1000
0100
1000
0000
,
0001
0000
0100
0000
1000
0100
1000
0000
,
0001
0100
0001
0100
,
1000
0100
1000
0100
,
0001
0100
0001
0000
1000
0100
1000
0000
,
0001
0100
0001
0100
0001
1000
0100
0000
,
0010
0000
0101
0000
1000
0100
0001
0100
,
1000
0100
1000
0000
0001
0000
0100
0000
,
0010
0000
1100
0000
0001
0100
1000
0100
,
0001
0100
0001
0000
1000
0000
0100
0000
,
0001
0100
0001
0000
1000
0100
1000
0000
,
0001
0100
0001
0000
1000
0100
1000
0000
,
0001
1000
0001
1000
0001
1000
0001
1000
,
0100
0010
0001
1000
0001
0100
1001
0000
,
0010
0101
0010
1100
,
0010
0101
0010
1100
,
0010
0001
1000
0000
0010
1000
0001
0000
,
0001
1000
0100
0000
1000
0001
0100
0000
,
1001
0000
0100
0010
0000
0000
0000
0000
;

//---------------dance-single - ----------------
#NOTES:
     dance-single:
     :
     Hard:
     8:
     0.562,0.678,0.567,0.000,0.000:
0000
0000
0000
0000
,
0000
0000
0000
0000
,
0000
0000
0000
0000
,
0000
0000
0000
0000
,
0000
0000
0000
0000
,
0000
0000
0000
0000
,
0000
0000
0000
0000
,
1001
0000
0010
0000
1000
0100
1000
0100
,
1001
0000
0010
0000
0001
0100
0001
0100
,
1001
0000
0100
0000
1000
0010
1000
0010
,
1001
0000
0100
0000
0001
0010
0001
0010
,
1001
0100
1000
1000
,
0001
0100
0001
0001
,
1001
0000
0110
0000
1000
0100
0000
0001
,
0000
0100
1000
0000
0001
0000
1000
0100
,
0000
0001
0010
0000
0001
0100
0000
1000
,
0000
0100
0001
0000
1000
0001
0100
0001
,
0000
1000
0100
1000
0000
0001
0100
0001
,
0000
1000
0100
1000
0000
0001
1000
0100
,
1000
1000
0001
0001
,
0100
1000
0010
0100
0001
1000
1001
0100
,
0010
0001
1001
0000
0001
0100
0000
1000
,
0000
0100
0001
0000
1000
0000
0001
0100
,
0000
1000
0010
0000
1000
0100
0000
0001
,
0000
0100
1000
0000
0001
1000
0100
1000
,
0000
0001
0100
0001
0000
1000
0100
1000
,
0000
0001
0100
0001
0000
1000
0001
0100
,
0001
0001
1000
1000
,
0100
0001
0010
0100
1000
0001
1001
0100
,
1000
0001
1100
0000
0001
1000
0101
0000
,
0010
1000
0100
0010
1001
0000
0101
0000
,
1001
1001
0100
0000
1001
1001
0100
0000
,
0010
0001
0100
0010
1001
0000
1100
0000
,
1001
0000
1001
0000
0010
1000
0100
1000
,
1001
0000
1001
0000
0010
0001
0100
0001
,
1001
0000
1001
0000
0010
1000
0100
1000
,
1001
0000
1001
0000
0010
0001
0100
0001
,
1001
0000
0110
0000
1000
0100
0000
0001
,
0000
0100
1000
0000
0001
0000
1000
0100
,
0000
0001
0010
0000
0001
0100
0000
1000
,
0000
0100
0001
0000
1000
0001
0100
0001
,
0000
1000
0100
1000
0000
0001
0100
0001
,
0000
1000
0100
1000
0000
0001
1000
0100
,
1000
1000
0001
0001
,
0100
1000
0010
0100
0001
1000
1001
0100
,
0010
0001
1001
0000
0001
0100
0000
1000
,
0000
0100
0001
0000
1000
0000
0001
0100
,
0000
1000
0010
0000
1000
0100
0000
0001
,
0000
0100
1000
0000
0001
1000
0100
1000
,
0000
0001
0100
0001
0000
1000
0100
1000
,
0000
0001
0100
0001
0000
1000
0001
0100
,
0001
0001
1000
1000
,
0100
0001
0010
0100
1000
0001
1001
0100
,
0001
1000
0101
0000
1000
0001
1100
0000
,
1001
1001
0100
0000
1001
1001
0100
0000
,
1001
0101
1001
1100
,
1001
0101
1001
1100
,
1001
0000
0001
1000
0000
0000
0000
0000
;

//---------------dance-couple - ----------------
#NOTES:
     dance-couple:
     :
     Medium:
     8:
     0.594,0.879,1.000,0.000,0.000:
00000000
00000000
00000000
00000000
,
00000000
00000000
00000000
00000000
,
00000000
00000000
00000000
00000000
,
00000000
00000000
00000000
00000000
,
00000000
00000000
00000000
00000000
,
00000000
00000000
00000000
00000000
,
00000000
00000000
00000000
00000000
,
00000010
00001000
00000001
00000100
,
00100000
00010000
10000000
01000000
,
00001000
00000001
00000100
00000100
,
00010000
10000000
01000000
01000000
,
00000000
00000100
00000000
00000100
,
00000000
01000000
00000000
01000000
,
10010000
00000000
11000001
00000000
00010000
01000000
00010001
00000000
,
10000000
00000000
01000001
00000000
00010000
00100000
01000001
00000000
,
00001001
00000000
10001100
00000000
00000001
00000100
10000001
00000000
,
00001000
00000000
10000100
00000000
00000001
00000010
10000100
00000000
,
10000000
01000000
10000000
01000000
,
00000001
00000100
00000001
00000100
,
10001000
01000100
10001000
00000000
00010001
01000100
00010001
00000000
,
10001000
01000100
10001000
01000100
10001000
00010001
01000100
00000000
,
00001001
00000000
00001100
00000000
00000001
00000100
00001000
00000000
,
00000001
00000100
00001000
00000000
00000001
00000100
00001000
00000000
,
10010000
00000000
01010000
00000000
10000000
01000000
00010000
00000000
,
10000000
01000000
00010000
00000000
10000000
01000000
00010000
00000000
,
10000000
10000000
00010000
00010000
,
00001000
00001000
00000001
00000001
,
10001000
00100010
10001000
00000000
00010001
00100010
00010001
00000000
,
10001000
01000100
10001000
01000100
10001000
00010001
01000100
00000000
,
00001001
00000000
10010000
00000000
,
00001001
10010000
11000101
01011100
,
10010000
00000000
00001001
00000000
,
10010000
00001001
11000101
01011100
,
00100000
00000000
00100001
00000000
01000000
00010000
01000001
00000000
,
00100000
00000000
00100001
00000000
01000000
10000000
01000001
00000000
,
00000010
00000000
10000010
00000000
00000100
00001000
10000100
00000000
,
00000010
00000000
10000010
00000000
00000100
00000001
10000100
00000000
,
10000000
00000000
01010000
00000000
10000000
01000000
10000000
00000000
,
00010000
00000000
01000000
00000000
10000000
00010000
01000000
00000000
,
00001000
00000000
00000101
00000000
00001000
00000100
00001000
00000000
,
00000001
00000000
00000100
00000000
00001000
00000001
00000100
00000000
,
10000000
10000000
00001000
00001000
,
00010000
00010000
00000001
00000001
,
00000010
00000001
00000100
00000000
00100000
10000000
01000000
00000000
,
00010001
01000100
00010001
01000100
00010001
10001000
01000100
00000000
,
10011001
00000000
10011001
00000000
00000010
00001000
00000100
00000000
,
00000010
00001000
00000100
00000000
00000010
00001000
00000100
00000000
,
10011001
00000000
10011001
00000000
00100000
10000000
01000000
00000000
,
00100000
10000000
01000000
00000000
00100000
10000000
01000000
00000000
,
10001000
01000100
00010001
01000100
,
10001000
01000100
00010001
01000100
,
10000000
00010000
01000000
00000000
00000001
00001000
00000100
00000000
,
00100010
10001000
00100010
10001000
00010001
10001000
01000100
00000000
,
00100000
01010000
00000010
00000101
,
00100000
11000000
00000010
00001100
,
00010000
00010000
00001000
00001000
,
10000000
00000001
00010000
00001000
,
10011001
00100100
00000000
00000000
;

//---------------dance-double - ----------------
#NOTES:
     dance-double:
     :
     Easy:
     5:
     0.363,0.372,0.094,0.000,0.000:
00000000
00000000
00000000
00000000
,
00000000
00000000
00000000
00000000
,
00000000
00000000
00000000
00000000
,
00000000
00000000
00000000
00000000
,
00000000
00000000
00000000
00000000
,
00000000
00000000
00000000
00000000
,
00000000
00000000
00000000
00000000
,
00001001
00000100
00001000
00010000
,
01000000
00100000
00010000
01000000
,
10010000
01000000
00010000
00001000
,
00000100
00000010
00001000
00000100
,
00001001
00000100
00001000
00010000
,
01000000
00100000
00010000
01000000
,
11000000
00010000
01000000
00010000
,
00001000
01000000
00001000
01000000
,
10000000
00100000
00010000
00001000
,
00100000
10000000
00100000
00010000
,
00001000
00001000
00000100
00010000
,
00000100
00010000
00000100
00000001
,
00000001
00000001
00001000
00001000
,
00000100
00000100
00000100
00000100
,
00000100
00000001
00001000
00000100
,
00000001
00000010
00001000
00010000
,
00000010
00000001
00000100
00001000
,
00000001
00001000
00000001
00000010
,
00001100
00001001
00000100
00001000
,
00000100
00000001
00000001
00000001
,
00000010
00000010
00001000
00010000
,
01000000
00010000
00001000
00000100
,
00001000
00001000
00001000
00001000
,
00010000
00010000
01000000
10000000
,
00010000
00010000
00010000
00010000
,
00001000
00001000
00000100
00000001
,
00001000
00001000
00010000
00000100
,
00000010
00000000
00001000
00000000
00000100
00000000
00000001
00000100
,
00001000
00000001
00000100
00001000
,
00010000
00000100
00001000
00010000
,
01000000
10000000
00010000
10000000
,
01000000
00000000
00010000
00000000
00001000
00000000
00000100
00000001
,
00000100
00001000
00001000
00010000
,
00100000
01000000
10000000
00010000
,
00001000
00010000
00001000
00000010
,
00000100
00000000
00000001
00000000
00000010
00000000
00000100
00001000
,
00000001
00000100
00001000
00000100
,
00000001
00000010
00000100
00001000
,
01000000
10000000
10000000
10000000
,
00010000
00000000
01000000
00000000
01000000
00000000
00100000
00010000
,
00001000
00000100
00000001
00000100
,
00000001
00000010
00000100
00001000
,
00001001
00000100
00000001
00000100
,
00001000
00000000
00000100
00000000
00001001
00000000
00000100
00001000
,
00010000
01000000
10000000
10000000
,
00010000
00010000
01000000
01000000
,
00010000
00010000
00001000
00001000
,
01000000
01000000
10000000
10000000
,
00010000
00001000
01000000
10000000
,
00010000
01000000
10000000
00010000
,
01000000
01000000
00000000
00000000
;

//---------------dance-double - ----------------
#NOTES:
     dance-double:
     :
     Medium:
     6:
     0.418,0.473,0.283,0.000,0.000:
00000000
00000000
00000000
00000000
,
00000000
00000000
00000000
00000000
,
00000000
00000000
00000000
00000000
,
00000000
00000000
00000000
00000000
,
00000000
00000000
00000000
00000000
,
00000000
00000000
00000000
00000000
,
00000000
00000000
00000000
00000000
,
00000001
00000010
00001100
00000001
,
00000001
00000000
00000100
00000000
00001000
00000000
00010000
01000000
,
10000000
00100000
01010000
10000000
,
10000000
00000000
01000000
00000000
00010000
00000000
00001000
00000100
,
00000001
00000010
00001100
00000001
,
00000001
00000000
00000100
00000000
00001000
00000000
00010000
01000000
,
10000000
10010000
01010000
10000000
,
00100000
00000000
00100000
00000000
10000000
00000000
01000000
00010000
,
00001000
01000000
01000000
00001000
,
00000100
00000000
00000100
00000000
00001000
00000000
00010000
00001000
,
00000100
00000001
00000001
00000001
,
00001000
00000000
00001000
00000000
00000010
00000000
00000010
00000100
,
00000001
00000101
00001000
00000101
,
00000010
00000000
00000001
00000000
00000100
00000000
00000010
00000001
,
00000100
00000001
00000100
00001000
,
00010000
00000000
01000000
00000000
00010000
00000000
00001000
00000100
,
00001000
00001000
00000001
00000001
,
00000100
00000000
00001000
00000000
00010000
00000000
00100000
10000000
,
01000000
10010000
01010000
00100000
,
00100000
00000000
00010000
00000000
10000000
00000000
01000000
00010000
,
00001000
01000000
01000000
10000000
,
01000000
00000000
01000000
00000000
00010000
00000000
00001000
00000100
,
00001000
00001000
00000100
00000100
,
00001000
00010000
01000000
01000000
,
00010000
00010000
01000000
01000000
,
00010000
00001000
00000100
00000100
,
00001000
00001000
00000001
00000100
,
00001000
00000000
00010000
00000000
01000000
00000000
00001000
00010000
,
01000000
10000000
00100000
01000000
,
00010000
00001000
01000000
10000000
,
10010000
01000000
00010000
01000000
,
10100000
00000000
00010000
00000000
00001000
00000000
00100000
00010000
,
00000100
00001001
00000100
00001001
,
00000100
00000000
00001000
00000000
00000100
00000000
00000001
00000100
,
00001000
00000001
00000010
00001000
,
00010000
00000000
00000010
00000000
00010000
00000000
01000000
00010000
,
00001000
00000100
00000100
00001000
,
00010000
00000000
01000000
00000000
01000000
00000000
10000000
00010000
,
01000000
10000000
00010000
00100000
,
10000000
00000000
00010000
00000000
01000000
00000000
00100000
00010000
,
00001000
00000100
00000001
00001000
,
00000101
00000000
00001000
00000000
00001100
00000000
00000010
00000100
,
00000001
00001000
00010000
01000000
,
00010000
00000000
00001000
00000000
00000100
00000000
00001000
00010000
,
01000000
01100000
10000000
01100000
,
00010000
00000000
00001000
00000000
00000100
00000000
00001000
00010000
,
01000000
00110000
10000000
00110000
,
01000000
00000000
01100000
00000000
10000000
00000000
00100000
00010000
,
00001000
00000110
00001001
00001100
,
00000001
00000000
00000010
00000000
00001100
00000000
00000001
00001000
,
00000100
00000100
00000000
00000000
;

//---------------dance-double - ----------------
#NOTES:
     dance-double:
     :
     Hard:
     8:
     0.481,0.507,0.638,0.000,0.000:
00000000
00000000
00000000
00000000
,
00000000
00000000
00000000
00000000
,
00000000
00000000
00000000
00000000
,
00000000
00000000
00000000
00000000
,
00000000
00000000
00000000
00000000
,
00000000
00000000
00000000
00000000
,
00000000
00000000
00000000
00000000
,
00010000
00000000
00010100
00000000
00010010
00000000
00001000
00010000
,
01000000
00000000
00010000
00000000
00011000
00000000
00100000
00010000
,
00001000
00000000
00000100
00000000
00001000
00000000
00000100
00001000
,
00010000
00000000
00000010
00000000
00000010
00000000
00010000
00001000
,
00010000
00000000
01001000
00000000
00010000
00000000
00000100
00001000
,
00000100
00000000
00000110
00000000
00001000
00000000
00010000
01000000
,
00100000
00000000
00100000
00000000
00100000
00000000
00010000
00100000
,
01000000
00000000
01100000
00000000
00010000
00000000
00001000
00010000
,
01000000
00000000
00010000
00000000
00010100
00000000
00001000
00000100
,
00001000
00000000
00000010
00000000
00001000
00000000
00010000
01000000
,
00010000
00000000
01000000
00000000
00010000
00000000
01100000
00010000
,
00100000
00000000
01000000
00000000
00010000
00000000
00011000
00001000
,
00000100
00000000
00001010
00000000
00000100
00000000
00000010
00001000
,
00010000
00000000
01000000
00000000
00010000
00000000
00001000
00010000
,
01000000
00000000
00110000
00000000
00101000
00000000
00100000
00010000
,
01000000
00000000
01001000
00000000
00010000
00000000
00000100
00010000
,
00001000
00000000
01000000
00000000
01100000
00000000
00110000
01000000
,
00100000
00000000
00010000
00000000
00001000
00000000
00000100
00000010
,
00001000
00000000
00000110
00000000
00010010
00000000
00010100
00000100
,
00001000
00000000
00001010
00000000
00000100
00000000
00001000
00010000
,
00100000
00000000
00001000
00000000
00100000
00000000
00001000
00010000
,
01000000
01100000
00010000
00001000
,
00010100
00001000
00010100
00001000
,
01001000
00010000
00010010
00011000
,
01001000
00010000
01001000
00010000
,
00010010
00001000
00101000
00011000
,
00000100
00000100
00000010
00001000
,
00000100
00000010
00001000
00010000
,
01000000
01000000
00100000
00010000
,
01000000
00100000
00010000
00001000
,
00001001
00000101
00001000
00000010
,
00001000
00000000
01100000
00000000
00010000
00000000
10000000
01000000
,
00010000
11000000
00110000
00101000
,
00010000
00000000
00000110
00000000
00001000
00000000
00000110
00000001
,
00001000
00000100
00000001
00000100
,
00001000
00000000
00010000
00000000
00000100
00000000
00010000
01000000
,
10000000
10010000
01000000
11000000
,
01010000
00000000
00100000
00000000
00010000
00000000
01000000
00100000
,
00010000
00001000
00000110
00001000
,
00010000
00000000
01100000
00000000
00010000
00000000
00001000
00000100
,
00000001
00001000
00000110
00010010
,
00011000
00000000
01001000
00000000
01100000
00000000
10000000
00010000
,
01000000
01001000
00010000
01001000
,
00010000
00000000
10100000
00000000
00010000
00000000
10000000
00100000
,
00010000
01100000
00010000
00001000
,
00000110
00000000
00000001
00000000
00000110
00000000
00001000
00000010
,
00000100
00000100
00000001
00000001
,
00000010
00000010
00001000
00001000
,
00010000
01000000
10000000
00100000
,
00001000
00100000
00001000
00100000
,
10000000
01000000
00000000
00000000
;

//---------------dance-double - ----------------
#NOTES:
     dance-double:
     :
     Challenge:
     8:
     0.518,0.473,0.366,0.000,0.000:
00000000
00000000
00000000
00000000
,
00000000
00000000
00000000
00000000
,
00000000
00000000
00000000
00000000
,
00000000
00000000
00000000
00000000
,
00000000
00000000
00000000
00000000
,
00000000
00000000
00000000
00000000
,
00000000
00000000
00000000
00000000
,
00100000
00000000
10000000
00010000
10000000
01000000
00000000
00010000
,
00001000
00000100
00001000
00000000
00001000
00000000
00000100
00000001
,
00000010
00000000
00000001
00001000
00000001
00000100
00000000
00001000
,
00010000
01000000
00010000
00000000
00010000
00000000
01000000
10000000
,
00100000
00000000
10000000
00010000
10000000
01000000
00000000
00010000
,
00001000
00000100
00001000
00000000
00001000
00000000
00000100
00000001
,
00000010
00000000
00000100
00000000
00000010
00001000
00010000
00000000
,
00000010
00001000
00010000
00000000
00010010
00000000
00001000
00000100
,
00000001
00000000
00001000
00000000
00000100
00001000
00010000
00000000
,
01000000
00010000
00001000
00000000
00010100
00000000
00001000
00010000
,
01000000
00000000
10010000
00000000
10000000
01000000
00010000
00000000
,
01000000
00100000
10000000
00000000
01100000
00000000
00010000
10000000
,
00100000
01010000
00100000
11000000
,
00100000
00000000
01010000
00000000
00100000
00000000
10000000
01000000
,
00010000
00000000
00001000
00000000
00000100
00001000
00000100
00000000
,
00000001
00000100
00000001
00000000
00001001
00000000
00000100
00001000
,
00000010
00000000
00000100
00000000
00001000
00010000
01000000
00000000
,
00010000
01000000
10000000
00000000
01100000
00000000
00010000
01000000
,
00100000
00000000
00010000
00000000
10000000
00100000
00010000
00000000
,
00001000
00010000
00100000
00000000
01100000
00000000
00010000
00100000
,
00010000
01010000
10000000
11000000
,
00010000
01010000
10000000
11000000
,
00100000
01000000
00010000
00000000
00100000
01000000
10000000
00000000
,
10000000
01000000
00010000
00001000
00000100
00000000
00000110
00000000
,
00000001
00000100
00001000
00000000
00001000
00000100
00000001
00000000
,
00000001
00000100
00001000
00010000
01000000
00000000
01100000
00000000
,
00010000
00000000
10000000
01000000
00010000
00001000
00000000
00000100
,
00001000
00010000
00001000
00000000
00000110
00000000
00000001
00000100
,
00001000
00000000
00000001
00000100
00001000
00010000
00000000
01000000
,
00010000
00001000
00010000
00000000
01100000
00000000
10000000
01000000
,
00010000
00000000
01100000
00000000
10000000
00010000
01000000
00000000
,
00100000
00001000
00010000
00000000
01000000
00000000
00001000
00010000
,
01000000
00000000
11000000
00000000
00010000
00001000
00000100
00000000
,
00000010
00001000
00000100
00000000
00000001
00000000
00001000
00000001
,
00000100
00000000
00001010
00000000
00000001
00001000
00000100
00000000
,
00010000
00001000
00000100
00000000
00000001
00000000
00000010
00001000
,
00010000
00010100
00001000
00000100
,
00000001
00000001
00000100
00001000
,
00010000
00000000
01100000
00000000
10000000
01000000
00100000
00000000
,
00100000
01000000
00010000
00000000
00001000
00010000
01000000
00000000
,
00100000
00000000
00110000
00000000
10000000
00100000
00010000
00000000
,
00100000
00010000
00001000
00000000
01000000
00000000
00100000
00010000
,
01000000
00000000
01001000
00000000
00010000
00100000
10000000
00000000
,
00010000
01000000
10000000
00000000
00100000
00000000
00010000
10000000
,
01000000
10010000
01000000
10010000
,
01000000
10010000
01000000
10010000
,
00100000
10000000
00010000
00000000
01000000
00010000
10000000
00000000
,
10000000
01000000
00010000
00001000
00000100
00000000
00000110
00000000
,
00001000
00000010
00000100
00000000
00000001
00000100
00000010
00000000
,
00000001
00000100
00001000
00010000
01000000
00000000
01100000
00000000
,
00010000
00001000
00000100
00000000
00000000
00000000
00000000
00000000
;

//---------------dance-solo - ----------------
#NOTES:
     dance-solo:
     :
     Easy:
     4:
     0.353,0.406,0.201,0.000,0.000:
000000
000000
000000
000000
,
000000
000000
000000
000000
,
000000
000000
000000
000000
,
000000
000000
000000
000000
,
000000
000000
000000
000000
,
000000
000000
000000
000000
,
000000
000000
000000
000000
,
001000
000010
100000
000010
,
001000
000001
100000
000100
,
010000
000000
000100
000100
,
000010
000000
001000
001000
,
000000
010000
000000
010000
,
000000
010000
000000
010000
,
100001
001000
000100
001000
,
100001
001000
000010
000010
,
100001
001000
000100
001000
,
100001
001000
010000
010000
,
000001
001000
000100
100000
,
000010
100000
000001
010000
,
001000
000100
100000
000001
,
001000
000010
001000
010000
,
000001
100001
000100
001000
,
100000
000100
001000
001000
,
100001
100001
000100
001000
,
000001
100000
000100
000100
,
010000
001000
000010
001000
,
000001
000100
100000
000100
,
000010
000100
010000
000100
,
001000
000001
000100
100000
,
000010
000000
010000
000000
,
000100
001000
100001
100001
,
001000
000000
000100
000000
,
001000
000100
100001
100001
,
000100
100000
000001
001000
,
000010
000010
001000
001000
,
100000
000100
010000
001000
,
010000
010000
001000
001000
,
100001
000100
010000
000100
,
100001
001000
000010
000010
,
100001
001000
010000
001000
,
100001
000100
000010
000010
,
100000
001000
000001
001000
,
100000
001000
000001
001000
,
000100
010000
000100
000010
,
000100
010000
000100
000010
,
100001
100001
000100
001000
,
000001
001000
100000
001000
,
000001
100000
000001
001000
,
000010
100000
000010
100000
,
000001
001000
100000
001000
,
000001
001000
100000
001000
,
100000
100000
000001
000001
,
000100
100000
000001
001000
,
000010
000010
100000
100000
,
000010
000010
100000
000100
,
010000
010000
000001
000001
,
010000
010000
000001
001000
,
000001
100000
000000
000000
;

//---------------dance-solo - ----------------
#NOTES:
     dance-solo:
     :
     Medium:
     6:
     0.476,0.508,0.283,0.000,0.000:
000000
000000
000000
000000
,
000000
000000
000000
000000
,
000000
000000
000000
000000
,
000000
000000
000000
000000
,
000000
000000
000000
000000
,
000000
000000
000000
000000
,
000000
000000
000000
000000
,
000010
000000
100000
000000
000010
000000
100000
000001
,
100000
000000
000001
000000
100000
000000
000010
100000
,
000010
000000
100000
000000
000010
000000
100000
000001
,
100000
000000
000001
000000
100000
000000
000001
010000
,
000001
010000
000001
010000
,
000001
100000
001000
001000
,
100001
000000
010001
000000
010000
000010
010000
000000
,
100000
000000
001000
000000
000010
000001
000010
000000
,
001010
000000
000100
000000
100000
010000
100000
000000
,
000001
000000
100000
000000
000010
000100
000010
000000
,
001000
000100
100000
000100
,
001000
000001
001000
000001
,
010000
000100
010000
000000
000010
000100
000010
000000
,
100000
001000
100000
001000
100000
000001
001000
000000
,
001010
000000
011000
000000
100000
001000
000001
000000
,
100000
001000
000001
000000
100000
001000
000001
000000
,
000100
000000
001010
000000
000001
001000
100000
000000
,
000001
001000
100000
000000
000001
001000
100000
000000
,
000100
001000
000100
001000
,
000001
100000
000001
100000
,
000010
001000
000010
000000
000001
000010
000001
000000
,
000100
010000
000100
000000
010000
100000
010000
000000
,
100001
000000
100001
000000
,
000100
001000
000010
000000
100010
000000
010001
000000
,
001100
000000
001100
000000
,
000001
100000
000100
000000
000110
000000
010100
000000
,
000001
000000
000001
000000
100000
010000
100000
000000
,
000100
000000
000100
000000
001000
000001
001000
000000
,
100000
000000
100000
000000
000010
000100
000010
000000
,
001000
000000
001000
000000
000100
010000
000100
000000
,
100010
000000
010001
000000
000010
001000
000010
000000
,
100000
000000
010000
000000
100000
001000
000001
000000
,
000001
000000
000010
000000
000001
001000
100000
000000
,
000001
000000
001000
000000
010000
100000
010000
000000
,
000010
100000
000010
100000
,
000001
000010
000001
000010
,
000001
001000
100000
000000
100000
010000
100000
000000
,
000010
001000
000010
001000
000010
100000
001000
000000
,
000100
000000
100100
000000
000001
001000
100000
001000
,
000010
001000
000010
000000
100000
000000
000001
000000
,
010000
000000
010001
000000
000001
001000
100000
001000
,
000010
001000
000010
000000
100000
000000
000001
000000
,
100000
001000
100000
000000
000001
001000
000001
000000
,
100000
001000
100000
000000
000001
001000
000001
000000
,
010000
000001
010000
000001
010000
000001
010000
000001
,
100000
000100
001000
000010
001000
000100
001100
000000
,
000001
010001
100000
100010
,
000100
010100
000100
000110
,
001000
000010
001000
000000
000100
010000
000100
000000
,
100000
000010
001000
000000
000010
100000
001000
000000
,
100001
000000
001000
000100
000000
000000
000000
000000
;

//---------------dance-solo - ----------------
#NOTES:
     dance-solo:
     :
     Hard:
     8:
     0.533,0.676,0.402,0.000,0.000:
000000
000000
000000
000000
,
000000
000000
000000
000000
,
000000
000000
000000
000000
,
000000
000000
000000
000000
,
000000
000000
000000
000000
,
000000
000000
000000
000000
,
000000
000000
000000
000000
,
100001
000000
000100
000000
010000
001000
010000
001000
,
010010
000000
000001
000000
100000
010000
100000
010000
,
100001
000000
001000
000000
000001
000010
000001
000010
,
000001
000000
100000
000000
000100
001000
000100
001000
,
100001
000100
100000
100000
,
000010
001000
000001
000001
,
001100
000000
100001
000000
100000
001000
000000
010000
,
000000
000010
100000
000000
000001
000000
100000
000010
,
000000
100000
001000
000000
100000
000100
000000
100000
,
000000
001000
010000
000000
001000
000010
000001
100000
,
000000
000010
001000
010000
000000
100000
001000
000001
,
000000
100000
001000
100000
000000
000001
010000
001000
,
010000
000000
000001
100000
,
001000
100000
000100
001000
000001
100000
000010
001000
,
000100
010000
000001
000000
000001
100000
000000
000100
,
000000
001000
000010
000000
100000
000000
000010
001000
,
000000
000001
100000
000000
000010
001000
000000
000001
,
000000
010000
000001
000000
010000
001000
010000
000100
,
000000
100000
001000
100000
000000
000010
001000
000010
,
000000
010000
000010
100000
000000
000001
000100
001000
,
000100
000100
000010
010000
,
000001
000100
000010
100000
001000
010000
000010
001000
,
000001
000000
000101
000000
100000
000100
010100
000000
,
000001
100000
000010
001000
000001
000000
100100
000000
,
000001
100000
001000
000000
100000
000010
001000
000000
,
000100
100000
001000
000100
010001
000000
101000
000000
,
100001
000000
100001
000000
000100
001000
000100
100000
,
100001
000000
100001
000000
000100
000010
001000
000001
,
100001
000000
100001
000000
000100
010000
001000
100000
,
100001
000000
100001
000000
000100
000010
001000
000001
,
100001
000000
001100
000000
000010
001000
000000
010000
,
000000
001000
000001
000000
100000
000000
100000
000010
,
000000
001000
000001
000000
000100
000010
000000
100000
,
000000
001000
010000
000000
010000
000001
001000
000001
,
000000
010000
001000
010000
000000
000010
001000
000010
,
000000
100000
000100
100000
000000
000001
100000
010000
,
100000
100000
000010
000010
,
001000
000100
100000
000001
010000
001000
100000
000010
,
000100
000001
100000
000000
000001
001000
000000
000010
,
000000
010000
000001
000000
000100
000000
001000
010000
,
000000
000001
000100
000000
000010
010000
000000
000001
,
000000
100000
001000
000000
100000
000010
001000
000001
,
000000
010000
001000
100000
000000
000010
001000
000001
,
000000
100000
001000
010000
000000
001000
000100
001000
,
000100
000100
000001
100000
,
001000
000100
000001
010000
000010
001000
000100
100000
,
000010
001000
000001
000000
000001
100000
000100
000000
,
010001
010001
001000
000000
100010
100010
001000
000000
,
100001
001001
100001
101000
,
010001
100001
100010
100001
,
001100
100000
000000
000000
;
