#TITLE:Fly far bounce;
#ARTIST:猫叉Master;
#ARTISTTRANSLIT:Nekomata Master;
#BANNER:Fly far bounce.png;
#BACKGROUND:Fly far bounce-bg.png;
#CDTITLE:./CDTitles/Nostalgia.png;
#MUSIC:Fly far bounce.ogg;
#SAMPLESTART:73.252;
#SAMPLELENGTH:15;
#DISPLAYBPM:163;
#BPMS:0=163,257=138,258=128,259=100,260=159;

//---------------dance-single - ----------------
#NOTES:
     dance-single:
     :
     Beginner:
     3:
     0.129,0.193,0,0.018,0:
0000
0000
0000
0000
,
0000
0000
0000
0000
,
0000
0000
0000
0000
,
0000
0000
0000
0000
,
0000
0000
0000
0000
,
0000
0000
0000
0000
,
1000
0000
0001
0000
,
0010
0000
0000
0000
,
1000
0000
0010
0010
,
0000
0000
0000
0000
,
0001
0000
1000
0000
,
0010
0000
1000
0000
,
0001
0000
0010
0010
,
0000
0000
0000
0000
,
1000
0000
0001
0000
,
0010
0000
0001
0000
,
1000
0000
1000
1000
,
0000
0000
0000
0000
,
1000
0000
0001
0000
,
1000
0000
0001
0000
,
0010
0010
0010
0000
,
0100
0000
0100
0000
,
0001
0000
1000
0000
,
0001
0000
1000
0000
,
0010
0010
0010
0000
,
1000
0000
1000
0000
,
0200
0000
0000
0300
,
0000
0000
0000
0000
,
0000
0000
0000
0000
,
0000
0000
0000
0000
,
1000
0000
0000
0000
,
0010
0000
0000
0000
,
0001
0000
0000
0000
,
0010
0010
0010
0000
,
1000
0000
1000
0000
,
0001
0000
0000
0000
,
1000
0000
0100
0000
,
0010
0000
0001
0000
,
0001
0000
0001
0000
,
1000
0000
0000
0000
,
0001
0000
0100
0000
,
0010
0000
1000
0000
,
0010
0000
0000
0000
,
0100
0000
0000
0000
,
0001
0000
0000
0000
,
1000
0000
0000
0000
,
1000
0000
1000
0000
,
0001
0000
0001
0000
,
1000
0000
1000
0000
,
0010
0000
0000
0000
,
1000
0000
0001
0000
,
0010
0000
0000
0000
,
0001
0000
0100
0100
,
0000
0000
0000
0000
,
0001
0000
1000
0000
,
0010
0000
1000
0000
,
0001
0000
0010
0010
,
0000
0000
0000
0000
,
0000
0001
0000
1000
,
0000
0001
0000
1000
,
1000
0000
0010
0010
,
0000
0000
0000
0000
,
0010
0000
0010
0000
,
1000
0000
0010
0010
,
0020
0000
0000
0000
,
0000
0000
0000
0000
,
0000
0000
0000
0000
,
0000
0000
0000
0000
,
0000
0000
0000
0000
,
0000
0000
0000
0030
;

//---------------dance-single - ----------------
#NOTES:
     dance-single:
     :
     Easy:
     6:
     0.227,0.322,0.055,0.037,0:
0000
0000
0000
0000
,
0000
0000
0000
0000
,
0000
0000
0000
0000
,
0000
0000
0000
0000
,
0000
0000
0000
0000
,
0000
0000
0000
0000
,
1000
0000
0001
0000
,
0010
0000
0001
0000
,
1000
0100
0010
0100
,
0000
0000
0010
0001
,
0001
0000
1000
0000
,
0010
0000
1000
0000
,
0001
0100
0010
0100
,
0000
0000
0010
1000
,
1000
1000
0001
0000
,
0010
0010
0001
0000
,
1000
0100
0010
0100
,
0000
0000
0110
1001
,
1000
1000
0001
0001
,
1000
0001
0001
0000
,
0010
0001
0010
1000
,
0010
0001
0100
0100
,
0001
0001
1000
1000
,
0001
1000
1000
0000
,
0010
1000
0010
0001
,
0010
1000
0100
0100
,
0220
0000
0000
0330
,
0000
0000
0000
0000
,
0000
0000
0000
0000
,
0000
0000
0010
0100
,
1001
0000
0001
0000
,
1000
0000
0100
0000
,
0001
0100
0010
0000
,
0001
0100
0010
1000
,
1000
0001
1000
1000
,
0001
0010
0100
1000
,
1000
0000
0100
0000
,
0010
0000
0001
0000
,
0001
1000
0001
0000
,
1000
0100
0001
0100
,
1000
0000
0001
0000
,
1000
0100
1000
0100
,
0010
0000
0000
0000
,
0100
0000
0000
0000
,
1000
0000
0000
0000
,
0001
0000
0001
0001
,
0001
0000
1000
0000
,
0100
0000
0001
0000
,
0100
0000
1000
0000
,
0010
0000
0001
0010
,
1000
0000
0001
0001
,
0010
0010
0001
0000
,
1000
0100
0010
0100
,
0000
0000
0010
0001
,
0001
0001
1000
0000
,
0010
0010
1000
0000
,
0001
0100
0010
0100
,
0000
0000
0110
1001
,
0001
0001
1000
1000
,
0001
1000
1000
0000
,
0010
1000
0010
0001
,
0010
1000
0100
0100
,
1000
0000
0001
0000
,
1000
0000
1000
0000
,
0001
0000
0000
0020
,
0000
0000
0000
0000
,
0000
0000
0000
0230
,
0000
0000
0000
0000
,
0000
0000
0000
0000
,
0000
0000
0000
0300
;

//---------------dance-single - ----------------
#NOTES:
     dance-single:
     :
     Medium:
     10:
     0.331,0.451,0.102,0.037,0:
0000
0000
0000
0000
,
0000
0000
0000
0000
,
0000
0000
0000
0000
,
0000
0000
0000
0000
,
0000
0000
0000
0000
,
0000
0000
0000
0000
,
1000
0000
0000
0010
0000
0000
0000
0001
,
0000
0000
0000
0010
0000
0000
0000
0000
,
1000
0100
1000
0100
1000
0100
1000
0000
,
0000
0000
0110
1001
,
0001
0000
0000
0010
0000
0000
0000
1000
,
0000
0000
0000
0010
0000
0000
0000
0000
,
0001
0100
0001
0100
0001
0100
0001
0000
,
0000
0000
0000
0000
1000
0001
1000
0001
,
1000
0100
1000
0010
0000
0000
0000
0001
,
0000
0000
0000
0010
0000
0000
0000
0000
,
1000
0100
1000
0100
1000
0100
1000
0000
,
0000
0000
0001
1000
,
0001
0010
1000
0010
,
0001
0100
1000
0100
,
0001
0010
0001
0000
0100
1000
0100
0000
,
0001
0000
1000
0000
0001
0010
0001
0000
,
1000
0010
0001
0010
,
1000
0100
0001
0100
,
1000
0000
1000
0010
1000
0010
0100
0010
,
1000
0100
1000
0000
0010
0000
0010
0000
,
0220
0000
0000
0000
,
0000
0000
0000
0330
,
0000
0000
0000
0000
,
0000
0000
0000
0000
0000
0000
0000
0010
,
0110
0000
0001
0000
,
0010
0000
0100
0000
,
1000
0100
1000
0000
0100
0000
0010
0000
,
0011
0110
1100
1001
,
0001
0010
0001
0000
1000
0000
0100
0000
,
1000
0000
0100
0000
0010
0001
0010
0000
,
0001
0010
0001
0000
1000
0100
1000
0000
,
1000
1000
0001
1100
,
1000
0010
1000
0000
0001
0000
0100
0000
,
0001
0000
0100
0000
0010
1000
0010
0000
,
1000
0010
1000
0000
0001
0100
0001
0000
,
0001
1100
1000
0101
,
0001
0000
0000
0010
0000
0000
0100
0000
,
1000
0000
0000
0100
0000
0010
0001
0000
,
0100
0000
0000
1000
0000
0000
0100
0000
,
0001
0010
0100
0010
,
0001
0000
0000
0010
0000
0000
0100
0000
,
1000
0000
0000
0100
0000
0010
0001
0000
,
0100
0000
0000
1000
0000
0000
0100
0000
,
0001
0010
1000
0010
,
0001
0000
1000
0010
0000
0000
1000
0100
,
0000
0000
0100
0010
0000
0000
0001
0000
,
0001
0100
0001
0100
0001
0100
0001
0000
,
0000
0000
0000
0000
1000
0100
1000
0000
,
1000
0000
0001
0010
0000
0000
0001
0100
,
0000
0000
0100
0010
0000
0000
1000
0000
,
1000
0100
1000
0100
1000
0100
1000
0000
,
0000
0000
0000
0000
1000
0100
1000
0000
,
0001
0010
1000
0010
,
0001
0100
1000
0100
,
0001
0010
0001
0000
0100
1000
0100
0000
,
0001
0000
1000
0000
0001
0010
0001
0000
,
1000
0010
0001
0010
,
1000
0100
0001
0100
,
1000
0010
1000
0010
0100
0001
0200
0000
,
0000
0000
0000
0000
,
0000
0000
0000
0320
,
0000
0000
0000
0000
,
0000
0000
0000
0000
,
0000
0000
0000
0030
;

//---------------dance-single - ----------------
#NOTES:
     dance-single:
     :
     Hard:
     13:
     0.55,0.612,0.24,0.055,0.125:
0000
0000
0000
0000
,
0000
0000
0000
0000
,
0000
0000
0000
0000
,
0000
0000
0000
0000
,
0000
0000
0000
0000
,
0000
0000
0000
0000
,
1000
0000
1000
0001
0000
0000
0001
0010
,
0000
0000
0010
0001
0000
0000
0100
1000
,
0100
0001
0010
0100
1000
0100
0010
0000
,
0100
0100
0110
1001
,
0001
0000
0001
1000
0000
0000
1000
0010
,
0000
0000
0000
0000
0010
0000
1000
0000
0000
0000
0000
0000
0010
1000
0010
1000
,
0010
1000
0010
0100
0001
0100
0010
0000
,
0100
0000
0100
0000
0001
0010
0100
1000
,
0100
0010
1000
0010
0000
0000
0001
0010
,
0000
0000
0000
0000
0010
0000
0001
0000
0000
0000
0000
0000
0010
0001
0010
0001
,
0010
0001
0010
0100
1000
0100
0010
0000
,
0100
0100
0110
1001
,
0001
0010
0001
1000
0100
1000
0100
0010
,
0001
0010
0100
0010
0001
0000
1000
0000
,
0001
0010
0001
1000
0100
1000
0010
0001
,
0010
0100
0001
1000
1100
0101
1100
0000
,
1000
0010
1000
0001
0100
0001
0100
0010
,
1000
0010
0100
0010
1000
0000
0001
0000
,
1000
0010
1000
0001
0100
0001
0010
1000
,
0010
0100
1000
0000
0011
0000
1100
0000
,
0200
1000
0010
0001
,
0010
1000
0010
0310
,
0011
0000
1100
0000
0001
0100
0100
0000
,
1001
0000
0020
0130
,
0001
0000
0000
0000
1000
0001
1000
0000
,
0010
0001
0010
0000
1000
0100
0001
0000
,
0100
0010
0100
1000
0001
0100
0001
0010
,
0001
0101
1100
1010
,
0001
0000
1000
0100
1100
1000
0100
0000
,
1000
0100
0001
0100
0010
0001
0100
1000
,
0100
0000
0010
1000
0100
1000
1000
0100
,
1000
0100
0010
0001
0110
0000
1001
0000
,
0001
0010
1000
0010
0011
0010
0001
0100
,
0001
1000
0001
1000
0010
0100
0110
0000
,
1000
0000
0100
0010
0001
0010
0001
1000
,
1100
0110
0011
1001
,
1000
0000
0000
0000
0001
0000
0010
0000
0001
0000
0000
0000
0000
0000
0001
0010
,
0001
0000
0100
0000
0010
0000
0100
0000
1000
0000
0000
0000
0000
0000
0100
0010
,
0100
0001
0010
1000
0010
0010
0001
1000
,
0200
0000
0000
0000
0000
0000
0000
0000
0310
0000
0000
0000
0001
0010
0001
0010
,
0001
0000
0000
0000
1000
0000
0010
0000
1000
0000
0000
0000
0000
0000
1000
0010
,
1000
0000
0100
0000
0010
0000
0100
0000
1000
0000
0000
0000
0000
0000
0001
0010
,
0001
1000
0010
0001
0010
0000
1000
0000
,
0200
0000
0000
0310
0000
0000
0001
1000
,
1100
0000
0000
0000
1000
0000
0001
0000
1000
0000
0010
0100
0010
0000
0001
0000
,
0000
0000
0010
0100
0010
0000
1000
0000
0100
0000
0010
0000
0100
0000
1000
0000
,
0100
1000
0001
0100
0001
0010
0100
0000
,
0100
0000
0000
0000
0100
0000
1000
0100
1000
0000
0010
0000
0100
0000
0001
0000
,
0001
0000
0000
0000
0001
0000
1000
0000
0001
0000
0010
0100
0010
0000
1000
0000
,
0000
0000
0010
0100
0010
0000
0001
0000
0100
0000
0010
0000
0100
0010
0100
0000
,
1000
0100
0010
0001
0010
1000
1001
0000
,
0001
0000
0000
1000
0000
0000
0001
0010
0100
1000
0010
0100
,
0001
1000
0100
0000
1000
0000
0100
0000
0010
0100
1000
0000
0100
0000
0001
0000
,
0100
1000
0001
0100
1000
0100
0010
0001
,
0010
0000
0000
1000
0000
0000
0100
0000
0000
0010
0000
0000
0001
0000
1000
0000
0001
0000
0100
0000
0000
0000
0000
0000
,
0100
0000
0000
0000
0001
0000
1000
0100
1000
0000
0100
0000
0010
0001
0010
0001
,
1000
0000
0001
1000
0100
0001
0100
1000
,
0010
0001
0010
1000
0001
0100
1000
0000
,
0100
0010
0001
1000
0100
1000
0020
0000
,
0000
0000
0000
0000
,
0000
0000
0000
0000
0000
0030
0002
0000
,
0000
0000
0000
0000
,
0000
0000
0000
0000
,
0000
0000
0000
0003
;

//---------------dance-double - ----------------
#NOTES:
     dance-double:
     :
     Easy:
     6:
     0.235,0.322,0.074,0.074,0:
00000000
00000000
00000000
00000000
,
00000000
00000000
00000000
00000000
,
00000000
00000000
00000000
00000000
,
00000000
00000000
00000000
00000000
,
00000000
00000000
00000000
00000000
,
00000000
00000000
00000000
00000000
,
10000000
00000000
00010000
00000000
,
00001000
00000000
00000001
00000000
,
00001000
00000100
00000010
00000100
,
00000000
00000000
00000010
00001000
,
00010000
00000000
00100000
00000000
,
10000000
00000000
10000000
00000000
,
00010000
01000000
00100000
01000000
,
00000000
00000000
00100000
00010000
,
00001000
00010000
00000000
00000100
,
00001000
00000100
00000001
00000000
,
00000100
00000010
00001000
00010000
,
00000000
00000000
00110000
10010000
,
10000000
01000000
00010000
00001000
,
00000010
00000001
00000001
00000000
,
00000010
00000001
00000010
00001000
,
00000010
00000001
00000100
00001000
,
00010000
00010000
00001000
00001000
,
00010000
01000000
10000000
00000000
,
00100000
10000000
00100000
00010000
,
00100000
10000000
01000000
00010000
,
00022000
00000000
00000000
00033000
,
00000000
00000000
00000000
00000000
,
00000000
00000000
00000000
00000000
,
00000000
00000000
00001000
00000100
,
00000101
00000000
00001000
00000000
,
00010000
00000000
01000000
00000000
,
10000000
01000000
00010000
00000000
,
00001000
00000100
00000010
00001001
,
00001000
00000001
00001000
00001000
,
00000001
00000010
00001000
00010000
,
01000000
00000000
00100000
00000000
,
00001000
00000000
00010000
00000000
,
00000100
00001000
00000001
00000000
,
00001000
00000100
00000001
00000100
,
00000010
00000000
00001000
00000000
,
00010000
01000000
10000000
01000000
,
00200000
00000000
00000000
00000000
,
02300000
00000000
00000000
00000000
,
03020000
00000000
00000000
00000000
,
00032000
00000000
00000100
00003100
,
00000101
00000000
00001000
00000000
,
00000001
00000000
00000100
00000000
,
00001000
00000000
00010000
00000000
,
00100000
00000000
00010000
00100000
,
10000000
00000000
00010000
00010000
,
00100000
00100000
00001000
00000000
,
00010000
00001000
00000010
00000100
,
00000000
00000000
00000001
00000100
,
00000010
00001000
00010000
00000000
,
00100000
00100000
10000000
00000000
,
00010000
01000000
00100000
00010000
,
00000000
00000000
00011000
00000110
,
00000001
00000001
00001000
00001000
,
00000010
00000100
00001000
00000000
,
00100000
10000000
00100000
00010000
,
01000000
10000000
01000000
01000000
,
00100000
00000000
00010000
00000000
,
00001000
00000000
00000100
00000000
,
00000001
00000000
00000000
00000020
,
00000000
00000000
00000000
00000000
,
00000000
00000000
00000000
00002030
,
00000000
00000000
00000000
00000000
,
00000000
00000000
00000000
00000000
,
00000000
00000000
00000000
00003000
;

//---------------dance-double - ----------------
#NOTES:
     dance-double:
     :
     Medium:
     10:
     0.345,0.483,0.203,0.037,0:
00000000
00000000
00000000
00000000
,
00000000
00000000
00000000
00000000
,
00000000
00000000
00000000
00000000
,
00000000
00000000
00000000
00000000
,
00000000
00000000
00000000
00000000
,
00000000
00000000
00000000
00000000
,
10000000
00000000
00000000
00100000
00000000
00000000
00000000
00010000
,
00000000
00000000
00000000
00001000
00000000
00000000
00000000
00000000
,
00001000
00010000
00001000
00010000
00001000
00010000
00001000
00000000
,
00000000
00000000
00000110
00001001
,
00000001
00000000
00000000
00000010
00000000
00000000
00000000
00001000
,
00000000
00000000
00000000
00010000
00000000
00000000
00000000
00000000
,
01000000
00100000
01000000
00100000
01000000
00100000
01000000
00000000
,
00000000
00000000
01000000
10000000
,
10000000
01000000
10000000
00100000
00000000
00000000
00000000
00010000
,
00000000
00000000
00000000
00001000
00000000
00000000
00000110
00000000
,
00000001
00000100
00000001
00000100
00000001
00000100
00000001
00000000
,
00000000
00000000
00000101
00001100
,
00010000
00100000
10000000
00100000
,
00010000
00100000
10000000
01000000
,
00010000
00001000
00010000
00000000
00000100
00001000
00000100
00000000
,
00001000
00000000
00000001
00000000
00000100
00001000
00010000
00000000
,
00001000
00100000
00010000
00100000
,
10000000
00100000
00010000
01000000
,
10000000
00000000
01000000
00100000
10000000
00100000
01000000
00100000
,
10000000
01000000
00010000
00000000
00001000
00000000
00010000
00000000
,
00022000
00000000
00000000
00000000
,
00000000
00000000
00000000
00033000
,
00000000
00000000
00000000
00000000
,
00000000
00000000
00000000
00000000
00000000
00000000
00000000
00000010
,
00000110
00000000
00000001
00000000
,
00000010
00000000
00001000
00000000
,
00010000
00100000
10000000
00000000
01000000
00000000
00100000
00000000
,
01100000
00110000
00011000
00011000
,
00010000
00000010
00010000
00000000
00001000
00000000
00000100
00000000
,
00001000
00000000
00000100
00000000
00000010
00000001
00000010
00000000
,
00000100
00001000
00010000
00000000
00010000
01000000
10000000
00000000
,
10000000
10000000
00010000
11000000
,
10000000
00100000
10000000
00000000
00010000
00000000
01000000
00000000
,
00001000
00000000
00010000
00000000
00000010
00001000
00000010
00000000
,
00001000
00000010
00001000
00000000
00000001
00000100
00000001
00000000
,
00000011
00000110
00001100
00011000
,
00010000
00000000
00000000
00100000
00000000
00000000
01000000
00000000
,
10000000
00000000
00000000
01000000
00000000
00100000
00010000
00000000
,
00001000
00000000
00000000
00001000
00000000
00000000
00000100
00000000
,
00000001
00000000
00000100
00000010
,
00000001
00000000
00000000
00000010
00000000
00000000
00000100
00000000
,
00001000
00000000
00000000
00010000
00000000
00100000
10000000
00000000
,
01000000
00000000
00000000
10000000
00000000
00000000
01000000
00000000
,
00010000
01000000
10000000
00100000
,
00010000
00000000
00010000
00001000
00000000
00000000
00001000
00000100
,
00000000
00000000
00000100
00000001
00000000
00000000
00000001
00000000
,
00000001
00000100
00000001
00000100
00000001
00000100
00000001
00000000
,
00000000
00000000
00000000
00000000
00000100
00001000
00010000
00000000
,
00001000
00000000
00001000
00010000
00000000
00000000
00010000
01000000
,
00000000
00000000
01000000
10000000
00000000
00000000
10000000
00000000
,
10000000
01000000
10000000
01000000
10000000
01000000
10000000
00000000
,
01000000
00010000
00011000
00000110
,
00000001
00000010
00001000
00000010
,
00000001
00000100
00001000
00000100
,
00001000
00010000
00100000
00000000
01000000
10000000
01000000
00000000
,
00010000
00000000
10000000
00000000
00010000
00100000
00010000
00000000
,
11000000
00100000
00110000
00001000
,
00011000
00000100
00000011
00000001
,
00001000
00000010
00001000
00000010
00000100
00000001
00000200
00000000
,
00000000
00000000
00000000
00000000
,
00000000
00000000
00000000
00002300
,
00000000
00000000
00000000
00000000
,
00000000
00000000
00000000
00000000
,
00000000
00000000
00000000
00003000
;

//---------------dance-double - ----------------
#NOTES:
     dance-double:
     :
     Hard:
     13:
     0.55,0.612,0.194,0.083,0.134:
00000000
00000000
00000000
00000000
,
00000000
00000000
00000000
00000000
,
00000000
00000000
00000000
00000000
,
00000000
00000000
00000000
00000000
,
00000000
00000000
00000000
00000000
,
00000000
00000000
00000000
00000000
,
01000000
00000000
01000000
10000000
00000000
00000000
10000000
00100000
,
00000000
00000000
00000000
00000000
00100000
00000000
10000000
00000000
00000000
00000000
00000000
00000000
01000000
10000000
01000000
10000000
,
01000000
00010000
00001000
00000100
00001000
00000100
00000010
00000000
,
00000001
00000010
00001001
00000110
,
00001000
00000000
00001000
00000001
00000000
00000000
00000001
00000010
,
00000000
00000000
00000000
00000000
00000010
00000000
00000001
00000000
00000000
00000000
00000000
00000000
00000100
00000001
00000100
00000001
,
00000100
00001000
00010000
01000000
00010000
01000000
00100000
00000000
,
10000000
00000000
00100000
00000000
00010000
01000000
10000000
01000000
,
00010000
00100000
10000000
00100000
00000000
00000000
01000000
00010000
,
00000000
00000000
00000000
00000000
00001000
00000000
00000100
00000000
00000000
00000000
00000000
00000000
00000010
00001000
00000010
00001000
,
00000010
00010000
00000100
00010000
00001000
00010000
00100000
00000000
,
01000000
00100000
00110000
01100000
,
00010000
00100000
00010000
10000000
01000000
10000000
01000000
00100000
,
01000000
00010000
00001000
00000100
00000010
00000000
00010000
00000000
,
00001000
00000010
00000001
00000010
00000100
00001000
00000010
00001000
,
00000010
00000100
00000001
00000100
00001000
00010000
00011000
00000000
,
00010000
00000010
00010000
00000010
00000100
00000001
00000100
00000010
,
00000100
00001000
00010000
01000000
00100000
00000000
00001000
00000000
,
00010000
00100000
10000000
00100000
01000000
00010000
00100000
00010000
,
00100000
01000000
10000000
01000000
00010000
00000000
00011000
00000000
,
00002000
00100000
00023000
00100000
,
00032000
00000010
00023000
00030010
,
00001010
00000000
00000011
00000000
00000001
00000100
00000100
00000000
,
00001001
00000000
00000020
00001030
,
00010000
00000000
00000000
00000000
00001000
00010000
00001000
00000000
,
00100000
00010000
00100000
00000000
00001000
01000000
00010000
00000000
,
01000000
00100000
01000000
00010000
10000000
01000000
10000000
00100000
,
00010000
00011000
00000110
00001010
,
00000001
00000000
00001000
00000100
00000101
00001000
00000100
00000000
,
00000010
00001000
00010000
01000000
00100000
00010000
01000000
10000000
,
01000000
00000000
00100000
10000000
01000000
10000000
10000000
01000000
,
00010000
00001000
00000110
00001001
,
00000001
00000010
00001000
00000010
00000011
00000010
00000001
00000100
,
00001000
00010000
00001000
01000000
00100000
01000000
01010000
00000000
,
10000000
00000000
01000000
00100000
00010000
00100000
00010000
01000000
,
01010000
00011000
00001010
00000110
,
00001000
00000000
00000000
00000000
00000001
00000000
00000010
00000000
00000001
00000000
00000000
00000000
00000000
00000000
00000001
00000010
,
00000001
00000000
00000100
00000000
00000010
00000000
00000100
00000000
00001000
00000000
00000000
00000000
00000000
00000000
00010000
00001000
,
00010000
00001000
00010000
01000000
00100000
00100000
00010000
10000000
,
02000000
00000000
00000000
00000000
00000000
00000000
00000000
00000000
03100000
00000000
00000000
00000000
00010000
00100000
00010000
00100000
,
00010000
00000000
00000000
00000000
10000000
00000000
00100000
00000000
00010000
00000000
00000000
00000000
00000000
00000000
00001000
00010000
,
00001000
00000000
00000100
00000000
00000010
00000000
00000100
00000000
00001000
00000000
00000000
00000000
00000000
00000000
00000100
00000010
,
00000100
00001000
00000100
00000001
00000100
00000000
00001000
00000000
,
00020000
00000000
00000000
00031000
00000000
00000000
00010000
01000000
,
10000000
00000000
00000000
00000000
10000000
00000000
00010000
00000000
10000000
00000000
00100000
01000000
00100000
00000000
00010000
00000000
,
00000000
00000000
00100000
01000000
00100000
00000000
10000000
00000000
01000000
00000000
00100000
00000000
00001000
00010000
00001000
00000000
,
00010000
00001000
00000010
00000100
00001000
00000100
00000010
00000000
,
00000100
00000000
00000000
00000000
00000100
00000000
00001000
00000100
00001000
00000000
00000010
00000000
00000100
00000000
00000001
00000000
,
00000100
00000000
00000000
00000000
00001000
00000000
00010000
00000000
00001000
00000000
00100000
00001000
00100000
00000000
00010000
00000000
,
00000000
00000000
00100000
01000000
00100000
00000000
00010000
00000000
01000000
00000000
00100000
00000000
01000000
00100000
01000000
00000000
,
10000000
01000000
00100000
00010000
00001000
00010000
00001000
00000000
,
00100000
00000000
00000000
00001000
00000000
00000000
00010000
00001000
00000100
00000001
00000010
00000100
,
00001000
00000001
00000100
00000000
00000001
00000000
00000100
00000000
00000010
00000100
00000010
00000000
00000100
00000000
00001000
00000000
,
00010000
00001000
00100000
00010000
00100000
01000000
00100000
10000000
,
00100000
00000000
00000000
01000000
00000000
00000000
00010000
00000000
00000000
00001000
00000000
00000000
00000100
00000000
00000001
00000000
00001000
00000000
00000100
00000000
00000000
00000000
00000000
00000000
,
00000001
00000000
00000000
00000000
00000100
00000000
00001000
00000100
00001000
00000000
00000100
00000000
00000010
00000100
00000010
00000000
,
00000100
00001000
00000001
00000100
00001000
00010000
00100000
00010000
,
00001000
00010000
01000000
10000000
00010000
01000000
10000000
00000000
,
01000000
00100000
00010000
00001000
00000100
00000010
00020000
00000000
,
00000000
00000000
00000000
00000000
,
00000000
00000000
00000000
00032000
,
00000000
00000000
00000000
00000000
,
00000000
00000000
00000000
00000000
,
00000000
00000000
00000000
00003000
;
