#TITLE:FOLLOW ME;
#SUBTITLE:;
#ARTIST:LADY BABY;
#TITLETRANSLIT:;
#SUBTITLETRANSLIT:;
#ARTISTTRANSLIT:;
#CREDIT:;
#BANNER:FOLLOW ME.png;
#BACKGROUND:FOLLOW ME-bg.png;
#LYRICSPATH:;
#CDTITLE:./CDTITLES/Dancemania HAPPY PARADISE 2.PNG;
#MUSIC:FOLLOW ME.ogg;
#OFFSET:0.000;
#SAMPLESTART:51.060;
#SAMPLELENGTH:15.000;
#SELECTABLE:YES;
#DISPLAYBPM:158.000;
#BPMS:0.000=157.534,4.000=158.018;
#STOPS:;
#BGCHANGES:;

//---------------dance-single - ----------------
#NOTES:
     dance-single:
     :
     Easy:
     3:
     0.276,0.286,0.082,0.094,0.000:
0000
0000
0000
0000
,
0000
0000
0000
0000
,
1000
1000
0001
0001
,
1000
1000
0001
0001
,
1000
1000
0100
0100
,
1000
1000
0001
1000
,
0001
0001
1000
1000
,
0001
0001
1000
1000
,
0001
0001
0100
0100
,
0001
0000
0000
1001
,
0100
0000
0010
0000
,
0100
0010
0100
0010
,
1000
0000
1000
0000
,
1000
0001
1000
0001
,
0100
0000
0001
0000
,
1000
0000
0010
0000
,
0100
0000
0000
0000
,
0100
0000
0000
1001
,
0001
0000
1000
0000
,
0010
0000
0100
0010
,
1000
0000
0001
0000
,
0100
0000
0100
0010
,
1000
0000
0010
0100
,
0001
0000
1000
0010
,
0100
0001
0001
0001
,
1000
0010
0100
0001
,
0100
0100
0100
0100
,
0001
0001
0001
0001
,
1000
1000
0010
0100
,
0001
0000
1000
1001
,
0100
0000
0010
0000
,
1000
0000
0001
0000
,
0100
0000
0100
0010
,
1000
1000
1000
1001
,
0001
0001
1000
1000
,
0001
0001
1000
1000
,
0200
0000
0300
0100
,
0000
0000
0110
0110
,
0010
0010
0100
0100
,
0010
0100
0010
0100
,
0002
0003
0001
1000
,
0010
0000
0100
0001
,
1000
0000
0000
0001
,
0100
0000
0100
0000
,
0001
0000
0001
0000
,
1000
0000
1000
0010
,
0200
0000
0000
0300
,
0002
0000
0003
1000
,
0010
0000
0010
0000
,
1000
1000
1000
1001
,
2000
0000
0000
3000
,
2000
0000
0000
3000
,
0020
0000
0000
0030
,
0200
0000
0300
0001
,
1000
0000
0000
0000
,
0000
0000
0000
0000
;

//---------------dance-single - ----------------
#NOTES:
     dance-single:
     :
     Medium:
     6:
     0.437,0.445,0.565,0.118,0.000:
0000
0000
0000
0000
,
0000
0000
0000
0000
,
1000
0010
0100
0001
,
1000
0010
0100
0001
,
0010
0001
0010
0001
,
1000
0100
1000
1001
,
0010
0001
1000
0100
,
0010
0001
1000
0100
,
0010
0100
0010
0001
,
1000
0010
0100
0001
,
1000
1100
0001
0101
,
1000
0101
0001
1100
,
0010
0011
0100
0101
,
1000
1010
0100
0101
,
2000
0010
0000
0010
,
0000
0001
0000
3001
,
1000
0020
0030
1000
,
0001
1000
1001
1001
,
1000
1010
0001
0011
,
0010
1010
0010
0011
,
0100
0110
1000
1100
,
0100
1100
0010
0011
,
2000
0001
0000
0001
,
0000
0010
0000
3010
,
1000
1000
0010
0100
,
0001
0101
1000
1010
,
0200
0010
0310
0010
,
2000
0001
3001
0001
,
1000
1010
0001
0011
,
0100
1100
0001
0101
,
0200
0302
2003
3020
,
0230
0001
0301
0001
,
0010
0010
0100
0100
,
0001
0101
1100
0101
,
1000
1010
0001
0011
,
1000
1010
0001
0011
,
0100
0110
1000
1010
,
0100
0101
0010
1010
,
0001
0101
1000
1100
,
0001
0101
1000
1100
,
0010
0110
0001
0101
,
0010
1000
1000
0001
,
1000
0010
0100
0001
,
1000
0010
0100
0001
,
0010
0001
0010
0001
,
1000
0100
1000
1001
,
0010
0001
1000
0100
,
0010
0001
1000
0100
,
0010
0100
0010
0001
,
1000
0010
0100
0101
,
0010
1000
1000
1000
,
0001
0100
0100
0100
,
0010
1010
0010
0011
,
0100
1100
0100
0101
,
1000
0000
0000
0000
,
0000
0000
0000
0000
;

//---------------dance-single - ----------------
#NOTES:
     dance-single:
     :
     Hard:
     8:
     0.557,0.544,0.130,0.236,0.000:
0000
0000
0000
0000
,
0000
0000
0000
0000
,
0001
1000
0020
0000
,
0030
0000
0100
0000
0001
1000
0100
0010
,
2000
0100
0000
0100
3000
0001
0001
0001
,
2000
0100
0000
0100
3000
1000
0000
1000
,
0010
0100
0010
1000
,
1000
0010
1000
0001
,
0100
0001
1000
0010
,
0100
0000
1001
1000
,
0001
0100
0001
0000
1000
0100
1000
0000
,
0001
0010
0001
0000
1000
0010
1000
0000
,
0100
1000
0100
0000
0010
0001
0010
0000
,
0001
0100
0001
0000
0100
0010
0100
0000
,
0001
0100
1000
0000
0001
0100
1000
0000
,
0001
0100
1000
0100
0001
0000
0001
0000
,
0200
0001
0001
0001
0301
0000
0001
0000
,
2000
0010
0010
0010
3010
0000
1010
0000
,
1000
0010
1000
0000
0001
0010
0001
0000
,
1000
0100
1000
0000
0001
0100
0001
0000
,
0010
0001
0010
0000
0100
1000
0100
0000
,
1000
0010
1000
0000
0010
0100
0010
0000
,
1000
0100
0001
0000
1000
0100
0001
0000
,
1000
0100
0001
0100
1000
0000
1000
0000
,
0020
1000
1000
1000
1030
0000
1000
0000
,
0002
0100
0100
0100
0103
0000
1001
0000
,
0100
0010
0100
0001
1000
0000
1001
0000
,
1000
0001
1000
0010
0100
0000
0110
0000
,
1000
0100
1000
0001
0100
0001
0100
0001
,
0000
1000
0000
0010
1000
0000
1001
0000
,
0001
0100
0001
1000
0010
0000
0010
0000
,
0100
0001
1000
0010
0100
0000
1001
0000
,
0200
0001
0000
0010
0000
1000
0300
0010
,
1000
0010
0100
0001
1000
0010
0100
0001
,
1000
0100
1000
0100
0010
0001
0010
0001
,
1000
0100
1000
0100
0010
0001
0010
0001
,
1000
0000
1000
0010
0100
0001
0100
0010
,
1000
0000
1100
0000
0001
0100
0010
1000
,
0001
0010
0001
0010
0100
1000
0100
1000
,
0001
0010
0001
0010
0100
1000
0100
1000
,
0001
0010
0001
1000
0010
0000
1000
0001
,
0100
0000
0101
0000
1000
0100
0010
0000
,
0001
1000
0020
0200
,
0330
0000
0110
0000
1000
0001
0100
0010
,
2000
0100
0100
0100
3000
0001
0001
0001
,
2000
0100
0100
0100
3000
0001
0001
1000
,
0001
1000
0020
0200
,
0330
0000
0110
0000
1000
0001
0100
0010
,
2000
0100
0100
0100
3000
0001
0001
0001
,
2000
0100
0100
0100
3000
0001
0001
1000
,
0020
0100
0000
0100
0000
0100
0030
0100
,
0020
1000
0000
1000
0000
1000
0030
1000
,
0200
0300
0200
0300
,
0010
0001
1000
0100
,
1000
0000
0000
1000
0000
0000
0000
0000
,
0000
0000
0000
0000
;

//---------------dance-double - ----------------
#NOTES:
     dance-double:
     :
     Easy:
     3:
     0.266,0.350,0.130,0.082,0.000:
00000000
00000000
00000000
00000000
,
00000000
00000000
00000000
00000000
,
10000000
00000000
00010000
00000000
,
01000000
00000000
00100000
00000000
,
10000000
00000000
00010000
00000000
,
00010000
00000000
00000100
00000000
,
00001000
00000000
00000001
00000000
,
00000100
00000000
00000010
00000000
,
00000001
00000000
00001000
00000000
,
00001000
00000000
01000000
00100000
,
00100000
00000000
01000000
00000000
,
00100000
00000000
00100000
01000000
,
00010000
00000000
00010000
00000000
,
01000000
00000000
00001000
00001000
,
00010000
00000010
00000100
00000010
,
00001000
00001000
00000001
00000001
,
00000100
00000000
00000000
00000000
,
00000010
00000000
00000010
00001001
,
00000010
00000000
00000100
00000000
,
00000010
00000000
00000010
00000100
,
00001000
00000000
00001000
00000000
,
00000100
00000000
00010000
00010000
,
00001000
00100000
01000000
00100000
,
00010000
00010000
10000000
10000000
,
01000000
00000000
00000000
00000000
,
00100000
00000000
00100000
10010000
,
00000000
00000000
02000000
03010000
,
00000000
00000000
00020000
00031000
,
00000010
00000000
00000010
00001000
,
00000001
00000000
00002000
00003001
,
00001000
00000000
00001000
00000000
,
00010000
00010000
00010000
00010000
,
01000000
01000000
01000000
00100000
,
10000000
00010000
10010000
10010000
,
00010000
00000000
00011000
00000000
,
00000010
00000000
00000110
00000000
,
00000100
00000000
00000001
00001000
,
00000010
00000010
00000100
00000110
,
00000001
00000000
00001001
00000000
,
00001000
00000000
00011000
00000000
,
00010000
00000000
01000000
00100000
,
10000000
10000000
00010000
10010000
,
00100000
00000000
01000000
00000000
,
00100000
00000000
00100000
01000000
,
00010000
00000000
00010000
00000000
,
01000000
00000000
00001000
00001000
,
00010000
00000010
00000100
00000010
,
00001000
00001000
00000001
00000001
,
00000100
00000000
00000000
00000000
,
00000010
00000000
00000010
00001001
,
00001000
00000002
00000000
00000003
,
00000100
00000020
00000000
00000030
,
00020000
00030000
00020000
00030000
,
00001000
00001000
00001000
00001000
,
01000000
00000000
00000000
00000000
,
00000000
00000000
00000000
00000000
;

//---------------dance-double - ----------------
#NOTES:
     dance-double:
     :
     Medium:
     6:
     0.348,0.385,0.035,0.247,0.000:
00000000
00000000
00000000
00000000
,
00000000
00000000
00000000
00000000
,
00020000
00000000
00030000
00001000
,
00000200
00000000
00000300
00000010
,
00002000
00003000
00002000
00003000
,
00000001
00000000
00000001
00000000
00000100
00000010
00000100
00000000
,
00000002
00000000
00000003
00001000
,
00000200
00000000
00000300
00010000
,
00002000
00003000
00002000
00003000
,
00100000
00100000
00010000
10000000
,
00010000
00010000
10000000
10000000
,
00010000
01000000
00001000
01000000
,
00001000
00001000
00010000
00010000
,
00000010
00001000
00000100
00001000
,
00000001
00000100
00001000
00000100
,
00000001
00000100
00010000
00001000
,
00100000
00100000
01000000
01000000
,
00010000
10000000
00100000
01000000
,
00010000
00000000
10000000
00000000
,
00010000
01000000
00001000
01000000
,
00001000
00001000
00010000
00010000
,
00000010
00001000
00000100
00001000
,
00000001
00000100
00001000
00000100
,
00000001
00000100
00010000
00001000
,
00100000
00100000
01000000
01000000
,
00010000
01010000
01000000
11000000
,
00100000
00000000
01000000
00000000
,
00001000
00000000
01000000
00001000
,
00010000
00010000
00001000
00001000
,
00010000
00000010
00000100
00000001
,
00002000
00003100
00000002
00000103
,
00001000
00000000
01000000
01000000
,
20000000
31000000
00020000
01030000
,
00100000
00000000
00000000
00000000
10000000
00010000
10000000
00010000
,
02000000
00000000
03000000
00001000
,
00002000
00000000
00003000
00010000
,
00020000
00000000
00030000
00000010
,
00000020
00000000
00000030
00000100
,
00000001
00001000
00000010
00001000
,
00000010
00010000
00001000
00011000
,
01000000
00100000
00100000
10000000
,
00010000
01000000
00010000
10000000
,
00010000
00010000
10000000
10000000
,
00010000
01000000
00001000
01000000
,
00001000
00001000
00010000
00010000
,
00000010
00001000
00000100
00001000
,
00000001
00000100
00001000
00000100
,
00000001
00000100
00010000
00001000
,
00100000
00100000
01000000
01000000
,
00010000
00000000
10000000
00000000
00010000
10000000
00010000
10000000
,
00100000
00100000
02000000
03000000
,
00001000
00001000
00020000
00030000
,
00000020
00000030
00000020
00000030
,
00001000
00000010
00000100
00000001
,
00002000
00000000
00003000
00000000
,
00000000
00000000
00000000
00000000
;

//---------------dance-double - ----------------
#NOTES:
     dance-double:
     :
     Hard:
     8:
     0.590,0.545,0.283,0.165,0.000:
00000000
00000000
00000000
00000000
,
00000000
00000000
00000000
00000000
,
10000000
01000000
10000000
01000000
10000000
00000000
10010000
00000000
,
00010000
01000000
00010000
01000000
00010000
00000000
10010000
00000000
,
00100000
00010000
00000010
00001000
00000010
00000000
00000110
00000000
,
00001000
00000100
00001000
00000100
00001000
00000000
00001001
00000000
,
00000001
00000100
00000001
00000100
00000001
00000000
00001001
00000000
,
00000100
00001000
00000100
00001000
00000100
00000000
00001001
00000000
,
00000010
00001000
00100000
00010000
00100000
00000000
01100000
00000000
,
00010000
01000000
00010000
01000000
00010000
00000000
10010000
00000000
,
10000000
01000000
00010000
01000000
10000000
01000000
00010000
01000000
,
10000000
01000000
00010000
01000000
00001000
00010000
00001000
00010000
,
00001000
00000100
00000001
00000100
00001000
00000100
00000001
00000100
,
00001000
00000100
00010000
00001000
01000000
00001000
00010000
00001000
,
00010000
01000000
10000000
01000000
00010000
01000000
10000000
01000000
,
00010000
01000000
10000000
01000000
00001000
00010000
00001000
00010000
,
00000020
00000100
00000100
00000130
,
00000001
00001100
00000101
00001100
,
00000001
00000100
00001000
00000100
00000001
00000100
00001000
00000100
,
00000001
00000100
00001000
00000100
00010000
00001000
00010000
00001000
,
00010000
01000000
10000000
01000000
00010000
01000000
10000000
01000000
,
00010000
01000000
00001000
00010000
00000100
00010000
00001000
00010000
,
00001000
00000100
00000001
00000100
00001000
00000100
00000001
00000100
,
00001000
00000100
00000001
00000100
00010000
00001000
00010000
00001000
,
00200000
00000000
01000000
00000000
01300000
00100000
01000000
00000000
,
00010000
10000000
00010000
00000000
00010000
01000000
10000000
01000000
,
00020000
00002000
00030000
00003000
,
00002000
00000200
00003000
00000300
,
00000001
00000001
00000001
00000100
00000010
00000000
00001000
00000000
,
00000100
00010000
00000000
01010000
00000000
00000000
10010000
00000000
,
01000000
00100000
01000000
00100000
10000000
00000000
00010000
00000000
,
01000000
00000000
00010000
00000000
00000010
00000000
00000100
00000010
,
00000001
00000000
00001000
00000000
00000010
00000100
00000001
00001000
,
00000010
00000010
00000100
00001001
,
00000010
00000001
00000010
00000000
00001000
00010000
00001000
00000000
,
00100000
00010000
00100000
00000000
01000000
10000000
01000000
00000000
,
20000000
00000000
30200000
00000000
02300000
00000000
03010000
00010000
,
01000000
00000000
00001000
00000000
00010000
00000100
00010000
00000010
,
00001000
00000100
00001000
00000000
00000001
00000100
00000001
00000000
,
00001000
00000010
00001000
00000000
00001000
00010000
00001000
00000000
,
02000000
00000000
03020000
00000000
20030000
00000000
30100000
00100000
,
10000000
11000000
00010000
01010000
,
10000000
01000000
10000000
01000000
10000000
00000000
10010000
00000000
,
00010000
01000000
00010000
01000000
00010000
00000000
10010000
00000000
,
00100000
00010000
00000010
00001000
00000010
00000000
00000110
00000000
,
00001000
00000100
00001000
00000100
00001000
00000000
00001001
00000000
,
00000001
00000100
00000001
00000100
00000001
00000000
00001001
00000000
,
00000100
00001000
00000100
00001000
00000100
00000000
00001001
00000000
,
00000010
00001000
00100000
00010000
00100000
00000000
01100000
00000000
,
00010000
01000000
00010000
01000000
00010000
00000000
10010000
00000000
,
01000000
00010000
01000000
00001000
,
00010000
00000010
00010000
00000100
,
00000001
00000001
00001000
00001000
,
00000010
00000100
00000001
00001000
00000001
00000001
00000001
00001000
,
00000020
00000000
00000000
00000200
00000330
00000000
00000000
00000000
,
00000000
00000000
00000000
00000000
;
