#TITLE:Frozen Ray ～for EXTREME～;
#SUBTITLE:;
#ARTIST:dj TAKA;
#TITLETRANSLIT:;
#SUBTITLETRANSLIT:;
#ARTISTTRANSLIT:;
#CREDIT:;
#BANNER:Frozen Ray ~for EXTREME~.png;
#BACKGROUND:Frozen Ray ~for EXTREME~-bg.png;
#LYRICSPATH:;
#CDTITLE:./CDTITLES/KEYBOARDMANIA.PNG;
#MUSIC:Frozen Ray ~for EXTREME~.ogg;
#OFFSET:0.000;
#SAMPLESTART:26.153;
#SAMPLELENGTH:15.000;
#SELECTABLE:YES;
#DISPLAYBPM:156.000;
#BPMS:0.000=156.522,4.000=155.997;
#STOPS:;
#BGCHANGES:;

//---------------dance-single - ----------------
#NOTES:
     dance-single:
     :
     Beginner:
     4:
     0.165,0.156,0.018,0.000,0.000:
0000
0000
0000
0000
,
0000
0000
0000
0000
,
0000
0000
0000
0000
,
0000
0000
0000
0000
,
0000
0000
0000
0000
,
0010
0000
0000
0000
,
0001
0000
0000
0000
,
1000
0000
0000
0000
,
0100
0000
0000
0000
,
0010
0000
0010
0000
,
1000
0000
1000
0000
,
0001
0000
0001
0000
,
0100
0000
0100
0000
,
1000
0000
0010
0000
,
0001
0000
0010
0000
,
0010
0000
0100
0000
,
0010
0000
0100
0000
,
1000
0000
0001
0000
,
0000
0100
0000
0010
,
0010
0000
0100
0100
,
0000
0100
0000
0100
,
0000
0100
0000
1000
,
0000
0100
0000
0010
,
0010
0000
0100
0100
,
0000
0100
0000
0100
,
0000
1001
0000
0100
,
0000
0001
0000
1000
,
0000
0001
0000
0010
,
0000
0010
0000
1000
,
0000
1001
0000
0100
,
0000
1000
0000
0001
,
0000
1000
0000
0010
,
0000
0010
0000
0001
,
0000
0100
0000
1000
,
1000
0000
0100
0000
,
0001
0000
0001
0000
,
0010
0000
0010
0000
,
0000
0001
0000
0100
,
0100
0000
0100
0000
,
1000
0000
1000
0000
,
0010
0000
0010
0000
,
0000
1000
0000
0010
,
0010
0000
0010
0000
,
0001
0000
0001
0000
,
0100
0000
0100
0000
,
0000
0001
0000
0010
,
0010
0000
0010
0000
,
1000
0000
1000
0000
,
0100
0000
0100
0000
,
0010
0000
0000
0100
,
0000
1000
0000
0010
,
0010
0000
0100
0000
,
0001
0000
0001
0000
,
0010
0000
0000
0100
,
0100
0000
0001
0000
,
0010
0000
0100
0000
,
1000
0000
1000
0000
,
0100
0100
0000
0010
,
0000
1000
0000
0100
,
0100
0000
0010
0000
,
0001
0000
0001
0000
,
0100
0100
0000
0010
,
0000
0001
0000
0100
,
0100
0000
0010
0000
,
1000
0000
1000
0000
,
0010
0000
0000
0000
,
0100
0000
0000
0000
,
0001
0000
0000
0000
,
1000
0000
0000
0000
,
0000
0000
0000
0000
;

//---------------dance-single - ----------------
#NOTES:
     dance-single:
     :
     Easy:
     5:
     0.250,0.315,0.110,0.073,0.000:
0000
0000
0000
0000
,
0000
0000
0000
0000
,
0000
0000
0000
0000
,
0000
0000
0000
0000
,
0000
0000
0000
0000
,
0020
0000
0000
0030
,
0002
0000
0000
0003
,
2000
0000
0000
3000
,
0200
0000
0000
0300
,
0010
0000
0010
0000
,
1000
0000
1000
0000
,
0001
0000
0001
0000
,
0100
0000
0100
0010
,
1000
0100
0010
0000
,
0001
0100
0010
0000
,
0010
0000
0100
0000
,
0010
0000
0100
0000
,
1000
1010
0000
0001
,
1000
0000
0100
0000
,
0010
0000
0100
0100
,
1000
0100
1000
0100
,
0001
0011
0000
1000
,
0001
0000
0100
0000
,
0010
0000
0100
0100
,
0001
0100
0001
0100
,
0010
1001
1000
0100
,
0010
0001
1000
1000
,
0001
0001
0010
0010
,
0001
0010
0100
1000
,
0010
1001
0001
0100
,
0010
1000
0001
0001
,
1000
1000
0010
0010
,
1000
0010
0100
0001
,
1000
0100
1000
0000
,
0100
0001
0100
0000
,
0001
0010
0001
0000
,
0010
1000
0010
0000
,
0001
0100
0001
0000
,
0100
1000
0100
0000
,
1000
0010
1000
0000
,
0010
0001
0010
0000
,
1000
0010
1000
0000
,
0010
0001
0010
0000
,
0001
0100
0001
0000
,
0100
1000
0100
0000
,
0001
0010
0001
0000
,
0010
1000
0010
0000
,
1000
0100
1000
0000
,
0100
0001
0100
0000
,
0010
1001
0000
0100
,
0001
0000
1000
0000
,
0010
0000
0100
0000
,
0001
0000
0001
1001
,
0010
1001
0000
0100
,
1000
0000
0001
0000
,
0010
0000
0100
0000
,
1000
0000
1000
1001
,
0100
1001
0000
0010
,
0001
0000
1000
0000
,
0100
0000
0010
0000
,
0001
0000
0001
1001
,
0100
1001
0000
0010
,
1000
0000
0001
0000
,
0100
0000
0010
0000
,
1000
0000
1000
1001
,
0020
0000
0000
0030
,
0200
0000
0000
0300
,
0002
0000
0000
0003
,
2000
0000
0000
3000
,
0000
0000
0000
0000
;

//---------------dance-single - ----------------
#NOTES:
     dance-single:
     :
     Medium:
     9:
     0.386,0.409,0.119,0.046,0.000:
0000
0000
0000
0000
,
0000
0000
0000
0000
,
0000
0000
0000
0000
,
0000
0000
0000
0000
,
0000
0000
0000
0000
,
0100
0100
0100
0100
,
0010
0010
0010
0010
,
1000
1000
1000
1000
,
0001
0001
0001
0001
,
0010
1000
0010
0000
0100
0000
0001
0000
,
0010
0001
0010
0000
0100
0000
1000
0001
,
0100
0001
0100
0000
0010
0000
1000
0000
,
0100
1000
0100
0000
0010
0000
0001
1000
,
0010
0100
0010
0000
0010
1000
0010
0000
,
0100
0010
0100
0000
0100
0001
0100
0000
,
0020
0000
0000
0000
1000
0000
1030
0100
,
0020
0000
0000
0000
0001
0000
0031
0100
,
0010
0000
1100
0000
0000
0001
0000
0001
,
0000
1000
0100
1000
0001
0000
2000
0000
,
0010
0100
0001
0100
,
0010
0100
0001
3100
,
0010
0000
0101
0000
0000
1000
0000
1000
,
0000
0000
0100
0001
1000
0000
0002
0000
,
0010
0100
1000
0100
,
0010
0100
1000
0103
,
0010
0101
1000
0100
,
0001
0000
0100
0000
1000
0001
1000
0000
,
0100
1000
0001
0000
0100
0001
1000
0000
,
0011
1100
0101
1010
,
0100
0001
1000
1000
,
0100
1000
0001
0001
,
1000
0100
0010
0000
0001
0100
0010
0000
,
0100
1000
0001
1001
,
0000
1000
0100
1000
0000
0100
0000
0001
,
0000
0100
0001
0100
0000
0001
0000
0010
,
0000
0001
0010
0001
0000
0010
0000
1000
,
0000
0010
1000
0010
0000
1000
0000
0100
,
0000
0001
0100
0001
0000
0100
0000
1000
,
0000
0100
1000
0100
0000
1000
0000
0010
,
0000
1000
0010
1000
0000
0010
0000
0001
,
0000
0010
0001
0010
0000
0001
0000
0100
,
0000
1000
0100
1000
0000
0001
0000
0100
,
0000
0100
0001
0100
0000
0010
0000
0001
,
0000
0001
0010
0001
0000
1000
0000
0010
,
0000
0010
1000
0010
0000
0100
0000
1000
,
0000
0001
0100
0001
0000
1000
0000
0100
,
0000
0100
1000
0100
0000
0010
0000
1000
,
0000
1000
0010
1000
0000
0001
0000
0010
,
0000
0010
0001
0010
0000
0100
1000
0001
,
0100
1010
0001
0001
,
1000
1000
0100
0100
,
0010
0001
0010
1000
,
0010
0001
0010
1000
,
0010
0001
0100
0001
,
0010
0001
0100
0001
,
1000
1000
0100
0100
,
0000
0010
0000
0010
0000
0001
1000
0000
,
0100
0011
1000
1000
,
0001
0001
0100
0100
,
0010
1000
0010
0001
,
0010
1000
0010
0001
,
0010
1100
0001
0001
,
0100
0011
1000
1000
,
0001
0100
0010
1000
,
1000
0100
0010
0001
,
1002
0000
0000
0000
,
0100
0000
0000
0000
,
0010
0000
0000
0000
,
1000
0000
0000
0003
,
0000
0000
0000
0000
;

//---------------dance-single - ----------------
#NOTES:
     dance-single:
     :
     Hard:
     12:
     0.534,0.535,0.082,0.037,0.105:
0000
0000
0000
0000
,
0000
0000
0000
0000
,
0000
0000
0000
0000
,
0000
0000
0000
0000
,
0000
0000
0000
0000
,
1000
1000
1000
1000
,
0100
0100
0100
0100
,
0010
0000
0000
0001
0010
0000
0000
0001
0010
0000
0000
0001
0010
0000
0000
0001
,
1000
0000
0000
0100
1000
0000
0000
0100
1000
0000
0000
0100
1000
0000
0100
0000
,
0010
0000
0001
0000
0010
0000
0000
0000
0100
0000
0000
0100
0010
0000
0000
0000
,
0010
0000
1000
0000
0010
0000
0000
0000
0100
0000
0000
0100
0010
0000
1000
0000
,
0001
0000
0100
0000
0001
0000
0000
0000
1000
0000
0000
0100
0010
0000
0000
0000
,
1000
0000
0100
0000
1000
0000
0000
0000
0001
0000
0000
0100
0010
0000
0100
0000
,
0001
0100
0010
0000
1000
0100
0010
0000
,
0001
0000
1000
0000
0100
0000
0000
0000
0001
0000
0000
1000
0100
0000
0100
0000
,
0010
0000
0000
0000
0010
0000
0000
0001
1000
0000
0000
1000
0001
0000
0100
0000
,
0010
0010
0000
0000
1000
0001
1000
0100
,
1000
0000
0011
0000
1000
0100
1000
0001
,
0000
0001
0000
1000
0000
1000
0100
1000
,
0010
0000
0001
0100
0000
0010
1000
0010
,
0000
1000
0000
1000
0000
0001
0100
0010
,
0001
0000
1010
0000
0001
0100
0001
1000
,
0000
0000
1000
0001
0000
0001
0100
0001
,
0010
0010
0000
0001
0100
0100
0000
1000
,
1100
0000
0101
0000
1001
0100
0010
0100
,
0010
0000
0001
0000
0010
0000
0000
0000
1000
0100
0000
0000
0010
0000
0100
0000
,
0010
0001
1000
0000
1000
1000
0001
0000
,
0010
1000
0000
1000
0100
0000
0000
0100
0010
0000
0001
0000
0001
0000
0000
0000
,
0010
0001
0000
0000
1000
0000
0001
0000
1000
0100
0000
0000
0010
0000
0000
0000
,
0001
0000
0100
0000
0010
0000
0000
0000
0010
1000
0000
0000
0100
0000
0010
0000
,
0001
0000
0010
0000
0100
0000
0000
0000
0100
1000
0000
0000
0010
0000
0100
0000
,
0001
0000
1000
0000
0001
0000
0000
0000
0001
0100
0000
0000
0010
0000
1000
0000
,
0100
0010
0100
1000
0000
0001
1000
0001
,
0000
1000
0100
1000
0000
0100
0001
0100
,
0000
0001
0010
0001
0000
0010
1000
0010
,
0000
1000
0100
1000
0000
0100
0001
0100
,
0000
0001
0010
0001
0000
0010
1000
0010
,
0000
0001
0100
0001
0000
0100
1000
0100
,
0000
1000
0010
1000
0000
0010
0001
0010
,
0000
0001
0100
0001
0000
0100
1000
0100
,
0000
1000
0010
1000
0000
0010
0001
0010
,
0000
1000
0100
1000
0000
0100
0001
0100
,
0000
1000
0010
1000
0000
0010
0001
0010
,
0000
1000
0100
1000
0000
0100
0001
0100
,
0000
1000
0010
1000
0000
0010
0001
0010
,
0000
0001
0010
0001
0000
0010
1000
0010
,
0000
0001
0100
0001
0000
0100
1000
0100
,
0000
0001
0010
0001
0000
0010
1000
0010
,
0000
0001
0100
0001
0000
0100
1000
0100
,
0001
0000
1000
0100
1000
0010
0000
0010
,
1000
0000
0001
0100
0001
0010
0000
0010
,
1000
0100
1000
0000
0001
0000
0001
0100
,
0000
1000
0000
1000
0000
0001
0100
0010
,
1000
0000
1000
0100
0001
0100
0000
1000
,
0100
0000
0001
0100
1000
0100
0000
0010
,
1000
0100
1000
0000
0100
0000
1000
0010
,
0000
0001
0000
0001
0000
1000
0100
0100
,
0010
0001
0001
0100
1000
0100
0010
0100
,
0001
1000
0001
0010
1000
0010
0100
0010
,
0001
0010
1000
0100
1000
0010
0100
0010
,
0001
1000
0010
0001
0010
1000
0001
0100
,
0010
0100
0001
0100
1000
0100
0001
0100
,
1000
0010
0001
0010
1000
0010
0001
0010
,
1000
0010
0001
0100
0010
1000
0001
0010
,
0100
1000
0001
1000
0010
0100
0001
1000
,
0012
0000
1000
1000
0000
0000
0003
0000
,
2010
0000
0001
0001
0000
0100
3000
0000
,
0110
0000
1000
0100
0000
0001
0000
0000
,
2002
0000
0000
3003
,
0000
0000
0000
0000
;

//---------------dance-double - ----------------
#NOTES:
     dance-double:
     :
     Easy:
     4:
     0.205,0.283,0.082,0.073,0.000:
00000000
00000000
00000000
00000000
,
00000000
00000000
00000000
00000000
,
00000000
00000000
00000000
00000000
,
00000000
00000000
00000000
00000000
,
00000000
00000000
00000000
00000000
,
02000000
00000000
00000000
03000000
,
00002000
00000000
00000000
00003000
,
00020000
00000000
00000000
00030000
,
00000020
00000000
00000000
00000030
,
00000001
00000100
00000000
00000000
,
00000010
00010000
00000000
00000000
,
00001000
01000000
00000000
00000000
,
00100000
10000000
00000000
00000000
,
10000000
01000000
00000000
00100000
,
00001000
00010000
00000000
00000100
,
00000010
00000001
00000000
00001000
,
00000010
00000100
00000000
00001001
,
00000010
00000011
00000000
00000100
,
00001000
00000000
00010000
00000000
,
00001000
00000000
01000000
00000000
,
00010000
00000000
01000000
00000000
,
00100000
10100000
00000000
01000000
,
00010000
00000000
00001000
00000000
,
00010000
00000000
00000100
00000000
,
00001000
00000000
00000100
00000000
,
00001000
00001001
00000000
00000001
,
00000100
00000000
00001000
00000000
,
00010000
00000000
00100000
00000000
,
01000000
00000000
00010000
00000000
,
00010000
10010000
00000000
10000000
,
01000000
00000000
00010000
00000000
,
00001000
00000000
00000010
00000000
,
00000100
00000000
00001000
00000000
,
00000000
00000010
00000000
00000100
,
00000000
00001000
00000000
00010000
,
00000000
00100000
00000000
01000000
,
00000000
00010000
00000000
00001000
,
00000000
00000010
00000000
00000100
,
00000000
00001000
00000000
00010000
,
00000000
00100000
00000000
01000000
,
00000000
00010000
00000000
10000000
,
00000000
01000000
00000000
00100000
,
00000000
00010000
00000000
00001000
,
00000000
00000100
00000000
00000010
,
00000000
00001000
00000000
00010000
,
00000000
01000000
00000000
00100000
,
00000000
00010000
00000000
00001000
,
00000000
00000100
00000000
00000010
,
00000000
00000001
00000000
00001000
,
00000010
00001001
00000001
00000001
,
00000100
00000000
00001000
00000000
,
00010000
00000000
00100000
00000000
,
10000000
00000000
01000000
01000000
,
00100000
10010000
10000000
10000000
,
01000000
00000000
00010000
00000000
,
00001000
00000000
00000010
00000000
,
00000001
00000000
00000100
00000100
,
00000010
00001001
00001000
00000001
,
00000010
00000000
00001000
00000000
,
00010000
00000000
01000000
00000000
,
10000000
00000000
00100000
00100000
,
01000000
10010000
00010000
10000000
,
00100000
00000000
00010000
00000000
,
00001000
00000000
00000100
00000000
,
00000001
00000000
00000010
00000010
,
00000200
00000000
00000000
00000300
,
00020000
00000000
00000000
00030000
,
00002000
00000000
00000000
00003000
,
02000000
00000000
00000000
03000000
,
00000000
00000000
00000000
00000000
;

//---------------dance-double - ----------------
#NOTES:
     dance-double:
     :
     Medium:
     8:
     0.361,0.378,0.073,0.037,0.000:
00000000
00000000
00000000
00000000
,
00000000
00000000
00000000
00000000
,
00000000
00000000
00000000
00000000
,
00000000
00000000
00000000
00000000
,
00000000
00000000
00000000
00000000
,
00000001
00000001
00000001
00000001
,
00000100
00000100
00000100
00000100
,
00000010
00000010
00000010
00000010
,
00010000
00010000
00010000
00010000
,
00100000
10000000
00100000
00000000
10000000
00000000
10000000
00000000
,
01000000
00000000
00010000
00000000
00001000
00000000
00010000
00001000
,
00000010
00000001
00000010
00000000
00000001
00000000
00000001
00000000
,
00000100
00000000
00001000
00000000
00010000
00000000
00001000
00010000
,
00100000
10000000
00100000
00000000
01000000
00000000
00001000
00000000
,
00010000
00000100
00000010
00000001
,
00000100
00000010
00010000
00000000
00001000
00000000
00010000
00000000
,
01000000
00100000
00001000
00000000
00010000
00000000
00001000
00000000
,
00000010
00000011
00000001
00000100
,
00001000
00010000
00001000
00010000
,
00100000
10000000
01000000
10000000
,
01000000
00000000
00100000
00000000
00001000
01000000
00010000
01000000
,
00100000
10100000
10000000
01000000
,
00010000
00001000
00010000
00001000
,
00000010
00000001
00000100
00000001
,
00000100
00000000
00000010
00000000
00010000
00000100
00001000
00000100
,
00000010
00001001
00000010
00000100
,
00001000
00010000
01000000
10000000
,
00000000
00100000
00000000
01000000
00000000
00001000
00000000
00010000
,
00000000
00000010
00000000
00000100
00000000
00001000
00010000
01000000
,
00100000
10010000
00100000
01000000
,
00010000
00001000
00000100
00000001
,
00000000
00000010
00000000
00000100
00000000
00010000
00000000
00001000
,
00000000
00100000
00010000
01000000
00000000
00001000
00010000
00000100
,
00000000
00000010
00000000
00000001
00000000
00000100
00000000
00001000
,
00000000
00010000
00000000
00100000
00000000
10000000
00000000
01000000
,
00000000
00010000
00000000
00001000
00000000
00000100
00000000
00000001
,
00000000
00000010
00000000
00001000
00000000
00010000
00000000
01000000
,
00000000
10000000
00000000
00100000
00000000
01000000
00000000
00001000
,
00000000
00010000
00000000
00000010
00000000
00000100
00000000
00000001
,
00000000
00000010
00000000
00000100
00000000
00010000
00000000
00001000
,
00000000
00100000
00000000
01000000
00000000
10000000
00000000
01000000
,
00000000
00100000
00000000
10000000
00000000
01000000
00000000
00010000
,
00000000
00001000
00000000
00000010
00000000
00000001
00000000
00000100
,
00000000
00001000
00000000
00010000
00000000
01000000
00000000
10000000
,
00000000
00100000
00000000
00010000
00000000
00001000
00000000
00000100
,
00000000
00000001
00000000
00000010
00000000
00000100
00000000
00010000
,
00000000
00001000
00000000
00100000
00000000
01000000
00000000
10000000
,
00000000
00100000
00000000
01000000
00000000
00001000
00000000
00010000
,
00000000
00000010
00000000
00000100
00000000
00000001
00000000
00000100
,
00000010
00001100
00000001
00000100
,
00001000
00010000
00100000
01000000
,
00010000
00001000
00000010
00000100
,
00001000
00000000
00010000
00000000
00100000
01000000
00010000
10000000
,
00100000
01010000
10000000
01000000
,
00010000
00001000
00000010
00000100
,
00001000
00010000
00100000
01000000
,
00010000
00000000
00001000
00000000
00000010
00000100
00001000
00000001
,
00000100
00001010
00000001
00000100
,
00001000
00010000
00100000
01000000
,
00010000
00001000
00000010
00000100
,
00000000
00001000
00000000
00010000
00000000
00100000
10000000
00010000
,
01000000
00110000
10000000
01000000
,
00010000
00001000
00000010
00000100
,
00001000
00010000
00100000
01000000
,
00000000
00010000
00000000
00001000
00000000
00000010
00000001
00001000
,
00000020
00000000
00000000
00000030
,
00020000
00000000
00000000
00030000
,
00002000
00000000
00000000
00003000
,
02000000
00000000
00000000
03000000
,
00000000
00000000
00000000
00000000
;

//---------------dance-double - ----------------
#NOTES:
     dance-double:
     :
     Hard:
     11:
     0.475,0.472,0.055,0.009,0.000:
00000000
00000000
00000000
00000000
,
00000000
00000000
00000000
00000000
,
00000000
00000000
00000000
00000000
,
00000000
00000000
00000000
00000000
,
00000000
00000000
00000000
00000000
,
01000000
01000000
01000000
01000000
,
00010000
00010000
00010000
00010000
,
00001000
00001000
00001000
00001000
,
00000010
00000000
00000010
00000000
00000010
00000000
00000010
00000001
,
00000100
00000010
00010000
00000000
00001000
00000000
01000000
00000000
,
00100000
10000000
01000000
00000000
00100000
00000000
00001000
00010000
,
00001000
00000010
00000100
00000000
00001000
00000000
00000001
00000000
,
00000100
00000010
00010000
00000000
00001000
00000000
00100000
01000000
,
10000000
00100000
10000000
00000000
00001000
01000000
00001000
00000000
,
00010000
00000010
00010000
00000000
00000100
00000000
00000010
00000001
,
00000100
00001000
00000000
00000000
00001000
00010000
00100000
10000000
,
01000000
00010000
00000000
00000000
00010000
00001000
00000010
00000001
,
00000100
00000000
00000011
00000000
00000001
00000100
00000010
00010000
,
00000000
00001000
00000000
00010000
00000000
00100000
10000000
01000000
,
10000000
00000000
10000000
01000000
00000000
01000000
00010000
01000000
,
00000000
00010000
00000000
00001000
00000000
00000010
00000001
00000010
,
00000100
00000000
00000011
00000000
00000001
00000100
00000010
00010000
,
00000000
00000000
00001000
01000000
00000000
00100000
10000000
01000000
,
00010000
00001000
00000000
00010000
00000100
00000000
00000000
00000010
,
00000001
00000000
00000010
00000000
00001000
00010000
00001000
01000000
,
00100000
10000000
01000000
00000000
00010000
00000000
00001000
00000000
,
00000010
00000001
00001000
00000000
00000010
00000100
00000001
00000000
,
00000001
00000100
00001000
00000000
00000100
00001000
00010000
00000000
,
00010000
00100000
10000000
00100000
10000000
00000000
01000000
00000000
,
00010000
00001000
00010000
00000000
00001000
00000010
00000001
00000100
,
00000010
00010000
00001000
00000000
00000010
00000001
00000100
00001000
,
00010000
00001000
01000000
00000000
00100000
10000000
01000000
00100000
,
00001000
00010000
00000100
00000010
00000000
00000001
00001000
00000100
,
00000000
00000010
00000001
00000010
00000000
00000001
00000100
00000001
,
00000000
00000100
00001000
00000100
00000000
00001000
00010000
00001000
,
00000000
00010000
00100000
00010000
00000000
00100000
10000000
00100000
,
00000000
10000000
01000000
10000000
00000000
01000000
00010000
01000000
,
00000000
00010000
00001000
00010000
00000000
00001000
00000010
00001000
,
00000000
00000010
00000001
00000010
00000000
00000001
00000100
00000001
,
00000000
00000100
00001000
00000100
00000000
00001000
00010000
00001000
,
00000000
00010000
01000000
00010000
00000000
01000000
10000000
01000000
,
00000000
10000000
00100000
10000000
00000000
00100000
00010000
00100000
,
00000000
00010000
00001000
00010000
00000000
00001000
00000010
00001000
,
00000000
00000010
00000001
00000010
00000000
00000001
00000100
00000001
,
00000000
00000100
00001000
00000100
00000000
00001000
00010000
00001000
,
00000000
01000000
00100000
01000000
00000000
00010000
00100000
00001000
,
00000000
00010000
00000100
00000010
00000000
00000001
00000100
00000010
,
00000000
00000001
00000100
00000001
00000000
00000010
00010000
00000010
,
00000000
00001000
01000000
00001000
00000000
00100000
10000000
00100000
,
01000000
00000000
10100000
00010000
10000000
01000000
00000000
01000000
,
00010000
00000000
00010000
00001000
00000000
00000010
00000000
00000001
,
00000100
00000010
00001000
00000001
00000000
00000100
00000000
00001000
,
00000000
00010000
00000000
00100000
00000000
10000000
01000000
00100000
,
00010000
00000000
11000000
00100000
00001000
00010000
00000000
00010000
,
01000000
00000000
00100000
10000000
01000000
00010000
00000000
00010000
,
00001000
00010000
00000100
00000000
00000010
00000000
00000001
00000100
,
00000000
00001000
00000000
00010000
00000000
00001000
00000010
00000001
,
00000100
00000000
00000011
00001000
00000001
00000100
00000000
00000100
,
00001000
00000000
00001000
00010000
00000000
00100000
00000000
10000000
,
01000000
00100000
00010000
10000000
00000000
01000000
00000000
00010000
,
00000000
00001000
00000000
00000010
00000000
00000001
00000100
00000010
,
00001000
00000000
00000101
00000010
00010000
00001000
00000000
00001000
,
00000100
00000000
00000010
00000001
00000100
00001000
00000000
00001000
,
00010000
00001000
01000000
00000000
00100000
00000000
10000000
01000000
,
00000000
00010000
00000000
00001000
00000000
00010000
00100000
10000000
,
01000000
00000000
00100000
00001000
00000000
00000000
00000000
00000000
,
00010000
00000000
00000100
00000010
00000000
00001000
00000000
00000000
,
00000010
00000000
00000001
00000100
00000000
00001000
00000000
00000000
,
00020000
00000000
00000000
00030000
,
00000000
00000000
00000000
00000000
;
