#TITLE:GAMBOL;
#SUBTITLE:;
#ARTIST:SLAKE;
#TITLETRANSLIT:;
#SUBTITLETRANSLIT:;
#ARTISTTRANSLIT:;
#CREDIT:;
#BANNER:GAMBOL.png;
#BACKGROUND:GAMBOL-bg.png;
#LYRICSPATH:;
#CDTITLE:./CDTITLES/DANCE DANCE REVOLUTION CLUB VERSION.PNG;
#MUSIC:GAMBOL.mp3;
#OFFSET:-0.038;
#SAMPLESTART:4.700;
#SAMPLELENGTH:12.000;
#SELECTABLE:YES;
#DISPLAYBPM:102.000;
#BPMS:0.000=102.030;
#STOPS:;
#BGCHANGES:;

//---------------dance-single - ----------------
#NOTES:
     dance-single:
     :
     Easy:
     1:
     0.130,0.177,0.013,0.000,0.000:
0000
0000
0000
0000
,
0000
0000
0000
0000
,
0000
0000
0000
0000
,
0000
0000
0000
0000
,
1000
0000
0000
0000
,
0001
0000
0000
0000
,
0010
0000
0000
0000
,
0100
0000
0000
0000
,
1000
0000
1000
0000
,
0001
0000
0001
0000
,
0010
0000
0010
0010
,
0100
0000
0100
0100
,
1000
0000
1000
0100
,
0001
0000
0001
0100
,
0010
1000
1000
0000
,
0100
0001
0001
0000
,
1000
0000
0001
0000
,
0001
1000
0001
1000
,
0001
0001
1000
0001
,
0010
0010
0100
0010
,
1000
0001
1000
1000
,
0100
0010
0100
0010
,
0100
1000
0100
0001
,
0100
0000
0100
0001
,
0010
0000
0010
0001
,
0010
1000
0010
0001
,
1000
1000
0001
0001
,
0010
0010
0100
0100
,
1001
0000
0000
0000
;

//---------------dance-single - ----------------
#NOTES:
     dance-single:
     :
     Medium:
     5:
     0.238,0.300,0.177,0.000,0.000:
0000
0000
0000
0000
,
0000
0000
0000
0000
,
0000
0000
0000
0000
,
0000
0000
0000
0000
,
0010
1001
0110
1001
,
0100
1001
0110
1001
,
1000
0010
1001
0100
,
1000
1000
0001
0000
0001
0001
1000
0000
,
1000
1000
0001
0000
0001
0001
1000
0000
,
1000
0100
0001
0010
,
1000
0010
1000
0001
,
0001
0100
0001
1000
,
0010
0100
0010
0001
,
0100
0010
0010
1000
,
0001
0000
0010
0000
1000
0100
0001
0000
,
0001
0000
0010
0000
0001
0010
1000
0000
,
0010
0000
0001
0000
0100
0001
1000
0000
,
0100
0000
0010
0000
0010
1000
0001
0000
,
0011
0100
0010
1000
,
1010
0100
0100
0001
,
1001
1000
1000
0000
0001
0001
0001
0000
,
1001
0001
1000
0000
0001
1000
1001
0000
,
0001
0001
1000
0001
,
1000
0000
1000
0000
0001
0000
1000
0100
,
0001
0000
1000
0000
0001
0100
1000
0000
,
1000
0000
0001
0010
1000
0000
0010
0000
,
0100
0100
0100
0100
0010
0010
0010
0010
,
0001
0001
0001
0001
1000
0000
1001
0000
,
0110
0000
0000
0000
;

//---------------dance-single - ----------------
#NOTES:
     dance-single:
     :
     Hard:
     8:
     0.310,0.406,0.265,0.000,0.107:  // measure 1
0000
0000
0000
0000
,  // measure 2
0000
0000
0000
0000
,  // measure 3
0000
0000
0000
0000
,  // measure 4
0000
0000
0000
0000
,  // measure 5
0010
0010
1001
0000
0100
0100
1001
0000
,  // measure 6
0100
0010
1001
0000
0010
0100
1001
0000
,  // measure 7
1000
0000
0000
0010
0100
0000
0010
0000
1001
0000
0010
0000
0100
0000
0000
0000
,  // measure 8
1000
0010
1000
0000
0001
0100
0001
0000
,  // measure 9
0100
0001
0100
0000
0010
1000
0010
0000
,  // measure 10
1000
0010
0001
0000
1000
0001
1000
0001
,  // measure 11
1000
0000
0000
0010
0000
0000
0000
0000
0100
0000
0001
0000
1000
0000
0000
0000
,  // measure 12
0001
0000
0000
0100
0000
0000
0000
0000
0010
0000
1000
0000
0001
0000
0000
0000
,  // measure 13
0010
0000
0000
0100
0000
0000
0000
0000
0001
0000
0100
0000
1000
0000
0000
0000
,  // measure 14
0100
0000
0000
0010
0000
0000
0000
0000
1000
0000
0100
0000
0001
0000
0000
0000
,  // measure 15
0101
0000
0000
0000
0000
0010
0100
0000
0001
0000
1000
0000
0100
0000
0000
0000
,  // measure 16
1100
0000
0000
0000
0000
0010
0100
0000
1000
0000
0000
0000
0100
0000
0000
0000
,  // measure 17
1010
0000
0000
0000
0000
0100
0010
0000
1000
0000
0000
0000
0010
0000
0000
0000
,  // measure 18
1100
0000
0000
0000
0000
0100
0010
0000
1000
0000
0001
0000
0100
0000
0000
0000
,  // measure 19
1000
0100
0001
0000
0001
0100
1000
0000
,  // measure 20
1001
0000
0100
1000
0100
0010
0001
0000
,  // measure 21
0010
1000
0001
0100
0001
0010
0001
0000
,  // measure 22
1010
0000
0000
0000
1001
0000
0000
0000
1100
0000
0000
0000
1000
0001
0000
0000
,  // measure 23
0001
1000
0000
0000
0010
0000
0000
0100
1000
0000
0010
0000
0001
0000
0100
0000
,  // measure 24
1000
0001
0000
0000
1000
0000
0000
0100
0001
0000
0010
0000
1000
0000
0100
0000
,  // measure 25
0001
1000
0000
0000
0001
0000
0000
0010
1000
0000
0100
0000
0001
0000
0010
0000
,  // measure 26
0001
1000
0000
0000
0001
0000
0100
0000
1000
0000
0010
0000
0001
0000
0100
0000
,  // measure 27
0000
1010
1000
1000
1001
0001
0101
0001
,  // measure 28
0101
0001
1001
1000
1010
1000
1001
0000
,  // measure 29
0110
0000
0000
0000
;

//---------------dance-double - ----------------
#NOTES:
     dance-double:
     :
     Easy:
     4:
     0.250,0.265,0.202,0.000,0.000:
00000000
00000000
00000000
00000000
,
00000000
00000000
00000000
00000000
,
00000000
00000000
00000000
00000000
,
00000000
00000000
00000000
00000000
,
00100000
10010000
01000000
00010000
,
00001000
00000000
00001001
00000000
00000001
00000001
00001001
00000000
,
00011000
00000000
00100000
00000000
10000000
10000000
10010000
00000000
,
10000000
00010000
00010000
00000000
00001000
00000000
00011000
00000000
,
00100000
00011000
00000010
00011000
,
00010000
01000000
00010000
01000000
,
10010000
00000000
00100000
00000000
00001000
00010000
00001000
00000000
,
00000001
00000000
00000100
00000000
00010000
00001000
00010000
00000000
,
10000000
00000000
00100000
00000000
00010000
00000000
00001000
00000001
,
00001000
00000000
00000010
00000000
00001000
00010000
01000000
00000000
,
10000000
01000000
10000000
00000000
01010000
00000000
00010000
00000000
,
00001000
00000010
00001000
00000000
00000010
00000000
00011000
00000000
,
00010000
00000000
00100000
01000000
10000000
00000000
00010000
00000000
,
00000100
00000000
00000010
00000000
00000001
00000000
00001000
00010000
,
00001000
00010000
00010000
00000000
10000000
01000000
00100000
00000000
,
00001000
00000000
00001000
00000000
00000001
00001000
00001000
00010000
,
01000000
00000000
10000000
00100000
00010000
00100000
00010000
00000000
,
00010000
00000000
00001000
00000100
00000001
00000000
00001000
00000000
,
00010000
00000000
10100000
00000000
10000000
00000000
01010000
00010000
,
00001000
00000000
00000110
00000000
00001001
00000000
00001000
00001000
,
00010000
00000000
00010000
01000000
10000000
00000000
00010000
00010000
,
00001000
00000000
00000001
00001000
00000001
00000000
00001000
00000000
,
00000000
00000001
00001000
00000001
00000000
00000001
00000100
00001000
,
00000000
00010000
00001000
00010000
00000000
10000000
01000000
00000000
,
01100000
00000000
00000000
00000000
;

//---------------dance-double - ----------------
#NOTES:
     dance-double:
     :
     Medium:
     7:
     0.288,0.318,0.277,0.000,0.082:
00000000
00000000
00000000
00000000
,
00000000
00000000
00000000
00000000
,
00000000
00000000
00000000
00000000
,
00000000
00000000
00000000
00000000
,
00100000
00100000
10010000
00000000
01000000
00100000
00010000
00000000
,
00000100
00000010
00001001
00000000
00000100
00000010
00001001
00000000
,
00011000
00000000
00000000
00100000
00000000
00000000
00000000
00000000
10010000
00000000
00000000
00000000
00010000
00000000
00000000
00000000
,
00001000
00010000
00011000
00000000
00001100
00000000
00011000
00000000
,
01010000
00011000
00000000
00011000
,
01000000
00100000
00010000
00000000
00000100
00001000
00010000
00000000
,
10010000
00000000
00000000
00100000
00000000
00000000
00000000
00000000
00100000
00000000
00010000
00000000
00001000
00000000
00000000
00000000
,
00000001
00000000
00000000
00000100
00000000
00000000
00000000
00000000
00000100
00000000
00001000
00000000
00010000
00000000
00000000
00000000
,
10010000
00000000
00000000
01000000
00000000
00000000
00000000
00000000
00100000
00000000
00010000
00000000
00001000
00000000
00000000
00000000
,
00000001
00000000
00000000
00000010
00000000
00000000
00000000
00000000
00000100
00000000
00001000
00000000
00010000
00000000
00000000
00000000
,
10010000
00000000
00000000
00100000
00000000
00000000
00000000
00000000
01000000
00000000
00100000
00000000
00010000
00000000
00000000
00000000
,
00001000
00000000
00000000
00000100
00000000
00000000
00001000
00000000
00000010
00000000
00001000
00000000
00010000
00000000
00000000
00000000
,
10000000
00000000
00000000
00100000
00000000
00000000
00010000
00000000
10000000
00000000
00100000
00000000
00010000
00000000
00000000
00000000
,
00001000
00000000
00000000
00000010
00000000
00000000
00000000
00000000
00000001
00000000
00000100
00000000
00001000
00000000
00000000
00000000
,
00010000
01000000
10000000
01000000
10010000
00000000
00001000
00000000
,
00001000
00000010
00000001
00000010
00001001
00000000
00010000
00000000
,
10000000
00100000
10000000
01000000
10000000
00000000
00010000
00000000
,
00001000
00000100
00000010
00000100
00001000
00000000
00010000
00000000
,
00010000
10000000
00000000
00000000
10010000
00000000
00000000
00000000
00010000
00000000
00001000
00000000
00000100
00000000
00000000
00000000
,
00001000
00000001
00000000
00000000
00000110
00000000
00000000
00000000
00000010
00000000
00001001
00000000
00000100
00000000
00000010
00000000
,
00000001
00001000
00000000
00000000
00001000
00000000
00000100
00000000
00001000
00000000
00010000
00000000
00100000
00000000
00000000
00000000
,
10000000
00010000
00000000
00000000
00010000
00000000
01000000
00000000
10000000
00000000
00000000
00000000
01100000
00000000
00000000
00000000
,
10010000
01000000
00100000
00010000
00100000
01000000
00100000
00010000
,
00001000
00000100
00000010
00000001
00000010
00000001
00000010
00000000
,
00001001
00000000
00000000
00000000
;

//---------------dance-double - ----------------
#NOTES:
     dance-double:
     :
     Hard:
     7:
     0.288,0.318,0.277,0.000,0.082:
00000000
00000000
00000000
00000000
,
00000000
00000000
00000000
00000000
,
00000000
00000000
00000000
00000000
,
00000000
00000000
00000000
00000000
,
00100000
00100000
10010000
00000000
01000000
00100000
00010000
00000000
,
00000100
00000010
00001001
00000000
00000100
00000010
00001001
00000000
,
00011000
00000000
00000000
00100000
00000000
00000000
00000000
00000000
10010000
00000000
00000000
00000000
00010000
00000000
00000000
00000000
,
00001000
00010000
00011000
00000000
00001100
00000000
00011000
00000000
,
01010000
00011000
00000000
00011000
,
01000000
00100000
00010000
00000000
00000100
00001000
00010000
00000000
,
10010000
00000000
00000000
00100000
00000000
00000000
00000000
00000000
00100000
00000000
00010000
00000000
00001000
00000000
00000000
00000000
,
00000001
00000000
00000000
00000100
00000000
00000000
00000000
00000000
00000100
00000000
00001000
00000000
00010000
00000000
00000000
00000000
,
10010000
00000000
00000000
01000000
00000000
00000000
00000000
00000000
00100000
00000000
00010000
00000000
00001000
00000000
00000000
00000000
,
00000001
00000000
00000000
00000010
00000000
00000000
00000000
00000000
00000100
00000000
00001000
00000000
00010000
00000000
00000000
00000000
,
10010000
00000000
00000000
00100000
00000000
00000000
00000000
00000000
01000000
00000000
00100000
00000000
00010000
00000000
00000000
00000000
,
00001000
00000000
00000000
00000100
00000000
00000000
00001000
00000000
00000010
00000000
00001000
00000000
00010000
00000000
00000000
00000000
,
10000000
00000000
00000000
00100000
00000000
00000000
00010000
00000000
10000000
00000000
00100000
00000000
00010000
00000000
00000000
00000000
,
00001000
00000000
00000000
00000010
00000000
00000000
00000000
00000000
00000001
00000000
00000100
00000000
00001000
00000000
00000000
00000000
,
00010000
01000000
10000000
01000000
10010000
00000000
00001000
00000000
,
00001000
00000010
00000001
00000010
00001001
00000000
00010000
00000000
,
10000000
00100000
10000000
01000000
10000000
00000000
00010000
00000000
,
00001000
00000100
00000010
00000100
00001000
00000000
00010000
00000000
,
00010000
10000000
00000000
00000000
10010000
00000000
00000000
00000000
00010000
00000000
00001000
00000000
00000100
00000000
00000000
00000000
,
00001000
00000001
00000000
00000000
00000110
00000000
00000000
00000000
00000010
00000000
00001001
00000000
00000100
00000000
00000010
00000000
,
00000001
00001000
00000000
00000000
00001000
00000000
00000100
00000000
00001000
00000000
00010000
00000000
00100000
00000000
00000000
00000000
,
10000000
00010000
00000000
00000000
00010000
00000000
01000000
00000000
10000000
00000000
00000000
00000000
01100000
00000000
00000000
00000000
,
10010000
01000000
00100000
00010000
00100000
01000000
00100000
00010000
,
00001000
00000100
00000010
00000001
00000010
00000001
00000010
00000000
,
00001001
00000000
00000000
00000000
;
