#TITLE:gentle stress;
#SUBTITLE:;
#ARTIST:DJ Swan;
#TITLETRANSLIT:;
#SUBTITLETRANSLIT:;
#ARTISTTRANSLIT:;
#CREDIT:;
#BANNER:gentle stress.png;
#BACKGROUND:gentle stress-bg.png;
#LYRICSPATH:;
#CDTITLE:./CDTITLES/TECHNO LABEL.PNG;
#MUSIC:gentle stress.mp3;
#OFFSET:-3.025;
#SAMPLESTART:72.540;
#SAMPLELENGTH:12.000;
#SELECTABLE:YES;
#DISPLAYBPM:175.000;
#BPMS:0.000=175.000;
#STOPS:;
#BGCHANGES:;

//---------------dance-single - ----------------
#NOTES:
     dance-single:
     :
     Easy:
     6:
     0.305,0.424,0.144,0.000,0.000:
0000
0000
0000
0000
,
0000
0000
0000
0000
,
0001
0000
0000
0000
0000
0001
0000
0000
,
0001
0000
0000
0000
0000
0001
0000
0000
,
1000
0000
0000
0000
0000
1000
0000
0000
,
1000
0000
0000
0000
0000
1000
0000
0000
,
0010
0000
0000
0000
0000
0010
0000
0000
,
0010
0000
0000
0000
0000
0010
0000
0000
,
1001
0000
0000
0000
0000
0001
0000
0000
,
0001
0000
0000
0000
0000
0001
0000
0000
,
1000
0000
0000
0000
0000
1000
0000
0000
,
1000
0000
0000
0000
0000
1000
0000
0000
,
0010
0000
0000
0000
0000
0010
0000
0000
,
0010
0000
0000
0000
0000
0010
0000
0000
,
0001
0000
0000
0000
0000
0001
0000
0000
,
0100
0000
0000
0000
0000
0100
0000
0000
,
0110
0000
1000
0000
0000
0001
0000
0000
,
0010
0000
0000
0100
0000
1000
0001
0000
,
0010
0000
0001
0000
0000
1000
0000
0000
,
0010
0000
0000
0100
0000
0001
0000
0000
,
0010
0000
1000
0000
0000
0100
0000
0000
,
0010
0000
0000
0100
0000
1000
0001
0000
,
0010
0000
0001
0000
0000
1000
0000
0000
,
0010
0000
0000
0100
0000
0001
1000
0000
,
0110
0000
1000
0000
0000
0001
0000
0000
,
0010
0000
0000
0100
0000
1000
0001
0000
,
0010
0000
0001
0000
0000
1000
0000
0000
,
0010
0000
0000
0100
0000
0001
0000
0000
,
0010
0000
1000
0000
0000
0100
0000
0000
,
0010
0000
0000
0100
0000
1000
0001
0000
,
0010
0000
0001
0000
0000
1000
0000
0000
,
0010
0000
0000
0100
0000
0001
1000
0000
,
0011
0000
0000
0000
,
0000
0000
0000
0000
,
0010
0010
0010
0010
,
0010
0010
0010
1010
,
1001
0000
0100
0000
0000
0010
0000
0000
,
1000
0000
0000
0001
0000
0000
0100
0000
,
0000
0000
0010
0000
0000
1000
0000
0000
,
0001
0000
0000
1000
0000
0000
0000
0000
,
0000
0000
0010
0000
0000
0100
0000
0000
,
0001
0000
0000
1000
0000
0000
0100
0000
,
0000
0000
0001
0000
0000
0010
0000
0000
,
1100
0000
0000
0000
,
1001
0000
0100
0000
0000
0010
0000
0000
,
1000
0000
0000
0001
0000
0000
0100
0000
,
0000
0000
0010
0000
0000
1000
0000
0000
,
0001
0000
0101
0000
0000
1010
0000
0000
,
1001
0000
0010
0000
0000
0100
0000
0000
,
0001
0000
0000
1000
0000
0000
0100
0000
,
0000
0000
0001
0000
0000
0010
0000
0000
,
1100
0000
0000
0000
,
1000
1000
0100
0100
1000
1000
0100
0100
,
1000
0100
1000
0100
0000
0000
0000
0000
,
0001
0001
0010
0010
0001
0001
0010
0010
,
0001
0010
0001
0010
0000
0000
0000
0000
,
0001
0000
0100
0000
0000
0010
0000
0000
,
1000
0000
0000
0010
0000
0000
0100
0000
,
0001
0001
0010
0010
0001
0001
0010
0010
,
0011
0000
0000
0000
,
1000
1000
0100
0100
1000
1000
0100
0100
,
1000
0100
1000
0100
0000
0000
0000
0000
,
0001
0001
0010
0010
0001
0001
0010
0010
,
0001
0010
0001
0010
0000
0000
0000
0000
,
1000
0000
0100
0000
0000
0010
0000
0000
,
0001
0000
0000
0010
0000
0000
0100
0000
,
0010
0010
0010
0010
,
0010
0010
0010
1010
,
0011
0000
0000
0000
;

//---------------dance-single - ----------------
#NOTES:
     dance-single:
     :
     Medium:
     8:
     0.438,0.555,0.279,0.000,0.000:
0000
0000
0000
0000
,
0000
0000
0000
0000
,
0001
0000
0000
0000
0000
0001
0000
0000
,
0001
0000
0000
0000
0000
0001
0100
0001
,
1000
0000
0000
0000
0000
1000
0000
0000
,
1000
0000
0000
0000
0000
1000
0000
0100
,
0010
0000
0000
0000
0000
0010
0000
0000
,
0010
0000
0000
0000
0000
0010
0100
0010
,
1001
0000
0000
0000
0000
0001
0000
0000
,
0001
0000
0000
0000
0000
0001
0000
0001
,
1000
0000
0000
0000
0000
1000
0000
0000
,
1000
0000
0000
0000
0000
1000
0100
1000
,
0010
0000
0000
0000
0000
0010
0000
0000
,
0010
0000
0000
0000
0000
0010
0000
0010
,
0001
0000
0000
0000
0000
0001
0000
0000
,
0100
0000
0000
0000
0000
0100
1000
0001
,
0110
0000
1000
0000
0000
0001
0100
0000
,
0010
0000
0100
0100
0000
0001
1000
0000
,
0010
0000
0100
0000
0000
1000
0100
0000
,
0010
0000
0100
0100
0000
0100
0000
0000
,
0010
0000
1000
0000
0000
0001
0100
0000
,
0010
0000
0100
0100
0000
0001
1000
0000
,
0010
0000
0100
0000
0000
1000
0100
0000
,
0010
0000
0100
0100
0000
1000
0001
0000
,
0110
0000
1000
0000
0000
0001
0100
0000
,
0010
0000
0100
0100
0000
0001
1000
0000
,
0010
0000
0100
0000
0000
1000
0100
0000
,
0010
0000
0100
0100
0000
0100
0000
0000
,
0010
0000
1000
0000
0000
0001
0100
0000
,
0010
0000
0100
0100
0000
0001
1000
0000
,
0010
0000
0100
0000
0000
1000
0100
0000
,
0010
0000
0100
0100
0000
1000
0001
0000
,
0011
0000
0000
0000
,
0000
0000
0000
0000
,
0010
0001
1000
0010
0100
1000
0001
0100
,
0010
0001
1000
0010
0100
0000
1010
0000
,
1001
0000
0010
0000
1000
0001
0100
0000
,
0100
0000
1000
0010
0000
0001
0010
0000
,
0000
0000
0010
0000
0001
1000
0100
0000
,
0100
0000
0001
1000
0000
0000
0000
0000
,
1000
0000
0010
0000
0001
1000
0100
0000
,
0100
0000
0001
0010
0000
1000
0010
0000
,
0000
0000
0010
0000
0001
1000
0100
0000
,
0011
0000
0000
0100
0100
0000
0000
0000
,
1001
0000
0010
0000
1000
0001
0100
0000
,
0100
0000
1000
0010
0000
0001
0010
0000
,
0000
0000
0010
0000
0001
1000
0100
0000
,
0100
0000
0011
0100
0000
1010
0100
0000
,
1001
0000
0010
0000
0001
1000
0100
0000
,
0100
0000
0001
0010
0000
1000
0010
0000
,
0000
0000
0010
0000
0001
1000
0100
0000
,
0011
0000
0000
0100
0100
0000
0000
0000
,
1001
0100
0010
0001
1000
0100
0010
0001
,
1000
0100
0010
0001
0000
0100
1000
0000
,
0001
0010
0100
1000
0001
0010
0100
1000
,
0001
0010
0100
1000
0000
0100
0001
0000
,
0011
0000
1100
0000
0000
0110
0000
0000
,
1010
0000
0000
0101
0000
0000
1100
0000
,
0001
0010
0100
1000
0001
0010
0100
1000
,
0011
0000
1000
0100
0100
0000
0001
0000
,
1010
0100
0010
0001
1000
0100
0010
0001
,
1000
0100
0010
0001
0000
0100
1000
0000
,
0001
0010
0100
1000
0001
0010
0100
1000
,
0001
0010
0100
1000
0000
0100
0001
0000
,
1010
0000
0101
0000
0000
0110
0000
0000
,
0101
0000
0000
1010
0000
0000
0101
0000
,
0010
0001
1000
0010
0100
1000
0001
0100
,
0010
0001
1000
0010
0100
0000
0011
0000
,
1010
0000
0000
0000
;

//---------------dance-single - ----------------
#NOTES:
     dance-single:
     :
     Hard:
     9:
     0.510,0.555,0.375,0.000,0.000:  // measure 1
0000
0000
0000
0000
,  // measure 2
0000
0000
0000
0000
,  // measure 3
0001
0000
0000
0000
0000
0100
0000
0000
,  // measure 4
0001
0000
0000
0000
0000
0100
0100
0001
,  // measure 5
1000
0000
0000
0000
0000
0100
0000
0000
,  // measure 6
1000
0000
0000
0000
0000
0100
0000
0100
,  // measure 7
0010
0000
0000
0000
0000
0100
0000
0000
,  // measure 8
0010
0000
0000
0000
0000
0100
0100
0010
,  // measure 9
1001
0000
0100
0000
0001
0010
0000
0000
,  // measure 10
1000
0000
0010
0000
0001
0100
0000
0000
,  // measure 11
1010
0000
0100
0000
0001
0010
0000
0000
,  // measure 12
1000
0000
0010
0000
0001
0100
0000
0000
,  // measure 13
0101
0000
0100
0000
1000
0010
0000
0000
,  // measure 14
0001
0000
0010
0000
1000
0100
0000
0000
,  // measure 15
1010
0000
0100
0000
1000
0010
0000
0000
,  // measure 16
0001
0000
0010
0000
1000
0100
0100
0000
,  // measure 17
0110
0000
1000
0000
0000
0001
0100
0000
,  // measure 18
0010
0000
0001
0100
0000
0001
1000
0000
,  // measure 19
0011
0000
0100
0000
0000
1000
0100
0000
,  // measure 20
0010
0000
0100
0001
0000
1000
0100
0000
,  // measure 21
0011
0000
1000
0000
0000
0001
0100
0000
,  // measure 22
0010
0000
1000
0100
0000
0001
1000
0000
,  // measure 23
0011
0000
0100
0000
0000
1000
0100
0000
,  // measure 24
1010
0000
0100
0001
0000
1000
0001
0000
,  // measure 25
0110
0000
1000
0000
0000
0001
0100
0000
,  // measure 26
0010
0000
1000
0100
0000
0001
1000
0000
,  // measure 27
0011
0000
0100
0000
0000
1000
0100
0000
,  // measure 28
0010
0000
1000
0100
0000
0010
0000
1000
,  // measure 29
0011
0000
1000
0000
0000
0001
0100
0000
,  // measure 30
0010
0000
1000
0100
0000
0001
1000
0000
,  // measure 31
0011
0000
0100
0000
0000
1000
0100
0000
,  // measure 32
0010
0001
1000
0100
0000
0001
0100
0000
,  // measure 33
0011
0000
0000
0000
0000
0100
0000
0000
,  // measure 34
1000
1000
1000
1000
,  // measure 35
0001
0001
1000
0100
1000
1000
0001
0100
,  // measure 36
0010
1000
0001
0010
0100
0000
1010
0000
,  // measure 37
1001
1000
0100
0001
0001
0100
0000
0010
,  // measure 38
0100
0000
1000
0010
0000
0001
0100
0000
,  // measure 39
0001
0001
0100
1000
1000
0100
0000
0001
,  // measure 40
0010
0000
1000
0001
0000
0000
0000
0000
,  // measure 41
1000
1000
0100
0001
0001
0100
0000
0010
,  // measure 42
0100
0000
1000
0010
0000
0001
0100
0000
,  // measure 43
0001
0001
0100
1000
1000
0100
0000
1000
,  // measure 44
0011
0000
0000
0100
0100
0000
0000
0000
,  // measure 45
1001
1000
0010
0001
0001
0100
0000
0010
,  // measure 46
0100
0000
1000
0010
0000
0001
0100
0000
,  // measure 47
0001
0001
0100
1000
1000
0100
0000
0001
,  // measure 48
0010
0000
0011
0100
0000
1010
0100
0000
,  // measure 49
1001
1000
0100
0001
0001
0100
0000
0010
,  // measure 50
0100
0000
1000
0010
0000
0001
0100
0000
,  // measure 51
0001
0001
0100
1000
1000
0100
0000
1000
,  // measure 52
0011
0000
0000
0100
0100
0000
0000
0000
,  // measure 53
1001
0100
0010
0100
0001
1000
0010
0100
,  // measure 54
0010
0001
1000
0001
0000
0100
1000
0000
,  // measure 55
0001
0010
0100
0010
1000
0001
0100
0010
,  // measure 56
0100
1000
0001
1000
0000
0100
0001
0000
,  // measure 57
0011
0000
1100
0000
0000
0110
0000
0000
,  // measure 58
1010
0000
0000
0101
0000
0000
1100
0000
,  // measure 59
1000
0001
0100
0100
0001
1000
0100
0100
,  // measure 60
0011
0000
1000
0100
0100
0000
0001
0000
,  // measure 61
1010
1000
0100
0001
1000
1000
0100
0001
,  // measure 62
1000
0001
0100
0010
0000
0100
1000
0000
,  // measure 63
0001
0001
0100
1000
0001
0001
0100
1000
,  // measure 64
0001
1000
0100
0010
0000
0100
0001
0000
,  // measure 65
1010
0000
0101
0100
0000
0110
0100
0000
,  // measure 66
0101
0100
0000
1010
0100
0000
0101
0000
,  // measure 67
0010
0010
0100
1000
0010
0010
0100
0001
,  // measure 68
0010
0010
1000
0001
0100
0000
0011
0000
,  // measure 69
1010
0000
0000
0000
;

//---------------dance-double - ----------------
#NOTES:
     dance-double:
     :
     Easy:
     6:
     0.305,0.424,0.144,0.000,0.000:
00000000
00000000
00000000
00000000
,
00000000
00000000
00000000
00000000
,
00010000
00000000
00000000
00000000
00000000
00010000
00000000
00000000
,
00010000
00000000
00000000
00000000
00000000
00010000
00000000
00000000
,
00001000
00000000
00000000
00000000
00000000
00001000
00000000
00000000
,
00001000
00000000
00000000
00000000
00000000
00001000
00000000
00000000
,
00100000
00000000
00000000
00000000
00000000
00100000
00000000
00000000
,
00100000
00000000
00000000
00000000
00000000
00100000
00000000
00000000
,
00011000
00000000
00000000
00000000
00000000
00010000
00000000
00000000
,
00010000
00000000
00000000
00000000
00000000
00010000
00000000
00000000
,
00001000
00000000
00000000
00000000
00000000
00001000
00000000
00000000
,
00001000
00000000
00000000
00000000
00000000
00001000
00000000
00000000
,
00100000
00000000
00000000
00000000
00000000
00100000
00000000
00000000
,
00100000
00000000
00000000
00000000
00000000
00100000
00000000
00000000
,
00010000
00000000
00000000
00000000
00000000
00010000
00000000
00000000
,
01000000
00000000
00000000
00000000
00000000
01000000
00000000
00000000
,
01100000
00000000
10000000
00000000
00000000
00010000
00000000
00000000
,
00100000
00000000
00000000
01000000
00000000
10000000
00010000
00000000
,
00100000
00000000
00010000
00000000
00000000
10000000
00000000
00000000
,
00100000
00000000
00000000
01000000
00000000
00010000
00000000
00000000
,
00001000
00000000
00000010
00000000
00000000
00000100
00000000
00000000
,
00000010
00000000
00000000
00000100
00000000
00000001
00001000
00000000
,
00000010
00000000
00000001
00000000
00000000
00001000
00000000
00000000
,
00000010
00000000
00000000
00000100
00000000
00000001
00001000
00000000
,
00000110
00000000
00001000
00000000
00000000
00000001
00000000
00000000
,
00000010
00000000
00000000
00000100
00000000
00001000
00000001
00000000
,
00000010
00000000
00000001
00000000
00000000
00001000
00000000
00000000
,
00000010
00000000
00000000
00000100
00000000
00001000
00000000
00000000
,
00100000
00000000
00010000
00000000
00000000
01000000
00000000
00000000
,
00100000
00000000
00000000
01000000
00000000
00010000
10000000
00000000
,
00100000
00000000
10000000
00000000
00000000
00010000
00000000
00000000
,
00100000
00000000
00000000
01000000
00000000
10000000
00010000
00000000
,
00110000
00000000
00000000
00000000
,
00000000
00000000
00000000
00000000
,
00010000
00010000
00010000
00010000
,
00010000
00010000
00010000
00010010
,
00000101
00000000
00001000
00000000
00000000
00010000
00000000
00000000
,
00100000
00000000
00000000
10000000
00000000
00000000
01000000
00000000
,
00000000
00000000
00010000
00000000
00000000
00000010
00000000
00000000
,
00000100
00000000
00000000
00000001
00000000
00000000
00000000
00000000
,
00000000
00000000
00001000
00000000
00000000
00010000
00000000
00000000
,
00100000
00000000
00000000
10000000
00000000
00000000
01000000
00000000
,
00000000
00000000
00010000
00000000
00000000
00000010
00000000
00000000
,
00000101
00000000
00000000
00000000
,
00001001
00000000
00000100
00000000
00000000
00010000
00000000
00000000
,
00100000
00000000
00000000
10000000
00000000
00000000
01000000
00000000
,
00000000
00000000
00010000
00000000
00000000
00001000
00000000
00000000
,
00000100
00000000
00000101
00000000
00000000
00001010
00000000
00000000
,
00011000
00000000
00100000
00000000
00000000
01000000
00000000
00000000
,
00010000
00000000
00000000
00001000
00000000
00000000
00000100
00000000
,
00000000
00000000
00000001
00000000
00000000
00001000
00000000
00000000
,
00011000
00000000
00000000
00000000
,
00100000
00100000
00010000
00010000
00100000
00100000
00010000
00010000
,
00100000
00010000
00100000
00010000
00000000
00000000
00000000
00000000
,
10000000
10000000
01000000
01000000
10000000
10000000
01000000
01000000
,
10000000
01000000
10000000
01000000
00000000
00000000
00000000
00000000
,
00010000
00000000
00000100
00000000
00000000
00000010
00000000
00000000
,
00001000
00000000
00000000
00000010
00000000
00000000
00010000
00000000
,
00001000
00001000
00010000
00010000
00001000
00001000
00010000
00010000
,
00011000
00000000
00000000
00000000
,
00000010
00000010
00001000
00001000
00000010
00000010
00001000
00001000
,
00000010
00001000
00000010
00001000
00000000
00000000
00000000
00000000
,
00000001
00000001
00000100
00000100
00000001
00000001
00000100
00000100
,
00000001
00000100
00000001
00000100
00000000
00000000
00000000
00000000
,
00001000
00000000
01000000
00000000
00000000
00100000
00000000
00000000
,
00010000
00000000
00000000
00100000
00000000
00000000
00001000
00000000
,
00010000
00010000
00010000
00010000
,
00010000
00010000
00010000
00010100
,
01001000
00000000
00000000
00000000
;

//---------------dance-double - ----------------
#NOTES:
     dance-double:
     :
     Medium:
     8:
     0.438,0.555,0.279,0.000,0.000:
00000000
00000000
00000000
00000000
,
00000000
00000000
00000000
00000000
,
10000000
00000000
00000000
00000000
00000000
01000000
00000000
00000000
,
10000000
00000000
00000000
00000000
00000000
01000000
00010000
00010000
,
00001000
00000000
00000000
00000000
00000000
00010000
00000000
00000000
,
00001000
00000000
00000000
00000000
00000000
00010000
00000000
00001000
,
00100000
00000000
00000000
00000000
00000000
00010000
00000000
00000000
,
00100000
00000000
00000000
00000000
00000000
00010000
00100000
00010000
,
00011000
00000000
00000000
00000000
00000000
00001000
00000000
00000000
,
00010000
00000000
00000000
00000000
00000000
00001000
00000000
00010000
,
00001000
00000000
00000000
00000000
00000000
00000100
00000000
00000000
,
00001000
00000000
00000000
00000000
00000000
00000100
00010000
00001000
,
00100000
00000000
00000000
00000000
00000000
00010000
00000000
00000000
,
00100000
00000000
00000000
00000000
00000000
00010000
00000000
00100000
,
00010000
00000000
00000000
00000000
00000000
10000000
00000000
00000000
,
01000000
00000000
00000000
00000000
00000000
00100000
10000000
00010000
,
01100000
00000000
10000000
00000000
00000000
00010000
01000000
00000000
,
00100000
00000000
01000000
01000000
00000000
10000000
00010000
00000000
,
00100000
00000000
00010000
00000000
00000000
10000000
01000000
00000000
,
00100000
00000000
01000000
01000000
00000000
00010000
00000000
00000000
,
00001000
00000000
00000010
00000000
00000000
00000100
00000001
00000000
,
00000010
00000000
00000100
00000100
00000000
00000001
00001000
00000000
,
00000010
00000000
00000001
00000000
00000000
00001000
00000100
00000000
,
00000010
00000000
00000100
00000100
00000000
00000001
00001000
00000000
,
00000110
00000000
00001000
00000000
00000000
00000001
00000100
00000000
,
00000010
00000000
00000100
00000100
00000000
00001000
00000001
00000000
,
00000010
00000000
00000001
00000000
00000000
00001000
00000100
00000000
,
00000010
00000000
00000100
00000100
00000000
00001000
00000000
00000000
,
00100000
00000000
00010000
00000000
00000000
01000000
00010000
00000000
,
00100000
00000000
01000000
01000000
00000000
00010000
10000000
00000000
,
00100000
00000000
10000000
00000000
00000000
00010000
01000000
00000000
,
00100000
00000000
01000000
01000000
00000000
10000000
00010000
00000000
,
00110000
00000000
00000000
00000000
,
00000000
00000000
00000000
00000000
,
00010000
01000000
00001000
00010000
00000100
00010000
00001000
01000000
,
00100000
10000000
01000000
00100000
00010000
00000000
00010010
00000000
,
00000101
00000000
00001000
00000000
00010000
00010000
00010000
00000000
,
00100000
00000000
10000000
00100000
00000000
10000000
01000000
00000000
,
00000000
00000000
00010000
00000000
00001000
00001000
00001000
00000000
,
00000010
00000000
00000001
00000100
00000000
00000000
00000000
00000000
,
00000100
00000000
00001000
00000000
00010000
00010000
00010000
00000000
,
00100000
00000000
10000000
00100000
00000000
10000000
01000000
00000000
,
00000000
00000000
00010000
00000000
00001000
00001000
00001000
00000000
,
00000011
00000000
00000000
00000100
00000100
00000000
00000000
00000000
,
00001001
00000000
00001000
00000000
00010000
00010000
00010000
00000000
,
00100000
00000000
10000000
00100000
00000000
10000000
01000000
00000000
,
00000000
00000000
00010000
00000000
00001000
00001000
00001000
00000000
,
00000100
00000000
00000101
00001000
00000000
00011000
01000000
00000000
,
11000000
00000000
00100000
00000000
00001000
00010000
00001000
00000000
,
00000010
00000000
00000100
00001000
00000000
00000001
00000100
00000000
,
00000000
00000000
00000010
00000000
00010000
00001000
00010000
00000000
,
00011000
00000000
00000000
00001000
00001000
00000000
00000000
00000000
,
10010000
01000000
00100000
00010000
10000000
01000000
00100000
00010000
,
10000000
01000000
00100000
00010000
00000000
00001000
00000010
00000000
,
00000001
00000010
00000100
00001000
00000001
00000010
00000100
00001000
,
00000001
00000010
00000100
00001000
00000000
00010000
00100000
00000000
,
11000000
00000000
00110000
00000000
00000000
00011000
00000000
00000000
,
00001010
00000000
00000000
00000101
00000000
00000000
00011000
00000000
,
00100000
00001000
00010000
00000100
00010000
00001000
00100000
00001000
,
00011000
00000000
00010000
00001000
00001000
00000000
00010000
00000000
,
00001100
00000100
00000010
00000001
00001000
00000100
00000010
00000001
,
00001000
00000100
00000010
00000001
00000000
00000100
00001000
00000000
,
00010000
00100000
01000000
10000000
00010000
00100000
01000000
10000000
,
00010000
00100000
01000000
10000000
00000000
00100000
00010000
00000000
,
11000000
00000000
00110000
00000000
00000000
00011000
00000000
00000000
,
00001010
00000000
00000000
00000101
00000000
00000000
00011000
00000000
,
00001000
01000000
00001000
00010000
00000100
00010000
00001000
01000000
,
00100000
10000000
01000000
00100000
00010000
00000000
00001010
00000000
,
00000101
00000000
00000000
00000000
;
