#TITLE:GET UP AND DANCE;
#SUBTITLE:;
#ARTIST:FREEDOM;
#TITLETRANSLIT:;
#SUBTITLETRANSLIT:;
#ARTISTTRANSLIT:;
#CREDIT:;
#BANNER:GET UP AND DANCE.png;
#BACKGROUND:GET UP AND DANCE-bg.png;
#LYRICSPATH:;
#CDTITLE:./CDTITLES/DANCEMANIA CLUB CLASSICS.PNG;
#MUSIC:GET UP AND DANCE.ogg;
#OFFSET:0.000;
#SAMPLESTART:66.276;
#SAMPLELENGTH:15.000;
#SELECTABLE:YES;
#DISPLAYBPM:109.000;
#BPMS:0.000=108.899,27.000=110.050,33.000=106.056,35.000=108.792,44.000=108.823,52.000=108.661,59.000=109.416,67.000=109.331,75.000=109.341,83.000=108.988,91.000=108.147,99.000=108.226,107.000=108.069,115.000=104.968,123.000=110.045,127.000=109.492,135.000=108.504,143.000=108.600,151.000=105.820;
#STOPS:;
#BGCHANGES:;

//---------------dance-single - ----------------
#NOTES:
     dance-single:
     :
     Easy:
     2:
     0.141,0.196,0.000,0.000,0.000:
0000
0000
0000
0000
,
0000
0000
0000
0000
,
0000
0000
0000
0000
,
0000
0000
0000
0000
,
0000
0000
0000
0000
,
0000
0010
0000
0010
,
0000
0010
0000
0010
,
0000
0100
0000
0100
,
0000
0001
1000
0100
,
0001
1000
0000
0100
,
0000
0100
0000
0100
,
0000
0010
0000
0010
,
0000
0100
0000
0100
,
0001
0100
1000
0000
,
0001
0100
1000
0100
,
0001
0100
1000
0100
,
0001
0100
1000
0100
,
0000
0100
0000
0100
,
0000
0100
0000
0100
,
0000
0010
0000
0010
,
0000
0100
0000
0100
,
0000
0001
0001
0001
,
0000
0100
0000
0010
,
0000
1000
1000
1000
,
0000
0001
0000
1000
,
0000
0010
0010
0010
,
0000
1000
0000
0001
,
0000
0100
0100
0100
,
0000
0001
0010
0100
,
0000
0001
0000
1000
,
0001
0100
1000
0100
,
0001
0100
1000
0100
,
0000
0001
0000
0001
,
0000
1000
0000
1000
,
0000
0001
0000
0001
,
0000
1000
0000
1000
,
0000
0010
0000
0010
,
0000
0100
0001
1000
,
0100
0000
0000
0000
;

//---------------dance-single - ----------------
#NOTES:
     dance-single:
     :
     Medium:
     4:
     0.201,0.283,0.046,0.000,0.000:
0000
0000
0000
0000
,
0000
0000
0000
0000
,
0000
0000
0000
0000
,
0000
0000
0000
0000
,
0000
0000
0000
0000
,
0001
0100
1000
0100
,
0001
0100
1000
0100
,
0000
0100
0000
0100
,
0100
0001
1000
0100
,
0001
1000
0000
0100
,
0000
0100
0000
0100
,
0001
1000
0000
0010
,
0000
0100
0000
0100
,
0001
0000
0100
0000
1000
1000
0000
0000
,
0001
0001
0100
0000
1000
1000
0100
0000
,
0001
0001
0100
0000
1000
1000
0100
0000
,
0001
0001
0100
0000
1000
1000
0100
0000
,
0001
0101
1000
1100
,
0001
0100
1000
0100
,
0001
0101
1000
1100
,
0001
0100
1000
0100
,
0000
1000
0000
1000
,
0000
0100
0000
0010
,
0000
1000
1000
1000
,
0000
0001
0000
1000
,
0000
0100
0000
0100
,
0000
1000
0000
0001
,
0000
0100
0100
0100
,
0000
0001
0010
0100
,
0000
0001
0000
1000
,
0001
0100
1000
0100
,
0001
0100
1000
0100
,
0001
0001
0100
0000
1000
1000
0100
0000
,
0001
0001
0100
0000
1000
1000
0100
0000
,
0000
0001
0000
0001
,
1000
1000
0100
0000
0001
0001
0100
0000
,
0000
0010
0000
0010
,
0000
0000
0100
0000
0001
0001
1000
1000
,
0100
0000
0000
0000
;

//---------------dance-single - ----------------
#NOTES:
     dance-single:
     :
     Hard:
     7:
     0.365,0.392,0.069,0.000,0.052:
0000
0000
0000
0000
,
0000
0000
0000
0000
,
0000
0000
0000
0000
,
0000
0000
0000
0000
,
0000
0000
0000
0000
,
1000
1000
0001
1000
1000
1000
0001
1000
,
1000
0000
1000
0000
0001
0000
1000
0000
0001
0000
0001
0000
1000
0100
0010
0000
,
0001
0001
1000
0001
0001
0001
1000
0001
,
0001
0001
1000
0001
1000
1000
0001
0001
,
1000
0001
0100
0100
0001
1000
0100
0100
,
1000
0001
0100
0100
0001
1000
0100
0100
,
1000
0001
0100
0100
0001
1000
0100
0100
,
1000
0001
0100
0100
0001
1000
0100
0100
,
0001
0001
0100
0010
1000
1000
0100
0010
,
0001
0001
0100
0010
1000
1000
0100
0010
,
0001
0001
0100
0010
1000
1000
0100
0010
,
0001
0001
0100
0010
1000
1000
0100
0010
,
0001
0010
0100
1000
0001
0010
0100
1000
,
1000
0100
0010
0001
1000
0100
0010
0001
,
0001
0100
0010
1000
0001
0100
0010
1000
,
1000
0000
0100
0000
0010
0000
0001
0000
1000
0000
0010
0000
1000
0100
1000
0100
,
0000
1000
1000
1000
,
0000
0000
0000
0000
1000
0000
0000
0000
0000
0000
0000
0000
0001
0010
0001
0010
,
0000
0001
0001
0001
,
0000
0000
0000
0000
0001
0000
0000
0000
0000
0000
0000
0000
1000
0100
1000
0100
,
0000
1000
1000
1000
,
0000
0000
0000
0000
1000
0000
0000
0000
0000
0000
0000
0000
0001
0010
0001
0010
,
0000
0001
0001
0001
,
0000
0000
0100
0000
0001
0010
0100
1000
,
0000
0001
0000
1000
,
0001
1000
0100
0100
1000
0001
0100
0100
,
0001
1000
0100
0100
1000
0001
0100
0100
,
0001
0001
0100
0000
1000
1000
0100
0000
,
1000
1000
0100
0001
0001
0000
0100
0000
,
0001
1000
0101
0000
1000
0001
1100
0000
,
0001
0101
0100
0000
1000
1100
0100
0000
,
1001
0001
0100
0000
1001
1000
0100
0000
,
0000
0000
0100
0000
1000
0001
1000
1000
,
0100
0000
0000
0000
;

//---------------dance-couple - ----------------
#NOTES:
     dance-couple:
     :
     Medium:
     7:
     0.499,0.653,0.962,0.000,0.000:
00000000
00000000
00000000
00000000
,
00000000
00000000
00000000
00000000
,
00000000
00000000
00000000
00000000
,
00000000
00000000
00000000
00000000
,
00000000
00000000
00000000
00000000
,
00100000
10000000
00100001
10000000
00010000
01000000
00010001
01000000
,
10000000
01000000
00010001
01000000
00100000
10000000
01000001
00000000
,
00000010
00001000
10000010
00001000
00000001
00000100
10000001
00000100
,
00001000
00000100
10000001
00000100
00000010
00001000
10000100
00000000
,
10001000
01000100
00010001
01000100
,
10001000
01000100
00010001
01000100
,
10001000
00010001
01000100
00000000
00010001
10001000
01000100
00000000
,
10001000
00010001
01000100
00000000
00010001
10001000
01000100
00000000
,
00000001
00000001
10000100
00000010
00001000
00001000
10000100
00000010
,
00000001
00000001
10000100
00000010
00001000
00001000
10000100
00000000
,
00010000
00010000
01000001
00100000
10000000
10000000
01000001
00100000
,
00010000
00010000
01000001
00100000
10000000
10000000
01000001
00000000
,
00000001
00000010
10000100
00001000
00000001
00000010
10000100
00001000
,
00001000
00000100
10000010
00000001
00001000
00000100
10000010
00000000
,
00010000
00100000
01000001
10000000
00010000
00100000
01000001
10000000
,
10000000
01000000
00100001
00010000
10000000
01000000
00100001
00000000
,
00000010
00001000
10000010
00001000
00000001
00001000
10000001
00001000
,
00000010
00001000
10000100
00000000
00000001
00000001
10000100
00000000
,
00100000
10000000
00100001
10000000
00010000
10000000
00010001
10000000
,
00100000
10000000
01000001
00000000
00010000
10010000
01000001
00000000
,
00000001
00001000
10000001
00001000
00000001
00001000
10000100
00000000
,
00000001
00001000
10000100
00000000
00000000
00000000
10000100
00000000
,
00010000
10000000
00010001
10000000
00010000
10000000
01000001
00000000
,
00010000
10000000
01000001
00000000
00000000
00000000
01000001
00000000
,
00000000
01000100
00000000
01000100
,
00010000
10000000
01000001
01000000
10000000
00010000
01000001
01000000
,
00010000
10000000
01000001
01000000
10000000
00010000
01000001
00000000
,
00000001
00001000
10000100
00000100
00001000
00000001
10000100
00000100
,
00000001
00001000
10000100
00000100
00001000
00000001
10000100
00000000
,
01000000
01000000
10000000
00000000
01000000
01000000
00010000
00000000
,
00000100
00000100
00001000
00000000
00000100
00000100
00000001
00000000
,
10011001
00010001
01000100
00000000
10011001
10001000
01000100
00000000
,
00011000
00000000
01000100
00000000
10000001
00011000
10000001
01000100
,
01000100
00000000
00000000
00000000
;

//---------------dance-double - ----------------
#NOTES:
     dance-double:
     :
     Easy:
     1:
     0.116,0.152,0.011,0.000,0.000:
00000000
00000000
00000000
00000000
,
00000000
00000000
00000000
00000000
,
00000000
00000000
00000000
00000000
,
00000000
00000000
00000000
00000000
,
00000000
00000000
00000000
00000000
,
00000000
00001000
00000000
00001000
,
00000000
00010000
00000000
00010000
,
00000000
00001000
00000000
00001000
,
00000000
00100000
00010000
10000000
,
01000000
10000000
00000000
00010000
,
00000000
00100000
00000000
00001000
,
00000000
00010000
00000000
00000010
,
00000000
00000100
00000000
00000001
,
00000000
00001000
00000000
00000000
,
00000000
00010000
00000000
00001000
,
00000000
00100000
00000000
01000000
,
00000000
10000000
00000000
00010000
,
00000000
01000000
00000000
10000000
,
00000000
01000000
00000000
00010000
,
00000000
01000000
00000000
00001000
,
00000000
00010000
00000000
00000010
,
00000000
00000100
00000000
00000100
,
00000000
00000001
00000000
00001000
,
00000000
00000001
00000000
00000001
,
00000000
00000100
00000000
00010000
,
00000000
00001000
00000000
00001000
,
00000000
00100000
00000000
01000000
,
00000000
10000000
00000000
10000000
,
00000000
00100000
01000000
00001000
,
00000000
00010000
00000000
00010000
,
00000000
00000010
00000000
00001000
,
00000000
00000001
00000000
00000100
,
00000000
00001000
00000000
00000100
,
00000000
00000001
00000000
00000100
,
00000000
00001000
00000000
00000100
,
00000000
00010000
00000000
00001000
,
00000000
00100000
00000000
00010000
,
00000000
01000000
00001000
00010000
,
00011000
00000000
00000000
00000000
;

//---------------dance-double - ----------------
#NOTES:
     dance-double:
     :
     Medium:
     4:
     0.201,0.239,0.000,0.000,0.000:
00000000
00000000
00000000
00000000
,
00000000
00000000
00000000
00000000
,
00000000
00000000
00000000
00000000
,
00000000
00000000
00000000
00000000
,
00000000
00000000
00000000
00000000
,
00000001
00000100
00001000
00000100
,
00010000
00100000
10000000
01000000
,
00010000
01000000
00001000
00000010
,
00000001
00000100
00000001
00001000
,
00000100
00000000
00000100
00000001
00000000
00000000
00001000
00000000
,
00000100
00000000
00000100
00010000
00000000
00000000
00001000
00000000
,
00100000
00000000
00100000
00001000
00000000
00000000
01000000
00000000
,
00100000
00000000
00100000
10000000
00000000
00000000
00010000
00000000
,
01000000
00000000
01000000
00100000
00000000
00000000
00000000
00000000
,
00000100
00000000
00000100
00000010
00000000
00000000
00000001
00000000
,
00000001
00000000
00000001
00001000
00000000
00000000
00000100
00000000
,
00010000
00000000
00010000
00100000
00000000
00000000
10000000
00000000
,
00010000
00000000
00010000
01000000
00000000
00000000
00010000
00000000
,
00000010
00000000
00000010
00000001
00000000
00000000
00001000
00000000
,
00000100
00000000
00000100
00000010
00000000
00000000
00000001
00000000
,
00000001
00000000
00000001
00001000
00000000
00000000
00000001
00000000
,
00000000
00000100
00000100
00000100
,
00000000
00000001
00000000
00001000
,
00000000
00000001
00000001
00000001
,
00000000
00000100
00000000
00010000
,
00000000
10000000
10000000
10000000
,
00000000
00100000
00000000
01000000
,
00000000
00010000
00010000
00010000
,
00000000
00000000
10000000
00000000
01000000
00010000
00001000
00000100
,
00000000
00000001
00000000
00001000
,
00000001
00000000
00000001
00000100
00000000
00000000
00001000
00000000
,
00000100
00000000
00000100
00010000
00000000
00000000
00100000
00000000
,
10000000
00000000
10000000
00010000
00000000
00000000
00100000
00000000
,
01000000
00000000
01000000
10000000
00000000
00000000
00010000
00000000
,
01000000
00000000
01000000
00100000
00000000
00000000
00010000
00000000
,
00000100
00000000
00000100
00000010
00000000
00000000
00000001
00000000
,
00000001
00000000
00000001
00001000
00000000
00000000
00100000
00000000
,
10000000
00000000
01000000
00000000
10000000
10000000
00010000
00010000
,
01000000
00000000
00000000
00000000
;

//---------------dance-double - ----------------
#NOTES:
     dance-double:
     :
     Hard:
     7:
     0.295,0.327,0.046,0.000,0.023:
00000000
00000000
00000000
00000000
,
00000000
00000000
00000000
00000000
,
00000000
00000000
00000000
00000000
,
00000000
00000000
00000000
00000000
,
00000000
00000000
00000000
00000000
,
00000001
00000000
00001000
00000100
00010000
00010000
01000000
00000000
,
10000000
00000000
00010000
01000000
00001000
00001000
00000100
00000000
,
00000001
00000000
00000100
00001000
01000000
01000000
00010000
00000000
,
10000000
00000000
00010000
01000000
00001000
00000010
00000001
00001000
,
00000100
00000000
00000001
00000100
00000010
00001000
00000100
00000000
,
00010000
00000000
01000000
10000000
00100000
01000000
00001000
00000000
,
00000100
00000000
00000001
00001000
00000000
00000000
00000010
00000000
,
00000100
00000000
00000001
00001000
00000100
00010000
01000000
00000000
,
10000000
00000000
01000000
00010000
10000000
10000000
01000000
00000000
,
00001000
00000100
00000010
00000001
00001000
00001000
00000100
00000000
,
00000001
00000001
00000100
00010000
10000000
10000000
01000000
00000000
,
00010000
00010000
01000000
00001000
00000100
00000001
00000100
00000000
,
00000001
00000000
00001100
00000010
00001000
00000000
00000101
00000000
,
00001000
00000000
00100000
00010000
10000000
00000000
01000000
00000000
,
00010000
00000000
01010000
00100000
10000000
00000000
11000000
00000000
,
00010000
00000000
00000000
00000000
00000100
00000000
00000001
00000000
00001000
00000000
00000000
00000000
00000001
00001000
00000100
00010000
,
00000000
00000000
00001000
01000000
00100000
10000000
01000000
00000000
,
00000000
00010000
00000000
01000000
,
00000000
00000000
10000000
01000000
00001000
00000010
00000100
00000000
,
00000000
00000000
00000000
00000000
00000001
00000000
00000000
00000000
00000000
00000000
00000000
00000000
00000001
00001000
00000100
00010000
,
00000000
00000000
00001000
01000000
00100000
10000000
01000000
00000000
,
00000000
00010000
00000000
01000000
,
00000000
00000000
10000000
01000000
00001000
00000010
00000100
00000000
,
00000000
00000000
00000001
00000000
00000001
00000010
00000100
00001000
,
00000000
00100000
00000000
10000000
,
00010000
00000000
01000000
00010000
10000000
00000000
01000000
00000000
,
00010000
00000000
00000100
00000010
00000001
00000000
00000100
00000000
,
00000001
00000001
00000100
00010000
10000000
10000000
01000000
00000000
,
00010000
00010000
00000100
00000010
00000001
00000001
00000100
00000000
,
00000000
00000000
00000001
00001000
00000000
00000000
00000001
00000000
,
00001000
00001000
00100000
10000000
00010000
00010000
01000000
00000000
,
00000000
00000000
00100000
10000000
00000000
00000000
01000000
00000000
,
00000000
00000000
00001000
00000000
00010000
00010000
00001000
00001000
,
00010000
00000000
00000000
00000000
;

//---------------dance-solo - ----------------
#NOTES:
     dance-solo:
     :
     Easy:
     2:
     0.141,0.196,0.000,0.000,0.000:
000000
000000
000000
000000
,
000000
000000
000000
000000
,
000000
000000
000000
000000
,
000000
000000
000000
000000
,
000000
000000
000000
000000
,
000000
000001
000000
010000
,
000000
000010
000000
100000
,
000000
000100
000000
000100
,
000000
100000
001000
010000
,
100000
001000
000000
001000
,
000000
000100
000000
000100
,
000000
100000
000000
100000
,
000000
000001
000000
000001
,
001000
000100
100000
000000
,
010000
001000
010000
001000
,
000001
000100
001000
100000
,
000010
001000
000010
001000
,
000000
000001
000000
000001
,
000000
100000
000000
100000
,
000000
000100
000000
000100
,
000000
001000
000000
001000
,
000000
000001
000001
000001
,
000000
010000
000000
000001
,
000000
100000
100000
100000
,
000000
000010
000000
100000
,
000000
000100
000100
000100
,
000000
100000
000000
000001
,
000000
001000
001000
001000
,
000000
000010
001000
000010
,
000000
000001
000000
100000
,
000001
001000
000100
100000
,
000001
001000
000100
100000
,
000000
000100
000000
000100
,
000000
001000
000000
001000
,
000000
000100
000000
000100
,
000000
001000
000000
001000
,
000000
000001
000000
000001
,
000000
100000
000100
001000
,
000001
000000
000000
000000
;

//---------------dance-solo - ----------------
#NOTES:
     dance-solo:
     :
     Medium:
     4:
     0.200,0.283,0.046,0.000,0.000:
000000
000000
000000
000000
,
000000
000000
000000
000000
,
000000
000000
000000
000000
,
000000
000000
000000
000000
,
000000
000000
000000
000000
,
000001
000100
001000
100000
,
000001
000100
001000
100000
,
000000
000001
000000
000001
,
000001
010000
001000
010000
,
000001
001000
000000
001000
,
000000
010000
000000
010000
,
010000
000001
000000
000100
,
000000
001000
000000
001000
,
000100
000000
100000
000010
000010
000000
000000
000000
,
010000
010000
000001
000000
010000
010000
001000
000000
,
100000
000010
000010
000000
001000
000000
010000
010000
,
000001
000000
010000
010000
001000
000000
000001
000000
,
000100
000110
000100
010100
,
000001
001000
000100
100000
,
000100
000110
000100
010100
,
000001
001000
000100
100000
,
000000
000001
000000
000001
,
000000
001000
000000
000100
,
000000
001000
001000
001000
,
000000
000001
000000
100000
,
000000
000100
000000
000100
,
000000
100000
000000
000001
,
000000
100000
100000
100000
,
000000
000001
000100
001000
,
000000
000010
000000
100000
,
000001
001000
000100
100000
,
000001
001000
000100
100000
,
000001
000001
010000
000000
000001
000001
010000
000000
,
000010
000010
100000
000000
000010
000010
100000
000000
,
000000
001000
000000
001000
,
000100
000100
100000
000000
000001
000001
001000
000000
,
000000
000100
000000
000100
,
000000
000000
001000
000000
000001
000001
100000
100000
,
001000
000000
000000
000000
;

//---------------dance-solo - ----------------
#NOTES:
     dance-solo:
     :
     Hard:
     6:
     0.365,0.392,0.069,0.000,0.052:
000000
000000
000000
000000
,
000000
000000
000000
000000
,
000000
000000
000000
000000
,
000000
000000
000000
000000
,
000000
000000
000000
000000
,
010000
010000
000001
010000
010000
010000
000001
010000
,
010000
000000
010000
000000
000001
000000
010000
000000
000001
000000
000001
000000
100000
001000
000100
000000
,
000001
000001
100000
000010
000010
000010
100000
000010
,
000010
000010
100000
000010
100000
100000
000010
000010
,
100000
000010
001000
001000
000010
100000
001000
001000
,
100000
000010
001000
001000
000001
010000
001000
001000
,
100000
000010
001000
001000
000001
010000
001000
001000
,
100000
000010
001000
001000
000001
010000
001000
001000
,
000100
000100
010000
000010
100000
100000
000001
001000
,
000100
000100
010000
000010
100000
100000
000001
001000
,
000100
000100
010000
000010
100000
100000
000001
001000
,
000100
000100
010000
000010
100000
100000
000001
001000
,
000100
001000
000001
100000
000100
001000
000001
100000
,
100000
000001
001000
000100
100000
000001
001000
000100
,
000100
001000
000001
100000
000100
001000
000001
100000
,
100000
000000
000001
000000
001000
000000
000100
000000
100000
000000
000001
000000
001000
000100
001000
000100
,
000000
100000
100000
100000
,
000000
000000
000000
000000
010000
000000
000000
000000
000000
000000
000000
000000
000001
000010
000001
000010
,
000000
000010
000010
000010
,
000000
000000
000000
000000
000001
000000
000000
000000
000000
000000
000000
000000
100000
010000
100000
010000
,
000000
100000
100000
100000
,
000000
000000
000000
000000
010000
000000
000000
000000
000000
000000
000000
000000
000010
000001
000010
000001
,
000000
000001
000001
000001
,
000000
000000
001000
000000
000001
010000
000010
100000
,
000000
000001
000000
100000
,
000100
001000
000010
000010
100000
000001
010000
010000
,
000100
001000
000010
000010
100000
000001
010000
010000
,
000001
000001
001000
000000
100000
100000
001000
000000
,
100000
100000
001000
000000
000001
000001
001000
000000
,
100000
000010
100010
000000
000001
010000
010001
000000
,
000100
010100
010000
000000
000100
000110
000010
000000
,
100001
000010
000100
000000
100001
010000
000100
000000
,
000000
000000
001000
000000
100000
000010
010000
010000
,
000001
000000
000000
000000
;
