#TITLE:GIMME GIMME GIMME;
#SUBTITLE:;
#ARTIST:E-ROTIC;
#TITLETRANSLIT:;
#SUBTITLETRANSLIT:;
#ARTISTTRANSLIT:;
#CREDIT:;
#BANNER:GIMME GIMME GIMME.png;
#BACKGROUND:GIMME GIMME GIMME-bg.png;
#LYRICSPATH:;
#CDTITLE:./CDTITLES/DANCEMANIA 15.PNG;
#MUSIC:GIMME GIMME GIMME.ogg;
#OFFSET:0.000;
#SAMPLESTART:14.496;
#SAMPLELENGTH:15.000;
#SELECTABLE:YES;
#DISPLAYBPM:149.000;
#BPMS:0.000=149.004;
#STOPS:;
#BGCHANGES:;

//---------------dance-single - ----------------
#NOTES:
     dance-single:
     :
     Easy:
     3:
     0.295,0.299,0.062,0.000,0.000:
0000
0000
0000
0000
,
0000
0000
0000
0000
,
0000
0000
0000
0000
,
0000
0000
0000
0000
,
0000
0000
0000
0000
,
0001
0000
0001
0000
,
0001
0000
0001
0000
,
1000
0000
0001
0000
,
0010
0000
0100
1001
,
0001
0001
0100
0100
,
1000
0001
1000
0001
,
0001
1000
0001
0100
,
1000
0001
1000
0100
,
0001
0100
0001
0100
,
1000
0100
1000
0100
,
0001
0001
0100
0100
,
1000
1000
0010
0100
,
0001
1000
0001
0010
,
1000
0001
1000
0010
,
0001
0001
0001
0100
,
1000
1000
1000
0100
,
0010
0100
0010
0001
,
0010
0100
0010
1000
,
0001
0001
0100
0100
,
1000
1000
0010
0100
,
1001
0100
0001
0100
,
1000
1000
0100
0100
,
1000
0000
0001
0001
,
1000
1000
0001
0100
,
0001
0000
1000
1000
,
0001
0001
0001
0100
,
1000
0001
0100
0100
,
0001
0100
1000
1001
,
0000
0000
0100
0100
,
0001
0001
0100
0100
,
1000
1000
0001
1000
,
0001
1000
0001
0100
,
1000
0001
0100
1001
,
0001
0100
0001
0100
,
1000
0100
1000
0100
,
0001
0001
0100
0100
,
1000
0001
0100
1001
,
0001
1000
0001
0010
,
1000
0001
1000
0010
,
0001
0001
0001
0100
,
1000
1000
1000
0100
,
0010
0100
0010
0001
,
0010
0100
0010
1000
,
0001
0001
0100
0100
,
1000
1000
0001
0100
,
0001
0000
0001
0000
,
1000
0000
1000
0000
,
0010
0100
0001
0100
,
0010
0100
1000
0100
,
0001
0100
1000
0100
,
0001
0001
1000
1000
,
0000
0001
0000
1000
,
0000
0100
0000
0100
,
1001
0000
0000
0000
;

//---------------dance-single - ----------------
#NOTES:
     dance-single:
     :
     Medium:
     4:
     0.364,0.389,0.093,0.000,0.000:
0000
0000
0000
0000
,
0000
0000
0000
0000
,
0000
0000
0000
0000
,
0000
0000
0000
0000
,
0000
0000
0000
0000
,
0001
0001
0001
0001
,
1000
0001
1000
0001
,
1000
1000
1000
1000
,
0001
1000
1001
1100
,
0001
0000
0001
0010
0001
0000
0001
0000
,
1000
0000
0010
0010
,
1000
0000
1000
0100
1000
0000
1000
0000
,
0001
0000
0100
0100
,
0001
0000
0001
0010
0001
0000
0001
0000
,
1000
0100
0100
0100
,
1000
0100
0010
0001
,
0010
0000
0100
0100
,
0001
0000
1000
0000
0001
0000
1000
0100
,
1000
0000
0001
0000
1000
0000
0001
0010
,
0100
0000
0010
0000
0100
0000
0010
0001
,
0010
0000
0100
0000
0010
0000
0100
1000
,
0001
0000
1000
0000
0001
0000
1000
0100
,
1000
0000
0001
0000
1000
0000
0001
0010
,
0100
0000
0010
0000
0100
0000
0010
0001
,
0010
0100
0010
0100
,
1001
0100
0001
0100
,
1000
1000
0100
0100
,
1001
0100
0001
0100
,
1000
1000
0100
0100
,
1000
0000
0001
0010
0001
0000
1000
0100
,
1000
0000
0001
0010
0001
0000
1000
0100
,
0010
0000
0100
1000
0100
0000
0010
0001
,
0010
0000
0100
1000
0100
0001
0100
0000
,
0000
0000
0100
0100
,
0001
0000
1000
0100
1000
0000
0001
0000
,
1000
0001
0010
0010
,
1000
0000
0001
0010
0001
0000
1000
0000
,
0001
0000
0100
0100
,
0001
0000
1000
0100
1000
0000
0001
0000
,
0010
0100
0100
0100
,
1000
0100
0010
0001
,
1000
0100
1001
1100
,
0010
0000
0001
0010
0001
0000
0100
1000
,
0100
0000
0010
0010
,
0100
0000
1000
0100
1000
0000
0010
0001
,
0010
0000
0100
0100
,
0010
0100
0010
0001
,
0010
0100
0010
1001
,
0001
1000
0001
0001
,
0010
0100
0010
0110
,
1000
0000
0100
0000
1000
0100
1000
0000
,
0001
0000
0010
0000
0001
0010
0001
0000
,
0100
0000
1000
0000
0100
1000
0100
0000
,
0010
0000
0001
0000
0010
0001
0010
0000
,
0001
0000
0100
0000
0001
0100
0001
0000
,
0100
0000
1000
0000
0100
1000
0100
0000
,
1000
0000
0010
0000
1000
0010
1000
0000
,
0010
0000
0001
0000
0010
0001
0010
0000
,
0110
0000
0000
0000
;

//---------------dance-single - ----------------
#NOTES:
     dance-single:
     :
     Hard:
     6:
     0.430,0.448,0.186,0.000,0.046:
0000
0000
0000
0000
,
0000
0000
0000
0000
,
0000
0000
0000
0000
,
0000
0000
0000
0000
,
0000
0000
0000
0000
,
1000
0100
1000
0010
,
1000
0001
1000
1000
,
0001
0010
0001
0100
,
0001
1000
0110
1001
,
0010
0001
0010
0001
1000
0100
1000
0100
,
1000
0100
0010
0001
,
0010
0001
0010
0001
1000
0100
1000
0100
,
1000
0100
0010
1001
,
0010
0001
0010
0001
1000
0100
1000
0100
,
1000
0100
0010
0001
,
0100
0001
0010
1000
,
0100
0010
0110
1001
,
0010
0000
0100
0000
1000
0000
0001
0010
,
0100
0000
0010
0000
0001
0000
1000
0100
,
0010
0000
0100
0000
1000
0000
0001
0010
,
0100
0000
0010
0000
0001
0000
1000
0100
,
0001
0000
0010
0000
0100
0000
1000
0100
,
1000
0000
0100
0000
0010
0000
0001
0010
,
1000
0000
0001
0000
0100
0000
0010
0001
,
0100
0000
1000
0000
0001
0000
0010
0100
,
1001
1001
0010
1000
,
0001
1000
0100
0010
,
1000
0010
0001
0100
,
1000
0000
0000
1000
0000
0000
1000
0000
0000
0000
0001
0000
0100
0000
0000
0000
,
1000
0000
0000
1000
0000
0000
1000
0000
0001
0000
0000
0001
0000
0000
0001
0000
,
1000
0000
0000
1000
0000
0000
1000
0000
0001
0000
0000
0001
0000
0000
0001
0000
,
1000
0000
0000
1000
0000
0000
1000
0000
0100
0000
0000
0100
0000
0000
0100
0000
,
0010
0000
0000
0010
0000
0000
0010
0000
0001
0000
0000
0001
0000
0000
0001
0000
,
0000
0000
0110
1001
,
0010
0001
0010
0001
1000
0100
1000
0001
,
0010
0100
0001
0110
,
1000
0100
1000
0100
0010
0001
0010
0100
,
1000
0001
0110
1001
,
0010
0001
0010
0001
1000
0100
1000
0001
,
0010
0100
0001
0110
,
1000
0001
0010
0100
,
1000
0100
1001
0110
,
0010
0001
0010
0001
1000
0100
1000
0001
,
0010
0100
0001
0110
,
1000
0100
1000
0100
0010
0001
0010
0100
,
1000
0001
0100
0100
,
0010
0100
0010
0001
,
0010
0100
0010
1001
,
0001
0010
0100
1000
,
0010
0001
1000
0110
,
0001
0000
0010
0000
0001
0010
0001
0000
,
1000
0000
0100
0000
0001
0010
0001
0000
,
0100
0000
1000
0000
0100
0010
0100
0010
,
0001
0000
0010
0000
0001
1000
0001
1000
,
1000
0000
0100
0000
1000
0100
0010
0001
,
0010
0000
0001
0000
0010
0100
1000
0100
,
1000
0000
0001
0000
1000
0100
0010
0001
,
0010
0000
0100
0000
0001
0100
1000
0100
,
1000
0000
0000
0000
;

//---------------dance-couple - ----------------
#NOTES:
     dance-couple:
     :
     Medium:
     6:
     0.607,0.717,1.000,0.000,0.041:
00000000
00000000
00000000
00000000
,
00000000
00000000
00000000
00000000
,
00000000
00000000
00000000
00000000
,
00000000
00000000
00000000
00000000
,
00000000
00000000
00000000
00000000
,
10000001
00010000
10000001
00010000
,
10000001
00100000
10000001
00010000
,
10001000
00000001
10001000
00000001
,
10001000
00000010
10001000
00000001
,
00010001
00100000
00010001
10000000
,
00010001
01000000
00100001
00100000
,
10001000
00000100
10001000
00000001
,
10001000
00000010
10000100
00000100
,
10000001
00100100
10000001
00011000
,
10000001
01000010
01000010
10000001
,
10001000
00100010
00010001
01000100
,
10001000
00010001
11001100
00110011
,
00000001
00000000
00001000
00000000
00000001
00000000
00001000
00000100
,
00011000
00000000
10000000
00000000
00010000
00000000
10000000
01000000
,
10000100
00000000
00000010
00000000
00000100
00000000
00000010
00000001
,
01000010
00000000
00100000
00000000
01000000
00000000
00100000
00010000
,
00100001
00000000
00001000
00000000
00000001
00000000
00001000
00000100
,
00011000
00000000
10000000
00000000
00010000
00000000
10000000
01000000
,
10000000
00000000
00100010
00000000
10001000
00000000
00100010
10001000
,
00100010
01000100
00100010
01000100
,
10010001
01000001
00010001
01000001
,
10000001
10000001
01000001
01000001
,
10001001
10000100
10000001
10000100
,
10001000
10001000
10000100
10000100
,
00010000
00000000
00000000
10000000
00000000
00000000
00010000
00000000
10001000
00000000
00000000
00000001
10000000
00000000
00001000
00000000
,
10000001
00000000
00000000
00010000
00000001
00000000
10000000
00000000
00001000
00000000
00000000
00000001
00000000
00000000
00001000
00000000
,
00100000
00000000
00000000
01000000
00000000
00000000
00100000
00000000
10000010
00000000
00000000
00000100
10000000
00000000
00000010
00000000
,
01000001
00000000
00000000
00100000
00000001
00000000
01000000
00000000
00000100
00000000
00000000
00000010
00000000
00000000
00000100
00000000
,
00010000
00000001
01100110
10011001
,
10000001
00000000
00000001
00000010
10000001
00000000
00000001
00000000
,
10000010
00000100
10001000
00001001
,
00010001
00000000
00010000
00100000
00010001
00000000
00010000
00000000
,
00100001
01000000
10000001
10010000
,
10001000
00000000
10001000
00100010
10001000
00000000
10001000
01000100
,
00100010
01000100
10001000
10011001
,
10001000
00010001
00100010
01000100
,
10001000
01000100
01100110
10011001
,
00100001
00010000
00100000
00010000
10000001
01000000
10000000
00010000
,
00000001
00000000
10000000
00010000
00000001
00000000
00000000
00000000
,
10000010
00000001
00000010
00000001
10001000
00000100
00001000
00000001
,
10000000
00000000
00001000
00000001
10000000
00000000
00000000
00000000
,
10001000
00010001
00100010
01000100
,
10001000
00010001
10001000
10011001
,
10001000
00010001
00100010
01000100
,
10001000
00010001
00100010
01100110
,
10001000
00000000
00000100
00000000
10001000
00000100
00001000
00000000
,
10000001
00000000
01000000
00000000
10000001
01000000
10000000
00000000
,
10000001
00000000
00000010
00000000
10000001
00000010
00000001
00000000
,
00010001
00000000
00100000
00000000
00010001
00100000
00010000
00000000
,
10001000
00000000
00000100
00000000
10001000
00000100
00001000
00000000
,
10000001
00000000
01000000
00000000
10000001
01000000
10000000
00000000
,
00011000
00000000
01000010
00000000
00011000
01000010
00011000
00000000
,
10000001
00000000
00011000
00000000
00100100
00011000
00100100
00000000
,
10011001
00000000
00000000
00000000
;

//---------------dance-double - ----------------
#NOTES:
     dance-double:
     :
     Easy:
     3:
     0.303,0.329,0.072,0.000,0.000:
00000000
00000000
00000000
00000000
,
00000000
00000000
00000000
00000000
,
00000000
00000000
00000000
00000000
,
00000000
00000000
00000000
00000000
,
00000000
00000000
00000000
00000000
,
00000010
00000000
00000010
00000000
,
00000010
00000000
00000010
00000000
,
00001000
00000000
00001000
00000000
,
00001000
00000000
00000010
00011000
,
00010000
00010000
00100000
00100000
,
10000000
10000000
01000000
01000000
,
00010000
00010000
00001000
00001000
,
00000100
00000100
00000010
00011000
,
00100000
00100000
00010000
00010000
,
00000010
00000010
00001000
00001000
,
00000001
00000001
00000100
00000100
,
00001000
00010000
01000000
10000000
,
00010000
10000000
00010000
01000000
,
00001000
00010000
00001000
00000100
,
00000001
00001000
00000001
00000100
,
00001000
00010000
00001000
01000000
,
00100000
10000000
01000000
00010000
,
00001000
00000100
00000001
00001000
,
00000100
00000010
00000001
00000100
,
00001000
00010000
01000000
10000000
,
00010000
00000000
00010000
00000000
,
01000000
00000000
00100000
00100000
,
00001000
00010000
00000010
00001000
,
00000001
00000001
00000001
00000100
,
00000010
00000000
00000010
00000000
,
00001000
00010000
10000000
01000000
,
00100000
00000000
00100000
00000000
,
00001000
00010000
00000010
00000100
,
00000110
00000110
00001000
00001000
,
00010000
00010000
00100000
00100000
,
10000000
10000000
01000000
01000000
,
00010000
00010000
00001000
00001000
,
00000100
00000100
00000010
00011000
,
00100000
00100000
00010000
00010000
,
00000010
00000010
00001000
00001000
,
00000001
00000001
00000100
00000100
,
00001000
00010000
01000000
10010000
,
00010000
10000000
01000000
01000000
,
00010000
00001000
00000100
00000100
,
00000001
00001000
00000100
00000100
,
00010000
00001000
01000000
01000000
,
00010000
10000000
00010000
01000000
,
00001000
00010000
00001000
00000100
,
00000001
00001000
00000001
00000100
,
00001000
00010000
00001000
01000000
,
00100000
10000000
01000000
00010000
,
00001000
00000100
00000001
00001000
,
00000100
00000010
00000001
00000100
,
00001000
00010000
01000000
10000000
,
10000000
00010000
10000000
10000000
,
01000000
00010000
00001000
00000100
,
00001000
00010000
00000010
00001000
,
00000001
00000001
00000001
00000100
,
00011000
00000000
00000000
00000000
;

//---------------dance-double - ----------------
#NOTES:
     dance-double:
     :
     Medium:
     5:
     0.345,0.359,0.082,0.000,0.000:
00000000
00000000
00000000
00000000
,
00000000
00000000
00000000
00000000
,
00000000
00000000
00000000
00000000
,
00000000
00000000
00000000
00000000
,
00000000
00000000
00000000
00000000
,
01000000
00000000
10000000
00000000
,
00100000
00000000
00010000
00000000
,
00001000
00000000
00000100
00000000
,
00000001
00000000
00000010
00011000
,
10000000
01000000
10000000
00100000
,
10000000
00010000
10000000
00100000
,
01000000
10000000
01000000
00100000
,
01000000
00010000
01000000
01010000
,
00001000
00000100
00001000
00000010
,
00001000
00000001
00001000
00000010
,
00000100
00001000
00000100
00000010
,
00000100
00000001
00000100
00000101
,
00000001
00000000
00000010
00000000
00001000
00000000
00010000
00010000
,
00010000
00000000
01000000
00000000
10000000
00000000
01000000
01000000
,
01000000
00000000
00100000
00000000
01000000
00000000
00010000
00010000
,
00010000
00000000
00001000
00000000
00000010
00000000
00001000
00001000
,
00001000
00000000
00000010
00000000
00001000
00000000
00010000
00010000
,
00010000
00000000
01000000
00000000
10000000
00000000
01000000
01000000
,
01000000
00000000
00100000
00000000
01000000
00000000
00010000
00010000
,
00010000
00000000
00001000
00000000
00000010
00000000
00001000
00001000
,
00001000
00000000
00010000
01000000
,
10000000
01000000
10000000
00100000
,
00011000
00001000
00000010
00001000
,
00000001
00000010
00000001
00001000
,
00010000
00000000
00001000
00010000
00001000
00000000
00000100
00000000
,
00001000
00000000
00100000
10000000
00100000
00000000
00010000
00000000
,
00001000
00000000
00010000
00001000
00010000
00000000
00000010
00000000
,
00001000
00000000
01000000
10000000
01000000
00000000
00010000
00000000
,
10010000
01100000
10000000
10000000
,
00100000
00010000
00001000
00010000
,
00000010
00001000
00000001
00000001
,
00001000
00010000
00001000
00010000
,
01000000
10000000
00010000
00011000
,
00100000
00010000
00001000
00010000
,
00000010
00001000
00000001
00000001
,
00001000
00010000
00001000
00010000
,
00001000
00010000
01000000
10010000
,
00010000
00001000
00010000
00001000
00010000
00001000
00010000
00000000
,
00000010
00000000
00000100
00000100
,
00001000
00010000
00001000
00010000
00001000
00010000
00001000
00000000
,
00100000
00000000
01000000
10000000
,
00100000
10000000
00010000
01000000
,
00001000
00010000
00001000
00000100
,
00000001
00001000
00000001
00000100
,
00001000
00010000
00001000
01000000
,
00100000
00000000
10000000
00000000
01000000
00000000
00010000
00100000
,
00010000
00000000
00000100
00000000
00000001
00000000
00001000
00000100
,
00001000
00000000
00000010
00000000
00000001
00000000
00000100
00001000
,
00000100
00000000
00010000
00000000
01000000
10000000
01000000
00000000
,
00100000
10000000
01000000
00010000
,
00001000
00000100
00000001
00001000
,
00000100
00000010
00000001
00000100
,
00001000
00000000
00010000
00000000
01000000
00000000
10000000
00100000
,
01000000
00000000
00000000
00000000
;

//---------------dance-double - ----------------
#NOTES:
     dance-double:
     :
     Hard:
     7:
     0.402,0.478,0.196,0.000,0.000:
00000000
00000000
00000000
00000000
,
00000000
00000000
00000000
00000000
,
00000000
00000000
00000000
00000000
,
00000000
00000000
00000000
00000000
,
00000000
00000000
00000000
00000000
,
00000000
00001000
00000000
00000010
00000000
00000100
00000000
00000001
,
00000000
00000100
00000000
00001000
00000000
00010000
00000000
01000000
,
00000000
10000000
00000000
00010000
00000000
10000000
00000000
01000000
,
00000000
00010000
00000000
01000000
01000000
00000000
10010000
00000000
,
00010000
00100000
00010000
00100000
00010000
00000000
10000000
10000000
,
00000000
01000000
00000000
00100000
00000000
00001000
00000000
00000100
,
00000100
00000001
00000100
00000001
00000100
00000000
00000010
00000010
,
00000000
00010000
00000000
00001000
00000000
00010000
00011000
00000000
,
00010000
00100000
00010000
00100000
00010000
00000000
10000000
10000000
,
00000000
01000000
00000000
00010000
00000000
00100000
00000000
00001000
,
00000000
00000010
00000000
00000001
00000000
00000100
00000000
00000010
,
00000000
00001000
00000000
00010000
01000000
00000000
10010000
00000000
,
00010000
00000000
10000000
00000000
00010000
00000000
01000000
00010000
,
01000000
00000000
00010000
00000000
00001000
00000000
00000100
00000001
,
00000100
00000000
00001000
00000000
00000001
00000000
00000100
00000001
,
00000100
00000000
00001000
00000000
00010000
00000000
01000000
10000000
,
01000000
00000000
10000000
00000000
00010000
00000000
01000000
00010000
,
01000000
00000000
00010000
00000000
00001000
00000000
00000100
00000001
,
00000100
00000000
00001000
00000000
00000001
00000000
00000100
00000001
,
00000100
00000000
00000000
00000000
,
00001001
00000000
00001001
00000000
00000010
00000001
00000010
00000000
,
00000100
00000000
00001000
00000000
00010000
00100000
00010000
00000000
,
11000000
00000000
00110000
00000000
00001000
00010000
00001000
00000000
,
00000100
00000100
00000001
00000100
,
00000010
00000000
00000010
00000000
,
00001000
00010000
10000000
01000000
,
00100000
00010000
00100000
00000000
01000000
10000000
01000000
00000000
,
00010000
00001000
00010000
00000000
00000010
00001000
00000010
00000000
,
00000000
00000000
00001100
00000011
,
00000100
00000000
00001000
00000000
00010000
00100000
01000000
00000000
,
10000000
00000000
10000000
01000000
10000000
00000000
01000000
00000000
,
00010000
00000000
00001000
00000000
00000100
00000001
00000010
00000000
,
00000100
00001000
00011000
00011000
,
00010000
00001000
00100000
00001000
00100000
00010000
00100000
00000000
,
00010000
10000000
01000000
00100000
,
01000000
00010000
00000000
00010000
,
10000000
01000000
00001000
00000110
,
00000010
00001000
00000010
00001000
00000010
00001000
00000001
00001000
,
00000000
00000000
00000001
00001000
00000000
00000000
00010000
00000000
,
01000000
00010000
01000000
00010000
01000000
00010000
01000000
00100000
,
00000000
00000000
01000000
00100000
00000000
00000000
00000000
00000000
,
10010000
00000000
10010000
00000000
01000000
10000000
01000000
00000000
,
00011000
00000000
00011000
00000000
00001000
00000100
00001000
00000000
,
00000110
00000000
00000110
00000000
00000001
00001000
00000001
00000000
,
00001000
00010000
00001000
01000000
,
00100000
00000000
10000000
00000000
01000000
01000000
01000000
00000000
,
00100000
00000000
00001000
00000000
00010000
00010000
00010000
00000000
,
00001000
00000000
00010000
00000000
00000010
00000010
00000010
00000000
,
00001000
00000000
00000001
00000000
00000010
00000001
00000010
00000001
,
00000010
00000000
00000100
00000000
00001000
00010000
00001000
00010000
,
00001000
00000000
00100000
00000000
00010000
00100000
00010000
00100000
,
10000000
00000000
01000000
00000000
10000000
01000000
10000000
01000000
,
10000000
00000000
00100000
00000000
00010000
00001000
00000100
00000000
,
00001001
00000000
00000000
00000000
;

//---------------dance-solo - ----------------
#NOTES:
     dance-solo:
     :
     Easy:
     4:
     0.293,0.299,0.052,0.000,0.000:
000000
000000
000000
000000
,
000000
000000
000000
000000
,
000000
000000
000000
000000
,
000000
000000
000000
000000
,
000000
000000
000000
000000
,
000010
000000
010000
000000
,
000010
000000
010000
000000
,
000010
000000
100000
000000
,
001000
000000
000100
100001
,
000010
000010
010000
010000
,
000001
001000
100000
001000
,
000010
000010
010000
010000
,
000001
001000
100000
001000
,
000001
000001
100000
100000
,
000010
010000
000001
001000
,
100000
001000
000100
000100
,
001000
001000
001000
001000
,
000010
000010
100000
000001
,
010000
010000
000001
100000
,
000001
000001
100000
001000
,
010000
010000
000010
001000
,
000100
001000
000100
001000
,
100000
001000
000001
001000
,
000010
000010
001000
001000
,
010000
010000
001000
000100
,
100001
000000
000001
000001
,
010000
010000
000010
000010
,
001000
001000
100000
100000
,
001000
001000
000001
000001
,
010000
010000
000010
000010
,
100000
100000
001000
001000
,
000001
000001
001000
001000
,
010000
001000
000010
001000
,
100001
000000
001000
001000
,
000010
000010
010000
010000
,
000001
001000
100000
001000
,
000010
000010
010000
010000
,
000001
001000
100000
001000
,
000001
000001
100000
100000
,
000010
010000
000001
001000
,
100000
001000
000100
000100
,
100000
000001
001000
100001
,
000010
000010
010000
010000
,
000001
001000
100000
001000
,
000010
000010
010000
010000
,
000001
001000
100000
001000
,
000000
000001
000000
100000
,
000010
010000
000001
001000
,
100000
001000
000100
000100
,
100000
001000
000001
001000
,
000000
000010
100000
000001
,
000000
010000
000001
100000
,
000000
000001
100000
001000
,
000000
010000
000010
001000
,
000100
001000
000100
001000
,
100000
001000
000001
001000
,
000000
000010
000000
001000
,
000000
010000
000000
001000
,
100001
000000
000000
000000
;

//---------------dance-solo - ----------------
#NOTES:
     dance-solo:
     :
     Medium:
     5:
     0.374,0.389,0.165,0.000,0.000:
000000
000000
000000
000000
,
000000
000000
000000
000000
,
000000
000000
000000
000000
,
000000
000000
000000
000000
,
000000
000000
000000
000000
,
000010
010000
000010
010000
,
000001
001000
100000
001000
,
000001
000001
100000
100000
,
001000
001000
000100
100001
,
000010
000110
010000
010100
,
000001
001000
100000
001000
,
000010
000110
010000
010100
,
000001
000001
100000
100000
,
000001
000000
000001
001000
000001
000000
000001
000000
,
010000
001000
000010
001000
,
100000
000000
100000
000001
100000
000000
100000
000000
,
000010
001000
001000
001000
,
010000
000000
000001
000000
001000
000000
100000
001000
,
100000
000000
000010
000000
000010
000000
010000
000100
,
010000
000000
000001
000000
000001
000000
000100
000010
,
000100
000000
001000
000000
001000
000000
100000
000001
,
001000
000000
010000
000000
010000
000000
000001
100000
,
001000
000000
100000
000000
100000
000000
000001
000100
,
001000
000000
001000
000000
001000
000000
010000
000010
,
001000
001000
001000
000100
,
100001
001000
000001
100000
,
000010
000010
001000
001000
,
010000
010000
001000
001000
,
100000
100000
001000
001000
,
100000
000000
000010
000010
000010
000000
010000
010000
,
010000
000000
000001
000100
000001
000000
100000
001000
,
100000
000000
000001
000001
000001
000000
100000
100000
,
100000
000000
001000
001000
001000
000000
000100
000000
,
100001
000000
001000
000100
,
000010
000000
100000
001000
100000
000000
000001
001000
,
000001
010000
001000
000010
,
010000
000000
000001
001000
000001
000000
100000
001000
,
100000
000001
001000
100000
,
000010
010000
000010
010000
,
000001
001000
100000
001000
,
000001
000001
100000
100000
,
001000
001000
010010
100001
,
000001
001001
010000
010100
,
000001
001000
100000
001000
,
100000
101000
000010
000110
,
010000
010000
000010
000010
,
100000
000000
000001
000000
001000
000000
100000
001000
,
100000
000000
000010
000000
000010
000000
010000
000100
,
010000
000000
000001
000000
000001
000000
000100
000010
,
000100
000000
001000
000000
001000
000000
100000
000001
,
001000
000000
010000
000000
000010
000000
100000
000001
,
001000
000000
010000
000000
010000
000000
000001
000100
,
001000
000000
001000
000000
001000
000000
100000
000001
,
001000
001000
001000
000000
,
000010
000010
010000
010000
,
000001
001001
100000
101000
,
000010
010000
000010
010000
,
000001
001000
100000
001000
,
100001
000000
000000
000000
;

//---------------dance-solo - ----------------
#NOTES:
     dance-solo:
     :
     Hard:
     7:
     0.421,0.448,0.103,0.000,0.072:
000000
000000
000000
000000
,
000000
000000
000000
000000
,
000000
000000
000000
000000
,
000000
000000
000000
000000
,
000000
000000
000000
000000
,
000010
000010
010000
010000
,
000001
001001
100000
101000
,
000010
010000
000010
010000
,
000001
100000
001100
100001
,
010000
000100
010000
000100
100000
001000
100000
001000
,
100000
000001
000100
001000
,
000010
000100
000010
000100
000001
001000
000001
001000
,
000001
010000
000010
001000
,
000001
001000
000001
001000
000100
100000
000100
100000
,
000100
010000
000010
001000
,
100000
001000
000100
000100
,
001000
001000
000001
100000
,
000010
000000
000010
000000
100000
000000
000001
100000
,
001000
000000
010000
000000
000001
000000
100000
000001
,
001000
000000
000010
000000
100000
000000
001000
100000
,
000001
000000
010000
000000
000010
000000
001000
000100
,
001000
000000
000001
000000
001000
000000
000100
100000
,
000001
000000
001000
000000
000001
000000
100000
001000
,
100000
000000
000010
000000
001000
000000
000001
001000
,
000001
010000
000010
001000
,
100001
000000
000000
000000
100000
000000
000000
000000
000010
000000
000000
000010
000000
000000
000010
000000
,
010000
000000
000000
010000
000000
000000
010000
000000
000001
000000
000000
000001
000000
000000
000001
000000
,
001000
000000
000000
001000
000000
000000
001000
000000
100000
000000
000000
100000
000000
000000
100000
000000
,
001000
000000
000000
001000
000000
000000
001000
000000
000001
000000
000000
000001
000000
000000
000001
000000
,
010000
000000
000000
010000
000000
000000
010000
000000
000010
000000
000000
000010
000000
000000
000010
000000
,
100000
000000
000000
100000
000000
000000
100000
000000
001000
000000
000000
001000
000000
000000
001000
000000
,
000001
000000
000000
000001
000000
000000
000001
000000
001000
000000
000000
001000
000000
000000
001000
000000
,
100000
000000
000000
100000
000000
000000
100000
000000
000001
000000
000000
000000
001000
000000
000000
000000
,
100001
000000
001000
001000
,
000100
000010
000100
000010
100000
001000
100000
001000
,
100000
000010
001000
001000
,
000100
010000
000100
010000
000001
001000
000001
001000
,
000001
001000
100000
001000
,
000001
001000
000001
001000
000100
100000
000100
100000
,
000010
010000
000001
001000
,
100000
001000
000100
000100
,
100000
000001
001000
100001
,
000010
000100
000010
010000
000100
010000
000100
010000
,
000001
001000
100000
001000
,
010000
000100
010000
000010
000100
000010
000100
000010
,
100000
001000
000001
001000
,
000010
000000
000010
000000
100000
000000
000001
100000
,
001000
000000
010000
000000
000001
000000
100000
000001
,
001000
000000
000010
000000
100000
000000
001000
100000
,
000001
000000
010000
000000
000001
000000
001000
000100
,
001000
000000
000010
000000
001000
000000
000100
100000
,
000001
000000
001000
000000
000010
000000
100000
001000
,
100000
000000
000010
000000
001000
000000
000001
001000
,
000001
000000
010000
000000
000001
000000
100000
001000
,
100000
000000
000001
000000
000001
000000
100000
000100
,
100000
000000
000010
000000
001000
000000
000001
000100
,
000001
000000
010000
000000
000010
000000
010000
000010
,
010000
000100
101000
101000
,
100001
000000
000000
000000
;
