#TITLE:GIRL IN A DAYDREAM;
#SUBTITLE:;
#ARTIST:PANDORA;
#TITLETRANSLIT:;
#SUBTITLETRANSLIT:;
#ARTISTTRANSLIT:;
#CREDIT:;
#BANNER:GIRL IN A DAYDREAM.png;
#BACKGROUND:GIRL IN A DAYDREAM-bg.png;
#LYRICSPATH:;
#CDTITLE:./CDTITLES/Dancemania EX6.png;
#MUSIC:GIRL IN A DAYDREAM.ogg;
#OFFSET:0.000;
#SAMPLESTART:30.460;
#SAMPLELENGTH:15.000;
#SELECTABLE:YES;
#DISPLAYBPM:126.000;
#BPMS:0.000=126.316,4.000=125.992,95.750=112.500,96.000=125.933,99.750=118.421,100.000=125.992,131.750=140.625,132.000=125.903,139.750=140.625,140.000=125.990;
#STOPS:;
#BGCHANGES:;

//---------------dance-single - ----------------
#NOTES:
     dance-single:
     :
     Beginner:
     3:
     0.119,0.129,0.000,0.000,0.000:
0000
0000
0000
0000
,
0000
0000
0000
0000
,
0000
0000
0000
0000
,
0000
1000
1000
0000
,
0010
0000
0010
0000
,
0000
1000
1000
0000
,
0001
0000
0100
0000
,
0000
1000
1000
0000
,
0010
0000
0100
0000
,
1000
0000
1000
0000
,
0001
0000
0010
0000
,
1000
0000
0000
0000
,
0001
0000
0000
0000
,
1000
0000
0100
0000
,
0001
0000
0000
0000
,
0100
0000
0000
0000
,
0010
0000
0010
0000
,
1000
0000
1000
0000
,
0100
0000
0100
0000
,
1000
0000
0001
0000
,
0100
0000
0100
0000
,
0001
0000
0001
0000
,
0010
0000
0010
0000
,
0100
0000
0100
0000
,
0010
0000
0010
0000
,
1000
0000
0000
0000
,
0001
0000
0000
0000
,
1000
0000
0000
0000
,
0100
0000
0000
0000
,
0001
0000
0000
0000
,
1000
0000
0000
0000
,
0100
0000
0000
0000
,
0001
0000
0000
0000
,
0010
0000
0000
0000
,
0000
0000
0000
0000
,
1000
0000
1000
0000
,
0001
0000
0001
0000
,
0010
0000
0100
0000
,
1000
0000
1000
0000
,
0001
0000
0001
0000
,
1000
0000
1000
0000
,
0010
0000
0100
0000
,
0001
0000
1000
0000
,
0001
0000
0001
0000
,
1000
0000
0001
0000
,
1000
0000
1000
0000
,
0001
0000
1000
0000
,
0001
0000
1000
0000
,
0001
0000
0001
0000
,
0100
0000
0010
0000
,
0100
0000
0010
0000
,
0100
0000
0010
0000
,
1000
0000
0100
0000
,
0000
0000
0000
0000
;

//---------------dance-single - ----------------
#NOTES:
     dance-single:
     :
     Easy:
     4:
     0.130,0.180,0.000,0.000,0.000:
0000
0000
0000
0000
,
0000
0000
0000
0000
,
0000
0000
0000
0000
,
0000
1000
1000
0000
,
0010
0000
0010
0000
,
0000
1000
1000
0000
,
0001
0000
0100
0000
,
0000
1000
1000
0000
,
0010
0000
0100
0000
,
1000
0000
1000
0000
,
0001
0100
0010
0000
,
1000
0000
0000
0000
,
0001
0000
0000
0000
,
1000
0000
0100
0000
,
0001
0000
0000
0000
,
0100
0000
0000
0000
,
0010
0000
0010
0000
,
1000
0001
1000
0000
,
0100
0000
0100
0000
,
1000
0000
0001
0000
,
0100
0000
0100
0000
,
0001
1000
0001
1000
,
0010
0000
0010
0000
,
0100
0000
0100
0000
,
0010
0000
0010
0000
,
1000
0000
0000
0000
,
0001
0000
0000
0000
,
1000
0000
0000
0000
,
0100
0000
0000
0000
,
0001
0000
0000
0000
,
1000
0000
0000
0000
,
0100
0000
0000
0000
,
0001
0000
0000
0000
,
0010
0000
0000
0000
,
0000
0000
0000
0000
,
1000
0000
1000
0000
,
0001
0000
0001
0000
,
0010
0000
0100
0000
,
1000
0001
1000
0000
,
0001
0000
0001
0000
,
1000
0000
1000
0000
,
0010
0000
0100
0000
,
0001
0000
1000
0000
,
0001
0000
0001
0000
,
1000
0100
0001
0000
,
1000
0000
1000
0000
,
0001
0100
1000
0000
,
0001
0000
1000
0000
,
0001
0000
0001
0000
,
0100
0000
0010
0000
,
0100
0000
0010
0000
,
0100
0000
0010
0000
,
1000
0001
0100
0000
,
0000
0000
0000
0000
;

//---------------dance-single - ----------------
#NOTES:
     dance-single:
     :
     Medium:
     7:
     0.216,0.283,0.078,0.088,0.000:
0000
0000
0000
0000
,
0000
0000
0000
0000
,
0000
0000
0000
0000
,
1000
0000
0100
0000
0010
0000
0000
1001
,
0000
0000
0100
0100
,
1000
0000
0001
0000
0100
0000
0000
0001
,
0000
1000
0000
0100
0000
0000
1000
0000
,
0001
0000
0010
0000
0100
0000
1000
0001
,
0000
0000
0100
0100
,
0001
0000
0000
1000
0100
0000
0000
0000
,
1001
0110
1001
0000
,
0010
0000
0000
1100
0000
0000
0000
0000
,
0010
0000
0000
0101
0000
0000
0000
0000
,
1000
0000
0000
0010
0000
0000
0000
0100
,
0100
0000
0000
0000
,
1001
0000
0000
0000
,
1000
0000
0001
0000
1000
0100
0010
0000
,
0001
1000
0100
0000
,
0001
0000
1000
0000
0001
0010
0100
0000
,
1000
0001
0100
0000
,
1000
0000
0010
0000
0100
0001
0100
0000
,
0010
0000
1000
0000
0100
0000
0010
0001
,
0100
0000
0010
0000
,
1000
0000
0000
0110
0000
0000
0000
0000
,
0001
0000
0000
1000
0000
0000
0000
0000
,
2000
0000
0000
3000
,
0200
0000
0000
0300
,
0002
0000
0000
0003
,
0020
0000
0000
0030
,
2000
0000
0000
3000
,
0020
0000
0000
0030
,
0200
0000
0000
0300
,
0002
0000
0000
0003
,
2000
0000
0000
0000
,
0000
0000
0000
3000
,
0001
0000
0001
0000
,
1000
0100
0010
0000
,
1000
0000
1000
0000
,
0001
0100
0010
0000
,
1000
0000
0001
0000
,
0010
0100
1000
0000
,
0001
0000
0100
0000
,
0010
0000
0000
0100
0000
0000
0000
0000
,
0001
0000
1000
0100
0000
0010
0001
0010
,
0000
0100
0000
0100
0000
1000
0100
0000
,
0010
0000
0001
1000
0000
0001
0100
0001
,
0000
0010
0000
0010
0000
0000
0000
0000
,
1000
0000
0100
0010
0000
0010
0001
0010
,
0000
0100
0000
0100
0000
1000
0100
0000
,
1000
0000
0001
0000
0100
0010
0000
0000
,
1000
0000
0001
0000
0100
0010
0000
0000
,
1000
0000
0001
0000
0010
0100
0000
0000
,
1000
0000
0000
0001
0000
0000
0000
0000
,
0000
0000
0000
0000
;

//---------------dance-single - ----------------
#NOTES:
     dance-single:
     :
     Hard:
     9:
     0.332,0.336,0.049,0.000,0.000:
0000
0000
0000
0000
,
0000
0000
0000
0000
,
0000
0000
0000
0000
,
0000
1000
0001
1000
0100
0000
0010
0100
,
0000
0000
1000
0100
0001
0000
1000
0000
,
0000
0001
1000
0001
0100
0000
0010
0010
,
0000
0001
0000
0100
0000
0010
0100
0000
,
0000
0001
0010
0100
1000
0000
0001
0100
,
0000
0000
0010
0100
0010
0000
1000
0000
,
1100
0000
0010
0000
0101
0000
0010
1000
,
0000
1100
0000
1001
0000
0100
0010
0000
,
1000
0000
0100
0100
0000
0010
0001
0000
,
1000
0000
0010
0010
0000
0100
0001
0000
,
1000
0001
0010
0100
0000
1000
0001
1000
,
0000
0001
0000
0001
0000
0001
0100
0000
,
1001
0000
0000
0000
0000
0100
0100
0000
,
1000
0100
1000
0100
0000
0010
0001
0100
,
0000
0001
0000
1000
0000
0100
0100
0000
,
0010
0001
0010
0001
0000
0100
0010
1000
,
0000
0001
0000
1000
0000
0000
0000
0000
,
0001
0100
0001
0100
0000
0010
1000
0100
,
0000
1000
0000
0001
0000
0100
0100
0000
,
0010
1000
0100
0010
0001
1000
0000
0000
,
0010
1000
0100
0010
0000
0010
0001
0000
,
1000
0100
0010
0001
0000
0001
1000
0000
,
0100
0000
0000
0000
0000
0010
0000
0001
,
0100
0000
0000
0000
,
0100
0000
0000
0000
0000
0010
0000
1000
,
0100
0000
0000
0000
,
0010
0000
0000
0000
0000
0001
0000
1000
,
0100
0000
0000
0000
,
0010
0000
0000
0000
0000
1000
0000
0001
,
0100
0000
0000
0000
0000
1000
0000
0001
,
0010
0000
0000
0000
,
0000
0000
0000
0000
,
1000
0001
0100
0010
0000
1000
0001
1000
,
0000
0100
0000
0010
0001
0100
0001
0000
,
1000
0100
0010
0001
0000
0100
0010
0100
,
0000
0001
1000
0100
0000
0100
0010
0000
,
0001
1000
0010
0100
0000
0001
1000
0001
,
0000
0010
0000
0100
1000
0010
1000
0000
,
0100
0001
0100
0000
1000
0010
1000
0000
,
0001
0000
1000
0100
0000
0100
1000
0000
,
0001
0100
0001
0010
0000
0010
0100
1000
,
0000
0001
0000
1000
0000
0001
0100
0000
,
1000
0100
0010
0001
0000
1000
0010
1000
,
0000
0001
0000
0010
0000
0000
0000
0000
,
0100
1000
0010
0100
0000
0001
0010
0001
,
0000
1000
0000
0001
0000
0100
0010
0000
,
1000
0100
0001
0100
1000
0010
0000
0100
,
0000
0001
0010
0100
1000
0100
0000
0000
,
0001
0100
1000
0100
0001
0010
0000
0000
,
0100
1000
0001
0100
0000
0010
0000
0000
,
0000
0000
0000
0000
;

//---------------dance-double - ----------------
#NOTES:
     dance-double:
     :
     Easy:
     4:
     0.135,0.180,0.029,0.000,0.000:
00000000
00000000
00000000
00000000
,
00000000
00000000
00000000
00000000
,
00000000
00000000
00000000
00000000
,
00000000
00001000
00000000
00000100
,
00000001
00000000
00000000
00000000
,
00000000
00000001
00000000
00001000
,
00000000
00000001
00000100
00001000
,
00000000
00010000
00000000
01000000
,
10000000
00000000
00000000
00000000
,
00000000
10000000
00000000
00010000
,
01000000
00001000
00010000
00000000
,
00011000
00000000
00000000
00000000
,
00011000
00000000
00000000
00000000
,
00000100
00000000
00001000
00000000
,
00000001
00000000
00000000
00000000
,
00001001
00000000
00000000
00000000
,
00000100
00000000
00000100
00000000
,
00000010
00001000
00000100
00000000
,
00010000
00000000
00001000
00000000
,
00100000
00010000
01000000
00000000
,
00100000
00000000
00100000
00000000
,
10000000
01000000
00010000
00001000
,
00000100
00000000
00000000
00000000
,
00000001
00000000
00001000
00000001
,
00000100
00000000
00000000
00000000
,
00001000
00000000
00000000
00000000
,
00010000
00000000
00000000
00000000
,
01000000
00000000
00000000
00000000
,
10000000
00000000
00000000
00000000
,
00010000
00000000
00000000
00000000
,
00100000
00000000
00000000
00000000
,
01000000
00000000
00000000
00000000
,
00010000
00000000
00000000
00000000
,
00001000
00000000
00000000
00000000
,
00000000
00000000
00000000
00000000
,
00100000
00000000
00010000
00000000
,
10000000
01000000
00100000
00000000
,
00010000
00000000
01000000
00000000
,
00100000
00000000
01000000
00000000
,
00010000
00000000
10000000
00000000
,
01000000
00010000
00001000
00000000
,
00000010
00000000
00000001
00000000
,
00000100
00000000
00000010
00000100
,
00000001
00000000
00001000
00000000
,
00000001
00001000
00000100
00000000
,
00010000
00000000
00001000
00000000
,
00100000
00010000
01000000
00000000
,
00100000
00000000
10000000
00000000
,
00010000
01000000
00001000
00010000
,
00000010
00000000
00000000
00000000
,
00000100
00000000
00000000
00000000
,
00000010
00000000
00000000
00000000
,
00001000
00000001
00000010
00000000
,
00000000
00000000
00000000
00000000
;

//---------------dance-double - ----------------
#NOTES:
     dance-double:
     :
     Medium:
     7:
     0.224,0.284,0.039,0.010,0.000:
00000000
00000000
00000000
00000000
,
00000000
00000000
00000000
00000000
,
00000000
00000000
00000000
00000000
,
00100000
00000000
00010000
01000000
00100000
00000000
00000000
00000000
,
10000000
00000000
00000000
01000000
00010000
00000000
00001000
00000000
,
00100000
00000000
00010000
01000000
00100000
00000000
00000000
00000000
,
10000000
01000000
00010000
00001000
,
00000100
00000000
00000001
00000010
00000100
00000000
00000001
00000100
,
00000000
00000000
00001000
00001000
,
00000000
00000010
00000100
00000000
,
00001001
00000101
00001010
00000000
,
00000100
00000000
00010000
00001000
00000000
00100000
00000000
00000000
,
00010000
00000000
10000000
01000000
00000000
00100000
00000000
00000000
,
00010000
00000000
10000000
00000000
,
01000000
00000000
00000000
00000000
,
10010000
00000000
00000000
00000000
,
00100000
00000000
00001000
00010000
00000100
00000000
00001000
00000000
,
00000010
00000100
00001000
00010000
,
00000010
00000000
00001000
00000100
00010000
00000000
00001000
00100000
,
00000000
00010000
00000000
01000000
00000000
00000000
00000000
00000000
,
00100000
00000000
10000000
01000000
00010000
00000000
00001000
00000000
,
00100000
00000000
01000000
00010000
00000000
00010000
00001000
00000000
,
00000100
00000000
00000001
00000010
00000100
00000000
00001000
00000000
,
00000001
00000000
00001000
00000100
00000000
00010000
00001000
00000000
,
00100000
00000000
00010000
10000000
00000000
01000000
00100000
00000000
,
00010000
00000000
00000000
10000000
,
01000000
00000000
00000000
00000000
,
00100000
00000000
00000000
00010000
,
01000000
00000000
00000000
00000000
,
00001000
00000000
00000000
00010000
,
00000010
00000000
00000000
00000000
,
00001000
00000000
00000000
00000001
,
00000010
00000000
00000000
00000000
,
00000200
00000000
00000000
00000000
,
00000000
00000000
00000000
00000300
,
00001000
00000000
00000001
00000000
,
00000100
00001000
00010000
00000000
,
00000010
00000000
00000100
00000000
,
00001000
00000000
00010000
00001000
00100000
00000000
00000000
00000000
,
00010000
00000000
10000000
00000000
,
01000000
00010000
00001000
00000000
,
00100000
00000000
01000000
00000000
,
00010000
00000000
00001000
00010000
00000010
00000000
00000000
00000000
,
00001000
00000000
00000001
00000010
00000000
00000001
00000100
00000000
,
00000010
00001000
00000100
00000000
,
00010000
00000000
00001000
00000000
,
00100000
00010000
01000000
00000000
,
00100000
00000000
10000000
01000000
00000000
10000000
00100000
00000000
,
01000000
00001000
00010000
00000000
,
00000010
00000000
00001000
00000000
00000100
00010000
00000000
00000000
,
00000010
00000000
00001000
00000000
00000100
00010000
00000000
00000000
,
00100000
00000000
10000000
00000000
01000000
00100000
00000000
00000000
,
00010000
00000000
01000000
00001000
00000000
00010000
00000000
00000000
,
00000000
00000000
00000000
00000000
;

//---------------dance-double - ----------------
#NOTES:
     dance-double:
     :
     Hard:
     9:
     0.373,0.387,0.010,0.000,0.020:
00000000
00000000
00000000
00000000
,
00000000
00000000
00000000
00000000
,
00000000
00000000
00000000
00000000
,
00000010
00001000
00000100
00001000
00000010
00000000
00010000
00001000
,
00010000
00100000
10000000
01000000
,
00100000
00010000
01000000
00010000
00100000
00000000
00001000
00010000
,
00000000
00000010
00000000
00000100
00000000
00000001
00000001
00000000
,
00000010
00000100
00001000
00000001
00000100
00000000
00000010
00001000
,
00000100
00010000
00001000
00100000
,
00010000
10000000
01000000
10000000
00100000
00000000
01000000
00100000
,
01000000
00010000
10000000
01000000
,
00010000
00000000
00001000
00010000
00001000
00000000
00010000
00000000
,
01000000
00000000
10000000
00100000
10000000
00000000
01000000
00010000
,
01000000
10000000
00100000
01000000
,
00010000
00100000
00001000
00010000
,
00011000
00000000
00000000
00000000
00000000
00010000
00010000
00000000
,
00000010
00001000
00000010
00000000
00000100
00000001
00000100
00000000
,
00000010
00000000
00001000
00000000
00000001
00000100
00000001
00000000
,
00001000
00000010
00001000
00000000
00000100
00010000
00000100
00000000
,
00001000
00000000
00000010
00000000
00010000
00001000
00010000
00000000
,
00100000
00000000
10000000
01000000
00010000
00001000
00000100
00000001
,
00000010
00000100
00001000
00000010
00000100
00001000
00010000
00000000
,
00000010
00001000
00000010
00000000
00000100
00000001
00000100
00000000
,
00000010
00001000
00000100
00010000
00000000
00001000
00100000
00010000
,
01000000
00100000
10000000
01000000
00000000
00100000
00000000
00000000
,
00010000
01000000
00100000
10000000
00000000
10000000
01000000
00000000
,
00100000
00010000
01000000
00100000
00000000
00100000
10000000
00000000
,
01000000
00010000
00001000
00000100
00000000
00000100
00000001
00000000
,
00000010
00000100
00001000
00000001
00000000
00000001
00000100
00000000
,
00000010
00001000
00000100
00000010
00000000
00000010
00000001
00000000
,
00000100
00001000
00010000
01000000
00000000
01000000
10000000
00000000
,
00010000
00000000
00000000
00000000
00000000
00000000
00000000
00010000
01000000
00000000
00000000
00000000
00000000
00000000
00000000
00000000
,
00100000
00000000
00000000
00000000
00000000
00000000
00000000
00100000
10000000
00000000
00000000
00000000
00000000
00000000
00000000
00000000
,
01000000
00000000
00000000
00000000
00000000
00000000
00000000
01000000
00100000
00000000
00000000
00000000
00000000
00000000
00000000
00100000
,
00010000
01000000
00001000
00010000
,
00000010
00001000
00000100
00000000
00010000
00000000
00001000
00100000
,
00001000
00010000
00000010
00001000
,
00000100
00000000
00010000
00001000
00010000
00000000
00000010
00001000
,
00000100
00000000
00000010
00000001
00000010
00000000
00000100
00000000
,
00001000
00000010
00000100
00001000
00010000
00000000
00000010
00001000
,
00000100
00000000
00010000
00000000
00001000
00000000
00100000
00010000
,
01000000
00000000
00100000
10000000
00100000
00000000
01000000
00000000
,
00010000
00100000
01000000
10000000
,
00010000
01000000
00001000
00000000
00010000
00000010
00001000
00000000
,
00000001
00000000
00000010
00000000
00000100
00001000
00000010
00000000
,
00000100
00000001
00000100
00000000
00000010
00000000
00001000
00000100
,
00010000
00000000
00001000
00000000
00100000
00010000
00100000
00000000
,
00001000
00000000
00010000
00000010
00001000
00000100
00000010
00000001
,
00000100
00000000
00000010
00001000
00000100
00000000
00010000
00000000
,
00001000
00000000
00100000
00010000
01000000
00000000
00001000
00010000
,
00001000
00000000
00100000
00010000
01000000
00000000
00001000
00000000
,
00010000
00000000
00000010
00001000
00000100
00000000
00000010
00000000
,
00000001
00000000
00000000
00000100
00000000
00000100
00000000
00000000
,
00000000
00000000
00000000
00000000
;
