#TITLE:GIVE ME UP;
#SUBTITLE:;
#ARTIST:LH MUSIC CREATION;
#TITLETRANSLIT:;
#SUBTITLETRANSLIT:;
#ARTISTTRANSLIT:;
#CREDIT:;
#BANNER:GIVE ME UP.png;
#BACKGROUND:GIVE ME UP-bg.png;
#LYRICSPATH:;
#CDTITLE:./CDTITLES/Dancing Stage SuperNOVA.png;
#MUSIC:GIVE ME UP.ogg;
#OFFSET:0.000;
#SAMPLESTART:51.220;
#SAMPLELENGTH:15.000;
#SELECTABLE:YES;
#DISPLAYBPM:130.000;
#BPMS:0.000=130.435,4.000=129.999;
#STOPS:;
#BGCHANGES:;

//---------------dance-single - ----------------
#NOTES:
     dance-single:
     :
     Beginner:
     3:
     0.157,0.181,0.070,0.000,0.000:
0000
0000
0000
0000
,
0000
0000
0000
0000
,
0000
0000
0000
0000
,
0000
0000
0000
0000
,
0000
0000
0000
0000
,
0010
0000
0000
0000
,
0000
0000
0000
0000
,
1000
0000
0001
0000
,
0010
0000
0100
0000
,
0100
0000
0100
0000
,
0010
0000
0010
0000
,
0010
0010
0010
0000
,
0100
0000
0100
0000
,
1000
1000
1000
0000
,
0100
0000
0010
0000
,
0100
0100
0100
0000
,
0010
0000
0010
0000
,
0001
0001
0001
0000
,
0010
0000
0100
0000
,
0001
0001
0001
0001
,
0000
0110
0000
0100
,
0000
0010
0010
0010
,
0000
0010
0010
0010
,
0000
1000
1000
1000
,
0000
0110
0000
0100
,
0000
0100
0000
0010
,
0000
0100
0000
0100
,
0000
0000
0000
0100
,
0000
0010
0000
0100
,
0000
0001
0000
0001
,
0000
0010
0000
0100
,
0000
1000
0000
1000
,
0000
0100
0000
0010
,
0000
0001
0000
0100
,
0100
0100
0000
0010
,
0000
1000
0000
0010
,
0000
0010
0000
0100
,
0000
0001
0000
0001
,
0000
0100
0000
0100
,
0000
1000
0000
1000
,
0000
0100
0000
0010
,
0000
0001
0000
0100
,
0100
0000
0001
0000
,
0100
0000
0010
0010
,
0000
0110
0000
0100
,
0000
0110
0000
0010
,
0000
1001
0000
1000
,
0000
1001
0000
1001
,
0000
0001
0000
0100
,
0000
0010
0010
0010
,
0000
1000
1000
1000
,
0000
0100
0000
0001
,
0000
0000
0000
0000
;

//---------------dance-single - ----------------
#NOTES:
     dance-single:
     :
     Easy:
     5:
     0.282,0.319,0.311,0.020,0.000:
0000
0000
0000
0000
,
0000
0000
0000
0000
,
0000
0000
0000
0000
,
0000
0000
0000
0000
,
0000
0000
0000
0000
,
0010
0000
0000
0000
,
0000
0000
0000
0000
,
1000
0000
0001
0000
,
0010
0000
0100
0000
,
0100
0000
0100
0000
,
0010
0000
0010
1001
,
0010
0010
0010
0000
,
0100
0000
0100
0010
,
1000
1000
1000
0000
,
0100
0000
0010
0110
,
0100
0100
0100
0000
,
0010
0000
0010
0100
,
0001
0001
0001
0000
,
0010
0000
0100
0110
,
0001
0101
0001
0001
,
0100
0110
0100
0100
,
0010
1010
0010
0010
,
1000
1010
0010
1010
,
1000
1100
1000
1000
,
0100
0110
0100
0100
,
0010
0011
0010
0010
,
0001
0011
0010
0011
,
0000
0000
0000
0100
,
0010
0010
1000
0100
,
0010
0001
0100
0101
,
0010
0010
0001
0100
,
0010
1000
0100
1100
,
0100
0100
1000
0010
,
0100
0001
0010
0011
,
0100
0100
0001
0010
,
0100
1000
0010
1010
,
0100
0010
1000
0100
,
0010
0001
0100
0101
,
0010
0100
0001
0100
,
0010
1000
0100
1100
,
0010
0100
1000
0010
,
0100
0001
0010
0011
,
0100
0010
0001
0010
,
0100
1000
0010
1010
,
0100
0110
0100
0100
,
0010
0110
0010
0010
,
1000
1001
1000
1000
,
0001
1001
0001
1001
,
0100
0101
0100
0100
,
0010
1010
0010
0010
,
1000
1100
1000
1000
,
0001
0011
0001
0001
,
2002
0000
0000
0000
,
3003
0000
0000
0000
,
0000
0000
0000
0000
;

//---------------dance-single - ----------------
#NOTES:
     dance-single:
     :
     Medium:
     7:
     0.405,0.398,0.471,0.301,0.000:
0000
0000
0000
0000
,
0000
0000
0000
0000
,
0000
0000
0000
0000
,
0000
0000
0000
0000
,
0000
0000
0000
0000
,
0010
0000
0000
0000
,
0000
0000
0000
0000
,
2000
3010
0002
0013
,
0200
0301
0020
1030
,
0002
0013
2000
3010
,
0200
0301
0020
1030
,
0101
0000
1001
0000
0010
0100
0000
0010
,
0000
0001
1000
0000
1010
0000
0101
0000
,
0011
0000
1001
0000
0100
0010
0000
0000
,
1100
1001
0011
1001
,
1100
0000
1001
0000
0010
0100
0000
0010
,
0000
1000
0001
0000
0011
0000
1100
0000
,
1010
0000
1001
0000
0100
0010
0000
0000
,
0101
1001
1010
1001
,
0010
0100
0001
0000
0100
0000
0101
0000
,
0010
0100
1000
0000
0100
0000
1100
0000
,
0010
0100
0010
0000
0001
0000
0101
0000
,
2010
3100
0012
0103
,
0100
0010
1000
0000
0010
0000
1010
0000
,
0100
0010
0001
0000
0010
0000
0011
0000
,
0100
0010
0100
0000
1000
0000
1010
0000
,
0102
0013
2100
3010
,
0000
0000
0000
0100
,
0010
0000
1010
0000
0001
0100
0001
0000
,
0100
0000
0010
1000
0010
0000
1001
0000
,
0010
0000
0011
0000
1000
0100
1000
0000
,
0100
0000
0010
0001
0010
0000
1001
0000
,
0100
0000
1100
0000
0001
0010
0001
0000
,
0010
0000
0100
1000
0100
0000
1001
0000
,
0100
0000
0101
0000
1000
0010
1000
0000
,
0010
0000
0100
0001
0100
0000
1001
0000
,
0100
0000
1010
0000
0001
0100
0001
0000
,
0100
0000
0010
1000
0010
0000
1001
0000
,
0100
0000
0011
0000
1000
0100
1000
0000
,
0100
0000
0010
0001
0010
0000
1001
0000
,
0010
0000
1100
0000
0001
0010
0001
0000
,
0010
0000
0100
1000
0100
0000
1001
0000
,
0010
0000
0101
0000
1000
0010
1000
0000
,
0010
0000
0100
0001
0100
0000
1001
0000
,
2000
3010
0002
0013
,
0200
0000
0301
0000
0020
0000
1030
0100
,
2000
3010
0002
0013
,
0200
0000
1300
0000
0020
0000
0031
0100
,
0002
0103
2000
3100
,
0020
0000
1030
0000
0200
0000
0301
0010
,
0002
0103
2000
3100
,
0020
0031
0200
1300
,
2002
0000
0000
0000
,
3003
0000
0000
0000
,
0000
0000
0000
0000
;

//---------------dance-single - ----------------
#NOTES:
     dance-single:
     :
     Hard:
     11:
     0.520,0.558,0.791,0.130,0.135:
0000
0000
0000
0000
,
0000
0000
0000
0000
,
0000
0000
0000
0000
,
0000
0000
0000
0000
,
0000
0000
0000
0000
,
0010
0000
0000
0000
,
0000
0000
0000
0000
,
2000
0000
0000
0001
3000
0000
0010
0000
0002
0000
0000
1000
0003
0000
0010
0000
,
2000
0000
0000
0001
3000
0000
0010
0000
0002
0000
0000
1000
0003
0000
0100
0000
,
2000
0000
0000
0001
3000
0000
0100
0000
0002
0000
0000
1000
0003
0000
0100
0000
,
2000
0000
0000
0001
3000
0000
0010
0000
0001
0000
0100
0000
0010
0000
1000
0000
,
0101
0000
1010
0000
0001
0100
0000
0010
,
0000
1000
0001
0000
1000
0100
0010
0001
,
1010
0000
0101
0000
0100
0010
0000
0100
,
0101
0000
1010
0000
1100
0001
0011
0000
,
1010
0000
0101
0000
1000
0010
0000
0100
,
0000
0001
1000
0000
0001
0010
0100
1000
,
0101
0000
1010
0000
0010
0100
0000
0010
,
1010
0000
0101
0000
0011
1000
1100
0000
,
1001
1000
1100
0000
1001
0001
0101
0000
,
1001
0100
0110
0000
1010
0000
0101
0000
,
1001
0001
0011
0000
1001
1000
1010
0000
,
1001
0110
0101
1010
,
1001
0100
1100
0000
1001
0100
0101
0000
,
1001
0100
0110
0000
1010
0000
0101
0000
,
1001
0010
0011
0000
1001
0010
1010
0000
,
1001
0110
0101
1010
,
0000
0000
0000
0000
0000
0000
0100
0010
,
1000
0100
1100
0000
0001
0100
0101
0000
,
0020
0000
1030
0001
0101
0000
1010
0000
,
0001
0100
0101
0000
1000
0100
1100
0000
,
0020
0000
0031
1000
1001
0000
0100
0010
,
1000
0010
1010
0000
0001
0010
0011
0000
,
0200
0000
1300
0001
0011
0000
1100
0000
,
0001
0010
0011
0000
1000
0010
1010
0000
,
0200
0000
0301
1000
1001
0000
0010
0100
,
1000
0001
0100
0001
1000
0100
1000
0001
,
0100
0001
1000
0100
1000
0001
0101
0000
,
0001
1000
0100
1000
0001
0100
0001
1000
,
0100
1000
0001
0100
0001
1000
1100
0000
,
1000
0001
0010
0001
1000
0010
1000
0001
,
0010
0001
1000
0010
1000
0001
0011
0000
,
0001
1000
0010
1000
0001
0010
0001
1000
,
0010
1000
0001
0010
0001
1000
1010
0000
,
0110
0000
0000
0001
0000
0000
0001
0000
0110
0000
0000
1000
0000
0000
1000
0000
,
0110
0000
0000
0001
0000
0000
1000
0000
0010
0100
0000
0001
0000
0000
1000
0000
,
0110
0000
0000
1000
0000
0000
1000
0000
0110
0000
0000
0001
0000
0000
0001
0000
,
0110
0000
0000
1000
0000
0000
0001
0000
0100
0010
0000
1000
0000
0000
0001
0000
,
1001
0000
0000
0010
0000
0000
0010
0000
1001
0000
0000
0100
0000
0000
0100
0000
,
1001
0000
0000
0100
0000
0000
0010
0000
1000
0001
0000
0100
0000
0000
0010
0000
,
1001
0000
0000
0100
0000
0000
0100
0000
1001
0000
0000
0010
0000
0000
0010
0000
,
1001
0000
0000
0100
0000
0000
0010
0000
1000
0001
0000
0100
0000
0000
0010
0000
,
2002
0000
0000
0000
,
3003
0000
0000
0000
,
0000
0000
0000
0000
;

//---------------dance-double - ----------------
#NOTES:
     dance-double:
     :
     Easy:
     5:
     0.282,0.345,0.321,0.020,0.000:
00000000
00000000
00000000
00000000
,
00000000
00000000
00000000
00000000
,
00000000
00000000
00000000
00000000
,
00000000
00000000
00000000
00000000
,
00000000
00000000
00000000
00000000
,
00100000
00000000
00000000
00000000
,
00000000
00000000
00000000
00000000
,
00010000
00000000
10000000
00000000
,
00100000
00000000
01000000
00000000
,
00001000
00000000
00010000
00000000
,
00000100
00000000
00000010
00001001
,
00000010
00000010
00000010
00000000
,
00000100
00000000
00000100
00001000
,
00010000
00010000
00010000
00000000
,
00100000
00000000
00100000
10010000
,
01000000
01000000
01000000
00000000
,
00100000
00000000
00100000
00010000
,
00001000
00001000
00001000
00000000
,
00000100
00000000
00000100
00001001
,
00000100
00000110
00000100
00000100
,
00001000
00001100
00001000
00001000
,
00010000
00011000
00010000
00010000
,
00100000
01100000
00010000
10010000
,
01000000
01100000
01000000
01000000
,
00010000
01010000
00010000
00010000
,
00001000
00011000
00001000
00001000
,
00000010
00000110
00001000
00001001
,
00000000
00000000
00000000
00000000
,
00000010
00000010
00000001
00000100
,
00001000
00010000
01000000
11000000
,
00100000
00100000
10000000
01000000
,
00010000
00001000
00000100
00000101
,
00000100
00000100
00000001
00000010
,
00001000
00010000
00100000
10100000
,
01000000
01000000
10000000
00100000
,
00010000
00001000
00000010
00000011
,
00000100
00001000
00000001
00000100
,
00001000
00010000
00100000
10010000
,
01000000
00010000
10000000
01000000
,
00010000
00001000
00000010
00001001
,
00000010
00001000
00000001
00000010
,
00001000
00010000
01000000
10010000
,
00100000
00010000
10000000
00100000
,
00010000
00001000
00000100
00001001
,
00000100
00000110
00000100
00000100
,
00001000
00001100
00001000
00001000
,
00010000
00011000
00010000
00010000
,
00100000
00110000
00100000
00110000
,
10000000
10100000
10000000
10000000
,
01000000
11000000
01000000
01000000
,
00010000
01010000
00010000
00010000
,
00001000
00011000
00001000
00011000
,
00022000
00000000
00000000
00000000
,
00033000
00000000
00000000
00000000
,
00000000
00000000
00000000
00000000
;

//---------------dance-double - ----------------
#NOTES:
     dance-double:
     :
     Medium:
     7:
     0.415,0.398,0.551,0.321,0.000:
00000000
00000000
00000000
00000000
,
00000000
00000000
00000000
00000000
,
00000000
00000000
00000000
00000000
,
00000000
00000000
00000000
00000000
,
00000000
00000000
00000000
00000000
,
00100000
00000000
00000000
00000000
,
00000000
00000000
00000000
00000000
,
20000000
31000000
00020000
00031000
,
00000020
00000031
00000101
00001010
,
00000002
00000103
00002000
00013000
,
00200000
10300000
11000000
00110000
,
01100000
00000000
11000000
00000000
00100000
00001000
00000000
00010000
,
00000000
00000100
00000010
00000000
00000011
00000000
00001001
00000000
,
00000101
00000000
00000110
00000000
00010000
00001000
00000000
00000000
,
01001000
01010000
01100000
10100000
,
01100000
00000000
10100000
00000000
01000000
00001000
00000000
00010000
,
00000000
00000010
00000100
00000000
00000101
00000000
00001001
00000000
,
00000011
00000000
00000110
00000000
00010000
00001000
00000000
00000000
,
00101000
00110000
01100000
11000000
,
10000000
00010000
01000000
00000000
00001000
00000000
00011000
00000000
,
00000100
00000010
00000001
00000000
00000100
00000000
00000110
00000000
,
00010000
00001000
01000000
00000000
00100000
00000000
10010000
00000000
,
12000000
03010000
10200000
00310000
,
10000000
00010000
00100000
00000000
00001000
00000000
00011000
00000000
,
00000010
00000100
00000001
00000000
00000010
00000000
00000110
00000000
,
00010000
00001000
00100000
00000000
01000000
00000000
10010000
00000000
,
10200000
00310000
12000000
03010000
,
00000000
00000000
00000000
00100000
,
01000000
00000000
01010000
00000000
00100000
00001000
00010000
00000000
,
00000010
00000000
00000100
00000001
00001000
00000000
00000110
00000000
,
00000100
00000000
00001100
00000000
00000010
00010000
00001000
00000000
,
00100000
00000000
01000000
10000000
00010000
00000000
01100000
00000000
,
00100000
00000000
00110000
00000000
01000000
00001000
00010000
00000000
,
00000100
00000000
00000010
00000001
00001000
00000000
00000110
00000000
,
00000010
00000000
00001010
00000000
00000100
00010000
00001000
00000000
,
01000000
00000000
00100000
10000000
00010000
00000000
01100000
00000000
,
02000000
00000000
03010000
00000000
00100000
00001000
00010000
00000000
,
00000020
00000000
00000130
00000001
00001000
00000000
00000110
00000000
,
00000200
00000000
00001300
00000000
00000010
00010000
00001000
00000000
,
00200000
00000000
01300000
10000000
00010000
00000000
01100000
00000000
,
00200000
00000000
00310000
00000000
01000000
00001000
00010000
00000000
,
00000200
00000000
00000310
00000001
00001000
00000000
00000110
00000000
,
00000020
00000000
00001030
00000000
00000100
00010000
00001000
00000000
,
02000000
00000000
03100000
10000000
00010000
00000000
01100000
00000000
,
20000000
31000000
00020000
00031000
,
00000020
00000031
00000101
00001010
,
00000002
00000103
00002000
00013000
,
00200000
10300000
11000000
00110000
,
00000002
00000103
00002000
00013000
,
00200000
10300000
11000000
00110000
,
20000000
31000000
00020000
00031000
,
00000020
00000031
00000101
00001010
,
00002002
00000000
00000000
00000000
,
00003003
00000000
00000000
00000000
,
00000000
00000000
00000000
00000000
;

//---------------dance-double - ----------------
#NOTES:
     dance-double:
     :
     Hard:
     11:
     0.485,0.478,0.451,0.271,0.105:
00000000
00000000
00000000
00000000
,
00000000
00000000
00000000
00000000
,
00000000
00000000
00000000
00000000
,
00000000
00000000
00000000
00000000
,
00000000
00000000
00000000
00000000
,
00100000
00000000
00000000
00000000
,
00000000
00000000
00000000
00000000
,
20000000
00000000
00000000
00100000
30000000
00000000
00010000
00000000
00002000
00000000
00000000
00000010
00003000
00000000
00000001
00000000
,
00000020
00000000
00000000
00001000
00000030
00000000
00010000
00000000
00002000
00000000
00000000
00100000
00003000
00000000
01000000
00000000
,
00020000
00000000
00000000
00001000
00030000
00000000
00000100
00000000
00000020
00000000
00000000
00001000
00000030
00000000
00000001
00000000
,
00000200
00000000
00000000
00001000
00000300
00000000
00010000
00000000
00100000
00000000
00010000
00000000
00001000
00000000
00000010
00000000
,
00000011
00000000
00001100
00000000
00000010
00000001
00000000
00000100
,
00000000
00001000
00010000
00000000
00001000
00010000
01000000
00100000
,
00110000
00000000
11000000
00000000
00100000
10000000
00000000
01000000
,
00100000
00000000
00001000
00000000
00010000
00001000
01010000
00000000
,
10100000
00000000
01010000
00000000
00100000
10000000
00000000
01000000
,
00000000
00010000
00001000
00000000
00010000
00001000
00000100
00000010
,
00001010
00000000
00000101
00000000
00000010
00000001
00000000
00000100
,
00000010
00000000
00010000
00000000
00001000
00010000
00001100
00000000
,
00000010
00000001
00001001
00000000
00000100
00001000
00011000
00000000
,
01000000
10000000
10010000
00000000
10100000
00000000
01010000
00000000
,
00100000
10000000
10010000
00000000
01000000
00010000
00011000
00000000
,
00001100
00001001
00000011
00001001
,
00000100
00000001
00001001
00000000
00000010
00001000
00011000
00000000
,
00100000
10000000
10010000
00000000
11000000
00000000
00110000
00000000
,
01000000
10000000
10010000
00000000
00100000
00010000
00011000
00000000
,
00001010
00001001
00000101
00001001
,
00000000
00000000
00000000
00000000
00000000
00000000
00000100
00000010
,
00000001
00000100
00000101
00000000
00000100
00001000
00001100
00000000
,
00010000
00000000
00002000
01000000
00103000
00000000
01010000
00000000
,
10000000
01000000
11000000
00000000
01000000
00010000
01010000
00000000
,
00001000
00000000
00020000
00000100
00030010
00000000
00001100
00000000
,
00000001
00000010
00000011
00000000
00000010
00001000
00001010
00000000
,
00010000
00000000
00002000
00100000
01003000
00000000
00110000
00000000
,
10000000
00100000
10100000
00000000
00100000
00010000
00110000
00000000
,
00001000
00000000
00020000
00000010
00030100
00000000
00001010
00000000
,
00000001
00000100
00001000
00010000
00001000
00000100
00001000
00010000
,
01000000
00010000
00001000
00000100
00001000
00010000
01000000
00000000
,
10000000
01000000
00010000
00001000
00010000
01000000
00010000
00001000
,
00000100
00001000
00010000
01000000
00010000
00001000
00000100
00000000
,
00000001
00000010
00001000
00010000
00001000
00000010
00001000
00010000
,
00100000
00010000
00001000
00000010
00001000
00010000
00100000
00000000
,
10000000
00100000
00010000
00001000
00010000
00100000
00010000
00001000
,
00000010
00001000
00010000
00100000
00010000
00001000
00000010
00000000
,
00000002
00000000
00000000
00000010
00000003
00000000
00001000
00000000
00020000
00000000
00000000
00100000
00030000
00000000
10000000
00000000
,
00200000
00000000
00000000
00010000
00300000
00000000
00001000
00000000
00020000
00000000
00000000
00000010
00030000
00000000
00000100
00000000
,
00002000
00000000
00000000
00010000
00003000
00000000
01000000
00000000
00200000
00000000
00000000
00010000
00300000
00000000
10000000
00000000
,
02000000
00000000
00000000
00010000
03000000
00000000
00001000
00000000
00000010
00000000
00001000
00000000
00010000
00000000
00100000
00000000
,
20000000
00000000
00000000
00100000
30000000
00000000
00010000
00000000
00002000
00000000
00000000
00000010
00003000
00000000
00000001
00000000
,
00000020
00000000
00000000
00001000
00000030
00000000
00010000
00000000
00002000
00000000
00000000
00100000
00003000
00000000
01000000
00000000
,
00020000
00000000
00000000
00001000
00030000
00000000
00000100
00000000
00000020
00000000
00000000
00001000
00000030
00000000
00000001
00000000
,
00000200
00000000
00000000
00001000
00000300
00000000
00010000
00000000
00100000
00000000
00010000
00000000
00001000
00000000
00000010
00000000
,
00002002
00000000
00000000
00000000
,
00003003
00000000
00000000
00000000
,
00000000
00000000
00000000
00000000
;
