#TITLE:GORGEOUS 2012;
#SUBTITLE:;
#ARTIST:THE SURRENDERS;
#TITLETRANSLIT:;
#SUBTITLETRANSLIT:;
#ARTISTTRANSLIT:;
#CREDIT:;
#BANNER:GORGEOUS 2012.png;
#BACKGROUND:GORGEOUS 2012-bg.png;
#LYRICSPATH:;
#CDTITLE:./CDTITLES/DanceManiaX.PNG;
#MUSIC:GORGEOUS 2012.ogg;
#OFFSET:0.000;
#SAMPLESTART:49.774;
#SAMPLELENGTH:15.000;
#SELECTABLE:YES;
#DISPLAYBPM:135.000;
#BPMS:0.000=135.849,4.000=135.015;
#STOPS:;
#BGCHANGES:;

//---------------dance-single - ----------------
#NOTES:
     dance-single:
     :
     Beginner:
     4:
     0.128,0.185,0.099,0.000,0.000:
0000
0000
0000
0000
,
0000
0000
0000
0000
,
0000
0000
0000
0000
,
0000
0000
0000
0000
,
0000
0000
0000
0000
,
0000
0000
0000
0000
,
1000
1000
1000
0000
,
0010
0010
0000
0000
,
1000
0000
0010
0000
,
1000
0000
0000
0001
,
0000
0000
0100
0000
,
0100
0000
0001
0000
,
0100
0000
1000
0000
,
0100
0000
1001
0000
,
1001
0000
0010
0000
,
0010
0000
1000
0000
,
0010
0000
0001
0000
,
0010
0000
1001
0000
,
0000
0110
0000
0000
,
0000
0000
0000
0000
,
1001
0000
1000
0000
,
0110
0000
0100
0000
,
0000
0110
0000
0000
,
0000
0000
0000
0000
,
1001
0000
0000
0000
,
1000
0000
0010
0000
,
0010
0000
1000
0000
,
0010
0000
1000
0000
,
0001
0001
0001
0001
,
0000
0010
0000
0100
,
0000
1000
1000
1000
,
0000
0010
0000
0010
,
0000
1000
1000
1000
,
0000
0100
0000
0010
,
0000
0001
0001
0001
,
0000
0100
0000
0100
,
0000
0000
0000
0100
,
0000
0000
0010
0000
,
0110
0000
0000
0001
,
0000
0000
1000
0000
,
0000
0000
0000
0000
,
0000
0000
0000
0000
,
0000
0000
0000
0000
,
0000
0000
0000
0000
,
1001
0000
0000
0000
,
0001
0001
0000
1000
,
0000
0100
0000
0001
,
0000
0010
0000
1000
,
0000
0000
0001
0000
,
0001
0000
0100
0100
,
0000
1000
0000
0000
,
0100
0000
0001
0000
,
1000
0000
0000
0000
,
0010
0000
1000
0000
,
0000
0000
0000
0000
;

//---------------dance-single - ----------------
#NOTES:
     dance-single:
     :
     Easy:
     3:
     0.133,0.185,0.128,0.000,0.000:
0000
0000
0000
0000
,
0000
0000
0000
0000
,
0000
0000
0000
0000
,
0000
0000
0000
0000
,
0000
0000
0000
0000
,
0000
0000
0000
0000
,
1000
0000
1000
0000
,
0010
0000
0010
0000
,
1000
0000
0010
0000
,
1000
0000
0000
0000
,
1001
0000
0100
0000
,
0100
0000
0001
0000
,
0100
0000
1000
0000
,
0100
0000
1001
0000
,
1001
0000
0010
0000
,
0010
0000
1000
0000
,
0010
0000
0001
0000
,
0010
0000
1001
0000
,
0000
0110
0000
0000
,
0000
0000
0000
0000
,
1000
0000
0100
0000
,
0001
0000
0100
0000
,
0000
0110
0000
0000
,
0000
0000
0000
0000
,
1001
0000
0000
0000
,
1000
0000
0010
0000
,
0010
0000
1000
0000
,
0010
0000
1000
0000
,
0001
0001
0000
0000
,
1000
1000
0000
0000
,
1000
1000
0000
0000
,
0001
0001
0000
0000
,
1000
1000
0000
0000
,
0001
0001
0000
0000
,
0100
0100
0000
0000
,
1000
1000
0000
0000
,
1001
0000
0000
0000
,
0100
0000
0000
0000
,
1001
0000
0000
0000
,
0100
0000
0000
0000
,
1001
0000
0000
0000
,
1001
0000
0000
0000
,
0100
0000
0100
0000
,
0100
0100
0100
0000
,
1001
0000
0000
0000
,
0001
0000
1000
0000
,
0010
0000
0001
0000
,
0100
0000
1000
0000
,
1001
0000
0001
0000
,
0001
0000
0100
0000
,
0010
0000
1000
0000
,
0100
0000
0001
0000
,
1000
0000
0000
0000
,
0010
0000
0010
0000
,
0000
0000
0000
0000
;

//---------------dance-single - ----------------
#NOTES:
     dance-single:
     :
     Medium:
     8:
     0.385,0.371,0.247,0.148,0.000:
0000
0000
0000
0000
,
0000
0000
0000
0000
,
0000
0000
0000
0000
,
0000
0000
0000
0000
,
1001
0010
0100
0100
,
1000
0000
0001
0000
0010
0000
1000
0100
,
0010
0010
0010
0010
,
1001
0100
0100
0100
,
1001
0100
1001
0010
,
0100
0010
1001
0110
,
1001
0002
0010
1003
,
0200
0000
0310
1000
,
1001
0002
0010
1003
,
0100
0000
1001
0000
0010
1000
0001
0000
,
1001
0020
0001
0130
,
0001
1000
0100
0000
0010
0001
0100
0000
,
2001
0000
0100
3100
,
0001
0000
1000
0000
0010
0001
1000
0000
,
0002
1000
0003
0000
0002
1000
0003
0000
,
0002
1000
0003
0000
0002
1000
0003
0000
,
0001
1000
0100
0000
0010
0001
0100
0000
,
0010
0001
0100
0000
0010
1000
0001
0000
,
2000
0001
3000
0000
2000
0001
3000
0000
,
2000
0001
3000
0000
2000
0001
3000
0000
,
0001
1000
0100
0000
0010
0001
0100
0000
,
0001
1000
0100
0000
0010
0001
0100
0000
,
0000
1001
0000
0000
0000
0100
0000
0000
,
0000
1001
0000
0000
0100
0000
0000
0000
,
0010
0100
1000
0000
0001
1000
0100
0000
,
1000
0001
1000
0000
0001
1000
0001
0000
,
0100
0100
0100
0100
,
1001
0100
1001
0100
,
0010
1000
0110
0000
0001
1000
0100
0000
,
0010
0000
0010
0000
0001
1000
0100
0000
,
0001
0100
0100
0100
,
1001
0010
0010
0010
,
0001
1000
0100
0000
0010
0001
1000
0000
,
0010
0000
0010
0000
1000
0001
0100
0000
,
0001
1000
0001
0000
1000
0001
1000
0000
,
0010
1000
0001
0000
0010
0001
0100
0000
,
0001
1000
0010
0100
0010
0100
0001
0000
,
0010
0100
0010
0000
0001
0100
0010
0000
,
1000
0100
0010
0000
0010
0001
1000
0000
,
0010
1000
0001
0000
1000
0001
0100
0000
,
0010
0000
0010
0000
1000
0001
0110
0000
,
0001
1000
0001
0000
0100
0010
1000
0000
,
0001
0001
0001
0001
,
0010
1001
0100
1001
,
0010
1000
0001
0000
1000
0001
1000
0000
,
0001
1000
0100
0000
0010
0001
0100
0000
,
0001
0001
0001
0001
,
0100
1001
0010
1001
,
2002
0000
0000
3003
,
0000
1001
0000
0000
0100
0000
0110
0000
,
0000
0000
0000
0000
;

//---------------dance-single - ----------------
#NOTES:
     dance-single:
     :
     Hard:
     10:
     0.453,0.477,0.434,0.069,0.015:
0000
0000
0000
0000
,
0000
0000
0000
0000
,
0000
0000
0000
0000
,
0000
0000
0000
0000
,
1001
0110
1000
1000
,
0001
0000
1000
0000
0110
0000
1001
1100
,
0010
0010
0010
0010
,
1001
0100
0100
0100
,
1001
0100
1001
0010
,
0100
0110
1001
0110
,
0101
2000
0010
3001
,
0200
0000
0000
0000
0310
1000
0001
0000
,
1100
0010
0001
1000
0001
0100
0001
0000
,
0100
0010
0100
0010
1000
0001
0100
0000
,
1001
0020
1000
0130
,
1000
0001
0100
0000
0010
1000
0100
0000
,
1010
0100
0001
1000
0001
0010
0001
0000
,
0010
0100
0010
0100
1000
0001
0010
0000
,
2000
0000
0000
0000
,
0000
0000
0000
0000
0000
0000
0000
0000
0000
0000
0001
0000
3000
0100
0000
0000
,
0100
0001
0100
0000
0010
1000
0100
0000
,
0010
0000
1000
0000
0100
0000
0000
0000
0000
0000
0001
0000
0000
1000
0000
0000
,
0002
0000
0000
0000
,
0000
0000
0000
0000
0000
0000
0000
0000
0000
0000
1000
0000
0003
0100
0000
0000
,
0100
0001
0100
0000
0010
1000
0100
0000
,
1000
0001
0100
0000
0010
1000
0100
0000
,
0000
1001
0000
0000
0000
0100
0000
0000
,
0000
0011
0000
0100
0100
0000
1100
0000
,
0010
0100
0001
0100
0001
1000
0010
0000
,
0001
1000
0001
1000
0010
0100
0010
1000
,
0001
0100
0010
0100
0010
0100
0010
0000
,
1100
0101
1100
0101
,
1001
1100
1001
0000
1000
0010
0100
0000
,
1000
0001
1000
0001
0100
0010
0100
0001
,
1000
0010
0100
0000
0100
0000
0100
0000
,
0011
1100
1001
0110
,
0001
1000
0010
0100
0010
0100
0001
1000
,
0010
0100
0010
0100
0001
0100
0010
0000
,
1000
0100
0010
0100
0010
0001
1000
0100
,
0010
1000
0001
1000
0001
1000
0010
0100
,
0001
1000
0010
0100
0010
0100
0001
1000
,
0010
0100
0010
0100
0001
0100
0010
0000
,
1000
0100
0010
0100
0010
0001
1000
0100
,
0010
1000
0001
1000
0001
1000
0010
0000
,
1000
0000
1000
0000
0001
1000
0110
0000
,
0001
1000
0001
1000
0010
0100
0010
1000
,
0001
0100
0010
0100
0010
0100
0010
0000
,
1100
0101
1100
0101
,
1001
1100
1001
0000
1000
0010
0100
0000
,
1000
0001
1000
0001
0100
0010
0100
0001
,
1000
0010
0100
0000
0100
0000
0100
0000
,
0011
0000
1100
0000
1001
0000
0110
1000
,
0100
2200
0000
0000
0000
0000
0000
3300
,
0000
1001
0000
0010
0100
0000
1001
0000
,
0000
0000
0000
0000
;

//---------------dance-double - ----------------
#NOTES:
     dance-double:
     :
     Easy:
     5:
     0.203,0.264,0.099,0.168,0.000:
00000000
00000000
00000000
00000000
,
00000000
00000000
00000000
00000000
,
00000000
00000000
00000000
00000000
,
00000000
00000000
00000000
00000000
,
00000000
00000000
00000000
00000000
,
00000000
00000000
00000000
00000000
,
10000000
00010000
00100000
00000000
,
00001000
00010000
00000100
00000010
,
00000001
00001000
00000200
00000000
,
00000000
00000000
00000300
00000000
,
00002001
00000000
00003100
00000000
,
00010000
00001000
01000000
01000000
,
00200000
00000000
10300000
00000000
,
00010000
00100000
00001000
00010000
,
00000200
00000000
00001300
00000000
,
00000001
00000100
00001000
01000000
,
00100000
00000000
10000000
00000000
,
01000000
01000000
00100000
00001000
,
00022000
00000000
00000000
00000000
,
00033000
00000000
00000000
00000000
,
00010000
00000100
00001000
00000010
,
00000100
00000100
00000100
00000010
,
00000220
00000000
00000000
00000000
,
00000330
00000000
00000000
00000000
,
00000001
00000000
00001000
00000000
,
00000100
00100000
00001000
01000000
,
01100000
00000000
10010000
00000000
,
10000000
00000000
10000000
00000000
,
10000000
01000000
00010000
00000000
,
00001000
00000010
00000001
00000000
,
00001000
00001000
00000100
00010000
,
00002000
00000000
00003000
00000000
,
00100000
00010000
00100000
00000000
,
00010000
10000000
00100000
01000000
,
00020000
00000000
00000000
00000000
,
00000000
00000000
00030000
00000000
,
20000000
00000000
31000000
00000000
,
00200000
00000000
00301000
00001000
,
00020000
00000000
00030100
00000000
,
00002000
00000000
00003001
00000000
,
00000001
00000100
00001000
00000000
,
01000000
00100000
10000000
00000000
,
10010000
00000000
10010000
00000000
,
10000000
01000000
00100000
00010000
,
00002000
00000000
00003000
00000000
,
00000100
00000010
00000001
00000000
,
00000001
00001000
00000001
00000100
,
00000020
00000000
00000030
00000000
,
00010000
00001000
00100000
00000000
,
00010000
01000000
10000000
01000000
,
00020000
00000000
00000000
00030000
,
01000000
00001000
00010000
00000000
,
00011000
00000000
00000000
00000000
,
00011000
00000000
00011000
00000000
,
00000000
00000000
00000000
00000000
;

//---------------dance-double - ----------------
#NOTES:
     dance-double:
     :
     Medium:
     7:
     0.306,0.371,0.276,0.168,0.000:
00000000
00000000
00000000
00000000
,
00000000
00000000
00000000
00000000
,
00000000
00000000
00000000
00000000
,
00000000
00000000
00000000
00000000
,
00000000
00000000
00000000
00000000
,
00000000
00000000
00000000
00000000
,
00000010
00000010
00000010
00000000
00001001
00000000
00000110
00000000
,
00000010
00010000
00001000
00000000
00011000
00000000
00110000
00000000
,
00000000
10010000
02200000
00000000
,
00000000
00000000
00000000
03300000
00000000
00000000
11000000
00000000
,
10000000
01000000
00010000
00001000
,
00000010
00000000
00000001
00000000
00001000
00000010
00001000
00000000
,
00000000
00000100
00010000
00001000
,
00100000
00000000
00010000
00000000
01000000
00010000
00100000
00000000
,
11000000
00000000
01010000
00000000
10000000
00010000
00100000
00000000
,
00010000
01000000
00100000
00000000
10000000
01000000
00010000
00000000
,
00000000
00001000
00000010
00000000
00000000
00000100
00000010
00000000
,
00001001
00000000
00001001
00000000
00000010
00010000
00001000
00000000
,
00022000
00000000
00000000
00000000
00000000
00000000
00000000
00000000
00000000
00000000
00000000
00000000
00000000
00000000
00000000
00000000
00000000
00000000
00000000
00000000
00000000
00000000
00000000
00000000
00000000
00000000
00000000
00000000
00000000
00000000
00000000
00000000
00000000
00000000
00000000
00000000
00000000
00000000
00000000
00000000
00000000
00000000
00000000
00000000
00000000
00000000
00000000
00000000
00000000
00000000
00000000
00000000
00000000
00000000
00000000
00000000
00000000
00000000
00000000
00000000
00000000
00000000
00000000
00003000
,
00030000
00000000
00000000
00000000
00000000
00101000
00000000
00000000
,
00100000
00010000
10000000
01000000
,
00100000
00010000
00100000
00000000
00000000
00000000
00001000
00000000
,
00022000
00000000
00000000
00000000
,
00033000
00000000
00000000
00000000
00000000
00010100
00000000
00000000
,
00000100
00001000
00000010
00000100
,
00000001
00000000
00001000
00000000
00000100
00000000
00010000
00001000
,
00100000
00010000
00000000
01000000
10000000
01000000
00000000
10000000
,
00010000
00100000
00000000
00000000
00011000
00000000
00000000
00000000
,
00010000
00000100
00000010
00000001
,
00000100
00000010
00001000
00000100
,
00020000
00001000
00000100
00031000
,
02000000
00000000
03000000
00000000
,
00010000
10000000
00100000
10000000
,
01000000
00100000
00010000
00100000
,
00002000
00010000
00100000
00013000
,
00000200
00000000
00000000
00000300
,
00000000
00001100
00000000
00000001
00000000
00001000
00000100
00000000
,
00000000
00011000
00000000
00100000
00000000
00010000
01000000
00000000
,
00000000
01100000
00000000
10000000
00000000
01000000
10000000
00000000
,
00000000
11000000
00000000
00010000
00000000
00100000
00001000
00000000
,
00010000
00000100
00001000
00000000
00000100
00001000
00000001
00000000
,
00000100
00000010
00001000
00000000
00000001
00000100
00001000
00000000
,
00000110
00000000
00001100
00000000
,
00011000
00110000
10010000
11000000
,
00220000
00000000
00330000
00000000
,
00010000
00000100
00000010
00001000
,
00000002
00001000
00000100
00001003
,
00000200
00000000
00000300
00000000
,
00010000
00001000
00100000
00010000
,
01000000
00100000
10000000
00010000
,
02000000
00001000
00010000
03001000
,
00020000
00000000
00000000
00000000
00030000
00000000
00000000
00001000
,
00010000
00000200
00000000
00000000
00000000
00000300
00000000
00001000
,
00000100
00000010
00000000
00000001
00001000
00000000
00001001
00000000
,
00000000
00000000
00000000
00000000
;

//---------------dance-double - ----------------
#NOTES:
     dance-double:
     :
     Hard:
     11:
     0.440,0.504,0.326,0.118,0.133:
00000000
00000000
00000000
00000000
,
00000000
00000000
00000000
00000000
,
00000000
00000000
00000000
00000000
,
00000000
00000000
00000000
00000000
,
00000000
00000000
00000000
00000000
,
00000000
00000000
00000000
00000000
,
00010000
00000000
00001000
00000000
00000100
00000000
00000000
00000000
00000010
00000000
00000000
00001000
00000000
00000000
00000100
00000000
,
00000010
00000001
00000100
00001000
00010000
00001000
00010000
00100000
,
00000000
01000000
01100000
00000000
20200000
00000000
00000000
00000000
,
00000000
30300000
00000000
11000000
,
00110000
00000000
00000000
00000000
00100000
00001000
00100000
00000000
00001000
00000000
00000000
00000000
00010000
00000000
00000100
00000000
,
00000010
00000000
00000100
00001000
00000010
00000100
00000101
00000000
,
00000000
00000010
00000100
00010000
01000000
00010000
00100000
01000000
,
10000000
00010000
10000000
00000000
01000000
00000000
00100000
00000000
00001000
00000000
00010000
00000000
00011000
00000000
00000000
00000000
,
01001000
00000000
00010100
00000000
00010000
00000010
00001000
00000100
,
00000010
00000001
00000010
00000000
00000001
00000000
00001000
00000000
00000100
00000000
00010000
00000000
00011000
00000000
00000000
00000000
,
00000000
00001000
01000000
00100000
01000000
00010000
10000000
00000000
,
10100000
00000000
01010000
00000000
00011000
00010000
00001000
00000100
,
00000010
00002002
00000000
00000000
,
00000000
00000000
00000000
00000000
00003003
00000000
00000000
00000000
00000000
00000000
00000010
00000000
00000000
00000100
00000000
00000000
,
00010000
00000000
00000100
00010000
01000000
10000000
01000000
00100000
,
10000000
00000000
01000000
00000000
00100000
00000000
00010000
00000000
00001000
00000000
00000100
00000000
00000000
00000010
00000000
00000000
,
00000001
00002002
00000000
00000000
,
00000000
00000000
00000000
00000000
00003003
00000000
00000000
00000000
00000000
00000000
00000100
00000000
00000000
00010000
00000000
00000000
,
00001000
00000000
00100000
01000000
10000000
00000000
00100000
01000000
,
00010000
00000000
01000000
00001000
00010000
00000000
00000000
00001000
,
00010000
00011000
00000000
00010000
00000100
00010100
00000000
00000100
,
00001000
00001100
00000000
00001000
00001001
00000000
00000110
00000000
,
00000000
00000000
00000010
00001000
00000000
00001000
00000100
00000000
00010000
00000000
00000000
00001000
00000000
00000000
01000000
00000000
,
00010000
00000000
00000000
01000000
00000000
00000000
00100000
00000000
10000000
00000000
01000000
00000000
00010000
00000000
01000000
00000000
,
10000000
00000000
00100000
10000000
00000000
00010000
00000000
00100000
,
01000000
00010000
00001000
00000010
00000100
00001000
00000010
00000000
,
00000202
00000000
00000000
00000000
00000303
00000000
00000000
00000000
00000001
00000000
00000000
00000100
00000000
00000000
00000010
00000000
,
00001000
00000000
00000000
00010000
00000000
00000000
01000000
00000000
00100000
00000000
10000000
00000000
00100000
00000000
01000000
00000000
,
02200000
00000000
00000000
00000000
,
00000000
00000000
00000000
00000000
03300000
00000000
00000000
00010000
,
10000000
00000000
00000000
01000000
00000000
00000000
00010000
00000000
00000000
00001000
00000000
00000000
00000100
00000000
00000100
00000000
,
00000010
00000000
00000000
00001000
00000000
00000000
00000001
00000000
00000000
00000100
00000000
00000000
00000001
00000000
00000001
00000000
,
00001000
00000000
00000000
00000100
00000000
00000000
00010000
00000000
00000000
00001000
00000000
00000000
01000000
00000000
01000000
00000000
,
00100000
00000000
00000000
10000000
00000000
00000000
01000000
00000000
00000000
00100000
00000000
00000000
00010000
00000000
00000000
00000000
,
00100000
00010000
01000000
00000000
00001000
00010000
00000100
00001000
,
00001100
00001000
00000001
00000000
00000010
00000001
00000100
00000001
,
00000011
00000000
00000000
00001000
00001100
00000000
00000000
00010000
,
00011000
00001000
01001000
01000000
01010000
00010000
10010000
10000000
,
00100000
00000000
10000000
01000000
00000000
01000000
00100000
00000000
00000000
00000000
00010000
00100000
01000000
00000000
00100000
00000000
,
00010000
00000000
00000000
00001000
00000000
00000000
00000100
00000000
00000010
00000000
00000100
00000000
00000010
00000000
00000001
00000000
,
00000010
00000000
00000001
00000100
00000000
00000010
00000000
00010000
,
00001000
00100000
00010000
10000000
01000000
00100000
00010000
00000000
,
20020000
00000000
00000000
00000000
30030000
00000000
00000000
00000000
00010000
00000000
00000000
10000000
00000000
00000000
10000000
00000000
,
01000000
00000000
00000000
00100000
00000000
00000000
00010000
00000000
10000000
00000000
01000000
00000000
00010000
00000000
00001000
00000000
,
00000010
00000001
00000100
00001000
00010000
00001000
00010000
00100000
,
10000000
01000000
00100000
00010000
00001000
00000100
00000010
00000001
,
00001000
00001100
00000000
00000000
00000000
00000000
00000000
00010000
,
00001000
00011000
00000000
00100000
00110000
00000000
10010000
00000000
,
00000000
00000000
00000000
00000000
;
