#TITLE:GRADIUSIC CYBER;
#SUBTITLE:(CLUB ANOTHER VER.);
#ARTIST:TAKA;
#TITLETRANSLIT:;
#SUBTITLETRANSLIT:;
#ARTISTTRANSLIT:;
#CREDIT:;
#BANNER:GRADIUSIC CYBER (CLUB ANOTHER VER.).png;
#BACKGROUND:GRADIUSIC CYBER (CLUB ANOTHER VER.)-bg.png;
#LYRICSPATH:;
#CDTITLE:./CDTITLES/TECHNO LABEL.PNG;
#MUSIC:GRADIUSIC CYBER (CLUB ANOTHER VER.).mp3;
#OFFSET:-1.635;
#SAMPLESTART:23.970;
#SAMPLELENGTH:12.000;
#SELECTABLE:YES;
#DISPLAYBPM:160.000;
#BPMS:0.000=160.000;
#STOPS:;
#BGCHANGES:;

//---------------dance-single - ----------------
#NOTES:
     dance-single:
     :
     Easy:
     7:
     0.326,0.372,0.047,0.000,0.009:
0000
0000
0000
0000
,
0000
0000
0000
0000
,
0000
0000
0000
0000
,
0000
0000
0000
0000
,
0001
0100
1000
0100
,
1000
0100
0001
0100
,
1000
0100
0001
0100
,
0010
0001
0010
0000
0100
0000
0001
0100
,
0010
0001
0100
0010
,
1000
0000
0100
0000
0001
0100
1000
0000
,
0100
0001
0010
1000
,
1000
0100
0001
0100
1000
0100
0001
0000
,
0100
0000
0010
0001
0100
0000
0001
0000
,
0100
0010
1000
0101
,
1100
0101
1100
0010
,
0010
0000
0100
0000
0001
0100
0010
0000
,
0000
0100
0000
0000
1000
0000
0000
0001
,
0000
0010
0010
0001
,
0000
1000
0000
0000
0100
0000
0000
0001
,
0000
1000
1000
0100
,
0000
1000
0000
0000
0001
0000
0000
0100
,
0000
0001
0001
1000
,
0000
0001
0000
0000
0100
0000
0000
0010
,
0000
1000
1000
0010
,
0000
0100
0000
0000
0001
0000
0000
1000
,
0000
0010
0010
0001
,
0000
0100
0000
0000
0010
0000
0000
1000
,
0000
0010
0010
1000
,
0000
0001
0000
0000
1000
0000
0000
0001
,
0000
0010
0010
1000
,
0000
0100
0000
0000
0001
0000
0000
0100
,
0000
0010
0010
0000
,
0000
0000
0000
0010
,
0000
0000
0000
1000
,
0000
0000
0000
0001
,
0000
0000
1000
0010
,
0001
1000
0100
1000
,
0001
1000
0100
1000
,
0001
0100
1000
0100
,
0001
1000
0001
0010
,
0000
0000
0000
0001
,
0100
0000
0000
0000
1000
0000
0000
0000
0010
0000
0000
0010
0010
0000
0000
0000
,
0000
0000
0000
0000
0000
0000
1000
0100
,
0001
0000
0100
0000
1000
0000
0100
0000
0001
0000
0000
0100
0100
0000
0000
0000
,
0000
0000
0000
0000
0000
0000
1000
0100
,
0001
0000
0001
0100
1000
0000
0001
0000
,
1000
0000
0001
0000
0010
0000
0001
0100
,
1000
0000
0001
0100
1000
0000
0001
0100
,
1000
0000
1000
0000
0001
0000
1000
0100
,
0001
0000
1000
0000
0001
0000
1000
0100
,
0001
0001
1000
0010
,
0010
0000
0100
0000
0001
1000
0001
0000
,
1000
0100
0001
0000
1000
0001
1000
0000
,
1000
0100
0001
0000
1000
0000
0100
0000
,
0001
1000
0100
0001
,
0100
0100
0000
0000
0000
0000
0000
0000
,
0110
0001
0100
0010
,
0010
1000
0100
0001
,
0010
0001
1000
0000
0100
0000
0010
0000
,
0010
0001
0100
0000
0001
0000
1000
0000
,
0010
1000
0001
0000
0100
0000
0010
0000
,
0010
0001
1000
0000
0100
0000
1000
0000
,
0010
1000
0001
0000
0100
0000
0010
0000
,
0010
0001
0100
0000
0001
0000
1000
0000
,
0001
0000
0000
0000
,
0001
0000
1000
0100
0001
0000
0000
0000
;

//---------------dance-single - ----------------
#NOTES:
     dance-single:
     :
     Medium:
     8:
     0.443,0.528,0.218,0.000,0.024:
0000
0000
0000
0000
,
0000
0000
0000
0000
,
0000
0000
0000
0000
,
0000
0000
0000
0000
,
0011
0100
1100
0001
,
1010
0001
0101
1000
,
1100
0100
1001
0100
,
0010
0000
0001
0000
0010
0000
0000
0000
0100
0000
0000
0100
0000
0000
0100
0000
,
0010
0000
0001
0000
0100
0000
0010
0010
,
1000
0000
0100
0000
0001
0100
0001
0000
,
0010
0010
0001
0001
1000
1000
0100
0100
,
1000
1000
0001
0001
0100
0100
1001
0000
,
0100
0000
0010
0001
0100
0000
0001
0000
,
0100
0010
1000
0011
,
1100
0000
0110
0000
1001
0000
0010
0001
,
0010
0000
0000
0000
0100
0000
0000
0100
0000
0000
0100
0000
0010
0000
0010
0000
,
0000
0100
0100
0000
1000
1000
0000
0001
,
0001
0000
0010
0000
0010
0000
0001
0100
,
0000
1000
0100
0000
0001
0100
0000
1000
,
0100
0000
0001
0000
0001
0000
0010
1000
,
0000
0010
0001
0000
0010
1000
0000
0010
,
0001
0000
0100
0000
0100
0000
1000
0100
,
0000
0010
0001
0000
1000
0100
0000
0010
,
0001
0000
1000
0000
1000
0000
0010
1001
,
0000
0010
0001
0000
0010
1000
0000
0010
,
1001
0000
0010
0000
0010
0000
1001
0100
,
0000
1000
0010
0000
1000
0100
0000
0001
,
0001
0000
0010
0000
0010
0000
1001
0100
,
0000
0001
0010
0000
0001
0100
0000
1000
,
1000
0000
0010
0000
0010
0000
1001
0100
,
0000
1000
0010
0000
1000
0100
0000
0001
,
0001
0010
0010
0000
,
0010
0000
0000
0110
,
0010
0000
0000
1001
,
0010
0000
0000
0110
,
0010
0000
0000
0000
1000
0000
0010
1000
,
0001
0100
1000
0100
0001
0100
1000
0100
,
0001
0100
1000
0001
1000
0001
1000
0100
,
0001
0100
0001
0100
1000
0100
0001
0100
,
0001
0100
1000
0010
1000
0000
0010
0000
,
0000
0000
0000
0100
,
0001
0000
0000
0000
0100
0000
0000
0000
0010
0000
0000
0010
0010
0000
0000
0000
,
0000
0000
0000
0000
0000
0000
0010
1000
,
0001
0000
0100
0000
1000
0000
0100
0000
0001
0000
0000
0100
0100
0000
0000
0000
,
0000
0000
0000
0000
0000
0000
1000
0100
,
0001
0000
0000
0000
0001
0000
0100
0000
1000
0000
0000
0001
0001
0000
0000
0000
,
0001
0000
1001
0000
0010
0000
0001
0010
,
1000
0000
0001
0010
1000
0000
0001
0010
,
1000
0000
1000
0000
0001
0000
1000
0010
,
0001
0000
1000
0000
0001
0000
1000
0010
,
0001
0001
1000
0010
,
0010
0000
0100
0000
0001
1000
0001
0000
,
1000
0010
0001
0000
1000
1000
0001
0000
,
1000
0010
0001
0000
1000
0000
0001
0000
,
1000
0001
1000
1000
,
0100
0100
0000
0000
0000
0000
0000
0000
,
0110
0001
0001
0000
0100
0001
0010
0000
,
0010
1000
1000
0000
0100
0001
1000
0000
,
0010
0001
0001
0000
0100
1000
0010
0000
,
0010
0001
0100
0000
0001
0100
1000
0000
,
0110
0001
0001
0000
0100
1000
0010
0000
,
0010
1000
1000
0000
0100
0001
1000
0000
,
0010
0001
0001
0000
0100
1000
0010
0000
,
0010
0001
0100
0000
0001
0000
1000
0000
,
0001
0000
0000
0000
,
0001
0100
1000
0100
1001
0000
0000
0000
;

//---------------dance-single - ----------------
#NOTES:
     dance-single:
     :
     Hard:
     9:
     0.546,0.714,0.540,0.000,0.057:  // measure 1
0000
0000
0000
0000
,  // measure 2
0000
0000
0000
0000
,  // measure 3
0000
0000
0000
0000
,  // measure 4
0000
0000
0000
0000
,  // measure 5
0011
0001
0100
0000
1100
1000
0100
0000
,  // measure 6
1010
0000
0100
0000
0001
0001
0010
0000
,  // measure 7
1010
0001
0100
0000
0001
0000
0100
0000
,  // measure 8
0010
0000
0001
0000
0010
0000
0001
0000
0100
0001
0100
0100
0000
0000
0100
0000
,  // measure 9
0010
0000
1000
0000
0100
0000
0010
0010
,  // measure 10
0001
0000
0100
0000
0001
0100
1000
0000
,  // measure 11
0010
0010
0001
0001
1000
1000
0100
0100
,  // measure 12
1010
1010
0110
0110
0101
0101
1001
0000
,  // measure 13
0100
0000
1000
0001
1000
0000
0001
0100
,  // measure 14
0100
0010
0100
0011
,  // measure 15
1100
0000
0110
0000
1001
0000
0010
0001
,  // measure 16
0010
0000
0001
0000
0100
0001
0100
0100
0000
0000
0100
0000
1001
0000
0100
0000
,  // measure 17
0000
0010
1000
0000
0001
0100
0000
0010
,  // measure 18
1000
0000
0100
0000
0100
0000
1001
0100
,  // measure 19
0000
1000
0100
0000
0010
0001
0000
0010
,  // measure 20
0001
0000
1010
0000
0011
0000
1001
0100
,  // measure 21
0000
0010
1000
0000
0001
0100
0000
1000
,  // measure 22
0100
0000
0101
0000
1100
0000
1001
0100
,  // measure 23
0000
1001
0100
0000
0001
0100
0000
0010
,  // measure 24
1000
0000
0011
0000
0101
0000
1001
0100
,  // measure 25
0000
0100
0010
0000
0001
0100
0000
1000
,  // measure 26
0100
0000
1010
0000
0011
0000
1001
0100
,  // measure 27
0000
1000
0010
0000
1000
0100
0000
0001
,  // measure 28
0001
0000
1010
0000
0011
0000
1001
0100
,  // measure 29
0000
0001
0010
0000
0001
0100
0000
0001
,  // measure 30
0001
0000
0011
0000
1010
0000
1001
0100
,  // measure 31
0000
1000
0010
0000
1000
0100
0000
0001
,  // measure 32
0001
0010
1010
0000
,  // measure 33
0010
0000
0000
0000
0011
0000
0000
0000
0000
0000
0000
0100
0010
0000
0000
0000
,  // measure 34
0010
0000
0000
0000
1010
0000
0000
0000
0000
0000
0000
0100
0010
0000
0000
0000
,  // measure 35
0010
0000
0000
0000
0011
0000
0000
0000
0000
0000
0000
0100
0010
0000
0000
0000
,  // measure 36
0000
0000
0000
0000
1000
0100
0001
1000
,  // measure 37
0001
0100
1000
0100
0001
0010
1000
0100
,  // measure 38
0001
0100
1000
0010
1000
0100
1000
0010
,  // measure 39
0001
0100
1000
0010
1000
0100
1000
0010
,  // measure 40
0001
0100
1000
0010
0001
1000
0010
0000
,  // measure 41
0000
0000
0000
0100
,  // measure 42
0001
0000
0100
0000
1001
0000
0000
0000
0010
0000
0000
0001
0010
0000
0000
0000
,  // measure 43
0000
0000
0000
0000
0000
0000
1000
0100
,  // measure 44
0001
0000
0100
0000
0010
0000
0100
0000
0001
0000
0000
1000
0010
0000
0000
0000
,  // measure 45
0000
0000
0000
0000
0000
0000
1000
0100
,  // measure 46
0001
0000
0000
0000
0010
0000
0100
0000
1000
0000
0000
0010
0001
0000
0000
0000
,  // measure 47
0001
0010
0001
0010
0010
0010
1000
0010
,  // measure 48
0001
0010
1000
0010
0010
0010
0001
1000
,  // measure 49
0001
0100
1000
0010
0001
0010
1000
1000
,  // measure 50
0001
0100
1000
0010
0001
0010
1000
1000
,  // measure 51
0001
0100
1000
0010
0001
0010
0010
0000
,  // measure 52
0010
0000
0100
0000
0001
1000
0001
0100
,  // measure 53
1000
0010
0001
0010
1000
1000
0001
0100
,  // measure 54
1000
0010
0001
0100
1000
0010
0001
0010
,  // measure 55
1000
0100
0001
0010
0010
0000
1000
0000
,  // measure 56
0100
0100
0010
0000
1000
0000
0001
0000
,  // measure 57
0110
1000
0001
0000
1100
0000
0101
0000
,  // measure 58
0010
0001
1000
0000
0101
0000
1100
0000
,  // measure 59
0010
0001
1000
0000
0011
0000
0101
0000
,  // measure 60
0010
1001
0100
0000
0101
0000
1100
0000
,  // measure 61
0110
1000
0001
0000
0100
0001
0010
0000
,  // measure 62
0010
0001
1000
0000
0101
0000
1100
0000
,  // measure 63
0010
1000
0001
0000
1100
0000
0011
0000
,  // measure 64
0100
1000
0001
0000
0100
0000
1000
0000
,  // measure 65
0001
1000
0100
0000
,  // measure 66
0001
1000
0100
0000
1000
0001
0100
0000
1001
0000
0000
0000
0000
0000
0000
0000
;

//---------------dance-double - ----------------
#NOTES:
     dance-double:
     :
     Easy:
     7:
     0.362,0.466,0.085,0.000,0.014:
00000000
00000000
00000000
00000000
,
00000000
00000000
00000000
00000000
,
00000000
00000000
00000000
00000000
,
00000000
00000000
00000000
00000000
,
00000001
00000100
00001000
00010000
,
01000000
00010000
00001000
00010000
,
00001000
00000100
00000001
00000010
,
00001000
00000000
00011000
00000000
01000000
00000000
00010000
01000000
,
10000000
00010000
01000000
00100000
,
10000000
00000000
01000000
00000000
00010000
01000000
00001000
00000000
,
00010000
00001000
00010000
01000000
,
00100000
00000000
10000000
01000000
00010000
00001000
00000100
00000000
,
00000001
00000000
00001000
00000001
00001000
00000000
00000001
00000000
,
00000100
00000010
00001000
00010000
,
01000000
01100000
10010000
00100000
,
00100000
00000000
01000000
00000000
00010000
01000000
10000000
00000000
,
00000000
01000000
00000000
00000000
00001000
00000000
00000000
00000001
,
00000000
00000010
00000010
00010000
,
00000000
10000000
00000000
00000000
01000000
00000000
00000000
00010000
,
00000000
00001000
00001000
00000100
,
00000000
00001000
00000000
00000000
00010000
00000000
00000000
10000000
,
00000000
01000000
01000000
00001000
,
00000000
00010000
00000000
00000000
01000000
00000000
00000000
00100000
,
00000000
10000000
10000000
01000000
,
00000000
00001000
00000000
00000000
00000100
00000000
00000000
00010000
,
00000000
00000000
00100000
00000000
00100000
00000000
00001000
00000100
,
00000000
00010000
01000000
00000000
00001000
00000100
00000000
00010000
,
01000000
00000000
00010000
00000000
00010000
00000000
00001000
00000100
,
00000000
00010000
01000000
00000000
00001000
00000100
00000000
00010000
,
01000000
00000000
00001000
00000000
00001000
00000000
00011000
01000000
,
00000000
00010000
01000000
00000000
00010000
01000000
00000000
00010000
,
01000000
00010000
00010000
00000000
,
00000000
00000000
00000000
00000110
,
00000000
00000000
00000000
01100000
,
00000000
00000000
00000000
00011000
,
00000000
00000000
00001000
00010000
,
00010000
01000000
00010000
01000000
00010000
00000000
00001000
00000100
,
00001000
00000100
00001000
00000000
00010000
01000000
00010000
01000000
,
00010000
00000000
00001000
00000100
00001000
00000100
00001000
00000000
,
00010000
01000000
00010000
01000000
00010000
00000000
00001000
00000000
,
00000000
00000000
00000000
00000100
,
00011000
00000000
00000000
00000000
00010000
00000000
00000000
00000000
00100000
00000000
00000000
00100000
00100000
00000000
00000000
00000000
,
00000000
00000000
00000000
00000000
00000000
00000000
10000000
01000000
,
00010000
00000000
01000000
00000000
00010000
00000000
01000000
00000000
00010000
00000000
00000000
00001000
00001000
00000000
00000000
00000000
,
00000000
00000000
00000000
00000000
00000000
00000000
00001000
00000100
,
00000001
00000000
00000000
00000000
00000001
00000000
00000100
00000000
00001000
00000000
00000000
00010000
00010000
00000000
00000000
00000000
,
00010000
00000000
00001000
00000000
00000010
00000000
00001000
00000010
,
00001000
00000000
00010000
00001000
00010000
00000000
00010000
00001000
,
00010000
00000000
00001000
00000000
00010000
00000000
00010000
01000000
,
00010000
00000000
00001000
00000000
00000100
00000000
00001000
00010000
,
00001000
00000100
00001000
00000010
,
00000010
00000000
00001000
00000000
00000010
00001000
00010000
00000000
,
00010000
01000000
00010000
00000000
00001000
00001000
00000100
00000000
,
00001000
00001000
00000100
00000000
00001000
00000000
00010000
00000000
,
10000000
00010000
00001000
00001000
,
00000100
00000100
00000000
00000000
00000000
00000000
00000000
00000000
,
00000110
00000001
00000100
00001000
,
00010000
01000000
00010000
01000000
,
00010000
01000000
10000000
00000000
01000000
00000000
00100000
00000000
,
00100000
00010000
01000000
00000000
00010000
00000000
00001000
00000000
,
00000010
00000001
00000100
00000000
00001000
00000000
00000010
00000000
,
00000010
00001000
00010000
00000000
01000000
00000000
10000000
00000000
,
00100000
10000000
01000000
00000000
00010000
00000000
00100000
00000000
,
00100000
00010000
01000000
00000000
00010000
00000000
00001000
00000000
,
00000001
00000000
00000000
00000000
,
00000001
00000100
00001000
01000000
10000000
00000000
00000000
00000000
;

//---------------dance-double - ----------------
#NOTES:
     dance-double:
     :
     Medium:
     9:
     0.459,0.714,0.190,0.000,0.033:
00000000
00000000
00000000
00000000
,
00000000
00000000
00000000
00000000
,
00000000
00000000
00000000
00000000
,
00000000
00000000
00000000
00000000
,
00001010
00000100
00001000
00010000
,
01000000
00000000
00100000
00000000
00010000
00001000
00010000
00000000
,
00001000
00010000
01000000
00000000
00010000
00000000
00001000
00000000
,
00000010
00000000
00000001
00000000
00000010
00000000
00000000
00000000
00000100
00000000
00000000
00000100
00000000
00000000
00000100
00000000
,
00000001
00000100
00001000
00000100
,
00001000
00000000
00000001
00000000
00000100
00001000
00010000
00000000
,
00000010
00000010
00001000
00001000
00010000
00010000
01000000
01000000
,
10100000
10100000
01100000
01100000
01010000
01010000
00011000
00000000
,
00010000
00000000
00001000
00010000
00001000
00000000
00010000
00000000
,
01000000
00010000
00001000
00010000
,
01001000
00000000
00010000
00000000
01000000
00000000
00100000
00010000
,
00100000
00000000
00000000
00000000
01000000
00000000
00000000
01000000
00000000
00000000
01000000
00000000
00010000
00000000
00010000
00000000
,
00000000
01000000
00010000
00000000
00010000
00001000
00000000
00000100
,
00001000
00000000
00010000
00000000
00010000
00000000
00011000
00001000
,
00000000
00000100
00001000
00000000
00001000
00000001
00000000
00000100
,
00000010
00000000
00001000
00000000
00000100
00000000
00011000
00001000
,
00000000
00000010
00000001
00000000
00000001
00000100
00000000
00001000
,
00010000
00000000
01000000
00000000
01000000
00000000
00011000
00001000
,
00000000
00010000
00001000
00000000
00010000
01000000
00000000
00100000
,
00010000
00000000
00100000
00000000
00100000
00000000
00001000
00010000
,
00000000
10000000
01000000
00000000
10000000
01000000
00000000
00001000
,
00001000
00000000
00000010
00000000
00000010
00000000
00011000
01000000
,
00000000
00001000
00000100
00000000
00001000
00000100
00000000
00000001
,
00000100
00000000
00000010
00000000
00000010
00000000
00011000
01000000
,
00000000
00001000
00000100
00000000
00010000
01000000
00000000
00010000
,
01000000
00000000
00010000
00000000
00010000
00000000
00010000
00001000
,
00000000
00001000
00010000
00000000
00001000
01000000
00000000
00010000
,
00001000
00010010
01001000
00000000
,
00000000
00000000
00000000
00000110
,
00000000
00000000
00000000
01100000
,
00000000
00000000
00000000
00011000
,
00000000
00000000
00000000
00000000
00010000
00010000
00001000
00010000
,
00001000
00000100
00001000
00010000
00001000
00010000
00001000
00010000
,
00001000
00010000
00001000
00000100
00001000
00010000
00010000
00001000
,
00010000
01000000
00010000
00001000
00010000
01000000
00010000
00001000
,
00001000
00010000
00010000
01000000
10000000
00000000
01000000
00000000
,
00000000
00000000
00000000
00000100
,
00001000
00000000
00000000
00000000
00010000
00000000
00000000
00000000
00000010
00000000
00000000
00001000
00000010
00000000
00000000
00000000
,
00000000
00000000
00000000
00000000
00000000
00000000
00010000
01000000
,
00001000
00000000
00000100
00000000
00001000
00000000
00000100
00000000
00010000
00000000
00000000
00001000
00010000
00000000
00000000
00000000
,
00000000
00000000
00000000
00000000
00000000
00000000
00001000
00000100
,
00000001
00000000
00000000
00000000
00000100
00000000
00001000
00000000
00010000
00000000
00000000
00010000
00010000
00000000
00000000
00000000
,
00001000
00000010
00001000
00010000
00001000
00000010
00001000
00010000
,
00100000
00100000
00010000
00100000
00010000
00100000
00010000
00001000
,
00010000
00001000
00001000
00000010
00001000
00010000
00001000
00001000
,
00010000
00010000
00001000
00000010
00001000
00010000
00001000
00001000
,
00010000
00010000
00001000
00000010
00001000
00010000
00001000
00000000
,
00000100
00000000
00000010
00000000
00001000
00001000
00010000
01000000
,
00010000
00001000
00010000
01000000
00010000
00001000
00010000
00001000
,
00001000
00000100
00001000
00010000
00001000
00000010
00001000
00010000
,
00001000
00000100
00001000
00010000
00001000
00000000
00010000
00000000
,
01000000
01000000
00000000
00000000
00000000
00000000
00000000
00000000
,
00100000
10000000
10000000
00000000
01000000
00000000
00010000
00000000
,
00001000
00001000
01000000
00000000
00010000
00000000
10000000
00000000
,
00100000
00010000
00010000
00000000
00001000
00000000
00000010
00000000
,
00000010
00001000
01000000
00000000
00010000
00000000
00001000
00000000
,
00000110
00000001
00000001
00000000
00000100
00000000
00000010
00000000
,
00000010
00001000
00010000
00000000
01000000
00000000
10000000
00000000
,
00100000
00010000
00010000
00000000
00001000
00000000
00000010
00000000
,
00000010
00000001
00000100
00000000
00000001
00000000
00001000
00000000
,
00010000
00000000
00000000
00000000
,
00000001
00000001
00000100
00000000
00001000
00010000
01000000
00000000
10000000
00000000
00000000
00000000
00000000
00000000
00000000
00000000
;
