#TITLE:Happy Wedding;
#SUBTITLE:;
#ARTIST:ASKA;
#TITLETRANSLIT:;
#SUBTITLETRANSLIT:;
#ARTISTTRANSLIT:;
#CREDIT:;
#BANNER:Happy Wedding.png;
#BACKGROUND:Happy Wedding-bg.png;
#LYRICSPATH:;
#CDTITLE:./CDTITLES/beatmaniaIIDX.PNG;
#MUSIC:Happy Wedding.ogg;
#OFFSET:0.000;
#SAMPLESTART:47.633;
#SAMPLELENGTH:15.000;
#SELECTABLE:YES;
#DISPLAYBPM:126.000;
#BPMS:0.000=126.316,4.000=126.006;
#STOPS:;
#BGCHANGES:;

//---------------dance-single - ----------------
#NOTES:
     dance-single:
     :
     Beginner:
     3:
     0.138,0.176,0.082,0.000,0.000:
0000
0000
0000
0000
,
0000
0000
0000
0000
,
0000
0000
0000
0000
,
0001
0000
0000
0000
,
1000
0000
0000
0000
,
0010
0000
0000
0000
,
0100
0000
0000
0000
,
0001
0000
0000
0000
,
1000
0000
0000
0000
,
1000
1000
0000
0000
,
0100
0100
0000
0000
,
0001
0001
0000
0000
,
0100
0100
0000
0000
,
0001
0000
0001
0000
,
0010
0000
0010
0000
,
0100
0000
0100
0000
,
1000
0000
1000
0000
,
0010
0000
0000
0000
,
1001
0000
0000
0000
,
0100
0000
0000
0000
,
0110
0000
0000
0000
,
0010
0000
0010
0000
,
0001
0000
1000
0000
,
0100
0000
0100
0000
,
1000
0000
0001
0000
,
1000
0000
0100
0000
,
0001
0000
0100
0000
,
0001
0000
0010
0000
,
1000
0000
0010
0000
,
0010
0000
0100
0000
,
0001
0000
0100
0000
,
1000
0000
0100
0000
,
0010
0000
1001
0000
,
0010
0000
1000
0000
,
0001
0000
1001
0000
,
0010
0000
0001
0000
,
1000
0000
1001
0000
,
0100
0000
0001
0000
,
0100
0000
1000
0000
,
0100
0000
0010
0000
,
0100
0000
1001
0000
,
0100
0100
0100
0000
,
0001
0001
0001
0000
,
1000
1000
1000
0000
,
0010
0010
0010
0000
,
0010
0000
0010
0000
,
1000
0000
0001
0000
,
0010
0000
0100
0000
,
0110
0000
0000
1001
,
0000
0000
0000
0000
;

//---------------dance-single - ----------------
#NOTES:
     dance-single:
     :
     Easy:
     4:
     0.218,0.226,0.154,0.021,0.000:
0000
0000
0000
0000
,
0000
0000
0000
0000
,
0000
0000
0000
0000
,
0001
0000
0010
0000
,
1000
0000
0010
0000
,
1000
0000
1000
0000
,
0100
0000
1000
0000
,
0001
0000
0001
0000
,
0100
0000
0001
0000
,
1000
1000
0001
0100
,
0001
1000
0000
1001
,
0001
0001
1000
0100
,
1000
0001
0000
1001
,
0010
0001
0010
0000
,
0010
1000
0010
0000
,
0100
0001
0100
1000
,
0010
0100
0110
0000
,
0000
0001
0100
1000
,
0001
0000
1001
0000
,
0000
1000
0100
0001
,
1000
0000
1001
0000
,
0010
0000
0100
0000
,
0001
0010
1000
0100
,
0010
0000
0100
0000
,
1000
0010
0001
0100
,
0000
1000
0001
0100
,
0000
0001
1000
1001
,
0000
0001
1000
0100
,
0000
1000
0001
0110
,
0000
0010
0100
1000
,
0000
0010
0100
0110
,
0000
0100
0010
1000
,
0000
0010
0100
1001
,
0000
0010
0100
0001
,
0000
0010
0100
0110
,
0000
0100
0010
0001
,
0000
0010
0100
1001
,
0000
1000
0100
1000
,
0000
0001
0010
1001
,
0000
0001
0100
0001
,
0000
1000
0010
1001
,
0000
0100
0010
0100
,
0001
0001
1000
0001
,
0000
0100
0010
0100
,
1000
1000
0001
1000
,
0001
0000
0010
0000
,
1000
0000
0100
0000
,
0010
0000
0100
0000
,
0220
0330
0000
1001
,
0000
0000
0000
0000
;

//---------------dance-single - ----------------
#NOTES:
     dance-single:
     :
     Medium:
     6:
     0.288,0.252,0.113,0.082,0.000:
0000
0000
0000
0000
,
0000
0000
0000
0000
,
0000
0000
0000
0000
,
0001
0001
0010
0001
,
1000
1000
0010
1000
,
0200
0000
0020
0330
,
0002
0000
2000
3003
,
0020
0000
2030
0000
,
3002
0000
0003
1001
,
1000
1000
0010
0100
,
0001
1000
0001
0010
,
0001
0001
0010
0100
,
1000
0000
0001
0000
0100
0001
1000
0000
,
0010
0100
1001
0000
,
0001
1000
0110
0100
,
0010
0001
1000
0100
,
0010
0000
0100
0000
1000
0001
1000
0000
,
0010
1000
0100
0001
,
0100
0110
0000
1001
,
0000
1000
0100
0001
,
1000
0000
0100
0000
1001
0000
0001
0100
,
0000
1000
0001
0100
,
0001
0000
0100
0000
1000
0100
0000
0000
,
0010
1000
0001
0010
,
0001
0000
1000
0000
0100
0010
0000
0000
,
0001
0100
0001
1000
,
0010
0100
0001
1001
,
1000
0100
1000
0001
,
0010
0100
1000
1001
,
0010
0100
0010
1000
,
0001
0000
1000
0000
0010
0000
1000
0001
,
0000
0010
1000
0010
,
0001
0100
1000
0110
,
0001
1000
0001
1000
,
0010
1000
0100
1001
,
1000
0001
1000
0001
,
0010
0000
0001
0000
0100
0000
1000
0001
,
1000
0100
0010
0001
,
1000
0000
0100
0000
0001
0000
0010
0100
,
0010
0001
0100
1000
,
0010
0000
0100
0000
0001
0000
0010
0100
,
0010
0100
0010
0001
,
0100
0000
0001
0000
1000
0000
0010
0100
,
0001
0100
0010
0100
,
1000
0000
1000
0000
0001
0100
0001
0100
,
0010
0000
0010
0000
,
1000
0001
1000
0110
,
0001
0000
1000
0001
,
0200
0000
0000
0000
0300
0000
0010
1000
,
0000
0000
0000
0000
;

//---------------dance-single - ----------------
#NOTES:
     dance-single:
     :
     Hard:
     10:
     0.407,0.428,0.062,0.072,0.000:
0000
0000
0000
0000
,
0000
0000
0000
0000
,
0000
0000
0000
0000
,
0000
0100
0001
0100
0000
0010
1000
0010
,
0000
1000
0100
1000
0010
0100
0001
1000
,
0200
0000
0000
0310
,
0001
0000
0100
0000
0010
1000
0000
0000
,
0002
0000
2000
3003
,
0220
0000
0330
1001
,
0010
0000
0010
0000
1000
0001
0100
0001
,
1000
0000
0100
0000
0100
0010
0001
1000
,
0010
0000
0010
0000
0001
0100
0010
1000
,
0100
0000
1000
0000
0100
0001
0100
1000
,
0010
0000
0100
0000
0001
1000
0100
0000
,
0010
0000
0100
0000
1000
0001
0100
0000
,
0010
0000
0010
1000
0100
0010
0100
1000
,
0000
0010
0100
0000
1000
0001
0000
0000
,
1001
0000
0100
0001
1000
0010
0100
0001
,
1000
0110
0000
1001
,
0000
0000
1000
0000
0100
1000
0100
0010
,
0001
0100
0010
0000
1010
0000
0100
0200
,
0000
0000
0300
0001
1000
0010
0100
1000
,
0000
0010
0100
0000
1000
0100
0000
0000
,
0010
0000
0010
1000
0001
0100
0001
0100
,
0000
0010
0100
0000
0001
1000
0000
0000
,
0010
0000
0010
0000
1000
0100
0010
0100
,
1000
0000
1000
0000
0001
0100
0001
1000
,
0100
0000
0100
0000
0010
0001
0100
1000
,
0100
0000
0001
0000
0010
0100
0010
0000
,
0001
0000
0001
0000
1000
0010
1000
0100
,
0010
0000
0010
0000
0001
0100
1000
0100
,
0001
0001
1000
1000
,
0010
1000
0010
1000
0001
0100
0001
0100
,
0000
0001
0010
0001
0000
1000
0010
1000
,
0000
0001
0010
0100
0010
0100
1000
0100
,
0000
1000
0100
0001
0000
0100
1000
0010
,
0000
1000
0010
0001
0010
0100
0010
1000
,
0000
0010
1000
0100
0000
0001
0100
1000
,
0000
0010
0100
0001
1000
0100
1000
0001
,
0000
1000
0001
0100
0000
0001
1000
0100
,
0000
0010
0000
0001
1000
0100
1000
0001
,
0010
0001
0010
0001
1000
0010
1000
0010
,
0100
1000
0100
1000
0001
0100
0001
0100
,
0010
0001
0100
1000
0100
0001
0010
1000
,
0010
0001
1000
0010
0001
0010
1000
0000
,
0000
0001
1000
0001
0000
1000
0001
1000
,
0000
0010
1000
0010
0100
0001
1000
0010
,
0000
1000
0100
1000
0000
0001
0010
0001
,
0200
0001
0000
0301
1000
0010
1000
0001
,
0000
0000
0000
0000
;

//---------------dance-double - ----------------
#NOTES:
     dance-double:
     :
     Easy:
     5:
     0.226,0.226,0.185,0.010,0.000:
00000000
00000000
00000000
00000000
,
00000000
00000000
00000000
00000000
,
00000000
00000000
00000000
00000000
,
10000000
00000000
00010000
00000000
,
00100000
00000000
00001000
00000000
,
00010000
00000000
00000010
00000000
,
00001000
00000000
00000100
00000000
,
00000001
00000000
00001000
00000000
,
00000100
00000000
00011000
00000000
,
00100000
00100000
00010000
01000000
,
00010000
10000000
00000000
01100000
,
00000000
00010000
01000000
00001000
,
00010000
00000000
00000000
00011000
,
00000100
00001000
00000100
00000000
,
00001000
00000001
00001000
00000000
,
00000010
00001000
00000100
00010000
,
00001000
00010000
00011000
00000000
,
00000000
01000000
00010000
01000000
,
00100000
00000000
00000000
01100000
,
00000000
10000000
00010000
00100000
,
00001000
00000000
00000000
00011000
,
00000010
00000100
00000001
00000000
,
00000010
00001000
00000100
00000000
,
00010000
00001000
00100000
00010000
,
10000000
01000000
00000000
10010000
,
00000000
00100000
10000000
00010000
,
00000000
01000000
00001000
00011000
,
00000000
00000010
00001000
00000001
,
00000000
00000100
00000010
00000110
,
00000000
00001000
00000100
00010000
,
00000000
00001000
00010000
00011000
,
00000000
00100000
00010000
10000000
,
00000000
01000000
00100000
01100000
,
10000000
00010000
10000000
00010000
,
00000000
00100000
00001000
00011000
,
00000100
00001000
00000100
00001000
,
00000000
00000001
00001000
00001001
,
00000010
00000100
00000010
00000100
,
00000000
00000010
00010000
00011000
,
00100000
00010000
01000000
00010000
,
00000000
01000000
00100000
10010000
,
00100000
01000000
00010000
01000000
,
00000000
00001000
00010000
00011000
,
00000010
00001000
00000001
00000100
,
00000010
00010000
00001000
00011000
,
00000000
00100000
00000000
00100000
,
00000000
01000000
00000000
01000000
,
00100000
00000000
00010000
00000000
,
02000000
03000000
00000000
10010000
,
00000000
00000000
00000000
00000000
;

//---------------dance-double - ----------------
#NOTES:
     dance-double:
     :
     Medium:
     6:
     0.294,0.277,0.113,0.103,0.000:
00000000
00000000
00000000
00000000
,
00000000
00000000
00000000
00000000
,
00000000
00000000
00000000
00000000
,
00100000
00100000
10000000
00010000
,
10000000
01000000
00010000
00011000
,
00000200
00000000
00000302
00000000
,
00000023
00000000
00000230
00000000
,
00002300
00000000
00023000
00000000
,
00230000
00000000
00300000
10010000
,
00010000
00010000
10000000
10000000
,
01000000
00100000
01000000
00010000
,
00001000
00001000
00000010
00000001
,
00000100
00000000
00000100
00000000
00001000
00010000
00001000
00000000
,
01100000
00000000
10000000
10000000
,
01100000
00000000
00010000
00001000
,
00000010
00000100
00000001
00001000
,
00000100
00000000
00001000
00000000
00010000
00001000
00010000
00000000
,
01000000
00100000
00010000
00010000
,
10000000
20020000
30030000
01100000
,
00000000
00010000
10000000
01000000
,
00010000
00000000
00001000
00000000
00010000
00000000
00000010
00000100
,
00000000
00001000
00000010
00000100
,
00001000
00000000
00010000
00000000
01000000
00100000
00000000
00000000
,
00001000
00000000
00010000
00000000
00000010
00001000
00000100
00000000
,
00001000
00000000
00000001
00000000
00001000
00000100
00000000
00000000
,
00010000
00000010
00010000
00000100
,
00010000
00001000
00010000
00011000
,
00001000
01000000
00001000
00100000
,
00001000
00010000
00001000
00011000
,
00100000
00010000
00001000
00010000
,
00000010
00001000
00010000
00001000
,
00100000
00010000
10000000
01000000
,
10000000
01000000
00010000
00011000
,
00000100
00000001
00000100
00000010
,
00000100
00001000
00010000
00011000
,
01000000
10000000
01000000
00100000
,
01000000
00000000
00010000
00000000
00001000
00000000
00000100
00000001
,
00000010
00000001
00000100
00000001
,
00001000
00000000
00000010
00000000
00001000
00000000
00000001
00000100
,
00001000
00010000
01000000
10000000
,
00100000
00000000
00100000
00000000
10000000
01000000
10000000
01000000
,
00000000
00100000
01000000
00010000
,
00001000
00000000
00000100
00000000
00001000
00000000
00010000
01000000
,
00100000
00010000
10000000
00100000
,
01000000
00000000
00001000
00000000
00010000
00001000
00010000
00001000
,
00100000
00001000
00000010
00000001
,
00001000
00000001
00000010
00000110
,
00000001
00000000
00000100
00001000
,
00020000
00000000
00000000
00000000
00030000
00000000
00100000
01000000
,
00000000
00000000
00000000
00000000
;

//---------------dance-double - ----------------
#NOTES:
     dance-double:
     :
     Hard:
     9:
     0.399,0.352,0.051,0.051,0.000:
00000000
00000000
00000000
00000000
,
00000000
00000000
00000000
00000000
,
00000000
00000000
00000000
00000000
,
00000000
10000000
00100000
10000000
00000000
00100000
01000000
00100000
,
00000000
10000000
01000000
10000000
00100000
01000000
00001000
00010000
,
00002000
00000000
00000000
00003010
,
00000001
00000000
00000100
00000000
00000010
00001000
00000000
00000000
,
00000200
00000000
00020000
00000300
,
00002000
00000000
00000000
00033000
00000000
00000000
10010000
00000000
,
01000000
00000000
01000000
00000000
10000000
00010000
00100000
00001000
,
00010000
00000000
00010000
00000000
00000010
00001000
00000100
00001000
,
00000001
00000000
00000001
00000000
00000001
00000100
00000010
00001000
,
00000001
00000000
00001000
00000000
00000100
00010000
00001000
00100000
,
00010000
00000000
10000000
00000000
00010000
10000000
01000000
00000000
,
00100000
00000000
00010000
00000000
01000000
00001000
00010000
00000000
,
00000010
00000000
00000010
00001000
00000100
00000010
00000001
00000100
,
00000000
00001000
00000100
00000000
00010000
00001000
00000000
00000000
,
01010000
00000000
10000000
00100000
01000000
00100000
01000000
00010000
,
10000000
10010000
00000000
00011000
,
00000010
00000000
00000010
00000000
00000100
00000001
00000100
00000010
,
00001000
00000100
00010000
00000000
00011000
00000000
00100000
00020000
,
00000000
00000000
00030000
10000000
00010000
00100000
01000000
10000000
,
00000000
00100000
01000000
00000000
00001000
00010000
00000000
00000000
,
00000010
00000000
00001000
00000001
00000100
00000010
00001000
00000100
,
00000000
00010000
00001000
00000000
01000000
00010000
00000000
00000000
,
10000000
00000000
10000000
00000000
00100000
01000000
00010000
00100000
,
00001000
00000000
00010000
00000000
00000010
00000100
00000001
00001000
,
00000010
00000000
00000010
00000000
00000100
00010000
00001000
00100000
,
00010000
00000000
00010000
00000000
10000000
01000000
00100000
00000000
,
00001000
00000000
00001000
00000000
00010000
00000100
00001000
00000010
,
00000100
00000000
00000100
00000000
00000001
00001000
00000100
00001000
,
00000100
00010000
00001000
01000000
,
00100000
10000000
00010000
01000000
00001000
00010000
00000100
00001000
,
00000000
00000001
00000010
00000001
00000000
00001000
00000100
00001000
,
00000000
00000001
00000010
00000001
00000100
00000001
00001000
00000100
,
00000000
00010000
00001000
00100000
00000000
01000000
10000000
00100000
,
00000000
10000000
01000000
00100000
00010000
10000000
00010000
01000000
,
00000000
00001000
00010000
00000010
00000000
00001000
00000001
00000100
,
00000000
00000001
00000100
00000010
00001000
00000010
00001000
00000100
,
00000000
00010000
00001000
01000000
00000000
00100000
10000000
00010000
,
00000000
00100000
00000000
00001000
00010000
00001000
00010000
00000010
,
00000000
00000100
00000001
00000100
00000010
00001000
00000001
00001000
,
00000000
00000010
00001000
00000100
00010000
00001000
00010000
00001000
,
00000000
00100000
00010000
01000000
00010000
00100000
00010000
10000000
,
00000000
00010000
10000000
01000000
10000000
00010000
10000000
01000000
,
00000000
00100000
00001000
00010000
00000000
00000010
00001000
00000100
,
00000000
00001000
00000001
00000100
00000010
00001000
00000100
00010000
,
00000000
00001000
00100000
00010000
00000000
10000000
00010000
01000000
,
00000000
00010000
00000000
00100000
00001000
01000000
00001000
00010000
,
00000000
00000000
00000000
00000000
;
