#TITLE:Have You Never Been Mellow;
#SUBTITLE:;
#ARTIST:The Olivia Project;
#TITLETRANSLIT:;
#SUBTITLETRANSLIT:;
#ARTISTTRANSLIT:;
#CREDIT:;
#BANNER:Have You Never Been Mellow.png;
#BACKGROUND:Have You Never Been Mellow-bg.png;
#LYRICSPATH:;
#CDTITLE:../CDTitles/Dancemania 10.png;
#MUSIC:Have You Never Been Mellow.ogg;
#OFFSET:0.000;
#SAMPLESTART:49.950;
#SAMPLELENGTH:15.000;
#SELECTABLE:YES;
#DISPLAYBPM:126.000;
#BPMS:0.000=29.900,4.000=126.000;
#STOPS:;
#BGCHANGES:0.000=Have You Never Been Mellow.avi=1.000=0=0=0;

//---------------dance-single - ----------------
#NOTES:
     dance-single:
     :
     Beginner:
     1:
     0.092,0.133,0.066,0.000,0.000:
0000
0000
0000
0000
,
0000
0000
0000
0000
,
0000
0000
0000
0000
,
0000
0000
0000
0000
,
0000
0000
0000
0000
,
1001
0000
0000
1000
,
0000
0000
0000
0001
,
0000
0000
0000
0100
,
0000
0000
0000
0010
,
0000
0000
0000
1000
,
0000
0000
0000
0001
,
0000
0000
0000
0100
,
0000
0000
0000
0000
,
1001
0000
0000
0000
,
0000
0001
0000
0001
,
0000
1000
0000
1000
,
0000
0001
0000
1000
,
0000
1000
0000
0000
,
0000
0001
0000
0001
,
0000
0100
0000
0000
,
0000
0010
0000
0000
,
0000
0100
0000
0000
,
0001
0001
0001
0000
,
1001
0000
0000
0000
,
0010
0000
1000
1000
,
1000
0000
0000
0000
,
0100
0000
0010
0010
,
0000
1001
0000
0000
,
0100
0000
0000
0000
,
0001
0000
0000
0000
,
1000
0000
0010
0000
,
0000
1001
0000
0000
,
0100
0000
0010
0010
,
0010
0000
0000
0000
,
0001
0000
1000
1000
,
0000
1001
0000
0000
,
0010
0000
0100
0000
,
0010
0000
0000
0000
,
0000
0000
0000
0000
,
1000
0000
1000
0000
,
0010
0000
0000
0000
,
0000
0000
0000
0000
;

//---------------dance-single - ----------------
#NOTES:
     dance-single:
     :
     Easy:
     3:
     0.107,0.158,0.000,0.000,0.000:
0000
0000
0000
0000
,
0000
0000
0000
0000
,
0000
0000
0000
0000
,
0000
0000
0000
0000
,
0000
0000
0000
0000
,
0000
0000
0000
0010
,
0000
0000
0000
0001
,
0000
0000
0000
0100
,
0000
0000
0000
0001
,
0000
0000
0000
0010
,
0000
0000
0000
1000
,
0000
0000
0000
0100
,
0000
0000
0000
1000
,
0000
0010
0000
0010
,
0000
0001
0000
0001
,
0000
0100
0000
0100
,
0000
0010
0000
0010
,
0000
1000
0000
1000
,
0000
0100
0000
0100
,
0000
0001
0000
1000
,
0000
0001
0000
1000
,
0000
0000
0000
0000
,
0000
0000
0000
0000
,
0000
0001
0000
0010
,
0100
0010
0100
0010
,
0000
1000
0000
0100
,
0010
0100
0010
0100
,
0000
0001
0000
1000
,
0000
0001
0000
1000
,
0010
0001
0100
1000
,
0000
0000
0000
0000
,
0000
0001
0000
0010
,
0100
0010
0100
0010
,
0000
1000
0000
0100
,
0010
0100
0010
0100
,
0000
0001
0000
1000
,
0000
0001
0000
1000
,
0010
0001
0100
1000
,
0000
0000
0000
0000
,
0000
0001
0000
1000
,
0000
0010
0000
0100
,
0000
0000
0000
0000
;

//---------------dance-single - ----------------
#NOTES:
     dance-single:
     :
     Medium:
     5:
     0.187,0.203,0.000,0.000,0.000:
0000
0000
0000
0000
,
0000
0000
0000
0000
,
0000
0000
0000
0000
,
0000
0000
0000
0000
,
0000
0000
0000
0000
,
0010
0001
0100
1000
,
0010
0001
0100
1000
,
0100
0001
0010
1000
,
0100
0001
0010
1000
,
0010
0001
0100
1000
,
0100
0001
0010
1000
,
0000
0000
0000
0000
,
0010
0100
0001
1000
,
0001
0100
1000
0010
,
1000
0100
1000
0010
,
0001
0100
0001
0010
,
1000
0100
0001
0010
,
1000
0100
0001
0100
,
1000
0100
1000
0100
,
0001
0100
0001
0100
,
0001
0010
1000
0100
,
0000
0000
0000
0000
,
0100
0010
1000
0001
,
0000
0001
0000
0010
,
0100
1000
0010
0100
,
0000
1000
0000
0100
,
0010
0001
0010
0100
,
0000
0001
0100
1000
,
0000
0001
0010
1000
,
0000
0000
0100
1000
,
0010
0001
0100
1000
,
0000
0001
0000
0010
,
0100
1000
0010
0100
,
0000
1000
0000
0100
,
0010
0001
0010
0100
,
0000
0001
0100
1000
,
0000
0001
0010
1000
,
0010
0001
0100
1000
,
0010
1000
0100
0001
,
0000
0001
0000
1000
,
0000
0010
0000
0100
,
0000
0000
0000
0000
;

//---------------dance-single - ----------------
#NOTES:
     dance-single:
     :
     Hard:
     7:
     0.291,0.316,0.144,0.000,0.000:
0000
0000
0000
0000
,
0000
0000
0000
0000
,
0000
0000
0000
0000
,
0000
0000
0000
0000
,
0000
0000
0000
0000
,
1001
0000
0010
0000
0001
0100
1000
0000
,
0010
0000
0001
0000
0100
1000
0010
0000
,
0001
0000
0100
0000
1000
0010
0001
0000
,
0100
0000
1000
0000
0010
0001
0100
0000
,
1000
0000
0010
0000
0001
0100
1000
0000
,
0010
0000
0001
0000
0100
1000
0010
0000
,
0001
0000
0100
0000
1000
0010
0001
0000
,
0010
0010
0100
0000
1000
1000
0001
0000
,
1001
0000
0001
0000
0100
0001
0100
0000
,
1000
0000
0010
0000
0001
0010
0001
0000
,
0100
0000
1000
0000
0010
1000
0010
0000
,
0001
0000
0100
0000
1000
0100
1000
0000
,
0100
0010
0100
0000
0001
0100
0001
0000
,
0010
0000
1000
0000
0100
1000
0100
0000
,
0001
0000
0010
0000
1000
0010
1000
0000
,
0100
0000
0001
0000
0010
0001
0010
0000
,
0100
0000
0010
0000
1000
0001
0010
0100
,
0010
0001
0100
1000
0010
0001
0100
1000
,
1001
0001
0000
0010
,
1100
0001
0010
0100
,
0000
1000
0000
0100
,
0011
0000
1000
0000
0010
0100
0010
0000
,
1001
0110
0001
1000
,
0100
0001
1000
0001
,
0100
1000
0100
0001
,
0010
1000
0100
0000
0010
0001
0100
0000
,
1001
0000
1000
0000
0100
1000
0010
0000
,
0101
1000
0010
0100
,
0000
0000
1000
0001
0010
0001
0100
0000
,
1010
0000
0001
0000
0010
0100
0010
0000
,
1001
0110
0000
0001
,
0000
0100
0000
1000
,
0010
0100
0001
0000
0100
0010
1000
0000
,
0010
0001
0100
1000
0010
0001
0100
1000
,
1001
0100
0000
1000
,
0000
0010
0000
0001
;

//---------------dance-single - ----------------
#NOTES:
     dance-single:
     :
     Challenge:
     12:
     0.386,0.431,0.089,0.000,0.243:
0000
0000
0000
0000
,
0000
0000
0000
0000
,
0000
0000
0000
0000
,
0000
0000
0000
0000
,
0001
0000
0000
0000
0001
0000
0000
1000
0001
0000
0010
0000
0100
0000
1000
0000
,
0001
0000
0001
0000
0001
0000
0010
0100
0010
0100
0010
0000
0001
0000
0000
0000
,
1000
0000
1000
0000
1000
0000
0010
0100
0000
0001
0000
1000
0100
0000
0000
0000
,
0010
0000
0010
0000
0010
0000
0001
0100
0010
0100
0010
0000
1000
0000
0000
0000
,
0100
0000
0100
0000
0100
0000
0010
0001
0000
0001
0000
0001
0100
0000
0000
0000
,
0010
0000
1000
0000
0100
0000
0010
0001
0010
0001
0100
0000
0010
0000
0000
0000
,
1000
0000
0100
0000
0100
0000
0010
0001
0000
1000
0000
0100
1000
0000
0000
0000
,
0001
0000
0001
0000
0010
0000
0100
1000
0001
1000
0001
0000
0100
0000
0010
1000
,
0100
1000
0100
0000
0010
0000
0001
1000
0010
0100
0010
0000
1000
0000
0001
0000
,
0000
0010
0010
0100
1000
0000
0000
0000
,
0000
0001
0001
0100
1000
0000
0000
0000
,
0100
0000
0100
0000
0001
0000
0000
1000
0100
0000
0100
0000
0010
0000
0000
0000
,
0001
0000
1000
0000
0100
0000
0000
0010
0001
0000
0100
0000
0010
0000
1000
0000
,
0000
0000
0001
0000
0001
0000
0000
0000
0010
0000
0000
0100
0000
0000
1000
0000
,
0000
0000
0001
0000
0001
0000
0000
0000
0100
0000
0000
0010
0000
0000
1000
0000
,
0001
0000
0010
0000
0100
0000
1000
0100
0000
0010
0000
0001
1000
0000
0000
0000
,
0010
0000
0100
0000
0001
0000
1000
0100
0000
0010
0000
0001
1000
0000
0000
0000
,
0001
0000
0000
0000
0001
0000
0000
0010
0100
0000
1000
0000
0001
0000
0100
0000
,
0010
0000
0000
0000
0010
0000
0000
1000
0010
0000
0100
0000
0001
0000
0010
0000
,
0100
0000
0000
0000
0100
0000
0000
0010
0001
0000
1000
0000
0010
0000
0100
0000
,
0000
0000
0100
0000
0100
0000
0000
0000
0001
0000
0000
0001
0000
0000
0001
0000
,
1000
0000
0000
0000
1000
0000
0000
0100
0010
0000
0001
0000
0010
0000
1000
0000
,
0000
0000
0010
0000
0010
0000
0000
0000
0001
0000
0000
1000
0000
0000
0100
0000
,
0000
0010
0001
0100
0010
0000
1000
0100
,
0000
0010
0001
0100
0010
0000
1001
0000
,
0000
0000
0010
0000
0100
0000
0000
0000
1000
0000
0000
1000
0000
0000
0001
0000
,
0000
0100
0010
1000
0001
1100
0000
0000
,
0010
0000
0000
0000
0010
0000
0000
0001
1000
0000
0100
0000
0010
0000
0001
0000
,
0000
0000
0100
0000
0100
0000
0000
0000
0010
0000
0000
1000
0000
0000
0100
0000
,
0010
0000
0000
0000
0010
0000
0000
0001
0100
0000
0010
0000
1000
0000
0100
0000
,
0000
0010
0010
0000
0101
0000
1100
0000
,
1001
0000
0000
0000
0010
0000
0000
0100
1000
0000
0001
0000
0100
0000
0010
0000
,
0000
1000
0001
0010
0100
0000
1001
0000
,
0100
0000
0010
0000
1000
0000
0000
0000
0001
0000
0000
0100
0000
0000
0010
0000
,
1000
0100
0010
0001
1000
0101
0000
0000
,
1001
0000
0000
0000
;

//---------------dance-double - ----------------
#NOTES:
     dance-double:
     :
     Easy:
     4:
     0.150,0.180,0.000,0.000,0.000:
00000000
00000000
00000000
00000000
,
00000000
00000000
00000000
00000000
,
00000000
00000000
00000000
00000000
,
00000000
00000000
00000000
00000000
,
00000000
00000000
00000000
00000000
,
00000000
00010000
00000000
00010000
,
00000000
00001000
00000000
00001000
,
00000000
00001000
00000000
00000010
,
00000000
00010000
00000000
00100000
,
00000000
00010000
00000000
00001000
,
00000000
00000010
00000000
00000100
,
00000000
00000001
00000000
00000000
,
00000010
00001000
00010000
00100000
,
00000000
01000000
00000000
01000000
,
00000000
10000000
00000000
10000000
,
00000000
00010000
00000000
00001000
,
00000000
00000100
00000000
00000100
,
00000000
00000001
00000000
00000001
,
00000000
00001000
00000000
00010000
,
00000000
01000000
00000000
00100000
,
00000000
01000000
00000000
00100000
,
10000000
00100000
00010000
00001000
,
00000100
00000001
00000010
00001000
,
00000000
00001000
00000000
00000010
,
00000100
00000001
00000010
00000100
,
00000000
00000001
00000000
00000100
,
00000010
00001000
00000010
00000100
,
00000000
00000001
00000100
00001000
,
00000000
00001000
00000010
00000001
,
00000000
00000000
00000001
00000100
,
00001000
00010000
00100000
10000000
,
00000000
00010000
00000000
00100000
,
01000000
10000000
00100000
01000000
,
00000000
10000000
00000000
01000000
,
00100000
00010000
00100000
01000000
,
00000000
00010000
01000000
10000000
,
00000000
10000000
00100000
00010000
,
00100000
10000000
01000000
00010000
,
00001000
00000010
00000001
00000100
,
00000000
00000001
00000000
00001000
,
00000000
00010000
00000000
10000000
,
00000000
00000000
00000000
00000000
;

//---------------dance-double - ----------------
#NOTES:
     dance-double:
     :
     Medium:
     6:
     0.243,0.271,0.100,0.000,0.000:
00000000
00000000
00000000
00000000
,
00000000
00000000
00000000
00000000
,
00000000
00000000
00000000
00000000
,
00000000
00000000
00000000
00000000
,
00000000
00000000
00000000
00000000
,
00011000
00000010
00000001
00000100
,
00001000
00010000
00100000
10000000
,
01000000
00010000
00001000
00000010
,
00000001
00000100
00001000
00010000
,
00100000
10000000
01000000
00010000
,
00001000
00000010
00000001
00000100
,
00001000
00010000
00100000
10000000
,
10000000
00010000
00010000
00000000
00010000
00001000
00001000
00000000
,
00011000
00000100
00000001
00001000
,
00010000
10000000
01000000
00010000
,
00001000
00000100
00000001
00001000
,
00010000
10000000
01000000
00010000
,
00001000
00010000
00100000
00000000
10000000
00000000
00010000
00000000
,
00001000
00000001
00000010
00001000
,
10000000
00100000
10000000
00010000
,
00001000
00000001
00000010
00001000
,
00000010
00000000
00000001
00000000
00000100
00001000
00010000
00000000
,
00010000
01000000
00001000
00000000
00001000
00000010
00010000
00000000
,
00011000
00000100
00001000
00000001
,
00000010
00000000
00000100
00000000
00001000
00000010
00000100
00000000
,
00000000
00000001
00000000
00000010
,
00000100
00000000
00000010
00000000
00001000
00000100
00000010
00000000
,
00001010
00011000
10000000
01000000
,
00000000
00010000
00100000
10000000
,
01000000
00010000
00001000
00000010
,
00000001
00000100
00001000
00010000
,
00011000
01000000
00010000
10000000
,
00100000
00000000
01000000
00000000
10000000
00100000
01000000
00000000
,
00000000
10000000
00000000
00100000
,
01000000
00000000
00100000
00000000
00010000
01000000
00100000
00000000
,
00110000
00011000
00000000
00000100
,
00000000
00000001
00000000
00001000
,
00000100
00000001
00000100
00000000
00001000
00000000
00000100
00000000
,
00000001
00000000
00000010
00000000
00001000
00000000
00010000
00001000
,
00011000
01000000
00000000
10000000
,
00000000
00100000
00000000
00010000
,
00000000
00000000
00000000
00000000
;

//---------------dance-double - ----------------
#NOTES:
     dance-double:
     :
     Hard:
     7:
     0.247,0.310,0.266,0.000,0.000:
00000000
00000000
00000000
00000000
,
00000000
00000000
00000000
00000000
,
00000000
00000000
00000000
00000000
,
00000000
00000000
00000000
00000000
,
00000000
00000000
00000000
00000000
,
00010000
00000000
00010000
00000000
00100000
00001000
00000000
00000000
,
00010000
00000000
00010000
00000000
00000010
00001000
00000000
00000000
,
00000001
00000000
00000001
00000000
00000010
00000100
00000000
00000000
,
00010000
00000000
00010000
00000000
00001000
01000000
00000000
00000000
,
00100000
00000000
00100000
00000000
10000000
01000000
00000000
00000000
,
00100000
00000000
00100000
00000000
00001000
00010000
00000000
00000000
,
00000010
00000000
00000000
00000100
00000000
00000000
00000000
00000000
,
00000001
00001000
00000100
00010000
,
00101000
00000000
00000000
00000000
10000000
00100000
10000000
00000000
,
01000000
00100000
01000000
00000000
10000000
00010000
10000000
00000000
,
01000000
00000000
00000000
00000000
00001000
00010000
00001000
00000000
,
00000110
00001001
00011000
10010000
,
01100000
00000000
00000000
00000000
10000000
00100000
10000000
00000000
,
00010000
01000000
00001000
00010000
,
00000100
00000010
00000100
00000000
00001000
00000010
00001000
00000000
,
00000100
00001000
00000100
00000000
00010000
00001000
00010000
00000000
,
00000000
10010000
00000000
00011000
,
00000000
00000000
00001001
00000000
00000000
00010100
00000000
00101000
,
00000000
11000000
00000000
00000000
,
00000000
00100000
00000000
00001000
00010000
00000100
00000010
00000000
,
00000000
00000000
00001001
00000000
00000100
00010000
00001000
00000000
,
00000000
00100000
00000000
01000000
00000000
10000000
00100000
01000000
,
00010000
00011000
00000000
00000010
,
00000000
00001000
00000000
00000100
00000000
00010000
00010000
00000000
,
00000000
00101000
00000000
10010000
,
00000000
01001000
00000000
00010010
,
00000000
00001001
00000000
00000000
,
00000000
00000010
00000000
00010000
00001000
01000000
00100000
00000000
,
00000000
00000000
10010000
00000000
00100000
00001000
01000000
00000000
,
00000000
00010000
00000000
00100000
00000000
00001000
00010000
00000100
,
00000010
00001001
00000000
00011000
,
00000000
00100000
00010000
01000000
,
00001000
00000000
00010000
00000000
00000100
00000100
00000100
00000000
,
00000010
00000000
00000001
00000000
00001000
00001000
00001000
00000000
,
00011000
00000000
00000000
00000000
,
10010000
00000000
00000000
00000000
,
00000000
00000000
00000000
00000000
;

//---------------dance-double - ----------------
#NOTES:
     dance-double:
     :
     Challenge:
     11:
     0.397,0.383,0.089,0.000,0.072:
00000000
00000000
00000000
00000000
,
00000000
00000000
00000000
00000000
,
00000000
00000000
00000001
00000100
,
00000010
00000001
00000100
00001000
00000100
00000001
00000100
00001000
,
00010000
00100000
00010000
00001000
00000100
00001000
00010000
00100000
,
00011000
00000000
00000000
00000000
00001000
00010000
01000000
00000000
,
10000000
00000000
01000000
00000000
00010000
01000000
10000000
00000000
,
10000000
00000000
01000000
00000000
00010000
00001000
00000100
00000000
,
00000001
00000000
00000100
00000000
00001000
00000100
00000001
00000000
,
00000001
00000000
00000100
00000000
00001000
00010000
01000000
10000000
,
01000000
00010000
01000000
10000000
00100000
00010000
00100000
10000000
,
01000000
00010000
00001000
00000010
00001000
00010000
00100000
00010000
,
00001000
00000100
00001000
00010000
00100000
00010000
00001000
00000000
,
00011000
00000000
00000000
00000000
00010000
01000000
10000000
00100000
,
10000000
01000000
00010000
00001000
00000100
00001000
00010000
01000000
,
00010000
01000000
10000000
00100000
10000000
01000000
00010000
00001000
,
00000100
00000000
00000010
00000000
00001000
00000000
00000100
00000000
00000001
00000000
00000000
00000100
00000000
00000000
00001100
00000000
,
00000100
00000010
00000001
00000100
00001000
00000100
00000001
00000010
,
00001000
00010000
01000000
00100000
10000000
00100000
00010000
01000000
,
10000000
01000000
00010000
00100000
10000000
00100000
00010000
01000000
,
10000000
00000000
00000000
00000000
00000000
00000000
00000000
00000000
00010000
00000000
01000000
00000000
10000000
00000000
00000000
10000000
,
00000000
00000000
00000000
01000000
00000000
00000000
00000000
00000000
00010000
00000000
00001000
00000000
00000100
00000000
00000010
00000000
,
00001000
00000100
00000001
00000100
00001000
00010000
01000000
10000000
,
10010000
00000000
00000000
00000000
00100000
00000000
00000000
00100000
00010000
00000000
01000000
00000000
10000000
00000000
01000000
00000000
,
00000000
00000000
00010000
00000000
00010000
00000000
00000000
00000000
00001000
00000000
00000000
00000010
00000000
00000000
00001000
00000000
,
00000100
00000000
00000000
00000000
00000010
00000000
00000000
00000001
00000100
00000000
00001000
00000000
00000100
00000000
00000001
00000000
,
00000000
00000000
00000100
00000000
00000100
00000000
00000000
00000000
00001000
00000000
00000000
00010000
00000000
00000000
01000000
00000000
,
00010000
00001000
00011000
00000000
00100000
00010000
00001000
00000010
,
00000001
00000100
00001000
00000100
00000001
00000010
00001000
00000010
,
00000001
00000010
00001000
00000010
00000001
00000100
00001000
00010000
,
00100000
00010000
00001000
00000010
00001000
00010000
00100000
00010000
,
00011000
00000000
00000000
00000000
00000010
00000000
00000000
00000010
00001000
00000000
00000100
00000000
00000001
00000000
00000100
00000000
,
00000000
00000000
00001000
00000000
00001000
00000000
00000000
00000000
00010000
00000000
00000000
00100000
00000000
00000000
00010000
00000000
,
01000000
00000000
00000000
00000000
00010000
01000000
00000000
00000000
10000000
01000000
00010000
00000000
01000000
00000000
10000000
00000000
,
00000000
00000000
01000000
00000000
01000000
00000000
00000000
00000000
00010000
00000000
00000000
00001000
00000000
00000000
00000100
00000000
,
00001000
00010000
00011000
00000000
00100000
00000000
10000000
00000000
,
01000000
00010000
00001000
00000100
,
00000000
00000000
00000001
00000000
00000001
00000000
00000000
00000000
00000100
00000000
00000000
00001000
00000000
00000000
00010000
00000000
,
00100000
00010000
00001000
00000010
00001000
00010000
00100000
00010000
,
00011000
00000010
00000000
00000001
,
00000000
00000100
00000000
00001000
,
00000000
00000000
00000000
00000000
;

//---------------dance-couple - ----------------
#NOTES:
     dance-couple:
     :
     Easy:
     1:
     0.202,0.248,0.531,0.000,0.000:
00000000
00000000
00000000
00000000
,
00000000
00000000
00000000
00000000
,
00000000
00000000
00000000
00000000
,
00000000
00000000
00000000
00000000
,
00000000
00000000
00000000
00000000
,
00000000
00000000
00000000
00100010
,
00000000
00000000
00000000
00010001
,
00000000
00000000
00000000
01000100
,
00000000
00000000
00000000
00010001
,
00000000
00000000
00000000
00100010
,
00000000
00000000
00000000
10001000
,
00000000
00000000
00000000
01000100
,
00000000
00000000
00000000
10001000
,
00000000
00100010
00000000
00100010
,
00000000
00010001
00000000
00010001
,
00000000
01000100
00000000
01000100
,
00000000
00100010
00000000
00100010
,
00000000
10001000
00000000
10001000
,
00000000
01000100
00000000
01000100
,
00000000
00010001
00000000
10001000
,
00000000
00010001
00000000
10001000
,
00000000
00000000
00000000
00000000
,
00000000
00000000
00000000
00000000
,
00000000
00011000
00000000
00101000
,
01000000
00101000
01000000
00101000
,
00000000
00011000
00000000
00010100
,
00000010
00010100
00000010
00010100
,
00000000
00010000
00000000
10000000
,
00000000
00011000
00000000
10000001
,
00100000
00011000
01000000
10000001
,
00000010
00001000
00000100
00000001
,
00000000
00011000
00000000
00101000
,
01000000
00101000
01000000
00101000
,
00000000
00011000
00000000
00010100
,
00000010
00010100
00000010
00010100
,
00000000
00010000
00000000
10000000
,
00000000
00011000
00000000
10000001
,
00100000
00011000
01000000
10000001
,
00000010
00001000
00000100
00000001
,
00010000
00000001
10000000
00001000
,
00100000
00000010
01000000
00000100
,
00000000
00000000
00000000
00000000
;

//---------------dance-couple - ----------------
#NOTES:
     dance-couple:
     :
     Medium:
     2:
     0.354,0.406,1.000,0.000,0.000:
00000000
00000000
00000000
00000000
,
00000000
00000000
00000000
00000000
,
00000000
00000000
00000000
00000000
,
00000000
00000000
00000000
00000000
,
00000000
00000000
00000000
00000000
,
00100010
00010001
01000100
10001000
,
00100010
00010001
01000100
10001000
,
01000100
00010001
00100010
10001000
,
01000100
00010001
00100010
10001000
,
00100010
00010001
01000100
10001000
,
01000100
00010001
00100010
10001000
,
00000010
00000100
00000001
00001000
,
00100000
01000000
00010000
10000000
,
00010001
01000100
10001000
00100010
,
10001000
01000100
10001000
00100010
,
00010001
01000100
00010001
00100010
,
10001000
01000100
00010001
00100010
,
10001000
01000100
00010001
01000100
,
10001000
01000100
10001000
01000100
,
00010001
01000100
00010001
01000100
,
00010001
00100010
10001000
01000100
,
00001000
00000100
00000001
00000010
,
10000000
01000000
00010000
00100000
,
00000000
00010001
00000000
00100010
,
01000100
10001000
00100010
01000100
,
00000000
10001000
00000000
01000100
,
00100010
00010001
00100010
01000100
,
00000000
00010001
01000100
10001000
,
00000000
00000000
00000100
00001000
,
00000010
00000001
01000100
10001000
,
00100000
00010000
01000000
10000000
,
00000000
00010001
00000000
00100010
,
01000100
10001000
00100010
01000100
,
00000000
10001000
00000000
01000100
,
00100010
00010001
00100010
01000100
,
00000000
00010001
01000100
10001000
,
00000010
00000001
00000100
00001000
,
00100010
00011000
01000100
10000001
,
00100000
10000000
01000000
00010000
,
00000001
00010000
00000010
10000000
,
00001000
00100000
00000100
01000000
,
00000000
00000000
00000000
00000000
;

//---------------dance-couple - ----------------
#NOTES:
     dance-couple:
     :
     Hard:
     4:
     0.547,0.586,1.000,0.000,0.000:
00000000
00000000
00000000
00000000
,
00000000
00000000
00000000
00000000
,
00000000
00000000
00000000
00000000
,
00000000
00000000
00000000
00000000
,
00000000
00000000
00000000
00000000
,
10011001
00000000
00100010
00000000
00010001
01000100
10001000
00000000
,
00100010
00000000
00010001
00000000
01000100
10001000
00100010
00000000
,
00010001
00000000
01000100
00000000
10001000
00100010
00010001
00000000
,
01000100
00000000
10001000
00000000
00100010
00010001
01000100
00000000
,
10001000
00000000
00100010
00000000
00010001
01000100
10001000
00000000
,
00100010
00000000
00010001
00000000
01000100
10001000
00100010
00000000
,
00010001
00000000
01000100
00000000
10001000
00100010
00010001
00000000
,
00100010
00100000
01000100
00000100
10001000
10000000
00010001
00000001
,
10011001
00000000
00010001
00000000
01000100
00010001
01000100
00000000
,
10001000
00000000
00100010
00000000
00010001
00100010
00010001
00000000
,
01000100
00000000
10001000
00000000
00100010
10001000
00100010
00000000
,
00010001
00000000
01000100
00000000
10001000
01000100
10001000
00000000
,
01000100
00100010
01000100
00000000
00010001
01000100
00010001
00000000
,
00100010
00000000
10001000
00000000
01000100
10001000
01000100
00000000
,
00010001
00000000
00100010
00000000
10001000
00100010
10001000
00000000
,
01000100
00000000
00010001
00000000
00100010
00010001
00100010
00000000
,
01000100
00000000
00100010
00000000
10001000
00010001
00100010
01000100
,
00100000
00010000
01000000
10000000
00000010
00000001
00000100
00001000
,
10011001
00010001
00000100
00101000
,
11000100
00000000
00011000
00000000
00100100
00000001
01000100
00000000
,
00000000
10001000
01000000
00010100
,
01000011
00000000
00011000
00000000
01000010
10000100
01000010
00000000
,
00000110
01100000
00010001
10001000
,
01000100
00010001
10001000
00010001
,
01000100
10001000
01000100
00010001
,
00100010
10000000
01001000
00000100
00100010
00010000
01000001
00000100
,
10011001
00000000
10001000
00000000
01000100
00001000
00010010
00000000
,
00000101
00000000
00001000
00000000
00100010
00100000
01000100
00000000
,
00000000
00000000
10000001
00011000
00100100
00010000
01001000
00000000
,
10100000
00000000
00010000
00000000
00100010
01000010
00100100
00000000
,
00001001
01100000
00000000
00010001
,
00000000
01000100
00000000
10001000
,
00100010
01000100
00010001
00000000
01000100
00100010
10001000
00000000
,
00100010
00010001
01000100
10001000
00100010
00010001
01000100
10001000
,
10011001
01000100
00000000
10000001
,
00000000
00100010
00000000
00011000
,
00000000
00000000
00000000
00000000
;

//---------------dance-solo - ----------------
#NOTES:
     dance-solo:
     :
     Easy:
     2:
     0.109,0.157,0.000,0.000,0.000:
000000
000000
000000
000000
,
000000
000000
000000
000000
,
000000
000000
000000
000000
,
000000
000000
000000
000000
,
000000
000000
000000
000000
,
000100
000000
000000
000000
,
010000
000000
000000
000000
,
001000
000000
000000
000000
,
000100
000000
000000
000000
,
000001
000000
000000
000000
,
100000
000000
000000
000000
,
001000
000000
000000
000000
,
010000
000000
000000
000000
,
000001
000000
000001
000000
,
100000
000000
100000
000000
,
001000
000000
001000
000000
,
000100
000000
000100
000000
,
000001
000000
000001
000000
,
010000
000000
010000
000000
,
000010
000000
100000
000000
,
000001
000000
010000
000000
,
000100
000000
000000
000000
,
000000
000000
000000
000000
,
100000
000000
001000
000000
,
000100
000001
000100
000001
,
010000
000000
001000
000000
,
000100
000001
000100
000001
,
010000
000000
001000
000000
,
000100
000000
000001
000000
,
001000
000010
100000
000100
,
000000
000000
000000
000000
,
001000
000000
000001
000000
,
100000
000100
100000
000100
,
001000
000000
000010
000000
,
100000
000100
100000
000100
,
001000
000000
000010
000000
,
100000
000000
001000
000000
,
000100
000001
010000
000010
,
000000
000000
000000
000000
,
100000
000000
000001
000000
,
001000
000000
000100
000000
;

//---------------dance-solo - ----------------
#NOTES:
     dance-solo:
     :
     Medium:
     4:
     0.185,0.202,0.000,0.000,0.000:
000000
000000
000000
000000
,
000000
000000
000000
000000
,
000000
000000
000000
000000
,
000000
000000
000000
000000
,
000000
000000
000000
000000
,
000100
000010
100000
001000
,
000100
000001
010000
000010
,
100000
000100
001000
000001
,
000100
001000
010000
000001
,
001000
000100
100000
001000
,
000100
000001
100000
000010
,
000000
010000
000000
000001
,
000100
000100
001000
001000
,
000000
100000
000001
001000
,
000000
000010
100000
000001
,
010000
000010
100000
000001
,
000000
001000
000100
100000
,
000000
001000
000100
000001
,
000000
010000
000100
100000
,
001000
001000
000100
000100
,
000001
001000
000100
100000
,
000010
000000
000000
000000
,
000100
000001
001000
000010
,
000000
000010
000000
100000
,
001000
010000
000001
000100
,
000000
000010
000000
010000
,
000100
100000
001000
010000
,
000000
000001
100000
000100
,
000000
001000
000001
000100
,
001000
001000
010000
010000
,
000001
001000
000100
100000
,
000000
001000
000000
000100
,
000001
010000
001000
100000
,
000000
000001
000000
001000
,
000100
100000
000010
010000
,
000000
000001
001000
000100
,
000000
000001
001000
000100
,
000001
010000
000100
100000
,
000010
000000
001000
001000
,
000100
000000
100000
000000
,
001000
000000
000100
000000
;

//---------------dance-solo - ----------------
#NOTES:
     dance-solo:
     :
     Hard:
     6:
     0.292,0.314,0.144,0.000,0.000:
000000
000000
000000
000000
,
000000
000000
000000
000000
,
000000
000000
000000
000000
,
000000
000000
000000
000000
,
000000
000000
000000
000000
,
100001
000000
000100
000000
001000
010000
000001
000000
,
001000
000000
010000
000000
100000
000010
010000
000000
,
001000
000000
000100
000000
100000
010000
000100
000000
,
001000
000000
000001
000000
000100
001000
010000
000000
,
000001
000000
001000
000000
000010
000001
000010
000000
,
100000
000000
001000
000000
000100
100000
000100
000000
,
000001
000000
001000
000000
100000
001000
000100
000000
,
000001
000001
100000
000000
000100
000100
001000
000000
,
100001
000000
001000
000000
000010
000001
000010
000000
,
010000
000000
000100
000000
100000
001000
100000
000000
,
000100
000000
000001
000000
001000
000010
001000
000000
,
000001
000000
100000
000000
001000
010000
001000
000000
,
000100
000001
000100
000000
000010
100000
000010
000000
,
001000
000000
010000
000000
001000
000010
100000
000000
,
001000
000000
000100
000000
000001
000010
000001
000000
,
010000
000000
000100
000000
100000
001000
100000
000000
,
000001
000000
001000
000000
000010
100000
001000
000000
,
000100
000001
010000
000010
100000
000100
001000
000000
,
100001
000100
000000
001000
,
110000
000001
001000
000100
,
000000
100000
000000
001000
,
000101
000000
010000
000000
000100
100000
000100
000000
,
100001
000110
010000
000100
,
100000
000001
001000
000100
,
100000
000010
000100
001000
,
010000
000001
001000
000000
000100
100000
000010
000000
,
011000
000000
000001
000000
001000
000100
100000
000000
,
101000
000000
000100
000000
000001
000010
001000
000000
,
010000
000001
100000
000000
000100
001000
010000
000000
,
100010
000000
001000
000000
000100
000001
000100
000000
,
101000
001001
100000
001000
,
000100
000001
010000
000010
,
100000
000100
001000
000000
000001
000100
001000
000000
,
010000
000001
001000
000100
100000
001000
000100
000000
,
100001
000000
001000
000000
,
000010
000000
000100
000000
;
