#TITLE:Healing Vision～Angelic mix～;
#SUBTITLE:;
#ARTIST:2MB;
#TITLETRANSLIT:;
#SUBTITLETRANSLIT:;
#ARTISTTRANSLIT:;
#CREDIT:;
#BANNER:Healing Vision~Angelic mix~.png;
#BACKGROUND:Healing Vision~Angelic mix~-bg.png;
#LYRICSPATH:;
#CDTITLE:./CDTITLES/DANCE DANCE REVOLUTION HOME VERSION.PNG;
#MUSIC:Healing Vision~Angelic mix~.ogg;
#OFFSET:0.000;
#SAMPLESTART:39.180;
#SAMPLELENGTH:15.000;
#SELECTABLE:YES;
#DISPLAYBPM:46.000:196.000;
#BPMS:0.000=49.046,4.000=48.980,8.000=195.998,230.000=195.980,295.000=49.013;
#STOPS:230.000=0.307
;
#BGCHANGES:;

//---------------dance-single - ----------------
#NOTES:
     dance-single:
     :
     Beginner:
     5:
     0.210,0.273,0.056,0.000,0.000:
0000
0000
0000
0000
,
0000
0000
0000
0000
,
0000
1000
1000
1000
,
0000
0001
0001
0001
,
0000
1000
1000
1000
,
0000
0001
0001
0001
,
0000
0100
0100
0100
,
0000
0001
0001
0001
,
0000
1000
1000
1000
,
0000
0100
0100
0100
,
0100
0000
0000
0000
,
0001
0000
0000
0000
,
0001
0000
0000
0000
,
0001
0000
0000
0000
,
1000
0000
0000
0000
,
1000
0000
0000
0000
,
1000
0000
0000
0000
,
0010
0010
0010
0000
,
0001
0000
0000
0000
,
1000
0000
0000
0000
,
0001
0000
0000
0000
,
1000
0000
0000
0000
,
0110
0000
0000
0000
,
1001
0000
0000
0000
,
0110
0000
0000
0000
,
1000
1000
1000
0000
,
0010
0010
0010
0000
,
0001
0001
0001
0000
,
0100
0100
0100
0000
,
1000
1000
1000
0000
,
0100
0100
0100
0000
,
0010
0010
0010
0000
,
0001
0001
0001
0000
,
0100
0100
0100
0000
,
0010
0010
0010
0010
,
0010
0010
0010
0010
,
0000
0010
0000
0100
,
0000
1000
0000
0100
,
0000
0100
0000
0100
,
0000
0001
0000
0001
,
0000
0100
0000
0010
,
0000
0001
0000
0010
,
0010
0000
0000
0001
,
0000
0000
0000
0001
,
0000
0000
0000
0001
,
0000
0000
0001
0001
,
0001
0001
0000
0000
,
0010
0010
0000
0000
,
1000
1000
0000
0000
,
0100
0100
0100
0100
,
0100
0000
0000
0000
,
1001
0000
0000
0000
,
0110
0000
0000
0000
,
1001
0000
0000
0000
,
0001
0001
0000
0000
,
1000
1000
0000
0000
,
1000
1000
1000
1000
,
1000
1000
1000
0000
,
0000
0001
0001
0000
,
0000
0001
0001
0000
,
0000
1000
1000
0000
,
0000
1000
1000
0000
,
0000
0010
0010
0000
,
0000
0010
0010
0000
,
0000
0001
0000
0000
,
0000
0001
0000
0000
,
0000
0100
0100
0000
,
0000
0100
0100
0000
,
0000
0010
0010
0000
,
0000
0010
0010
0000
,
0000
1000
1000
1000
,
0000
0001
0001
0001
,
0000
0010
0010
0010
,
0000
0100
0100
0100
,
0000
0000
0000
0000
;

//---------------dance-single - ----------------
#NOTES:
     dance-single:
     :
     Easy:
     7:
     0.374,0.444,0.093,0.000,0.005:
0000
0000
0000
0000
,
0000
0000
0000
0000
,
0011
1000
1000
1000
,
1000
0100
0001
0010
,
0010
1000
0001
1000
,
0010
0001
1000
0001
,
1010
0001
0001
0001
,
0001
0100
1000
0010
,
0010
0001
1000
0001
,
0010
1000
0001
1000
,
0001
0100
1000
0100
,
0001
0100
1000
0010
,
0001
0100
1000
0100
,
0001
0100
1000
0010
,
0010
0001
0010
1000
,
0010
0001
0010
1000
,
0010
0001
0100
0100
,
0010
1000
0100
0100
,
1000
0001
0001
1000
,
0010
1000
0001
1000
,
0001
1000
1000
0001
,
0010
0001
1000
0001
,
0010
0000
0000
0010
0000
0000
0000
0000
,
0010
0000
0000
1001
0000
0000
0000
0000
,
1001
0000
0000
0110
0000
0000
0000
0000
,
0010
0001
0100
1000
,
0010
0010
0010
0010
,
0001
0001
1000
0001
,
0001
0010
0001
0100
,
0010
0001
0001
0100
,
0100
0100
0100
0100
,
1000
1000
0001
1000
,
1000
0100
1000
0010
,
0100
1000
1000
0000
,
0010
0010
0010
0010
,
1000
1000
0001
1000
,
1000
0010
1000
0100
,
0010
1000
1000
0100
,
0100
0100
0100
0100
,
0001
0001
1000
0001
,
0001
0100
0001
0010
,
0100
0001
0001
0010
,
0010
1001
0100
0001
,
0010
1000
0100
0001
,
0001
1000
0100
0001
,
0010
1000
0100
0001
,
0010
1001
0100
1000
,
0010
0001
0100
1000
,
1000
0001
0100
1000
,
1001
0000
1001
0000
1000
0001
1000
0001
,
1000
0000
0000
0000
,
0000
0000
0000
0000
,
0000
0000
0000
0000
,
0000
0000
0000
0000
,
0001
0001
0100
0001
,
0010
0001
0100
1000
,
1000
1000
0100
1000
,
1000
0000
0100
0000
0001
0000
0001
0100
,
1000
0100
0001
0100
,
1000
0000
0100
0000
0001
0000
0001
0100
,
1000
0100
0001
0010
,
1000
0000
0100
0000
0001
0000
1000
0100
,
0001
0100
1000
0100
,
0001
0000
0100
0000
1000
0000
1000
0100
,
0001
0100
1000
0100
,
0001
0100
1000
1001
,
0001
0010
1000
0010
,
0001
0100
0100
0010
,
1000
0010
0001
0010
,
1000
0100
0100
1000
,
0100
0001
0100
1000
,
0100
0001
0001
1000
,
0001
0010
1000
0100
,
1000
0000
0000
0000
0100
0000
0000
0000
0100
0000
0000
0000
0001
0001
0000
0000
,
0000
0000
0000
0000
;

//---------------dance-single - ----------------
#NOTES:
     dance-single:
     :
     Medium:
     11:
     0.553,0.547,0.380,0.000,0.005:
0000
0000
0000
0000
,
0000
0000
0000
0000
,
0011
0000
1000
0001
1000
0000
1000
0000
,
1000
0101
0001
0010
,
0010
0000
1000
0001
0100
0000
1000
0000
,
0010
0101
1000
0001
,
1010
0000
0001
1000
0001
0000
0001
0000
,
0001
1100
1000
0010
,
0010
0000
0001
1000
0100
0000
0001
0000
,
0010
1100
0001
1000
,
1000
0001
0100
0010
1000
0000
0100
0010
,
0001
0000
0100
0001
1000
0000
0010
0001
,
1000
0000
0100
1000
0001
0000
0100
0001
,
0010
0001
1100
0101
,
1000
0001
0100
0010
1000
0000
0100
1000
,
0001
0000
0100
0010
1000
0000
0100
1000
,
0001
0000
0100
0001
1000
0000
0100
0001
,
0010
0000
0100
1000
0010
0000
0100
0000
,
0001
0100
0001
1000
0010
0000
0100
0010
,
0001
0000
0100
0010
0100
0000
0010
1000
,
0001
0000
0100
0010
1000
0000
0100
0010
,
0001
0100
1100
0101
,
1000
0100
0001
0100
0000
0000
0000
0000
,
0001
0100
1000
0100
0000
0000
0000
0000
,
0001
1000
0001
0100
0000
0000
0000
0000
,
1000
0001
1000
0100
1000
0010
0100
0000
,
0010
0010
1010
0010
,
0001
1000
0001
0000
0010
1000
0001
0000
,
0001
0110
1001
0100
,
0010
0000
0001
0000
0001
1000
0100
0000
,
0010
0010
0011
0010
,
1000
0001
1000
0000
0010
0001
1000
0000
,
1000
0110
1001
0100
,
0010
0000
1000
0000
1000
0001
0100
0000
,
0010
0010
0011
0010
,
1000
0001
1000
0000
0010
0001
1000
0000
,
1000
0110
1001
0100
,
0010
0000
1000
0000
1000
0001
0100
0000
,
0010
0010
1010
0010
,
0001
1000
0001
0000
0010
1000
0001
0000
,
0001
0110
1001
0110
,
0011
0101
1100
1010
,
0010
0000
1000
0100
0010
0000
0001
0100
,
0010
0000
1000
0001
0100
0000
0001
0000
,
1000
0000
1100
0000
0100
0000
0001
1000
,
0010
0000
1000
0001
0100
0010
0001
0000
,
0010
0000
0101
0000
0010
0000
1000
0100
,
0010
0000
0001
1000
0100
0000
1000
0001
,
1000
0000
0001
1000
0100
0000
1000
0001
,
0010
0001
1000
0000
1000
0001
1000
0001
,
1000
0000
0001
1100
0000
0000
0000
0000
,
0011
0000
1000
0100
0000
0000
0000
0000
,
1010
0000
0001
0100
0000
0000
0000
0000
,
0110
0000
1000
0001
0000
0000
0000
0000
,
0011
0000
0001
1000
0100
0000
0001
0000
,
1010
0000
1000
0001
0100
0000
1000
0000
,
1001
0000
1000
0001
0100
0000
1000
0000
,
0110
0000
1000
0001
0100
0000
0001
1000
,
0001
0000
0010
0100
1000
0001
0100
0010
,
1000
0000
0100
0000
0001
0000
0001
0100
,
0010
0000
0100
0001
1000
0100
0010
0001
,
1000
0000
0100
0000
0001
0000
1000
0001
,
1000
0000
0010
0100
0001
1000
0100
0010
,
0001
0000
0101
0000
1100
0000
1000
0100
,
0010
0000
0100
1000
0001
0100
0010
1000
,
0001
1100
0101
0010
,
0100
0010
0100
0000
0010
0100
0001
0000
,
0001
1000
0100
0000
0100
0010
0100
0000
,
1000
0001
0010
0000
1000
0001
0010
0000
,
1000
0001
0100
0001
0100
0001
1000
0000
,
0100
1000
0001
0000
0100
0001
1000
0000
,
0100
1000
0001
0000
0001
1000
0001
0000
,
0001
1000
0010
0000
1000
0001
0100
0000
,
1000
0000
0001
0000
0100
0000
1000
0000
0010
0000
1000
0000
0001
0001
0000
0000
,
0000
0000
0000
0000
;

//---------------dance-single - ----------------
#NOTES:
     dance-single:
     :
     Hard:
     13:
     0.665,0.581,0.222,0.000,0.005:
0000
0000
0000
0000
,
0000
0000
0000
0000
,
0011
0000
1000
0001
0100
0010
1000
0100
,
0010
0000
0001
1000
0100
0010
0001
0100
,
0010
0000
1000
0100
0001
0010
1000
0100
,
0010
0000
0001
0100
1000
0010
0001
0100
,
0001
0000
1000
0100
0001
0010
1000
0100
,
0010
0000
0001
0100
1000
0010
0001
0100
,
0010
0000
1000
0001
0100
0010
1000
0100
,
0010
0000
0001
0100
1000
0010
0001
0100
,
0010
0000
0001
1000
0010
0000
1000
0100
,
0010
0000
0001
0100
0001
0010
1000
0100
,
0010
0000
1000
0100
0001
0000
1000
0100
,
0010
0000
0001
0100
1000
0010
0001
0100
,
0010
0000
0001
0100
1000
0000
0001
0100
,
0010
0000
1000
0100
0001
0010
1000
0100
,
0010
0000
0001
0100
1000
0000
0001
0100
,
0010
0000
0001
1000
0010
0001
1000
0001
,
1100
0000
0001
0100
0001
0000
1000
0100
,
0010
0000
1000
0001
0100
0010
1000
0100
,
0010
0000
0001
1000
0100
0000
0001
0100
,
0010
0000
0001
1000
0100
0010
1000
0001
,
1000
0000
0010
0101
0000
0000
0000
0000
,
0001
0000
0010
1100
0000
0000
0000
0000
,
1010
0000
0010
0101
0000
0000
0000
0000
,
0001
1000
0010
0100
0001
0010
0100
0000
,
1010
0000
0010
0000
0010
0100
0010
0100
,
0001
1000
0001
0010
1000
0010
0001
1000
,
0001
0000
0010
1000
0001
1000
0100
0000
,
0010
1000
0001
1000
0001
1000
0100
0000
,
0101
0000
0100
0000
0100
0010
0100
0010
,
1000
0001
1000
0100
0001
0100
1000
0001
,
1000
0000
0100
0001
1000
0001
0010
0000
,
0100
0001
1000
0001
1000
0001
0010
0000
,
0011
0000
0010
0000
0010
0100
0010
0100
,
1000
0001
1000
0010
0001
0010
1000
0001
,
1000
0000
0010
0001
1000
0001
0100
0000
,
0010
0001
1000
0001
1000
0001
0100
0000
,
1100
0000
0100
0000
0100
0010
0100
0010
,
0001
1000
0001
0100
1000
0100
0001
1000
,
0001
0000
0100
1000
0001
1000
0010
0000
,
0100
1000
0001
0100
0001
1000
0010
0100
,
0010
0000
1100
0000
0010
0100
0001
0100
,
0010
0000
1000
0001
0100
0000
0001
0000
,
1000
0000
1100
0000
0100
1000
0001
0100
,
0001
0000
0010
0100
0001
1000
0100
0100
,
0010
0000
0101
0000
0010
0100
1000
0100
,
0010
0000
0001
1000
0100
0000
1000
0000
,
0001
0000
0101
0000
0100
0001
1000
0100
,
1000
0000
0010
0100
0001
1000
0001
0100
,
1000
0000
0100
0101
0000
0000
1010
0000
,
0001
0000
0100
1100
0000
0000
0011
0000
,
1100
0000
0010
0110
0000
0000
0011
0000
,
0101
0000
0010
0110
0000
0000
1001
0000
,
0010
0000
0100
1000
0010
0100
0001
0100
,
0001
0000
0001
0100
0001
1000
0010
0100
,
0001
0000
0010
1000
0010
0100
0010
1000
,
0100
0000
0001
1000
0010
0001
0010
0100
,
1000
0010
0100
0001
1000
0100
0010
0001
,
0100
0001
1000
0100
1000
0001
0010
0001
,
1000
0010
0100
0001
1000
0100
0010
0001
,
0100
0010
1000
0001
1000
0001
0010
1000
,
0100
0010
0001
1000
0001
1000
0100
0010
,
0001
0100
0010
1000
0001
1000
0010
0001
,
0100
0001
1000
0100
0010
0001
0100
0010
,
1000
0001
0100
0001
1000
0100
0001
0100
,
0010
1000
0001
1000
0010
0100
0001
1000
,
0100
0010
0001
0100
0001
0100
1000
0100
,
0010
0001
0010
0001
0100
0001
0010
0100
,
1000
0001
0100
0010
1000
0001
0010
1000
,
0001
0010
0001
0100
0001
1000
0100
0010
,
0001
1000
0100
1000
0001
0100
0010
0001
,
1000
0100
0010
0001
0100
0010
1000
0001
,
0010
0000
0100
0000
1000
0000
0010
0000
0100
0000
0100
0000
0001
0001
0000
0000
,
0000
0000
0000
0000
;

//---------------dance-double - ----------------
#NOTES:
     dance-double:
     :
     Easy:
     8:
     0.386,0.444,0.185,0.000,0.005:
00000000
00000000
00000000
00000000
,
00000000
00000000
00000000
00000000
,
00110000
10000000
10000000
10000000
,
10000000
01000000
00010000
00001000
,
00001000
00000100
00000001
00000100
,
00000001
00000010
00000100
00001000
,
00001100
00000001
00000001
00000001
,
00000001
00000100
00001000
00010000
,
00010000
01000000
10000000
01000000
,
10000000
00100000
01000000
00010000
,
00010000
01000000
10000000
01000000
,
00010000
01000000
10000000
00100000
,
00010000
01000000
10000000
01000000
,
00010000
00001000
00000100
00000001
,
00001000
00000100
00000001
00000100
,
00001000
00000100
00000001
00000010
,
00001000
00000100
00000001
00000100
,
00001000
00010000
01000000
10000000
,
00010000
10000000
10000000
01000000
,
00010000
00001000
00010000
00001000
,
00000100
00000001
00000001
00000100
,
00001000
00010000
00001000
00010000
,
00011000
00000000
00000000
01000000
00000000
00000000
00000000
00000000
,
00011000
00000000
00000000
00000100
00000000
00000000
00000000
00000000
,
00011000
00000000
00000000
00100000
00000000
00000000
00000000
00000000
,
01000000
10000000
00010000
01000000
,
10100000
01000000
00010000
00011000
,
00000010
00000011
00000100
00000001
,
00001000
00001100
00000011
00001000
,
00010000
01000000
01000000
10000000
,
01000000
01000000
01000000
01000000
,
00010000
00010000
10000000
01000000
,
00010000
00001000
00000100
00000001
,
00000100
00001000
00001000
00000000
,
00000011
00000100
00001000
00011000
,
00100000
10100000
01000000
10000000
,
00010000
01010000
10100000
00010000
,
01000000
00010000
00010000
00001000
,
00000100
00000100
00000100
00000100
,
00000001
00000001
00001000
00000001
,
00000001
00000100
00001000
00010000
,
01000000
10000000
10000000
00100000
,
00100000
00000000
00000000
00000000
,
00000000
00000000
00000000
00000010
,
00000010
00000001
00001000
00000100
,
00000010
00000001
00000100
00001000
,
00010000
00011000
01000000
00100000
,
10000000
00100000
00010000
01000000
,
10000000
01000000
00010000
00001000
,
00011000
00000000
00011000
00000000
00010000
00001000
00010000
00001000
,
00010000
00000000
00000000
00000000
,
00011000
00000000
00000000
00000100
00000000
00000000
00000000
00000000
,
00000010
00000000
00000000
00001000
00000000
00000000
00000000
00000000
,
00010000
00000000
00000000
10000000
00000000
00000000
00000000
00000000
,
10000000
10000000
01000000
10000000
,
00100000
10000000
01000000
00010000
,
00001000
00001000
00010000
00001000
,
00001000
00000000
00000100
00000000
00000001
00000000
00000001
00000100
,
00001000
00000100
00001000
00010000
,
10000000
01000000
10000000
00100000
,
10000000
01000000
00010000
00001000
,
00000100
00000000
00000001
00000000
00001000
00000000
00001000
00000100
,
00000001
00000100
00001000
00010000
,
01000000
00000000
10000000
00000000
00010000
00000000
00010000
01000000
,
10000000
01000000
10000000
00100000
,
10000000
01000000
00010000
00011000
,
00001000
00000100
00000001
00000010
,
00000100
00001000
00001000
00000001
,
00000001
00001000
00000100
00001000
,
00000001
00000010
00000100
00001000
,
00010000
00100000
01000000
10000000
,
00100000
10000000
10000000
01000000
,
00100000
10000000
01000000
00010000
,
00001000
00000000
00000000
00000000
00000100
00000000
00000000
00000000
00000100
00000000
00000000
00000000
00000001
00000001
00000000
00000000
,
00000000
00000000
00000000
00000000
;

//---------------dance-double - ----------------
#NOTES:
     dance-double:
     :
     Medium:
     10:
     0.552,0.513,0.370,0.000,0.005:
00000000
00000000
00000000
00000000
,
00000000
00000000
00000000
00000000
,
00110000
00000000
10000000
00010000
10000000
00000000
10000000
00000000
,
10000000
01010000
10000000
01000000
,
00010000
00000000
00001000
00000100
00000001
00000000
00001000
00000000
,
00000010
00000101
00001000
00000001
,
00001010
00000000
00000001
00001000
00000001
00000000
00000001
00000000
,
00000001
00001100
00000001
00000100
,
00001000
00000000
00010000
01000000
10000000
00000000
00010000
00000000
,
00100000
11000000
00010000
10000000
,
00010000
10000000
01000000
00010000
00001000
00000000
00010000
00001000
,
00000100
00000000
00000001
00001000
00000100
00000000
00000001
00001000
,
00000100
00000000
00000001
00001000
00000100
00000000
00000010
00000001
,
00000100
00000010
00001010
00001001
,
00001000
00000001
00000100
00001000
00010000
00000000
00001000
00010000
,
01000000
00000000
10000000
00010000
01000000
00000000
10000000
00010000
,
01000000
00000000
10000000
00010000
01000000
00000000
00100000
10000000
,
01000000
00000000
10000000
00010000
10000000
00000000
01000000
00000000
,
00100000
10000000
00100000
01000000
00100000
00000000
10000000
01000000
,
00100000
00000000
00010000
01000000
00010000
00000000
00001000
00000100
,
00000001
00000000
00000010
00000100
00001000
00000000
00000010
00000100
,
00000001
00000100
00000101
00001100
,
00000010
00001000
00000010
00000100
00000000
00000000
00000000
00000000
,
00001000
00010000
00001000
01000000
00000000
00000000
00000000
00000000
,
00010000
00100000
00010000
01000000
00000000
00000000
00000000
00000000
,
00100000
10000000
01000000
00010000
00001000
00010000
00001000
00000000
,
00100000
00100000
00110000
00100000
,
10000000
00010000
10000000
00000000
00100000
10000000
00010000
00000000
,
01000000
01010000
00011000
00000100
,
00000010
00000000
00000001
00000000
00001000
00000001
00000100
00000000
,
00000010
00000010
00001010
00000010
,
00000001
00001000
00000001
00000000
00000100
00001000
00010000
00000000
,
00001000
00011000
01010000
00100000
,
01000000
00000000
00010000
00000000
00001000
00000100
00000001
00000000
,
00000010
00000010
00000011
00000010
,
00000001
00001000
00000001
00000000
00000010
00000001
00001000
00000000
,
00000100
00001100
00011000
01000000
,
00100000
00000000
10000000
00000000
00010000
10000000
01000000
00000000
,
00100000
00100000
00110000
00100000
,
10000000
00010000
10000000
00000000
01000000
00010000
00001000
00000000
,
00010000
00011000
00001100
00000010
,
00000011
00000101
00001100
00011000
,
00100000
00000000
00010000
01000000
00100000
00000000
10000000
01000000
,
00100000
00000000
10000000
00010000
10000000
00000000
01000000
00000000
,
00010000
00000000
00011000
00000000
00001000
00000000
00000100
00000001
,
00001000
00000000
00000100
00001000
00000100
00000010
00000001
00000000
,
00000100
00000000
00001010
00000000
00000100
00000000
00000001
00001000
,
00000100
00000000
00000010
00000001
00000100
00000000
00001000
00010000
,
00001000
00000000
00010000
01000000
10000000
00000000
00010000
10000000
,
00100000
10000000
01000000
00000000
10000000
00010000
10000000
00010000
,
10000000
00000000
00100000
01010000
00000000
00000000
00000000
00000000
,
00110000
00000000
00001000
01000000
00000000
00000000
00000000
00000000
,
00011000
00000000
00000010
00000100
00000000
00000000
00000000
00000000
,
00000101
00000000
00001000
00000001
00000000
00000000
00000000
00000000
,
00001010
00000000
00000100
00001000
00000100
00000000
00000010
00000000
,
00000101
00000000
00000001
00001000
00000100
00000000
00010000
00000000
,
00011000
00000000
00010000
01000000
10000000
00000000
00010000
00000000
,
01100000
00000000
10000000
00010000
01000000
00000000
00010000
10000000
,
00010000
00000000
00100000
01000000
10000000
00010000
01000000
00010000
,
00100000
00000000
01000000
00000000
00010000
00000000
00001000
00010000
,
00001000
00000000
00000100
00000001
00001000
00000100
00000010
00000001
,
00001000
00000000
00000100
00000000
00000010
00000000
00000001
00001000
,
00000001
00000000
00000010
00000100
00001000
00000001
00000100
00000001
,
00001000
00000000
00001100
00000000
00011000
00000000
00010000
00001000
,
00010000
00000000
01000000
10000000
00100000
01000000
00010000
10000000
,
01000000
11000000
01010000
10000000
,
00010000
01000000
00010000
00000000
00100000
00001000
00010000
00000000
,
00001000
00000100
00000001
00000000
00000010
00000100
00000010
00000000
,
00000001
00001000
00000010
00000000
00000001
00001000
00000010
00000000
,
00000100
00001000
00010000
00001000
00010000
00001000
00010000
00000000
,
01000000
10000000
00010000
00000000
01000000
00100000
01000000
00000000
,
00010000
00100000
01000000
00000000
10000000
00010000
10000000
00000000
,
01000000
00010000
00001000
00000000
00001000
00000100
00000001
00000000
,
00001000
00000000
00000001
00000000
00000100
00000000
00000001
00000000
00000010
00000000
00000001
00000000
00001000
00001000
00000000
00000000
,
00000000
00000000
00000000
00000000
;

//---------------dance-double - ----------------
#NOTES:
     dance-double:
     :
     Hard:
     14:
     0.660,0.581,0.259,0.000,0.005:
00000000
00000000
00000000
00000000
,
00000000
00000000
00000000
00000000
,
00110000
00000000
10000000
00010000
01000000
00100000
10000000
01000000
,
00100000
00000000
00010000
10000000
01000000
00010000
00001000
00000100
,
00000001
00000000
00001000
00000100
00001000
00000010
00000100
00000001
,
00000100
00000000
00000001
00000010
00000100
00001000
00010000
01000000
,
00010000
00000000
10000000
01000000
00100000
00010000
10000000
01000000
,
00100000
00000000
00010000
00100000
01000000
10000000
01000000
00010000
,
00001000
00000000
00000100
00000001
00001000
00000010
00001000
00000100
,
00000010
00000000
00000001
00000100
00001000
00000010
00000001
00000100
,
00000010
00000000
00000001
00000100
00001000
00000000
00010000
01000000
,
10000000
00000000
00010000
01000000
00010000
00100000
10000000
01000000
,
00100000
00000000
10000000
01000000
00010000
00000000
00001000
00000100
,
00000001
00000000
00001000
00000100
00000001
00000010
00001000
00000100
,
00000010
00000000
00000001
00000100
00001000
00000000
00010000
01000000
,
00100000
00000000
00010000
10000000
01000000
00100000
00010000
01000000
,
00100000
00000000
10000000
01000000
00010000
00000000
00001000
00000100
,
00000001
00000000
00001000
00000001
00000010
00000001
00001000
00000001
,
00001100
00000000
00001000
00000100
00001000
00000000
00000010
00001000
,
00000100
00000000
00000010
00000100
00001000
00010000
01000000
10000000
,
00100000
00000000
00010000
10000000
01000000
00000000
00010000
00001000
,
00000100
00000000
00000001
00000100
00001000
00000000
00000001
00001000
,
00000001
00000000
00000010
00000101
00000000
00000000
00000000
00000000
,
00001000
00000000
00000100
00001100
00000000
00000000
00000000
00000000
,
00011000
00000000
01000000
01010000
00000000
00000000
00000000
00000000
,
10000000
00010000
00100000
01000000
00010000
10000000
00010000
10000000
,
10100000
00000000
01000000
00000000
00001000
00010000
00001000
00010000
,
00000010
00000000
00000011
00000000
00000100
00001000
00000001
00000010
,
00001000
00000000
00001100
00000000
00000010
00000100
00001000
00000100
,
00001000
00010000
00001000
00010000
00001000
00010000
00000100
00000000
,
00011000
00000000
01000000
00000000
01000000
00100000
01000000
00100000
,
00010000
10000000
00010000
01000000
00001000
01000000
00010000
01000000
,
10000000
00000000
01000000
00010000
10000000
00010000
00100000
00000000
,
01000000
00010000
00001000
00010000
00001000
00000000
00001100
00000000
,
00000011
00000000
00000100
00000000
00010000
00001000
00010000
00001000
,
00100000
00000000
10100000
00000000
01000000
00010000
10000000
00100000
,
00010000
00000000
01010000
00000000
00100000
01000000
00010000
01000000
,
00010000
00001000
00010000
00001000
00010000
00001000
01000000
00000000
,
00011000
00000000
00000100
00000000
00000100
00000010
00000100
00000010
,
00001000
00000001
00001000
00000100
00010000
00000100
00001000
00100000
,
00010000
00000000
00100000
10000000
00010000
10000000
01000000
10000000
,
01000000
00000000
00010000
00001000
00000100
00000000
00000010
00000100
,
00000010
00000000
00000101
00000000
00000010
00000100
00000001
00000100
,
00000010
00000000
00000001
00000100
00001000
00000000
00010000
00000000
,
01000000
00000000
11000000
00000000
01000000
10000000
00010000
01000000
,
00010000
00000000
00100000
01000000
00010000
10000000
01000000
00000000
,
00010000
00000000
00011000
00000000
00000010
00001000
00000100
00001000
,
00000100
00000000
00010000
00001000
00000100
00000000
00000001
00000000
,
00001000
00000000
00001100
00000000
00000100
00000001
00001000
00000100
,
00010000
00000000
00001000
00000000
00001000
00010000
00001000
00010000
,
00000100
00000000
00001000
00001100
00000000
00000000
00011000
00000000
,
01000000
00000000
00010000
01010000
00000000
00000000
00110000
00000000
,
11000000
00000000
00100000
01100000
00000000
00000000
00001000
00000000
,
00011000
00000000
00000010
00000110
00000000
00000000
00001001
00000000
,
00000010
00000000
00000100
00000001
00000010
00000100
00001000
00000100
,
00001000
00000000
00000010
00000100
00010000
00001000
00010000
01000000
,
10000000
00000000
00100000
10000000
00100000
01000000
00100000
10000000
,
01000000
00000000
00100000
00001000
00000100
00000001
00000010
00000100
,
00001000
00000010
00000100
00000001
00001000
00000010
00000100
00001000
,
00010000
01000000
10000000
01000000
10000000
00010000
00100000
00010000
,
10000000
01000000
00100000
00010000
10000000
01000000
00010000
00001000
,
00000100
00000001
00001000
00000001
00001000
00000001
00000010
00001000
,
00000100
00000010
00000100
00001000
00000001
00001000
00000001
00001000
,
00000010
00000100
00001000
00010000
01000000
10000000
00100000
00010000
,
01000000
00010000
10000000
01000000
00100000
00010000
01000000
00100000
,
10000000
01000000
10000000
01000000
00010000
00001000
00000010
00001000
,
00000001
00000100
00000001
00000010
00000100
00001000
00000001
00000100
,
00000010
00001000
00000100
00000001
00000100
00001000
00000010
00000001
,
00000100
00001000
00010000
00001000
00010000
01000000
10000000
01000000
,
10000000
00010000
01000000
00100000
10000000
00010000
00100000
10000000
,
00010000
00100000
00010000
01000000
00010000
10000000
01000000
00100000
,
00010000
10000000
01000000
00010000
00001000
00000100
00000001
00000100
,
00001000
00000100
00000010
00000001
00000100
00000010
00001000
00000001
,
00000010
00000000
00000100
00000000
00001000
00000000
00010000
00000000
01000000
00000000
01000000
00000000
00010000
00010000
00000000
00000000
,
00000000
00000000
00000000
00000000
;
