// Note: includes unrated couple steps from DDR X3 VS 2ndMIX
#TITLE:HERO;
#SUBTITLE:;
#ARTIST:PAPAYA;
#TITLETRANSLIT:;
#SUBTITLETRANSLIT:;
#ARTISTTRANSLIT:;
#CREDIT:;
#BANNER:HERO.png;
#BACKGROUND:HERO-bg.png;
#LYRICSPATH:;
#CDTITLE:./CDTITLES/DanceDanceRevolution X.png;
#MUSIC:HERO.ogg;
#OFFSET:0.000;
#SAMPLESTART:75.220;
#SAMPLELENGTH:15.000;
#SELECTABLE:YES;
#DISPLAYBPM:138.000;
#BPMS:0.000=138.462,4.000=137.996;
#STOPS:;
#BGCHANGES:;

//---------------dance-single - ----------------
#NOTES:
     dance-single:
     :
     Beginner:
     2:
     0.114,0.165,0.010,0.000,0.000:

0000
0000
0000
0000
,

0000
0000
0000
0000
,

0000
0000
0000
0000
,

0000
0000
0000
0000
,

0000
0000
0000
0000
,

0000
0000
0000
0000
,

0001
0000
0000
0000
,

1000
0000
0000
0000
,

0001
0000
0000
0000
,

1000
0000
0000
0000
,

0001
0000
0001
0000
,

1000
0000
1000
0000
,

0001
0000
0000
0000
,

1000
0000
0000
0000
,

0001
0000
0001
0000
,

1000
0000
1000
0000
,

0010
0000
0000
0000
,

0010
0000
0010
0000
,

0100
0000
0000
0000
,

0100
0000
0100
0000
,

0001
0000
0000
0000
,

0001
0000
0001
0000
,

1000
0000
0000
0000
,

0001
0000
0000
0000
,

0001
0000
0001
0000
,

1000
0000
1000
0000
,

0001
0000
1000
0000
,

0001
0001
0001
0000
,

1000
0000
1000
0000
,

0001
0000
0001
0000
,

1000
0000
0001
0000
,

1000
1000
1000
0000
,

0000
0000
0000
0000
,

0000
0000
0000
0000
,

0000
0000
0000
0000
,

0000
0000
0001
0000
,

0000
0000
1000
0000
,

0000
0000
0001
0000
,

0001
0000
1000
0000
,

1000
0000
0001
0000
,

1000
0000
0001
0000
,

1000
0000
0001
0000
,

0000
0000
1000
0000
,

0000
0000
0001
0000
,

0001
0000
1000
0000
,

1000
0000
0001
0000
,

1000
0000
0001
0001
,

0001
0000
1000
0000
,

1000
0000
0001
0000
,

0001
0000
1000
0000
,

0001
0000
1000
1000
,

1000
0000
0100
0000
,

0000
0000
0010
0000
,

0010
0000
0100
0000
,

0000
0000
1001
0000
,;

//---------------dance-single - ----------------
#NOTES:
     dance-single:
     :
     Easy:
     6:
     0.332,0.413,0.495,0.131,0.000:
0000
0000
0000
0000
,
0000
0000
0000
0000
,
1000
0010
0010
0000
,
0001
0010
0010
0000
,
1100
0101
1010
0012
,
1000
1000
1003
0000
,
0001
0010
0010
0000
,
0000
0000
0000
0000
,
0000
0001
0000
0001
,
0000
1000
0000
1000
,
0010
0100
0010
0100
,
1001
0110
1001
0000
,
0000
1000
0000
1000
,
0000
0001
0000
0001
,
0010
0100
0010
0100
,
1001
0110
1001
0110
,
0001
0100
1000
0100
,
0011
1100
0202
0303
,
0010
0100
1000
0001
,
1010
0101
2200
3300
,
0010
0100
0001
1000
,
1100
0011
0101
0010
,
1000
0100
0001
0010
,
1000
1000
1000
0000
,
0100
0100
1001
0000
,
0010
0010
1001
0000
,
0100
1001
0010
1001
,
0100
0010
1001
0000
,
0001
0001
1100
0000
,
0010
0010
0101
0000
,
1000
0011
0100
1010
,
0101
0011
2200
3300
,
0020
0100
0000
0130
,
0000
1000
0020
0100
,
0000
0130
2002
0000
,
0000
3003
0010
0010
,
0001
0000
0010
0010
,
1000
0000
0010
0010
,
0100
0100
1000
0001
,
1000
0001
0010
0010
,
1000
0000
0010
0010
,
0001
0000
0010
0010
,
0100
0100
0001
1000
,
0001
0000
0100
0100
,
1001
0000
0010
0010
,
1001
0000
0100
1001
,
0010
1001
0100
0010
,
1001
0000
1000
1000
,
0101
0000
0010
0010
,
1100
0000
0001
1010
,
0100
0011
1100
1010
,
0202
0303
0010
0010
,
0010
1001
0010
0010
,
0101
1100
0001
0010
,
1000
0100
1001
0000
;

//---------------dance-single - ----------------
#NOTES:
     dance-single:
     :
     Medium:
     8:
     0.410,0.523,0.526,0.212,0.000:

0000
0000
0000
0000
,

0000
0000
0000
0000
,

0000
0001
1000
0100
0010
0000
0010
0000
,

0000
1000
0001
0100
0010
0000
0010
0000
,

0000
0001
1000
0100
0010
0000
0010
0000
,

1100
0101
1001
0000
,

0000
1000
0001
0100
0010
0000
0010
0000
,

0200
0000
0000
0300
,

0000
0001
1000
0100
,

0000
1000
0001
0100
,

0010
0100
0010
0100
,

0011
1100
0101
0000
,

0000
1000
0001
0100
,

0000
0001
1000
0100
,

0010
0100
0010
0100
,

1010
0101
1100
0011
,

0001
2000
0001
3001
,

1010
0101
0101
0000
,

1000
0002
1000
1003
,

0011
1100
1100
0000
,

0010
0100
0001
0001
,

1100
1100
0101
0010
,

0100
1000
1000
0010
,

1000
0100
0001
0100
1000
0000
0000
0000
,

0100
0100
0100
0000
1001
0000
0000
0000
,

0010
0010
0010
0000
1001
0000
0000
0000
,

1000
1000
1000
0000
0001
0001
0001
0000
,

1100
0101
1001
0000
,

0102
0100
0103
0000
1001
0000
0000
0000
,

2010
0010
3010
0000
1001
0000
0000
0000
,

0021
0001
0031
0000
1200
1000
1300
0000
,

0101
1100
2002
3003
,

0200
0010
0000
0310
,

0000
1000
0200
0010
,

0000
0310
2002
3003
,

1000
1001
0001
1000
,

0001
0100
0001
0000
1000
0000
0001
0000
,

1000
0100
1000
0000
0010
0000
0100
0000
,

0010
0100
0001
1000
,

0001
1001
1000
0001
,

1000
0100
1000
0000
0001
0000
1000
0000
,

0001
0100
0001
0000
0010
0000
0100
0000
,

0010
0100
1000
0001
,

2002
0000
3003
0000
0100
0100
0100
0000
,

1001
0000
0000
0000
0010
0010
0010
0000
,

1001
0000
0000
0000
0001
0001
0001
0000
,

1000
1000
1000
0000
0101
0000
1100
0000
,

1001
0000
0000
0000
2100
0100
3100
0000
,

1001
0000
0000
0000
0012
0010
0013
0000
,

1001
0000
0000
0000
1020
1000
1030
0000
,

0201
0001
0301
0000
1100
0000
0101
0000
,

2002
0000
3003
0000
0000
0010
0100
0010
,

0001
0000
1000
0000
0000
0010
0100
0010
,

1000
0000
0001
0000
0000
0010
0100
0010
,

0001
1000
1001
0000
,;

//---------------dance-single - ----------------
#NOTES:
     dance-single:
     :
     Hard:
     9:
     0.505,0.496,0.526,0.172,0.339:
0000
0000
0000
0000
,
0000
0000
0000
0000
,
0000
0000
0010
0000
0100
0000
0010
0000
1000
0000
0000
1000
0001
0000
0000
0000
,
0000
0000
0010
0000
0100
0000
0010
0000
0001
0000
0000
0001
1000
0000
0000
0000
,
0000
0000
0010
0000
0100
0000
0010
0000
1000
0000
0000
1000
0001
0000
0000
0001
,
1000
0000
0000
1000
0001
0000
0000
0001
1000
0000
0000
0000
0000
0000
0000
0000
,
0000
0000
0001
0000
1000
0000
0100
0000
0010
0000
0000
0010
0100
0000
0000
0100
,
2000
0000
0000
3000
,
0000
0000
0001
0002
0000
0000
1003
2000
,
0000
0000
3001
0002
0000
0000
1003
1000
,
0100
0000
0000
0100
0010
0000
0000
0010
0100
0000
0000
0100
0010
0000
0000
0000
,
0011
1100
0101
0000
,
0000
0000
1000
2000
0000
0000
3001
0002
,
0000
0000
1003
2000
0000
0000
3001
0001
,
0100
0000
0000
0100
0010
0000
0000
0010
0100
0000
0000
0100
0010
0000
0000
0000
,
1010
0101
1100
0101
,
0001
0000
0100
0000
1000
0000
0000
0000
0101
0000
0000
0100
0001
0000
0000
0001
,
0100
0000
0000
0010
1000
0000
0000
0001
0100
0000
0000
0000
0000
0000
0000
0000
,
1000
0000
0100
0000
0001
0000
0000
0000
1100
0000
0000
0100
1000
0000
0000
1000
,
0100
0000
0000
0010
0001
0000
0000
1000
0100
0000
0000
0000
0000
0000
0000
0000
,
0010
0000
1000
0000
0100
0000
0000
0000
0001
0000
0000
0001
0100
0000
0000
0100
,
1000
0000
0000
1000
0100
0000
0000
0100
0001
0000
0000
0001
0010
0000
0000
0010
,
0100
0000
0000
0100
1000
0000
0000
1000
0010
0000
0000
0000
1010
0000
0000
0000
,
1000
0100
0001
0100
1000
0010
0001
0000
,
0010
0000
0000
0010
1000
0000
0000
1000
0100
0000
0000
0000
1001
0000
0000
0000
,
0100
0000
0000
0100
0010
0000
0000
0010
0001
0000
0000
0000
0110
0000
0000
0000
,
1000
0000
0000
1000
0001
0000
0000
0001
1000
0000
0000
1000
0001
0000
0000
0000
,
1100
0101
0110
0000
,
0101
0000
0000
0001
0100
0000
0000
0100
0001
0000
0000
0000
1001
0000
0000
0000
,
1010
0000
0000
1000
0010
0000
0000
0010
1000
0000
0000
0000
1001
0000
0000
0000
,
0011
0000
0000
0010
0001
0000
0000
0000
1100
0000
0000
0100
1000
0000
0000
0000
,
0101
1100
2002
3003
,
0020
0100
0000
0130
,
0000
0001
1000
0100
0020
0000
0100
0000
,
0000
0130
2002
3003
,
0001
0000
0000
0000
1001
0000
0000
0000
1000
0000
0000
1000
0001
0000
0000
0001
,
0010
0000
0100
0000
1000
0000
0000
0000
0010
0000
0000
0010
1000
0000
0000
1000
,
0001
0010
0100
0000
0010
0000
1100
0000
,
0100
0011
1001
0110
,
1001
0000
0000
0000
0110
0000
0000
0000
0001
0000
0000
0001
1000
0000
0000
1000
,
0010
0000
0100
0000
0001
0000
0000
0000
0010
0000
0000
0010
0001
0000
0000
0001
,
1000
0010
0100
0000
0010
0000
0101
0000
,
0100
1010
1001
0110
,
2002
0000
0000
0000
3003
0000
0000
0000
0010
0000
0000
0010
0001
0000
0000
0001
,
0100
0000
0000
0000
1001
0000
0000
0000
0100
0000
0000
0100
0010
0000
0000
0010
,
1000
0000
0000
0000
0110
0000
0000
0000
0001
0000
0000
0001
1000
0000
0000
1000
,
0001
0000
0000
0001
1000
0000
0000
0000
0101
0000
0000
0000
1100
0000
0000
0000
,
0110
0000
0000
0000
0000
0000
0000
0000
1100
0000
0000
1000
0100
0000
0000
0100
,
1000
0000
0000
0000
1001
0000
0000
0000
0011
0000
0000
0001
0010
0000
0000
0010
,
0001
0000
0000
0000
1001
0000
0000
0000
1010
0000
0000
0010
1000
0000
0000
0000
,
0101
0000
0000
0100
0001
0000
0000
0000
1100
0000
0000
0000
0101
0000
0000
0000
,
2002
0000
3003
0000
0000
0001
1000
0100
,
0010
0000
0000
0010
0100
0000
0000
0000
0000
0000
1000
0000
0001
0000
0100
0000
,
0010
0000
0000
0010
0100
0000
0000
0000
0000
0000
0001
0000
1000
0000
0100
0000
,
0010
0000
0000
0010
0100
0000
0000
0000
1001
0000
0000
0000
0000
0000
0000
0000
;

//---------------dance-single - ----------------
#NOTES:
     dance-single:
     :
     Challenge:
     8:
     0.397,0.413,0.607,0.000,0.035:

0000
0000
0000
0000
,

0000
0000
0000
0000
,

0000
0001
1000
0100
0010
0000
0010
0000
,

0000
1000
0001
0100
0010
0000
0010
0000
,

0000
0001
1000
0100
0010
0000
0010
0000
,

1100
0101
1001
MMMM
,

0000
1000
0001
0100
0010
0000
0010
0000
,

0100
0100
0100
0000
MMMM
0000
1001
0000
,

0000
0000
0001
0001
0000
0000
1000
1000
,

0000
0000
0001
0001
0000
0000
1000
1000
,

0010
0100
0010
0100
,

0011
MMMM
0101
0000
,

0000
0000
1000
1000
0000
0000
0001
0001
,

0000
0000
1000
1000
0000
0000
0001
0001
,

0010
0100
0010
0100
,

1010
MMMM
1100
0101
,

0001
1000
0101
0101
,

1010
0101
0101
MMMM
,

1000
0001
1100
1100
,

0011
1100
1100
MMMM
,

0010
0100
0001
0001
,

1100
1100
0101
MMMM
,

0100
1000
1000
0010
,

1000
0100
0001
0100
1000
0000
MMMM
0000
,

0100
0100
0100
0000
1001
0000
MMMM
0000
,

0010
0010
0010
0000
1001
0000
MMMM
0000
,

1000
1000
1000
0000
0001
0001
0001
0000
,

1100
0101
1001
MMMM
,

0101
0000
0000
0001
0100
0000
0000
0000
1001
0000
0000
0000
MMMM
0000
0000
0000
,

1010
0000
0000
1000
0010
0000
0000
0000
1001
0000
0000
0000
MMMM
0000
0000
0000
,

0011
0011
1100
1100
,

0101
1100
1001
MMMM
,

1000
1000
1000
1000
,

0010
0010
0100
0100
,

1000
0000
0010
0000
0001
0100
1000
0010
,

0001
1001
0001
1000
,

0001
0100
0001
0000
1000
0000
0001
0000
,

1000
0100
1000
0000
0010
0000
0100
0000
,

0010
0100
0001
1000
,

0001
1001
1000
0001
,

1000
0100
1000
0000
0001
0000
1000
0000
,

0001
0100
0001
0000
0010
0000
0101
0000
,

0100
1010
1001
0110
,

1001
0000
MMMM
0000
0100
0100
0100
0000
,

1001
0000
MMMM
0000
0010
0010
0010
0000
,

1001
0000
MMMM
0000
0001
0001
0001
0000
,

1000
1000
1000
0000
0101
0000
MMMM
0000
,

1100
0000
0000
0000
0000
0000
0000
0000
1100
0000
0000
1000
0100
0000
0000
0000
,

1001
0000
0000
0000
MMMM
0000
0000
0000
0011
0000
0000
0001
0010
0000
0000
0000
,

1001
MMMM
1010
1010
,

0101
0101
1100
MMMM
,

0101
0000
0000
0000
0000
0010
0100
0010
,

MMMM
0000
0000
1000
0001
0000
0000
0000
0000
0000
0010
0000
0100
0000
0010
0000
,

MMMM
0000
0000
0001
1000
0000
0000
0000
0000
0000
0001
0000
1000
0000
0100
0000
,

MMMM
0000
0000
0010
0100
0000
0000
0000
1001
0000
0000
0000
0000
0000
0000
0000
,;

//---------------dance-double - ----------------
#NOTES:
     dance-double:
     :
     Easy:
     6:
     0.316,0.358,0.455,0.020,0.000:

00000000
00000000
00000000
00000000
,

00000000
00000000
00000000
00000000
,

00010000
10000000
01000000
00010000
,

00001000
00000100
00000001
00000010
,

00010000
00100000
00010000
10000000
,

00010000
00010000
00010000
00000000
,

00001000
00000001
00000001
00000000
,

00000200
00000000
00000000
00000300
,

00000000
00000010
00000000
00000010
,

00000000
00000001
00000000
00000001
,

00000100
00001000
00010000
01000000
,

10010000
01100000
10010000
00000000
,

00000000
00100000
00000000
00100000
,

00000000
10000000
00000000
10000000
,

01000000
00010000
00001000
00000100
,

00001001
00000110
00001001
00000110
,

00000001
00000100
00001000
00010000
,

11000000
00110000
00011000
00000000
,

10000000
01000000
00010000
00001000
,

00000101
00001010
00011000
00000000
,

00000100
00001000
01000000
00010000
,

00001001
00001001
00001001
00000100
,

00010000
01000000
10000000
00010000
,

00100000
00100000
00100000
00000000
,

10000000
10000000
01100000
00000000
,

00001000
00001000
00000110
00000000
,

00000001
00000110
00001000
00011000
,

00100000
00100000
10010000
00000000
,

10000000
10000000
01010000
00000000
,

00001000
00001000
00000101
00000000
,

00000010
00011000
00100000
00011000
,

00001001
00011000
10010000
00000000
,

00200000
01000000
00000000
01300000
,

00000000
00010000
00001000
00000100
,

00000000
00000100
00001001
00000000
,

00000100
00000100
00000001
00000100
,

00001000
00000000
00010000
01000000
,

10000000
00000000
10000000
10000000
,

00010000
00010000
00001000
00001000
,

00000001
00000000
00000001
00000100
,

00001000
00000000
00010000
01000000
,

10000000
00000000
10000000
10000000
,

00010000
00010000
00001000
00001000
,

00000001
00000000
00000001
00000001
,

00000110
00000000
00010000
00010000
,

01100000
00000000
10000000
01100000
,

00010000
00011000
00000010
00000010
,

00001001
00000000
00000001
00000001
,

00001100
00000000
00010000
00010000
,

11000000
00000000
00100000
00011000
,

00000010
00011000
10010000
00011000
,

00001001
00000000
00000010
00000010
,

00000010
00001001
00010000
00010000
,

01010000
10100000
01000000
00010000
,

00001000
00000100
00001001
00000000
,;

//---------------dance-double - ----------------
#NOTES:
     dance-double:
     :
     Medium:
     7:
     0.384,0.413,0.536,0.071,0.000:

00000000
00000000
00000000
00000000
,

00000000
00000000
00000000
00000000
,

00000010
00000010
00000010
00000000
00001000
00000000
01000000
00000000
,

00100000
00100000
00100000
00000000
00010000
00000000
00000100
00000000
,

00000010
00000010
00000010
00000000
00001000
00000000
01000000
00000000
,

10000000
00010000
10000000
00000000
,

10100000
00100000
00100000
00000000
00010000
00000000
00000100
00000000
,

00002000
00000000
00000000
00003000
,

00000000
00000000
00000010
00000100
00000000
00000000
00001000
00010000
,

00000000
00000000
00100000
10000000
00000000
00000000
10000000
01000000
,

00010000
00001000
00010000
00001000
,

00000101
00001010
00011000
00000000
,

00000000
00000000
00100000
01000000
00000000
00000000
00010000
00001000
,

00000000
00000000
00000010
00000001
00000000
00000000
00000001
00000100
,

00001000
00010000
00001000
00010000
,

11000000
00110000
00011000
00000000
,

00000010
00000001
00000100
00001000
,

01010000
00000000
00100000
10000000
00100000
00000000
00000000
00000000
,

00100000
10000000
01000000
00010000
,

00001100
00000000
00000010
00000001
00000010
00000000
00000000
00000000
,

00000100
00001000
00010000
01000000
,

00110000
00011000
00001010
00000001
,

00000100
00001000
00001000
00010000
,

01000000
10000000
00100000
00010000
00001000
00000000
00000000
00000000
,

00000101
00000100
00001001
00000000
,

00011000
00010000
10010000
00000000
,

10100000
00100000
01010000
00010000
,

00011000
00000110
00001001
00000000
,

00000100
00000100
00000100
00000000
00001001
00000000
00000000
00000000
,

00010000
00010000
00010000
00000000
10010000
00000000
00000000
00000000
,

00100000
00100000
00100000
00000000
00010000
00010000
00010000
00000000
,

00011000
00000110
00001001
00000000
,

00000020
00000100
00000000
00000130
,

00020000
00001000
00000000
00031000
,

00010000
00001000
00022000
00000000
,

00000000
00033000
00000010
00001000
,

00010000
01100000
00100000
00010000
,

00001000
00000110
00000001
00001000
,

00010000
10000000
10010000
00011000
,

00001001
00011000
00100000
00010000
,

00001000
00000110
00000010
00001000
,

00010000
01100000
10000000
00010000
,

00001000
00000001
00001001
00011000
,

20020000
30030000
11000000
01000000
,

10010000
00000000
00011000
00001000
,

00001001
00000000
00000011
00000010
,

00001100
00001000
00011000
01100000
,

10010000
00000000
00000000
00000000
01000000
01000000
01000000
00000000
,

10010000
00000000
00000000
00000000
00001000
00001000
00001000
00000000
,

00001001
00000000
00000000
00000000
00000010
00000010
00000010
00000000
,

00001000
00001000
00001000
00000000
00011000
00000000
01100000
00000000
,

10010000
00000000
00000000
00000000
00100000
00010000
00100000
00010000
,

00100000
00001000
00010000
00000000
00000010
00001000
00000010
00001000
,

00000010
00010000
00001000
00000000
00100000
00000000
01000000
00000000
,

10000000
00010000
00011000
00000000
,;

//---------------dance-double - ----------------
#NOTES:
     dance-double:
     :
     Hard:
     9:
     0.455,0.413,0.222,0.030,0.000:

00000000
00000000
00000000
00000000
,

00000000
00000000
00000000
00000000
,

00000000
00000100
00000000
00000100
00000010
00000001
00000100
00000000
,

00000000
00000010
00000000
00000010
00010000
00000100
00001000
00000000
,

00000000
00000001
00000000
00000001
00000010
00000100
00010000
00000000
,

00001000
01000000
00100000
10000000
01000000
00000000
00000000
00000000
,

00000000
00100000
00000000
00100000
00001000
01000000
00010000
00000000
,

20000000
00000000
00000000
30000000
,

00100000
01000000
10000000
00000000
01010000
00000000
00001000
00000000
,

00010000
00000100
00000010
00000000
00001001
00000000
00000100
00000000
,

00010000
00001000
01000000
00000000
00100000
10000000
01000000
00000000
,

00100000
00001000
00010000
00000100
00000010
00000000
00001001
00000000
,

00000010
00000100
00000010
00000000
00001001
00000000
00000100
00000000
,

00010000
00001000
00100000
00000000
10010000
00000000
01000000
00000000
,

00100000
00010000
00001000
00000000
00000100
00000010
00000001
00000000
,

00001000
00000100
00010000
00001000
00100000
00000000
10010000
00000000
,

00000000
01000000
00100000
00001000
00010000
00000100
00001000
00000010
,

00010000
00000100
00001000
00000000
00011000
00000000
00000000
00000000
,

00000000
00000010
00000100
00000001
00001000
00000100
00010000
00000010
,

00001000
00000100
00010000
00000000
00101000
00000000
00000000
00000000
,

00000000
00010000
01000000
00100000
10000000
00010000
01000000
00001000
,

00100000
00010000
10000000
00000000
01100000
00000000
10010000
00000000
,

01000000
00010000
00001000
00000000
00010000
00001000
00000100
00000000
,

00000001
00000100
00000001
00000010
00000001
00000000
00001100
00000000
,

00010000
00010000
00001000
00001000
01000000
00000000
00100000
00000000
,

00010000
00010000
10000000
10000000
00100000
00000000
01000000
00010000
,

00100000
00001000
00010000
00000100
00001000
00000001
00000100
00000000
,

00000010
00001000
00000100
00010000
00001000
00000000
10010000
00000000
,

00100000
00100000
01000000
01000000
00001000
00000000
00010000
00000000
,

00010000
00010000
00000100
00000100
00000010
00000000
00000001
00000100
,

00000010
00010000
00000100
00001000
00000001
00000100
00000010
00000000
,

00010000
00001000
01000000
00100000
10000000
00000000
10010000
00000000
,

00200000
01000000
00000000
01300000
,

00000000
00001000
00010000
00000010
00001000
00000002
00000100
00000000
,

00000000
00000103
00001001
00000000
,

00000100
00000100
00000010
00001000
,

00000001
00000100
00001000
00000000
00010000
00100000
10000000
00000000
,

00010000
01000000
10000000
00000000
10000000
00000000
00100000
00000000
,

01000000
00001000
00100000
00000000
00010000
10000000
10100000
00000000
,

01001000
00110000
00100000
00010000
,

10000000
01000000
00010000
00000000
00001000
00000010
00000001
00000000
,

00001000
00000100
00000001
00000000
00000001
00000000
00000010
00000000
,

00000100
00010000
00000010
00000000
00001000
00000001
00000110
00000000
,

00011000
00000000
00000000
00000000
00001000
00001000
00010000
00010000
,

00000100
00000000
00000010
00000000
00001000
00001000
00000001
00000001
,

00000010
00000000
00000100
00001000
00000010
00010000
00001000
01000000
,

00010000
10000000
01000000
00000000
00100000
00010000
01000000
00001000
,

00010000
00000000
00001001
00000000
00000010
00000010
00000100
00000100
,

00010000
00000000
00001000
00000000
00001000
00001000
01000000
01000000
,

00100000
00000000
10000000
01000000
00100000
00001000
01000000
00010000
,

10000000
01000000
00100000
00000000
00001000
00010000
00000100
00000010
,

00000001
00000000
00011000
00000000
00000000
00010000
00000000
00010000
,

10000000
01000000
00100000
00000000
00000000
00001000
00000000
00001000
,

00010000
00000100
00000010
00000000
00000000
00000001
00000000
00000001
,

00001000
00000010
00010000
00000000
00011000
00000000
00000000
00000000
,;

//---------------dance-double - ----------------
#NOTES:
     dance-double:
     :
     Challenge:
     8:
     0.360,0.358,0.404,0.010,0.000:

00000000
00000000
00000000
00000000
,

00000000
00000000
00000000
00000000
,

00010000
10000000
01000000
00010000
,

00001000
00000100
00000001
00000010
,

00010000
00100000
00010000
10000000
,

00010000
00010000
00010000
MMMMMMMM
,

10000000
00010000
00010000
00001000
,

00000200
00000000
00000300
MMMMMMMM
,

00000000
00000000
00000010
00000100
00000000
00000000
00001000
00010000
,

00000000
00000000
00100000
10000000
00000000
00000000
10000000
01000000
,

00010000
00001000
00010000
00001000
,

00000101
00001010
00011000
MMMMMMMM
,

00000000
00000000
00100000
01000000
00000000
00000000
00010000
00001000
,

00000000
00000000
00000010
00000001
00000000
00000000
00000001
00000100
,

00001000
00010000
00001000
00010000
,

11000000
00110000
00011000
MMMMMMMM
,

00000010
00000001
00000100
00001000
,

01010000
00000000
00100000
10000000
00100000
00000000
MMMMMMMM
00000000
,

00100000
10000000
01000000
00010000
,

00001100
00000000
00000010
00000001
00000010
00000000
MMMMMMMM
00000000
,

00000100
00001000
00010000
01000000
,

00110000
00011000
00001010
MMMMMMMM
,

00000100
00001000
00001000
00010000
,

01000000
10000000
00100000
00010000
00001000
00000000
00000000
00000000
,

00000101
00000100
00001001
MMMMMMMM
,

00011000
00010000
10010000
MMMMMMMM
,

10100000
00100000
01010000
00010000
,

00011000
00000110
00001001
MMMMMMMM
,

00000100
00000100
00000100
00000000
00001001
00000000
MMMMMMMM
00000000
,

00010000
00010000
00010000
00000000
10010000
00000000
MMMMMMMM
00000000
,

00100000
00100000
00100000
00000000
00010000
00010000
00010000
00000000
,

00011000
00000110
00001001
0000MMMM
,

00000100
00000010
00000000
00001000
,

00000000
00010000
00100000
00100000
,

10000000
01000000
00100000
MMMMMMMM
,

00100000
00001000
00010000
00000000
00000010
00000000
00001000
00000000
,

00000001
00000100
00001000
00000000
00010000
00000000
10000000
00000000
,

00010000
01000000
10000000
00000000
10000000
00000000
00100000
00000000
,

01000000
00000000
00100000
00000000
00010000
10000000
00100000
00000000
,

01001000
MMMMMMMM
00100000
00010000
,

10000000
01000000
00010000
00000000
00001000
00000000
00000001
00000000
,

00001000
00000100
00000001
00000000
00000001
00000000
00000010
00000000
,

00000100
00000000
00000010
00000000
00001000
00000001
00000010
00000000
,

00011000
MMMMMMMM
11000000
01000000
,

10010000
MMMMMMMM
00011000
00001000
,

00001001
MMMMMMMM
00000011
00000010
,

00001100
00001000
00011000
01100000
,

10010000
00000000
MMMMMMMM
00000000
00100000
00100000
01000000
00000000
,

00001000
00000000
00010000
00000000
00001000
00001000
00000100
00000000
,

00000010
00000000
00000001
00000000
00000010
00010000
00000100
00000000
,

00000001
00000100
00000010
00000000
00011000
00000000
01100000
00000000
,

10010000
00000000
MMMMMMMM
00000000
00000000
00010000
00000000
00010000
,

10000000
01000000
00100000
00000000
00000000
00001000
00000000
00001000
,

00010000
00000100
00000010
00000000
00000000
00000001
00000000
00000001
,

00001000
00000010
00010000
00000000
00011000
00000000
00000000
00000000
,;

//---------------dance-couple - ----------------
#NOTES:
     dance-couple:
     :
     Easy:
     1:
     0.605,0.716,1.000,0.000,0.000:
00000000
00000000
00000000
00000000
,
00000000
00000000
00000000
00000000
,
00010000
00100001
00100000
00000001
,
00001000
10000010
00000010
10000000
,
00001010
01010000
00000101
10100000
,
00011000
00011000
00011000
00000000
,
10000000
00100010
00100000
00000010
,
10011001
00000000
00000000
00000000
,
00000001
10000000
00000001
10000000
,
00001000
00010000
00001000
00010000
,
00100010
01000100
00100010
01000100
,
10010110
01101001
10010110
00000000
,
00001000
00010000
00001000
00010000
,
00000001
10000000
00000001
10000000
,
00100010
01000100
00100010
01000100
,
01101001
10010110
01101001
10010110
,
00011000
01000100
10000001
01000100
,
00111010
11000101
01011100
00000000
,
00100010
01000100
10000001
00011000
,
10100011
01011100
11000101
00000000
,
00100010
01000100
00011000
10000001
,
11000101
00111010
01011100
00100010
,
00011000
01000100
10000001
00100010
,
00011000
00011000
00011000
00000000
,
01000100
01000100
10011001
00000000
,
00100010
00100010
10011001
00000000
,
01000100
10011001
00100010
10011001
,
01000100
00100010
10011001
00000000
,
00011000
00011000
11000101
00000000
,
00100010
00100010
01011100
00000000
,
10000001
00111010
01000100
10100011
,
01011100
00111010
11000101
00000000
,
00100010
01000100
00000000
01000100
,
00000000
10000001
00100010
01000100
,
00000000
01000100
10011001
00000000
,
00000000
00000000
00100010
00100010
,
00011000
00000000
00100010
00100010
,
10000001
00000000
00000010
00100000
,
00000100
01000000
10000001
00011000
,
10000001
00011000
00100010
00100010
,
10000001
00000000
00100010
00100010
,
00011000
00000000
00100000
00000010
,
01000000
00000100
00011000
10000001
,
00011000
00000000
01000100
01000100
,
10011001
00000000
00100010
00100010
,
10011001
00000000
01000100
10011001
,
00100010
10011001
01000100
00100010
,
10011001
00000000
00011000
00011000
,
11000101
00000000
00100010
00100010
,
01011100
00000000
10000001
00111010
,
01000100
10100011
01011100
00111010
,
11000101
00000000
00100010
00100010
,
00100010
10011001
00100010
00100010
,
11000101
01011100
10000001
00100010
,
00011000
01000100
10011001
00000000
,
00000000
00000000
00000000
00000000
;

//---------------dance-couple - ----------------
#NOTES:
     dance-couple:
     :
     Medium:
     1:
     0.690,0.826,1.000,0.000,0.000:
00000000
00000000
00000000
00000000
,
00000000
00000000
00000000
00000000
,
00000000
00010001
10000000
01000001
00100000
00000001
00100001
00000000
,
00000000
10000001
00010000
01000001
00100000
00000001
00100001
00000000
,
00000000
10000001
00001000
10000100
00000010
10000000
10000010
00000000
,
11000101
01011100
10011001
00000000
,
00000000
00010001
00001000
00010100
00000010
00010000
00010010
00000000
,
10011001
00000000
00000000
00000000
,
00000000
00010001
10000000
01000001
,
00000000
10001000
00000001
10000100
,
01000010
00100100
01000010
00100100
,
01010011
10101100
01010101
00000000
,
00000000
00010001
00001000
00010100
,
00000000
10001000
00010000
01001000
,
00100100
01000010
00100100
01000010
,
00110101
11001010
01010101
10100011
,
00010000
00000001
10000000
00000001
00010000
00000001
00010000
00000001
,
10100000
01010010
01011001
00000000
,
00001000
10000000
00000001
10000000
00001000
10000000
00001000
10000000
,
00000011
00101100
10011100
00000000
,
00100010
01000100
00011000
00011000
,
11000101
11000101
01011100
00100010
,
01000100
10000001
10000001
00100010
,
10000001
01000100
00011000
01000100
10000001
00000000
00000000
00000000
,
01000000
01000000
01000010
00000000
10010100
00000000
00000000
00000000
,
00000010
00000010
00100010
00000000
01001001
00000000
00000000
00000000
,
10000100
10000000
10000000
00000000
00000001
00000001
00100001
00000000
,
11000101
01011100
10011001
00000000
,
11000000
01000000
01000010
00000100
10010010
00000000
00000000
00000000
,
00000011
00000010
00100010
01000000
00101001
00000000
00000000
00000000
,
00111010
00011000
00011000
00000000
11000101
10000001
10000001
00000000
,
01011100
11000101
10011001
00000000
,
01000100
00100010
00000000
00100010
,
00000000
10000001
01000100
00100010
,
00000000
00100010
10011001
00000000
,
10000001
10011001
00011000
10000001
,
00011000
01000000
00011000
00000000
10000001
00000000
00011000
00000000
,
10000001
00000100
10000001
00000000
00100010
00000000
01000100
00000000
,
00100010
01000100
00011000
10000001
,
00011000
10011001
10000001
00011000
,
10000001
01000000
10000001
00000000
00011000
00000000
10000001
00000000
,
00011000
00000100
00011000
00000000
00100100
00000000
01000010
00000000
,
00100100
01000010
10000001
00011000
,
10011001
00000000
00000000
00000000
01000000
01000000
01000010
00000000
,
10010100
00000000
00000000
00000000
00000010
00000010
00100010
00000000
,
01001001
00000000
00000000
00000000
10000100
10000000
10000000
00000000
,
00000001
00000001
00100001
00000000
11000101
00000000
01011100
00000000
,
10011001
00000000
00000000
00000000
11000000
01000000
01000010
00000100
,
10010010
00000000
00000000
00000000
00000011
00000010
00100010
01000000
,
00101001
00000000
00000000
00000000
00111010
00011000
00011000
00000000
,
11000101
10000001
10000001
00000000
01011100
00000000
11000101
00000000
,
10011001
00000000
00000000
00000000
00000000
00100010
01000100
00100010
,
00011000
00000000
10000001
00000000
00000000
00100010
01000100
00100010
,
10000001
00000000
00011000
00000000
00000000
00011000
10000001
01000100
,
00100010
00100010
10011001
00000000
,
00000000
00000000
00000000
00000000
;

//---------------dance-couple - ----------------
#NOTES:
     dance-couple:
     :
     Hard:
     1:
     0.881,0.882,1.000,0.000,0.212:
00000000
00000000
00000000
00000000
,
00000000
00000000
00000000
00000000
,
00000000
00000000
00011000
00000000
10000001
00000000
01000010
00000000
00100100
00000000
00000000
00100100
01000010
00000000
00000000
00000000
,
00000000
00000000
10000001
00000000
00011000
00000000
01000010
00000000
00100100
00000000
00000000
00100100
01000010
00000000
00000000
00000000
,
00000000
00000000
00011000
00000000
10000001
00000000
01000010
00000000
00100100
00000000
00000000
00100100
01000010
00000000
00000000
01000010
,
10000001
00000000
00000000
10000001
01000010
00000000
00000000
01000010
00011000
00000000
00000000
00000000
00000000
00000000
00000000
00000000
,
00000000
00000000
10000001
00000000
00011000
00000000
01000010
00000000
00100100
00000000
00000000
00100100
01000010
00000000
00000000
00000000
,
10011001
00000000
00000000
00000000
,
00000000
00000000
00011000
00011000
00000000
00000000
10000001
10000001
,
00000000
00000000
00011000
00011000
00000000
00000000
10000001
10000001
,
01000010
00000000
00000000
01000010
00100100
00000000
00000000
00100100
01000010
00000000
00000000
01000010
00100100
00000000
00000000
00000000
,
00111100
10000001
01011010
00000000
,
00000000
00000000
10000001
10000001
00000000
00000000
00011000
00011000
,
00000000
00000000
10000001
10000001
00000000
00000000
00011000
00011000
,
01000010
00000000
00000000
01000010
00100100
00000000
00000000
00100100
01000010
00000000
00000000
01000010
00100100
00000000
00000000
00000000
,
10100101
00011000
11000011
01011010
,
00011000
10000001
01011010
01011010
,
10100101
00000000
00000000
00000000
01011010
00000000
00000000
00000000
01000010
00011000
00000000
00000000
00000000
00000000
00000000
00000000
,
10000001
00011000
11000011
11000011
,
00111100
00000000
00000000
00000000
11000011
00000000
00000000
00000000
01000010
10000001
00000000
00000000
00000000
00000000
00000000
00000000
,
00100100
00000000
00000000
00000000
01000010
00000000
00000000
00000000
00011000
00000000
00000000
00011000
01000010
00000000
00000000
01000010
,
10000001
00000000
10000001
00000000
01000010
00000000
00000000
01000010
00011000
00000000
00000000
00011000
00100100
00000000
00000000
00000000
,
01000010
10000001
10000001
10100101
,
10000001
01000010
00011000
01000010
10000001
00000000
00000000
00000000
,
00100100
00000000
00000000
00100100
01000010
00000000
00000000
00000000
10011001
00000000
00000000
00000000
00000000
00000000
00000000
00000000
,
01000010
00000000
00000000
01000010
00100100
00000000
00000000
00000000
10011001
00000000
00000000
00000000
00000000
00000000
00000000
00000000
,
10000001
00000000
00000000
10000001
00011000
00000000
00000000
00000000
00011000
00000000
00000000
00011000
10000001
00000000
00000000
00000000
,
11000011
01011010
01100110
00000000
,
01011010
00000000
00000000
00011000
01000010
00000000
00000000
00000000
10011001
00000000
00000000
00000000
00000000
00000000
00000000
00000000
,
10100101
00000000
00000000
10000001
00100100
00000000
00000000
00000000
10011001
00000000
00000000
00000000
00000000
00000000
00000000
00000000
,
00111100
00111100
11000011
11000011
,
01011010
11000011
10011001
00000000
,
00100100
01000010
00000000
01000010
,
00000000
00011000
10000001
01000010
00100100
00000000
01000010
00000000
,
00000000
01000010
10011001
00000000
,
00011000
00000000
00000000
00000000
10011001
00000000
00000000
00000000
10000001
00000000
00000000
10000001
00011000
00000000
00000000
00011000
,
00100100
00000000
01000010
00000000
10000001
00000000
00000000
00000000
00100100
00000000
00000000
00100100
10000001
00000000
00000000
10000001
,
00011000
00100100
01000010
00000000
00100100
00000000
11000011
00000000
,
01000010
00111100
10011001
01100110
,
10011001
00000000
00000000
00000000
01100110
00000000
00000000
00000000
00011000
00000000
00000000
00011000
10000001
00000000
00000000
10000001
,
00100100
00000000
01000010
00000000
00011000
00000000
00000000
00000000
00100100
00000000
00000000
00100100
00011000
00000000
00000000
00011000
,
10000001
00100100
01000010
00000000
00100100
00000000
01011010
00000000
,
01000010
10100101
10011001
01100110
,
10011001
00000000
00000000
00000000
00000000
00000000
00000000
00000000
00100100
00000000
00000000
00100100
01000010
00000000
00000000
00000000
,
10011001
00000000
00000000
00000000
00000000
00000000
00000000
00000000
01000010
00000000
00000000
01000010
00100100
00000000
00000000
00000000
,
10011001
00000000
00000000
00000000
00000000
00000000
00000000
00000000
10000001
00000000
00000000
10000001
00011000
00000000
00000000
00000000
,
00011000
00000000
00000000
00011000
10000001
00000000
00000000
00000000
11000011
00000000
00000000
00000000
01011010
00000000
00000000
00000000
,
01100110
00000000
00000000
00000000
00000000
00000000
00000000
00000000
01011010
00000000
00000000
00011000
01000010
00000000
00000000
00000000
,
10011001
00000000
00000000
00000000
00000000
00000000
00000000
00000000
10100101
00000000
00000000
10000001
00100100
00000000
00000000
00000000
,
10011001
00000000
00111100
00111100
,
11000011
11000011
01011010
11000011
,
10011001
00000000
00000000
00000000
00000000
00100100
01000010
00100100
,
10000001
00000000
00000000
10000001
00011000
00000000
00000000
00000000
00000000
00000000
00100100
00000000
01000010
00000000
00100100
00000000
,
00011000
00000000
00000000
00011000
10000001
00000000
00000000
00000000
00000000
00000000
00011000
00000000
10000001
00000000
01000010
00000000
,
00100100
00000000
00000000
00100100
01000010
00000000
00000000
00000000
10011001
00000000
00000000
00000000
00000000
00000000
00000000
00000000
,
00000000
00000000
00000000
00000000
;
