#TITLE:Hide-away;
#SUBTITLE:;
#ARTIST:AAA;
#TITLETRANSLIT:;
#SUBTITLETRANSLIT:;
#ARTISTTRANSLIT:;
#CREDIT:;
#BANNER:Hide-away.png;
#BACKGROUND:Hide-away-bg.png;
#LYRICSPATH:;
#CDTITLE:./CDTITLES/DanceDanceRevolution X2.png;
#MUSIC:Hide-away.ogg;
#OFFSET:0.000;
#SAMPLESTART:73.420;
#SAMPLELENGTH:15.000;
#SELECTABLE:YES;
#DISPLAYBPM:134.000;
#BPMS:0=134.328,4=133.995;
#STOPS:;
#BGCHANGES:0.000=Hide-away.avi=1.000=0=0=0;

//---------------dance-single - ----------------
#NOTES:
     dance-single:
     :
     Beginner:
     1:
     0.086,0.131,0.046,0.000,0.000:

0000
0000
0000
0000
,

0000
0000
0000
0000
,

0000
0000
0000
0000
,

0000
0000
0000
0000
,

0000
0000
0000
0000
,

0010
0000
0000
0000
,

0010
0000
0000
0000
,

0100
0000
0000
0000
,

0100
0000
0000
0000
,

1000
0000
0000
0000
,

1000
0000
0000
0000
,

0001
0000
0000
0000
,

0001
0000
0000
0000
,

0010
0000
0000
0000
,

0100
0000
0000
0000
,

1000
0000
0000
0000
,

0001
0000
0000
0000
,

0010
0000
0000
0000
,

0100
0000
0000
0000
,

0010
0000
0000
0000
,

0100
0000
0000
0000
,

0001
0000
0000
0000
,

1000
0000
0000
0000
,

0001
0000
0000
0000
,

1000
0000
0000
0000
,

0001
0000
0001
0000
,

0000
0000
0000
0000
,

1000
0000
1000
0000
,

0000
0000
0000
0000
,

0010
0000
0010
0000
,

0000
0000
0000
0000
,

0100
0000
0100
0000
,

0000
0000
0000
0000
,

0001
0001
0001
0000
,

0000
0000
0000
0000
,

0100
0000
0000
0000
,

0100
0000
0000
0000
,

1000
1000
1000
0000
,

0000
0000
0000
0000
,

0100
0000
0000
0000
,

0100
0000
0000
0000
,

1001
0000
0000
0000
,

1001
0000
0000
0000
,

0010
0000
0000
0000
,

0100
0000
0000
0000
,

1001
0000
0000
0000
,

1001
0000
0000
0000
,

0010
0010
0010
0000
,

0000
0000
0000
0000
,

1000
0000
1000
0000
,

0100
0000
0100
0000
,

0001
0000
0001
0000
,

0010
0000
0010
0000
,

1000
0000
1000
0000
,

0100
0000
0000
0000
,

0000
0000
0010
0000
,

0000
0000
1001
0000
,;

//---------------dance-single - ----------------
#NOTES:
     dance-single:
     :
     Easy:
     4:
     0.199,0.238,0.009,0.065,0.000:

0000
0000
0000
0000
,

0000
0000
0000
0000
,

0000
0000
0000
0000
,

0000
0000
0000
0000
,

0000
0000
0000
0000
,

0010
0000
0100
0000
,

0001
0000
1000
0000
,

0100
0100
0100
0100
,

0020
0000
0000
0000
,

0130
1000
0010
0000
,

0100
0001
0010
0000
,

1000
1000
0100
0000
,

0001
0001
0100
0000
,

0010
1000
0100
0000
,

0010
0001
0100
0000
,

1000
1000
0010
0000
,

0001
0001
0010
0000
,

0010
0000
0001
0000
,

1000
0000
0010
0000
,

0100
0000
0010
0000
,

0001
0000
0100
0000
,

1000
0000
0100
0000
,

0010
0000
0001
0000
,

0010
0000
1000
0000
,

2000
0000
3002
0000
,

1003
1000
0100
0100
,

0010
0000
0100
0000
,

0001
0001
0100
0100
,

0010
0000
0100
0000
,

0010
1000
0100
0000
,

0010
0100
0001
0000
,

0002
0000
0000
0003
,

2000
0000
0000
3000
,

0010
0100
0010
0000
,

0100
0010
0100
0000
,

0001
0010
0100
0000
,

1000
0010
0100
0000
,

0100
0010
0100
0000
,

0010
0100
0010
0000
,

1000
0100
0010
0000
,

0001
0001
0000
0000
1000
1000
0000
0000
,

0010
0010
0100
0001
,

0100
0100
0010
0000
,

0001
0001
1000
1000
,

0010
0100
0010
0000
,

0100
0100
0010
0000
,

0010
0010
0100
0000
,

0001
1000
0100
0000
,

0001
0001
0010
0000
,

1000
1000
0010
0000
,

0100
0100
0001
0000
,

0100
0100
1000
0000
,

0100
0001
0100
0001
,

1000
0100
1000
0100
,

0010
0000
0000
0100
,

0000
0000
0010
0000
,

0100
0000
2002
0000
,

3003
0000
0000
0000
,;

//---------------dance-single - ----------------
#NOTES:
     dance-single:
     :
     Medium:
     7:
     0.306,0.320,0.130,0.186,0.000:

0000
0000
0000
0000
,

0000
0000
0000
0000
,

0000
0000
0000
0000
,

0000
0000
0000
0000
,

0000
0000
0000
0000
,

0010
0000
0010
0000
,

0100
0000
0100
0000
,

0001
0010
0100
1000
,

0020
0100
0100
0130
,

1001
0010
1000
0100
,

0001
0010
1000
0100
,

1001
0010
0001
0100
,

1000
0010
0001
0100
,

1001
0010
1000
0100
,

0010
0100
1000
0010
,

1001
0100
0001
0010
,

0002
0000
0000
0000
,

2003
0000
0001
3001
,

0020
0000
1000
1030
,

0200
0000
0010
0310
,

0002
0000
1000
1003
,

0020
0000
0001
0130
,

0200
0000
0010
1300
,

2000
0000
0001
3010
,

1000
0010
0100
0000
,

1001
0000
0100
0000
1000
0100
1000
0000
,

1000
0010
0001
0100
,

0001
0000
0100
0000
0001
0100
0001
0000
,

0010
0001
0100
1000
,

0001
0000
0010
0000
1000
0010
1000
0000
,

0001
0100
1000
0010
,

0100
0000
0010
0000
0001
0010
0001
0000
,

0100
0000
0010
0000
0100
0010
0100
0000
,

1100
0010
1000
0100
,

0001
0100
0010
0100
,

1000
0010
1000
0010
,

0001
0010
0001
0010
,

0101
0000
0010
0000
0001
0100
0010
0000
,

1000
0100
0010
0000
0100
0000
0010
0000
,

0001
0100
0001
0100
,

0001
0001
0000
0000
1000
1000
0000
0000
,

0200
0000
0000
1300
0100
0000
1001
0000
,

0200
0000
0000
0301
0100
0000
1001
0000
,

1000
0100
0001
0100
,

1000
0100
0001
0100
,

0020
0000
0000
0031
0010
0000
1001
0000
,

0020
0000
0000
1030
0010
0000
1001
0000
,

0002
0000
0000
0013
0100
0000
0000
0000
,

1001
0000
0100
0000
1000
0100
0010
0000
,

0001
0000
0100
0000
0001
0100
0010
0000
,

0100
0000
0010
0000
1000
0001
0100
0000
,

0020
0000
0230
0000
,

0310
0000
1000
0000
0001
0100
0010
0000
,

0100
0000
0001
0000
1000
0100
0010
0000
,

0002
0000
0000
2003
,

0000
0000
3020
0000
,

0230
0000
0000
0300
1001
0000
0000
0000
,

0000
0000
0000
0110
0000
0000
0000
0000
,;

//---------------dance-single - ----------------
#NOTES:
     dance-single:
     :
     Hard:
     9:
     0.377,0.431,0.149,0.093,0.070:
0000
0000
0000
0000
,
0000
0000
0000
0000
,
0000
0000
0000
0000
,
0000
0000
0000
0000
,
0000
0000
0000
0000
,
1000
0000
1000
0000
,
0001
0000
0001
0000
,
1000
1000
0001
0001
,
0010
0000
0010
0000
0100
0010
0100
0000
,
1001
0000
0100
0000
0001
0010
0001
0000
,
0010
0000
0010
0000
1000
0010
1000
0000
,
0010
0000
0010
0000
0001
0100
0001
0000
,
0100
0000
0100
0000
1000
0100
1000
0000
,
0100
0000
0000
0000
0100
0000
0000
0000
0001
0000
0000
0010
0000
0000
0100
0000
,
1000
0000
0000
0000
0100
0000
0000
0000
1000
0000
0000
0010
0000
0000
0100
0000
,
0001
0000
0000
0000
0100
0000
0000
0000
1000
0000
0000
0100
0000
0000
0010
0000
,
1000
0000
0010
0000
0001
0100
1000
0200
,
0000
0310
0100
0001
0010
0100
0010
0002
,
0000
0000
0003
0000
0000
1000
0010
0200
,
0000
0000
1300
0100
0001
0100
0000
0020
,
0000
1030
0100
0000
0000
1000
0100
2000
,
0000
3001
0010
0001
1000
0002
0000
2003
,
0000
0000
3000
0000
0000
0010
1000
0200
,
0000
1300
0010
0100
0001
0010
1000
0010
,
0100
0001
0010
1000
,
1010
0000
0100
0000
1000
0010
0100
0000
,
0001
0000
1000
0000
0010
0001
1000
0000
,
0001
0000
0010
0000
0001
0100
0010
0000
,
1000
0000
0001
0000
0100
1000
0001
0000
,
1000
0000
0010
0000
1000
0100
0010
0001
,
1000
0010
0100
0010
,
0100
1000
0001
0000
0010
1000
0100
0000
,
0010
0001
1000
0000
0100
0001
0010
0000
,
1001
0000
0010
0001
0010
0000
0100
0000
,
0010
1000
0100
0000
0010
0001
0100
0000
,
0010
0000
1001
0000
0001
0010
0100
0000
,
0010
0100
1000
0001
,
0110
0000
0001
0100
0010
1000
0100
0000
,
1000
0000
0001
0000
0010
0100
0010
0000
,
1000
0000
0001
0000
1000
0001
1000
0000
,
0110
0110
0000
0000
1001
1001
0000
0000
,
1010
0000
0000
0100
0000
0000
0001
0000
0010
0000
0000
0000
0100
0000
0000
0000
,
0011
0000
0000
0100
0000
0000
1000
0000
0010
0000
0000
0000
0100
0000
0000
0000
,
0001
0000
0000
0001
0000
0000
0001
0000
1000
0000
0000
1000
0000
0000
1000
0000
,
0010
0000
0000
0100
0000
0000
0010
0000
0100
0000
0000
0000
0010
0000
0000
0000
,
0101
0000
0000
0010
0000
0000
1000
0000
0100
0000
0000
0000
0010
0000
0000
0000
,
1100
0000
0000
0010
0000
0000
0001
0000
0100
0000
0000
0000
0010
0000
0000
0000
,
1000
0000
0000
0001
0000
0000
0110
0000
1001
0000
0000
0000
0000
0000
0000
0000
,
0100
0000
0010
0000
1000
0100
0010
0000
,
0001
0000
0100
0000
0010
1000
0100
0000
,
0010
0000
0001
0000
0100
0010
1000
0000
,
0100
1000
0010
0000
1000
0010
0100
0000
,
0001
0000
0100
0000
0001
0100
1000
0000
,
0001
0000
0100
0000
1000
0100
0001
0000
,
0010
0000
0000
0001
0000
0000
0001
0000
0000
0000
0100
0000
0010
0000
0000
0010
,
0000
0000
0100
0000
0000
0000
0001
0000
0010
0000
0000
0100
0000
0000
1000
0000
,
0010
0000
0000
0100
0000
0000
0001
0000
0100
0000
0000
0000
0000
0000
0000
0000
,
0000
0000
0000
2002
0000
0000
0000
0000
,
3003
0000
0000
0000
;

//---------------dance-double - ----------------
#NOTES:
     dance-double:
     :
     Easy:
     5:
     0.215,0.265,0.046,0.046,0.000:

00000000
00000000
00000000
00000000
,

00000000
00000000
00000000
00000000
,

00000000
00000000
00000000
00000000
,

00000000
00000000
00000000
00000000
,

00000000
00000000
00000000
00000000
,

00000001
00000000
00001000
00000000
,

00000010
00000000
00000100
00000000
,

00010000
00010000
00001000
00001000
,

00020000
00000000
00000000
00000000
,

00031000
00000010
00000001
00000000
,

00000010
00000100
00000010
00000000
,

00001000
00010000
00001000
00000000
,

01000000
00100000
00010000
00000000
,

10000000
01000000
00010000
00000000
,

01000000
00100000
01000000
00000000
,

00010000
00001000
00010000
00000000
,

00000010
00000100
00001000
00000000
,

00000001
00000000
00000001
00000001
,

00000100
00000000
00001000
00001000
,

00000100
00000000
00010000
00010000
,

00001000
00000000
00100000
00100000
,

01000000
00000000
10000000
10000000
,

00010000
00000000
00100000
00100000
,

00001000
00000000
00010000
00010000
,

00002000
00000000
00023000
00000000
,

00030100
00000100
00001000
00001000
,

00000010
00000000
00010000
00000000
,

00001000
00001000
00010000
00010000
,

00100000
00000000
01000000
00000000
,

00010000
00100000
10000000
01000000
,

00100000
00000000
00010000
00000000
,

00001000
00000100
00000001
00000010
,

00001000
00000000
00010000
00000000
,

00010000
00001000
00010000
00000000
,

00001000
00100000
00010000
00000000
,

00001000
00000010
00000100
00000000
,

00000001
00000010
00000100
00000000
,

00001000
00010000
00001000
00000000
,

00010000
00000100
00001000
00000000
,

00010000
01000000
00100000
00000000
,

10000000
10000000
00000000
00000000
00010000
00010000
00000000
00000000
,

00100000
00100000
00010000
00011000
,

00000010
00000010
00001000
00011000
,

00001000
00000000
01000000
00000000
,

00010000
00000000
10000000
00000000
,

01000000
01000000
00010000
00011000
,

00000100
00000100
00001000
00011000
,

00000010
00000000
00000100
00000000
,

00000001
00000001
00000100
00000000
,

00001000
00001000
00010000
00000000
,

00100000
00100000
10000000
00000000
,

01000000
01000000
00010000
00000000
,

00001000
00000100
00001000
00000100
,

00000001
00000100
00000001
00000100
,

00001000
00000000
00000000
00000100
,

00000000
00000000
00010000
00000000
,

00001000
00000000
00022000
00000000
,

00033000
00000000
00000000
00000000
,;

//---------------dance-double - ----------------
#NOTES:
     dance-double:
     :
     Medium:
     7:
     0.311,0.320,0.102,0.149,0.000:

00000000
00000000
00000000
00000000
,

00000000
00000000
00000000
00000000
,

00000000
00000000
00000000
00000000
,

00000000
00000000
00000000
00000000
,

00000000
00000000
00000000
00000000
,

00000010
00000000
00000100
00000000
,

00000001
00000000
00001000
00000000
,

00010000
00010000
00001000
00001000
,

00002000
00010000
00010000
00013000
,

00011000
00100000
10000000
01000000
,

00010000
00001000
00000010
00000001
,

00000100
00001000
00010000
00100000
,

10000000
01000000
00010000
00001000
,

00011000
00000100
00000001
00000010
,

00001000
00010000
01000000
10000000
,

00100000
00010000
00001000
00000100
,

00000001
00000010
00001000
00011000
,

00020000
00000000
00000010
00000100
,

00032000
00000000
00100000
01000000
,

00023000
00000000
00000010
00000100
,

00032000
00000000
00100000
01000000
,

00103000
00000000
00010000
00000000
00100000
01000000
00010000
00000000
,

00001000
00000000
00010000
00000000
00001000
00000100
00000010
00000000
,

00000010
00000001
00001000
00000100
,

00010000
00001000
00100000
00010000
,

10010000
00000000
01100000
00000000
10000000
01000000
10000000
00000000
,

00100000
00010000
00100000
01000000
,

00010000
00000000
00011000
00000000
00000100
00001000
00000010
00000000
,

00000100
00000001
00000010
00000100
,

00001001
00000000
00010000
00000000
00001000
00010000
00000100
00000000
,

00001000
00010000
00100000
01000000
,

10000000
00100000
01000000
00000000
00010000
00000000
00100000
00000000
,

00001000
00000000
00100000
02000000
00000000
00000000
03000000
00000000
,

01000000
00000000
00110000
00000000
00100000
00010000
01000000
00000000
,

10000000
01000000
00010000
00000000
10000000
00000000
00010000
00000000
,

01000000
00001000
00010000
00000100
,

00000010
00000001
00001000
00000100
,

00000010
00001000
00000100
00000000
00000001
00000100
00001000
00000000
,

00000100
00001000
00010000
00100000
,

10000000
01000000
00100000
00010000
,

00001000
00001000
00000000
00000000
00010000
00010000
00000000
00000000
,

00002000
00000000
00000000
00013000
00001000
00000000
00010000
00000000
,

00020000
00000000
00000000
00031000
00010000
00000000
00001000
00000000
,

00100000
01000000
00010000
00000000
00010000
00001000
00000100
00000000
,

00000010
00001000
00000001
00000100
,

00020000
00000000
00000000
00031000
00010000
00000000
00001000
00000000
,

00002000
00000000
00000000
00013000
00001000
00000000
00011000
00000000
,

00001000
00000000
00000000
00100000
01000000
00000000
00000000
00000000
,

01100000
00000000
10000000
00000000
00010000
01000000
00100000
00000000
,

10000000
00000000
01000000
00000000
00010000
00001000
00000100
00000000
,

00000010
00000000
00001000
00000000
00000001
00000010
00000100
00000000
,

00002000
00000000
00023000
00000000
,

01030000
00000000
00100000
00000000
10000000
01000000
00100000
00000000
,

00010000
00000000
01000000
00000000
00010000
00100000
00001000
00000000
,

00000020
00000000
00000000
00000230
,

00000000
00000000
00002300
00000000
,

00003002
00000003
00001001
00000000
,

00000000
00000000
00000000
00000100
00000000
00000000
00000000
00000000
,;

//---------------dance-double - ----------------
#NOTES:
     dance-double:
     :
     Hard:
     9:
     0.372,0.404,0.158,0.074,0.079:

00000000
00000000
00000000
00000000
,

00000000
00000000
00000000
00000000
,

00000000
00000000
00000000
00000000
,

00000000
00000000
00000000
00000000
,

00000000
00000000
00000000
00000000
,

00000001
00000000
00000010
00000000
,

00000100
00000000
00001000
00000000
,

00010000
01000000
00100000
10000000
,

00100000
00000000
00010000
00000000
00001000
00010000
00001000
00000000
,

00011000
00000000
00000100
00000000
00000001
00000010
00000001
00000000
,

00000100
00000000
00001000
00000000
00000100
00001000
00010000
00000000
,

00001000
00000000
00010000
00000000
00100000
10000000
01000000
00000000
,

00010000
00000000
00100000
00000000
10000000
00010000
01000000
00000000
,

00100000
00000000
00000000
00000000
01000000
00000000
00000000
00000000
00010000
00000000
00000000
00001000
00000000
00000000
00000010
00000000
,

00000100
00000000
00000000
00000000
00000100
00000000
00000000
00000000
00000010
00000000
00000000
00001000
00000000
00000000
00000100
00000000
,

00000010
00000000
00000000
00000000
00000001
00000000
00000000
00000000
00000100
00000000
00000000
00001000
00000000
00000000
00010000
00000000
,

00001000
00000000
00000000
00020000
00000000
00000000
00000000
00001000
,

00000000
00031000
01000000
10000000
01000000
00010000
00100000
01000000
,

20000000
00000000
00000000
00000000
30000000
01000000
00100000
00020000
,

00000000
00000000
00031000
00000100
00000010
00000100
00000000
00002000
,

00000000
00003001
00000100
00000000
00000000
00000001
00000010
00000100
,

00000000
00001000
00000100
00000010
00000100
00020000
00000000
00032000
,

00000000
00000000
00003000
00000000
00000000
00010000
00100000
10000000
,

00000000
00100000
01000000
00010000
00100000
01000000
10000000
01000000
,

00100000
00010000
00001000
00000100
,

00001000
00000000
00000100
00000001
00000010
00000000
00000001
00000000
,

00000100
00000000
00000010
00001000
00000100
00000000
00000010
00000000
,

00001000
00000000
00000100
00010000
00000010
00000000
00001000
00000000
,

00010000
00000000
00000100
00010000
00001000
00000000
00100000
00000000
,

00010000
00000000
01000000
00001000
00010000
00000000
00100000
00000000
,

01000000
00000000
10000000
00010000
01000000
00000000
00010000
00000000
,

10000000
00000000
00100000
10000000
00010000
00000000
01000000
00010000
,

00100000
00000000
00010000
00001000
00000100
00000000
00001000
00000000
,

00000011
00000000
00000001
00000100
00001000
00000000
00000100
00000000
,

00000010
00010000
00001000
00000000
00010000
00001000
00000100
00000000
,

00001000
00000000
00000100
00000000
00001000
00000000
00010000
00001000
,

00100000
00001000
00010000
00100000
,

10010000
00000000
10000000
01000000
00010000
01000000
10000000
00000000
,

00100000
00000000
01000000
00010000
01000000
00100000
10000000
00000000
,

00100000
00000000
01000000
00010000
00100000
00000000
00001000
00000000
,

00011000
00011000
00000000
00000000
00011000
00011000
00000000
00000000
,

00001000
00000000
00000000
00000100
00000000
00000000
00000010
00000000
00000001
00000000
00000000
00000000
00001100
00000000
00000000
00000000
,

00000001
00000000
00000000
00000100
00000000
00000000
00000010
00000000
00001000
00000000
00000000
00000000
00000101
00000000
00000000
00000000
,

00000001
00000000
00000000
00000001
00000000
00000000
00000100
00000000
00001000
00000000
00000000
00001000
00000000
00000000
00010000
00000000
,

01000000
00000000
00000000
01000000
00000000
00000000
10000000
00000000
00100000
00000000
00000000
00000000
10010000
00000000
00000000
00000000
,

00010000
00000000
00000000
00100000
00000000
00000000
01000000
00000000
10000000
00000000
00000000
00000000
00110000
00000000
00000000
00000000
,

10000000
00000000
00000000
00100000
00000000
00000000
01000000
00000000
00010000
00000000
00000000
00000000
10100000
00000000
00000000
00000000
,

10000000
00000000
00000000
00100000
00000000
00000000
01000000
00000000
01010000
00000000
00000000
00000000
00000000
00000000
00000000
00000000
,

00011000
00000000
00000100
00000000
00000001
00000010
00000100
00000000
,

00000010
00000000
00000100
00000000
00000010
00001000
00010000
00000000
,

00001000
00000000
00010000
00000000
00001000
00010000
00100000
00000000
,

01000000
00000000
00010000
00000000
00100000
01000000
10000000
00000000
,

00100000
00000000
00000000
00000000
10000000
00000000
00000000
00000000
01000000
00000000
00000000
00100000
00000000
00000000
00001000
00000000
,

00010000
00000000
00000000
00000000
00011000
00000000
00000000
00000000
00000100
00000000
00000000
00000010
00000000
00000000
00001000
00000000
,

00000001
00000000
00000000
00000010
00000000
00000000
00000100
00000000
00000000
00000000
00000001
00000000
00000100
00000000
00000000
00001000
,

00000000
00000000
00010000
00000000
00000000
00000000
00100000
00000000
10000000
00000000
00000000
00100000
00000000
00000000
00010000
00000000
,

01000000
00000000
00000000
00100000
00000000
00000000
10000000
00000000
01100000
00000000
00000000
00000000
00000000
00000000
00000000
00000000
,

00000000
00000000
00000000
20020000
00000000
00000000
00000000
00000000
,

30030000
00000000
00000000
00000000
,;
