#TITLE:Horatio;
#SUBTITLE:;
#ARTIST:OR-IF-IS;
#TITLETRANSLIT:;
#SUBTITLETRANSLIT:;
#ARTISTTRANSLIT:;
#CREDIT:;
#BANNER:Horatio.png;
#BACKGROUND:Horatio-bg.png;
#LYRICSPATH:;
#CDTITLE:./CDTITLES/DanceDanceRevolution X.png;
#MUSIC:Horatio.ogg;
#OFFSET:0.000;
#SAMPLESTART:17.450;
#SAMPLELENGTH:15.000;
#SELECTABLE:YES;
#DISPLAYBPM:165.000;
#BPMS:0.000=165.138,4.000=164.997;
#STOPS:;
#BGCHANGES:0.000=Horatio.avi=1.000=0=0=0;

//---------------dance-single - ----------------
#NOTES:
     dance-single:
     :
     Beginner:
     2:
     0.137,0.203,0.070,0.012,0.000:
0000
0000
0000
0000
,
0000
0000
0000
0000
,
0000
0000
0000
0000
,
0000
0000
0000
0000
,
0000
0000
0000
0000
,
0001
0000
0000
0000
,
0100
0000
0100
0000
,
1000
0000
0000
0000
,
0100
0000
0100
0000
,
0001
0000
0000
0000
,
0010
0000
0010
0000
,
0100
0000
0000
0000
,
1000
0000
0000
0000
,
0100
0000
0100
0000
,
0010
0000
0000
0000
,
0001
0000
0001
0000
,
0100
0000
0000
0000
,
0010
0000
0010
0000
,
1000
0000
0000
0000
,
0001
0000
0001
0000
,
1000
0000
1000
0000
,
0001
0000
0001
0000
,
0001
0000
0001
0000
,
0100
0000
0100
0000
,
0010
0000
0010
0000
,
0100
0000
0100
0000
,
0100
0000
0100
0000
,
1000
0000
1000
0000
,
0001
0000
0001
0000
,
1000
0000
0001
0000
,
1001
0000
0000
0000
,
0000
0000
0000
0000
,
1001
0000
0000
0000
,
0000
0000
0000
0000
,
0110
0000
0000
0000
,
0000
0000
0000
0000
,
0110
0000
0000
0000
,
0000
0000
0000
0000
,
0001
0000
0000
0000
,
1000
0000
0000
0000
,
0001
0000
0000
0000
,
1000
0000
0000
0000
,
0020
0000
0000
0030
,
0000
0000
0000
0000
,
0001
0000
0000
0000
,
1000
0000
1000
0000
,
0100
0000
0000
0000
,
0001
0000
0001
0000
,
0100
0000
0000
0000
,
1000
0000
0001
0000
,
1000
0000
0000
0000
,
1000
0000
1000
0000
,
0100
0000
0100
0000
,
0010
0000
0010
0000
,
0001
0000
0001
0000
,
1000
0000
1000
0000
,
0010
0000
0010
0000
,
0110
0000
0000
0000
,
0110
0000
0000
0000
,
0000
0000
0000
0000
;

//---------------dance-single - ----------------
#NOTES:
     dance-single:
     :
     Easy:
     4:
     0.236,0.304,0.117,0.047,0.000:
0000
0000
0000
0000
,
0000
0000
0000
0000
,
0000
0000
0000
0000
,
0000
0000
0000
0000
,
0100
0000
0000
0000
,
1000
0000
1000
0000
,
0001
0000
0100
0000
,
0010
0000
0010
0000
,
1000
0000
0001
0000
,
0010
0000
0010
0000
,
0100
0000
1000
0000
,
0001
0000
0001
0000
,
0100
0000
1000
0000
,
0100
0000
0001
0001
,
0010
0000
1000
0000
,
0010
0000
0001
0001
,
0100
0000
0010
0000
,
1000
0000
0001
0001
,
0010
0010
0100
0100
,
0110
0000
1000
0000
,
0110
0000
0001
0000
,
1001
0000
0100
0000
,
1001
0000
0010
0000
,
1000
1000
0100
0000
,
0001
0001
0100
0000
,
1000
1000
0010
0000
,
0001
0001
0010
0000
,
0100
0100
1000
0000
,
0010
0010
0100
0000
,
0001
0001
1000
1000
,
1001
0000
0000
0001
,
0010
0100
1000
0000
,
1001
0000
0000
0100
,
0010
0100
0010
0000
,
0110
0000
0000
1000
,
0010
0100
0001
0000
,
1001
0000
0000
0010
,
0100
0010
0100
0000
,
0002
0000
0003
0000
,
0200
0000
0300
0000
,
2000
0000
3000
0000
,
0020
0000
0030
0000
,
0110
0000
0000
0000
,
1000
0100
0010
0001
,
1000
0000
0001
0000
,
1000
0000
0010
0000
,
0100
0000
0001
0000
,
0100
0100
0010
0010
,
1000
0000
0100
0000
,
0010
0000
0001
0000
,
1000
0000
0100
0100
,
0100
0000
0001
0000
,
0010
0000
1000
1000
,
0100
0000
0001
0000
,
0100
0000
1000
1000
,
0010
0000
0100
0000
,
0001
0000
1000
1000
,
0100
0000
0010
0000
,
0110
0000
0000
0000
,
0000
0000
0000
0000
;

//---------------dance-single - ----------------
#NOTES:
     dance-single:
     :
     Medium:
     9:
     0.481,0.507,0.361,0.163,0.000:
0000
0000
0000
0000
,
0000
0000
0000
0000
,
0000
0000
0000
0000
,
0000
0000
0000
0000
,
1001
0000
0000
0000
,
0010
0000
0100
1000
0000
0100
0001
0000
,
0100
0000
1000
0010
0000
0001
0010
0000
,
0100
0000
1000
0100
0000
0001
0100
0000
,
0010
0000
1000
0010
0000
0001
0010
0000
,
0100
0000
0001
0010
0000
0001
0100
0000
,
0010
0000
1000
0100
0000
1000
0010
0000
,
0100
0000
0001
1000
0000
0010
0100
0001
,
2000
0100
0100
3100
,
0100
1000
0100
1000
0100
0010
0100
0010
,
0002
1000
1000
1003
,
1000
0010
1000
0010
0100
0010
0100
0010
,
0200
0001
0001
0301
,
0001
0100
0001
0100
0001
0010
0001
0010
,
0100
1000
0001
1000
,
0020
1000
0100
1030
,
0200
0001
0010
0301
,
0020
0001
0100
0031
,
0200
1000
0010
1300
,
0021
0100
0001
0130
,
1200
0010
1000
0310
,
2100
0001
0100
3001
,
0102
1000
0100
1003
,
1001
0000
0000
0101
0000
0000
0011
0000
,
1001
0000
0000
1010
0000
0000
1100
0000
,
1001
0000
0000
0110
0000
1000
0001
1000
,
1001
0000
0000
1001
0000
0000
0100
0000
,
0010
0001
1000
0100
,
1100
0000
0000
1100
0000
0000
0010
0000
,
0001
0010
0001
0100
,
0101
0000
0000
0101
0000
0000
1000
0000
,
0010
0100
0001
0010
,
0110
0000
0000
0110
0000
0000
0001
0000
,
0010
0100
1000
0010
,
1010
0000
0000
1001
0000
0000
0000
0000
,
0011
0000
0000
1001
0000
0000
0000
0000
,
1100
0000
0000
1001
0000
0000
0000
0000
,
0101
0000
0000
1001
0000
0000
0000
0000
,
0110
0000
0000
1001
0000
0000
0000
0000
,
1000
0100
0010
0001
1000
0100
0010
0001
,
0100
0000
0010
1000
0000
0010
0001
0000
,
0010
0000
1000
0100
0000
0001
0100
0000
,
0010
0000
1000
0010
0000
0001
0010
0000
,
0100
0000
1000
0100
0000
0001
0100
0000
,
0010
0000
0001
0100
0000
0001
0010
0000
,
0100
0000
1000
0010
0000
1000
0100
0000
,
0010
0000
0001
1000
0000
0100
0010
0001
,
2000
0100
0001
3010
,
0010
1000
0010
1000
0010
0100
0010
0100
,
0002
0010
1000
0103
,
1000
0100
1000
0100
0010
0100
0010
0100
,
0020
1000
0100
0031
,
1000
0001
1000
0001
1000
0010
0100
0010
,
0100
0000
0000
1000
0000
0001
1000
0100
,
0001
0000
0000
0000
,
0000
0000
0000
0000
;

//---------------dance-single - ----------------
#NOTES:
     dance-single:
     :
     Hard:
     15:
     0.901,1.000,0.303,0.140,0.915:
0000
0000
0000
0000
,
0000
0000
0000
0000
,
0000
0000
0000
0000
,
0000
0000
0000
0000
,
1001
0000
0000
0000
,
1000
0010
1000
0010
1000
0010
1000
0010
1000
0010
1000
0010
1000
0010
1000
0010
,
0100
0001
0100
0001
1000
0001
1000
0001
,
0010
0001
0010
0001
0010
0001
0010
0001
0010
0001
0010
0001
0010
0001
0010
0001
,
1000
0100
1000
0100
1000
0001
1000
0001
,
0100
0001
0100
0001
0100
0001
0100
0001
0100
0001
0100
0001
0100
0001
0100
0001
,
1000
0010
1000
0010
1000
0100
1000
0100
,
1000
0001
1000
0001
1000
0001
1000
0001
1000
0001
1000
0001
1000
0001
1000
0001
,
0100
0010
1000
0001
0100
0010
1000
0001
,
0100
0010
0100
0010
0100
0010
0100
0010
1000
0010
1000
0010
1000
0010
1000
0001
,
1000
0100
1000
0010
0100
0001
1000
0100
,
0010
0100
0010
0100
0010
0100
0010
0100
1000
0100
1000
0100
1000
0100
1000
0001
,
1000
0100
0010
0001
1000
0010
0100
0001
,
0010
0001
0010
0001
0010
0001
0010
0001
1000
0001
1000
0001
1000
0001
1000
0010
,
1000
0001
0100
0010
1000
0001
1000
0001
,
2001
0100
0001
3100
,
1001
0000
0000
1000
0100
0000
0000
0100
0010
0000
0000
0010
0001
0000
0000
0000
,
1002
0100
1000
0103
,
1001
0000
0000
1000
0010
0000
0000
0010
0100
0000
0000
0100
0001
0000
0000
0000
,
1001
0000
0000
0100
0001
0000
0000
0010
0100
0000
0000
1000
0010
0000
0000
0000
,
1001
0000
0000
0001
0010
0000
0000
0010
0001
0000
0000
1000
0100
0000
1000
0000
,
0011
0000
0000
0100
1000
0000
0000
0010
0100
0000
0000
0001
0010
0000
0000
0000
,
1001
0000
0000
1000
0010
0000
0000
0010
1000
0000
0000
0001
0100
0000
0001
0000
,
1010
0000
0000
0100
0001
0000
0000
1000
0100
0000
0000
1000
0001
0000
0000
0000
,
0011
0000
0000
0100
1000
0000
0000
0001
0100
0000
0000
0001
1000
0000
0000
0000
,
1010
0000
0000
0010
0100
0000
0000
0100
0001
0000
1000
0001
1000
0001
1000
0000
,
1001
0000
0000
0000
0000
0000
1001
0000
0000
0000
0001
1000
0001
0000
0000
0000
,
0010
0100
1000
0001
,
1001
0000
0000
0000
0000
0000
1001
0000
0000
0000
0100
0010
0100
0000
0000
0000
,
0100
0100
0100
0100
,
0110
0000
0000
0210
0000
0000
0320
0000
,
2030
3002
0203
0310
,
0110
0000
0000
0120
0000
0000
2030
0000
,
3002
0000
0023
0000
0230
0000
1300
0001
,
1000
0001
1000
0001
1000
0001
1000
0001
1000
0001
1000
0001
1000
0001
1000
0001
,
1000
0010
0100
0001
1000
0100
0010
0001
,
1000
0100
0010
0001
1000
0010
0100
0001
,
1000
0100
0010
1000
0001
1000
0010
0100
,
1000
0000
0001
0000
0100
0000
0010
0000
1000
0100
1000
0100
1000
0100
1000
0100
,
0010
0001
1000
0100
0010
0001
1000
0100
,
0001
0000
0100
0000
1000
0000
0001
0000
0100
0000
0001
1000
0001
0000
0100
0000
,
0010
0000
1000
0000
0010
0000
0100
0000
0001
0000
1000
0100
1000
0000
0001
0100
,
0001
0000
0010
0000
0001
0000
0100
0000
0001
0000
1000
0010
1000
0000
0001
0010
,
0001
0000
1000
0000
0100
0000
0010
0001
0010
0000
0100
1000
0100
0000
1000
0001
,
1000
0000
0001
0000
0010
0000
0100
0000
1000
0000
0001
0100
0001
0000
1000
0100
,
1000
0000
0010
0000
0001
0000
0010
0000
1000
0000
0100
0010
0100
0000
1000
0001
,
1000
1001
0110
1001
,
0001
0100
0001
0100
0001
0100
0001
0100
0001
0100
0001
0100
0001
0100
0001
0100
,
0001
1000
0001
1000
0001
1000
0001
1000
0100
1000
0100
1000
0100
1000
0100
1000
,
0001
0010
0001
0010
0001
0010
0001
0010
0001
0010
0001
0010
0001
0010
0001
0010
,
0001
1000
0001
1000
0001
1000
0001
1000
0010
1000
0010
1000
0010
1000
0010
1000
,
0010
0100
0010
0100
0010
0100
0010
0100
0010
0100
0010
0100
0010
0100
0010
0100
,
0001
0100
0001
0100
0001
0100
0001
0100
0001
1000
0001
1000
0001
1000
0001
0000
,
1001
0000
0000
0110
0000
1000
0001
1000
,
0110
0000
0000
0000
,
0000
0000
0000
0000
;

//---------------dance-single - ----------------
#NOTES:
     dance-single:
     :
     Challenge:
     15:
     0.781,0.879,0.245,0.140,0.717:
0000
0000
0000
0000
,
0000
0000
0000
0000
,
0000
0000
0000
0000
,
0000
0000
0000
0000
,
1001
0000
0000
0000
,
MMMM
0000
1000
0010
1000
0010
1000
0000
MMMM
0000
1000
0010
1000
0010
1000
0010
,
0100
0001
0100
0001
1000
0001
1000
0001
,
MMMM
0000
0010
0001
0010
0001
0010
0000
MMMM
0000
0010
0001
0010
0001
0010
0001
,
1000
0100
1000
0100
1000
0001
1000
0001
,
MMMM
0000
0100
0001
0100
0001
0100
0000
MMMM
0000
0100
0001
0100
0001
0100
0001
,
1000
0010
1000
0010
1000
0100
1000
0100
,
MMMM
0000
1000
0001
1000
0001
1000
0000
MMMM
0000
1000
0001
1000
0001
1000
0001
,
0100
0010
1000
0001
0100
0010
1000
0001
,
MMMM
0000
0100
0010
0100
0010
0100
0000
MMMM
0000
1000
0010
1000
0010
1000
0001
,
1000
0100
1000
0010
0100
0001
1000
0100
,
MMMM
0000
0010
0100
0010
0100
0010
0000
MMMM
0000
1000
0100
1000
0100
1000
0001
,
1000
0100
0010
0001
1000
0010
0100
0001
,
MMMM
0000
0010
0001
0010
0001
0010
0000
MMMM
0000
1000
0001
1000
0001
1000
0010
,
1000
0001
0100
0010
1000
0001
1000
0001
,
2001
0100
0001
3100
,
MMMM
0000
0000
1000
0100
0000
0000
0100
0010
0000
0000
0010
0001
0000
0000
0000
,
1002
0100
1000
0103
,
MMMM
0000
0000
1000
0010
0000
0000
0010
0100
0000
0000
0100
0001
0000
0000
0000
,
1001
0000
0000
0100
0001
0000
0000
0010
0100
0000
0000
1000
0010
0000
0000
0000
,
MMMM
0000
0000
0001
0010
0000
0000
0010
0001
0000
0000
1000
0100
0000
1000
0000
,
0011
0000
0000
0100
1000
0000
0000
0010
0100
0000
0000
0001
0010
0000
0000
0000
,
MMMM
0000
0000
1000
0010
0000
0000
0010
1000
0000
0000
0001
0100
0000
0001
0000
,
1010
0000
0000
0100
0001
0000
0000
1000
0100
0000
0000
1000
0001
0000
0000
0000
,
MMMM
0000
0000
0100
1000
0000
0000
0001
0100
0000
0000
0001
1000
0000
0000
0000
,
1010
0000
0000
0010
0100
0000
0000
0100
0001
0000
1000
0001
1000
0001
1000
0000
,
1001
0000
0000
0000
MMMM
0000
1001
0000
0000
0000
0001
1000
0001
0000
0000
0000
,
0010
0100
1000
0001
,
1001
0000
0000
0000
MMMM
0000
1001
0000
0000
0000
0100
0010
0100
0000
0000
0000
,
0100
0100
0100
0100
,
0110
0000
MMMM
0210
0000
0000
0320
0000
,
2030
3002
0203
0310
,
0110
0000
MMMM
0120
0000
0000
2030
0000
,
3002
0000
0023
0000
0230
0000
1300
0001
,
1000
0001
1000
0001
1000
0001
1000
0001
1000
0001
1000
0001
1000
0001
1000
0000
,
MMMM
0010
0100
MMMM
1000
0100
0010
0001
,
MMMM
0100
0010
MMMM
1000
0010
0100
0001
,
MMMM
0100
0010
MMMM
0001
1000
0010
0100
,
MMMM
0000
0001
0000
0100
0000
MMMM
0000
1000
0100
1000
0100
1000
0100
1000
0100
,
0010
0001
1000
0100
0010
0001
1000
0100
,
0001
0000
0100
0000
1000
0000
0001
0000
0100
0000
0001
1000
0001
0000
0100
0000
,
0010
0000
1000
0000
0010
0000
0100
0000
0001
0000
1000
0100
1000
0000
0001
0100
,
0001
0000
0010
0000
0001
0000
0100
0000
0001
0000
1000
0010
1000
0000
0001
0010
,
0001
0000
1000
0000
0100
0000
0010
0001
0010
0000
0100
1000
0100
0000
1000
0001
,
1000
0000
0001
0000
0010
0000
0100
0000
1000
0000
0001
0100
0001
0000
1000
0100
,
1000
0000
0010
0000
0001
0000
0010
0000
1000
0000
0100
0010
0100
0000
1000
0001
,
1000
1001
0110
1001
,
0001
0100
0001
0100
0001
0100
0001
0100
0001
0100
0001
0100
0001
0100
0001
0000
,
MMMM
0000
0001
1000
0001
1000
0001
0000
MMMM
0000
0100
1000
0100
1000
0100
1000
,
0001
0010
0001
0010
0001
0010
0001
0010
0001
0010
0001
0010
0001
0010
0001
0000
,
MMMM
0000
0001
1000
0001
1000
0001
0000
MMMM
0000
0010
1000
0010
1000
0010
1000
,
0010
0100
0010
0100
0010
0100
0010
0100
0010
0100
0010
0100
0010
0100
0010
0000
,
MMMM
0000
0001
0100
0001
0100
0001
0000
MMMM
0000
0001
1000
0001
1000
0001
0000
,
1001
0000
0000
0110
0000
1000
0001
1000
,
0110
0000
0000
0000
,
0000
0000
0000
0000
;

//---------------dance-double - ----------------
#NOTES:
     dance-double:
     :
     Easy:
     5:
     0.246,0.304,0.163,0.117,0.000:
00000000
00000000
00000000
00000000
,
00000000
00000000
00000000
00000000
,
00000000
00000000
00000000
00000000
,
00000000
00000000
00000000
00000000
,
10000000
00000000
00000000
00000000
,
00100000
00000000
00100000
00000000
,
01000000
00000000
00010000
00000000
,
00100000
00000000
00100000
00000000
,
00001000
00000000
00010000
00000000
,
00000100
00000000
00000100
00000000
,
00000010
00000000
00000001
00000000
,
00001000
00000000
00001000
00000000
,
00000010
00000010
00000010
00000000
,
00000100
00000000
00001000
00000000
,
00010000
00001000
00010000
00000000
,
01000000
00000000
00100000
00000000
,
00010000
00010000
00010000
00000000
,
10000000
00000000
00100000
00000000
,
01000000
01000000
00100000
00100000
,
01100000
00000000
00010000
00000000
,
01100000
00000000
00010000
00000000
,
00011000
00000000
00001000
00000000
,
00011000
00000000
00010000
00000000
,
00011000
00000000
00001000
00000000
,
00000110
00000000
00001000
00000000
,
00000110
00000000
00000001
00000000
,
00001001
00000000
00001000
00000000
,
00000100
00010000
00010000
00000000
,
00001000
00100000
00100000
00000000
,
00010000
01000000
00100000
10000000
,
10010000
00000000
00000000
00100000
,
10000000
01000000
00010000
00000000
,
00011000
00000000
00000000
00001000
,
00010000
00001000
00010000
00000000
,
00011000
00000000
00000000
00000010
,
00001000
00000001
00000100
00000000
,
00001001
00000000
00000000
00000001
,
00001000
00000001
00001000
00000000
,
00000002
00000000
00000003
00000000
,
00000200
00000000
00000300
00000000
,
00002000
00000000
00003000
00000000
,
00020000
00000000
00030000
00000000
,
00011000
00000000
00000000
00000000
,
00010000
00100000
10000000
01000000
,
00100000
00000000
00010000
00000000
,
10000000
00000000
00100000
00000000
,
01000000
00000000
00001000
00000000
,
00010000
00000000
00000100
00000000
,
00000010
00000000
00000001
00000000
,
00001000
00000000
00000010
00000000
,
00000100
00000000
00000001
00000000
,
00000100
00000100
00000100
00000100
,
00002000
00003000
00020000
00030000
,
01000000
01000000
01000000
01000000
,
20000000
30000000
00200000
00300000
,
00010000
00010000
00010000
00010000
,
00002000
00003000
00000200
00000300
,
00000001
00000000
00001000
00000000
,
00001001
00000000
00000000
00000000
,
00000000
00000000
00000000
00000000
;

//---------------dance-double - ----------------
#NOTES:
     dance-double:
     :
     Medium:
     8:
     0.411,0.473,0.245,0.175,0.000:
00000000
00000000
00000000
00000000
,
00000000
00000000
00000000
00000000
,
00000000
00000000
00000000
00000000
,
00000000
00000000
00000000
00000000
,
10010000
00000000
00000000
00000000
,
10000000
00000000
00000000
01000000
00000000
01000000
00100000
00000000
,
00010000
00000000
00000000
01000000
00000000
01000000
00100000
00000000
,
00010000
00000000
00000000
00001000
00000000
00001000
00000100
00000000
,
00000001
00000000
00000000
00000010
00000000
00000010
00001000
00000000
,
00010000
00000000
00000000
01000000
00000000
01000000
00100000
00000000
,
00010000
00000000
00000000
10000000
00000000
10000000
00100000
00000000
,
01000000
00000000
00100000
10000000
00000000
10000000
00010000
01000000
,
00100000
00000000
00100000
00010000
00000000
00010000
00001000
00000000
,
00000100
00000000
00000100
00000001
00000000
00000001
00000010
00000000
,
00000100
00000000
00000100
00001000
00000000
00001000
00000010
00000000
,
00000100
00000000
00000100
00001000
00000000
00001000
00010000
00000000
,
00001000
00000000
00100000
00010000
00000000
00010000
01000000
00000000
,
00100000
00000000
10000000
01000000
00000000
01000000
00100000
00000000
,
00010000
00000000
00010000
00100000
00000000
00100000
00001000
00010000
,
00002000
00010000
00010000
00013000
,
00001000
00000100
00000001
00000010
,
00000200
00001000
00001000
00001300
,
00000100
00010000
00001000
01000000
,
00200000
10000000
10000000
10300000
,
01000000
00010000
00100000
01000000
,
20000000
00010000
00010000
30010000
,
00100000
00001000
00010000
00000010
,
00000200
00000001
00000001
00000301
,
00002000
00000100
00000100
00003100
,
00020000
00000000
00001000
00000000
00031000
00010000
00001000
00010000
,
00011000
00000000
00000000
00022000
00000000
00000000
00000000
00000000
,
00033000
00000000
00000000
00000000
,
11000000
00000000
00000000
22000000
00000000
00000000
00000000
00000000
,
33000000
00000000
00000000
00000000
,
00110000
00000000
00000000
00220000
00000000
00000000
00000000
00000000
,
00330000
00000000
00000000
00000000
,
00001100
00000000
00000000
00002200
00000000
00000000
00000000
00000000
,
00003300
00000000
00000000
00000000
,
00001001
00000000
00000000
00001001
00000000
00000000
00000000
00000000
,
00000101
00000000
00000000
00000101
00000000
00000000
00000000
00000000
,
00001010
00000000
00000000
00001010
00000000
00000000
00000000
00000000
,
00011000
00000000
00000000
00011000
00000000
00000000
00000000
00000000
,
00110000
00000000
00000000
00110000
00000000
00000000
00000000
00000000
,
10000000
01000000
00100000
00010000
10000000
01000000
00100000
00010000
,
10000000
00000000
10000000
00100000
00000000
00100000
01000000
00000000
,
00010000
00000000
00010000
00100000
00000000
00100000
01000000
00000000
,
00010000
00000000
00010000
00001000
00000000
00001000
00000010
00000000
,
00000001
00000000
00000001
00000100
00000000
00000100
00001000
00000000
,
00010000
00000000
00010000
00100000
00000000
00100000
01000000
00000000
,
00010000
00000000
00010000
10000000
00000000
10000000
01000000
00000000
,
00100000
00000000
01000000
10000000
00000000
10000000
00010000
00100000
,
01000000
00000000
01000000
00010000
00000000
00010000
00001000
00000000
,
00000010
00000000
00000010
00000001
00000000
00000001
00000100
00000000
,
00000010
00000000
00000010
00001000
00000000
00001000
00000100
00000000
,
00000010
00000000
00000010
00001000
00000000
00001000
00010000
00000000
,
00001000
00000000
01000000
00010000
00000000
00010000
00100000
00000000
,
01000000
00000000
10000000
00100000
00000000
00100000
00010000
00000000
,
00011000
00000000
00000000
00011000
00000000
00000100
00001000
00010000
,
00100000
00000000
00000000
00000000
,
00000000
00000000
00000000
00000000
;

//---------------dance-double - ----------------
#NOTES:
     dance-double:
     :
     Hard:
     14:
     0.744,0.845,0.245,0.047,0.286:
00000000
00000000
00000000
00000000
,
00000000
00000000
00000000
00000000
,
00000000
00000000
00000000
00000000
,
00000000
00000000
00000000
00000000
,
00011000
00000000
00000000
00000000
,
10000000
01000000
00010000
01000000
10000000
01000000
00010000
01000000
,
10000000
00010000
01000000
00100000
00010000
00001000
00000100
00000010
,
00000001
00000010
00001000
00000010
00000001
00000010
00001000
00000010
,
00000001
00000010
00010000
00000100
00010000
00001000
01000000
00001000
,
00010000
00100000
10000000
00100000
00010000
00100000
10000000
00100000
,
00010000
00001000
00100000
00010000
00001000
00000100
00000010
00000001
,
00001000
00000000
00000010
00000000
00000100
00000000
00001000
00000000
00010000
00000000
00001000
00010000
00001000
00010000
00001000
00000000
,
00011000
00000000
00000000
00001000
00010000
00000000
00011000
00000000
00000000
00000000
00100000
00000000
00001000
00000000
00010000
00000000
,
00100000
00000000
00000000
00010000
00100000
00000000
00110000
00000000
00000000
00000000
00100000
00000000
00010000
00000000
00001000
00000000
,
00000010
00000000
00000000
00001000
00000010
00000000
00001010
00000000
00000000
00000000
00010000
00000000
00000100
00000000
00001000
00000000
,
00000010
00001000
00000100
00000000
00010000
00000000
00001000
00000000
01000000
00010000
00100000
00000000
00001000
00000000
00010000
00000000
,
00011000
00000000
00000000
00010000
00001000
00000000
00011000
00000000
00000000
00000000
00000100
00000000
00010000
00000000
00001000
00000000
,
00000100
00000000
00000000
00000001
00000100
00000000
00000101
00000000
00000000
00000000
00000100
00000000
00001000
00000000
00010000
00000000
,
01000000
00000000
00000000
10000000
01000000
00000000
11000000
00000000
00000000
00000000
00100000
00000000
00100000
00000000
00100000
00000000
,
00010000
01000000
00001000
00100000
00010000
00100000
00001000
01000000
,
00100000
00010000
00001000
00000010
00001000
00010000
00100000
00010000
,
00001000
00000100
00000010
00001000
00000001
00000010
00000100
00001000
,
00000001
00000001
00000001
00001000
00001000
00001000
00000100
00010000
,
00001000
00100000
00010000
01000000
00001000
01000000
00010000
00100000
,
01000000
00010000
00001000
00000100
00001000
00010000
01000000
00010000
,
00001000
00000010
00000100
00001000
00000001
00000100
00000010
00001000
,
00000001
00000001
00000001
00000100
00000100
00000100
00001000
00010000
,
00001000
00100000
00010000
01000000
00100000
10000000
01000000
00100000
,
00010000
10000000
01000000
00010000
00001000
00000010
00000001
00001000
,
00000010
00000000
00000100
00000000
00000001
00000000
00000010
00000000
00000100
00000000
00010000
00001000
00010000
00001000
00010000
00000000
,
00011000
00000000
00000000
00011000
00000000
00100000
00010000
00100000
,
01000000
10000000
00100000
01000000
00010000
00100000
00001000
00010000
,
00011000
00000000
00000000
00011000
00000000
00000010
00001000
00000010
,
00000001
00000010
00001000
00000010
00000001
00000010
00001000
00000100
,
00011000
00000000
00000000
00012000
00000000
00000000
00010000
00000000
,
00100000
00000000
00010000
00000000
01000000
00000000
00010000
00003000
,
00011000
00000000
00000000
00021000
00000000
00000000
00001000
00000000
,
00000100
00001000
01000000
00031000
,
00011000
00000000
00000000
00022000
00000000
00000000
00033000
00000000
,
00000010
00001000
00000100
00000010
00000001
00001000
00000100
00000010
,
00000001
00001000
00000100
00010000
00001000
00100000
00010000
10000000
,
00100000
01000000
00010000
00100000
00001000
00010000
00000010
00001000
,
00000001
00000000
00000100
00000000
00001000
00000000
00010000
00001000
00010000
00001000
00010000
00001000
00010000
00001000
00010000
00001000
,
00010000
01000000
10000000
00100000
00010000
00001000
00000010
00000001
,
00000100
00000000
00000000
00000010
00000100
00000000
00000001
00000000
00000000
00000010
00000100
00000000
00001000
00000000
00000001
00000000
,
00000100
00001000
00000100
00001000
00010000
01000000
00010000
01000000
,
10000000
00000000
00000000
00100000
01000000
00000000
00010000
00000000
00000000
00100000
01000000
00000000
10000000
00000000
00010000
00000000
,
01000000
00001000
01000000
00001000
00010000
00000100
00010000
00000100
,
00001000
00000000
00000000
00000100
00000010
00000000
00000001
00000000
00000000
00000100
00000010
00000000
00001000
00000000
00000001
00000000
,
00000010
00001000
00000010
00001000
00010000
00100000
00010000
00100000
,
10000000
00000000
00000000
01000000
00100000
00000000
00010000
00000000
00000000
01000000
00100000
00000000
10000000
00000000
00010000
00000000
,
01000000
00100000
01000000
00100000
01000000
00100000
01000000
00100000
01000000
00100000
01000000
00100000
01000000
00100000
01000000
00100000
,
10000000
00010000
00100000
00001000
00010000
00000010
00001000
00000001
,
00000010
00000100
00000010
00000100
00000010
00000100
00000010
00000100
00000010
00000100
00000010
00000100
00000010
00000100
00000010
00000100
,
00001000
00000001
00000100
00000010
00010000
00001000
00100000
01000000
,
10000000
00010000
10000000
00010000
10000000
00010000
10000000
00010000
10000000
00010000
10000000
00010000
10000000
00010000
10000000
00010000
,
10000000
01000000
00010000
00001000
00000100
00000001
00000010
00001000
,
00011000
00000000
00000000
00011000
00000000
01000000
00010000
00001000
,
00000010
00000000
00000000
00000000
,
00000000
00000000
00000000
00000000
;

//---------------dance-double - ----------------
#NOTES:
     dance-double:
     :
     Challenge:
     14:
     0.684,0.947,0.222,0.047,0.233:
00000000
00000000
00000000
00000000
,
00000000
00000000
00000000
00000000
,
00000000
00000000
00000000
00000000
,
00000000
00000000
00000000
00000000
,
00011000
00000000
00000000
00000000
,
10000000
01000000
00010000
01000000
10000000
01000000
00010000
01000000
,
MMMMMMMM
00010000
MMMMMMMM
00100000
MMMMMMMM
00001000
MMMMMMMM
00000010
,
00000001
00000010
00001000
00000010
00000001
00000010
00001000
00000010
,
MMMMMMMM
00000010
MMMMMMMM
00000100
MMMMMMMM
00001000
MMMMMMMM
00001000
,
00010000
00100000
10000000
00100000
00010000
00100000
10000000
00100000
,
MMMMMMMM
00001000
MMMMMMMM
00010000
MMMMMMMM
00000100
MMMMMMMM
00000001
,
00001000
00000000
00000010
00000000
00000100
00000000
00001000
00000000
00010000
00000000
00001000
00010000
00001000
00010000
00001000
00000000
,
00011000
00000000
00000000
00001000
00010000
00000000
00011000
00000000
00000000
00000000
00100000
00000000
00001000
00000000
00010000
00000000
,
00100000
00000000
00000000
00010000
00100000
00000000
00110000
00000000
00000000
00000000
00100000
00000000
00010000
00000000
00001000
00000000
,
MMMMMMMM
00001000
MMMMMMMM
00000010
MMMMMMMM
00010000
MMMMMMMM
00001000
,
00000010
00001000
00000100
00000000
00010000
00000000
00001000
00000000
01000000
00010000
00100000
00000000
00001000
00000000
00010000
00000000
,
MMMMMMMM
00001000
MMMMMMMM
00010000
MMMMMMMM
00000100
MMMMMMMM
00001000
,
00000100
00000000
00000000
00000001
00000100
00000000
00000101
00000000
00000000
00000000
00000100
00000000
00001000
00000000
00010000
00000000
,
MMMMMMMM
10000000
MMMMMMMM
01000000
MMMMMMMM
00100000
00100000
00100000
,
00010000
01000000
00001000
00100000
00010000
00100000
00001000
01000000
,
00100000
00010000
00001000
00000010
00001000
00010000
00100000
00010000
,
00001000
00000100
00000010
00001000
00000001
00000010
00000100
00001000
,
00000001
00000001
00000001
00001000
00001000
00001000
00000100
00010000
,
00001000
00100000
00010000
01000000
00001000
01000000
00010000
00100000
,
01000000
00010000
00001000
00000100
00001000
00010000
01000000
00010000
,
00001000
00000010
00000100
00001000
00000001
00000100
00000010
00001000
,
00000001
00000001
00000001
00000100
00000100
00000100
00001000
00010000
,
MMMMMMMM
00100000
00010000
01000000
MMMMMMMM
10000000
01000000
00100000
,
MMMMMMMM
10000000
01000000
00010000
MMMMMMMM
00000010
00000001
00001000
,
MMMMMMMM
00000000
00000100
00000000
00000001
00000000
00000010
00000000
MMMMMMMM
00000000
00010000
00001000
00010000
00001000
00010000
00000000
,
00011000
00000000
MMMMMMMM
00011000
00000000
00100000
00010000
00100000
,
01000000
10000000
00100000
01000000
00010000
00100000
00001000
00010000
,
00011000
00000000
MMMMMMMM
00011000
00000000
00000010
00001000
00000010
,
00000001
00000010
00001000
00000010
00000001
00000010
00001000
00000100
,
00011000
00000000
MMMMMMMM
00012000
00000000
00000000
00010000
00000000
,
00100000
00000000
00010000
00000000
01000000
00000000
00010000
00003000
,
00011000
00000000
MMMMMMMM
00021000
00000000
00000000
00001000
00000000
,
00000100
00001000
01000000
00031000
,
00011000
00000000
MMMMMMMM
00022000
00000000
00000000
00033000
00000000
,
00000010
00001000
00000100
00000010
00000001
00001000
00000100
00000010
,
00000001
00001000
00000100
00010000
00001000
00100000
00010000
10000000
,
00100000
01000000
00010000
00100000
00001000
00010000
00000010
00001000
,
00000001
00000000
00000100
00000000
00001000
00000000
00010000
00001000
00010000
00001000
00010000
00001000
00010000
00001000
00010000
00001000
,
00010000
01000000
10000000
00100000
00010000
00001000
00000010
00000001
,
00000100
00000000
00000000
00000010
00000100
00000000
00000001
00000000
00000000
00000010
00000100
00000000
MMMMMMMM
00000000
00000001
00000000
,
00000100
00001000
00000100
00001000
00010000
01000000
00010000
01000000
,
10000000
00000000
00000000
00100000
01000000
00000000
00010000
00000000
00000000
00100000
01000000
00000000
MMMMMMMM
00000000
00010000
00000000
,
01000000
00001000
01000000
00001000
00010000
00000100
00010000
00000100
,
00001000
00000000
00000000
00000100
00000010
00000000
00000001
00000000
00000000
00000100
00000010
00000000
MMMMMMMM
00000000
00000001
00000000
,
00000010
00001000
00000010
00001000
00010000
00100000
00010000
00100000
,
10000000
00000000
00000000
01000000
00100000
00000000
00010000
00000000
00000000
01000000
00100000
00000000
MMMMMMMM
00000000
00010000
00000000
,
01000000
00100000
01000000
00100000
01000000
00100000
01000000
00100000
01000000
00100000
01000000
00100000
01000000
00100000
01000000
00100000
,
10000000
00010000
00100000
00001000
00010000
00000010
00001000
00000001
,
00001111
00000000
00000010
00000100
00000010
00000100
00000010
00000000
00001111
00000000
00000010
00000100
00000010
00000100
00000010
00000100
,
00001000
00000001
00000100
00000010
00010000
00001000
00100000
01000000
,
MMMM0000
00000000
10000000
00010000
10000000
00010000
10000000
00000000
MMMM0000
00000000
10000000
00010000
10000000
00010000
10000000
00010000
,
10000000
01000000
00010000
00001000
00000100
00000001
00000010
00001000
,
00011000
00000000
MMMMMMMM
00011000
00000000
01000000
00010000
00001000
,
00000010
00000000
00000000
00000000
,
00000000
00000000
00000000
00000000
;
