#TITLE:I Believe In Miracles (The Lisa Marie Experience Radio Edit);
#SUBTITLE:;
#ARTIST:Hi-Rise;
#TITLETRANSLIT:;
#SUBTITLETRANSLIT:;
#ARTISTTRANSLIT:;
#CREDIT:;
#BANNER:I Believe In Miracles (The Lisa Marie Experience Radio Edit).png;
#BACKGROUND:I Believe In Miracles (The Lisa Marie Experience Radio Edit)-bg.png;
#LYRICSPATH:;
#CDTITLE:../CDTitles/Dancemania X1.png;
#MUSIC:I Believe In Miracles (The Lisa Marie Experience Radio Edit).ogg;
#OFFSET:0.000;
#SAMPLESTART:55.625;
#SAMPLELENGTH:15.000;
#SELECTABLE:YES;
#DISPLAYBPM:126.000;
#BPMS:0.000=39.301,4.000=125.994;
#STOPS:;
#BGCHANGES:0.000=I Believe In Miracles (The Lisa Marie Experience Radio Edit).avi=1.000=0=0=0;

//---------------dance-single - ----------------
#NOTES:
     dance-single:
     :
     Beginner:
     2:
     0.128,0.161,0.000,0.000,0.000:
0000
0000
0000
0000
,
0000
0000
0000
0000
,
0000
0000
0000
0000
,
0001
0000
0001
0000
,
0010
0000
0001
0000
,
1000
0000
1000
0000
,
0010
0010
0010
0000
,
0001
0000
0001
0000
,
0010
0000
0001
0000
,
1000
0000
1000
0000
,
0010
0010
0010
0000
,
0001
0000
0100
0000
,
1000
0000
0100
0000
,
0010
0000
0010
0000
,
0100
0100
0100
0000
,
0001
0000
0100
0000
,
1000
0000
0100
0000
,
0010
0000
0010
0000
,
0100
0100
0100
0000
,
0010
0000
0000
0000
,
0010
0000
0010
0000
,
0001
0000
1000
0000
,
1000
0000
0001
0000
,
0100
0000
0000
0000
,
0100
0000
0000
0000
,
0100
0000
0100
0000
,
1000
0000
0001
0000
,
0001
0000
0100
0000
,
0001
0000
0100
0000
,
0001
0000
0100
0000
,
0001
0000
1000
0000
,
1000
0000
0100
0000
,
1000
0000
0100
0000
,
1000
0000
0100
0000
,
1000
0000
0001
0000
,
0010
0000
0000
0000
,
0010
0000
0000
0000
,
0010
0000
0000
0000
,
0001
0001
0001
0000
,
0100
0100
0100
0000
,
1000
1000
1000
0000
,
1000
1000
1000
0000
,
0010
0010
0010
0000
,
0001
0000
0000
0000
,
0000
0000
0000
0000
;

//---------------dance-single - ----------------
#NOTES:
     dance-single:
     :
     Easy:
     7:
     0.275,0.299,0.064,0.000,0.000:
0000
0000
0000
0000
,
0000
0000
0000
0000
,
0000
0000
0000
0000
,
0010
0100
0001
0100
,
1000
0100
0001
0100
,
0010
0100
1000
0100
,
0010
0100
0001
1000
0000
0100
0010
0000
,
0100
0010
1000
0100
,
0001
0100
1000
0100
,
0010
0100
0001
0100
,
0010
0100
1000
0001
0000
0100
0010
0000
,
0000
0100
0000
0010
,
0000
0001
0100
0100
,
0000
1000
0100
0100
,
0010
0100
0001
1000
0000
0100
0010
0000
,
0100
1001
0001
0001
,
0010
1001
1000
1000
,
0001
0100
1000
0100
,
0010
0100
0001
1000
0000
0100
0010
0000
,
0000
0010
0100
1001
,
0000
0100
0010
1001
,
0000
0100
0010
0001
,
0100
1000
1001
0000
,
1000
0001
0010
0100
,
0001
1000
0010
0100
,
1000
0100
0001
0100
,
0010
0010
0010
0000
,
0001
0100
1000
0000
0010
0000
0010
0000
,
1000
0100
0001
0000
0010
0000
0010
0000
,
0001
1000
0010
0100
,
0010
0100
0001
1000
0000
0100
0010
0000
,
0000
1000
1000
1000
,
0000
0001
0001
0001
,
0010
0100
0001
1000
,
0010
0100
0001
1000
0000
0100
0010
0000
,
0001
0010
0001
1000
,
0001
0010
1000
0001
,
1000
0010
0100
0001
,
0010
0100
0001
1000
0000
0100
0010
0000
,
0100
0010
0001
1000
0000
0010
0100
0000
,
0010
0100
0001
1000
0000
0100
0010
0000
,
0100
0010
0001
1000
0000
0010
0100
0000
,
0010
0100
0001
1000
0000
0100
0010
0000
,
1001
0000
0000
0000
,
0000
0000
0000
0000
;

//---------------dance-single - ----------------
#NOTES:
     dance-single:
     :
     Medium:
     8:
     0.326,0.345,0.268,0.000,0.000:
0000
0000
0000
0000
,
0000
0000
0000
0000
,
0000
0000
0000
0000
,
1001
0010
0100
1000
,
0101
1100
0010
0100
,
1001
0010
0100
0001
,
0010
0001
0100
1000
0000
0010
0100
0000
,
1001
0010
0100
0001
,
1100
0101
0010
0100
,
1001
0010
0100
1000
,
0010
1000
0100
0001
0000
0100
0010
0000
,
1000
0001
0100
0010
,
0001
0000
0100
0000
0010
0100
0010
0000
,
1000
0000
0010
0000
0100
0010
0100
0000
,
0010
0100
0001
1000
0000
0100
0010
0000
,
1001
0110
0001
1000
,
0110
1001
0100
0010
,
0001
1000
0010
0100
,
0010
0100
0001
1000
0000
0100
0010
0000
,
0000
0010
0100
1001
,
0000
0100
0010
1001
,
0000
0100
0010
0001
,
0100
0000
1000
0000
0010
0000
0001
1000
,
0010
0001
0010
0001
,
0001
1000
0010
0100
,
1000
0100
0001
0100
,
0010
0100
0010
0100
0010
0000
0000
0000
,
1000
0100
0001
0000
0010
0000
0010
0000
,
0001
0100
1000
0000
1000
0100
0001
0000
,
1000
0001
0010
0100
,
0010
0100
0001
1000
0000
0100
0010
0100
,
0010
0001
0001
1001
,
0010
1000
1000
1001
,
0010
0100
0001
1000
,
0010
0100
0001
1000
0000
0100
0010
0000
,
1000
0001
1010
0011
,
1000
0100
0101
1100
,
1010
0101
0011
1100
,
0010
0100
0001
1000
0000
0100
0010
0000
,
0001
1000
0100
0010
0000
1000
0001
0000
,
0100
0010
1000
0001
0000
0010
0100
0000
,
1000
0001
0010
0100
0000
0001
1000
0000
,
0010
0100
0001
1000
0000
0100
0010
0000
,
1001
0000
0000
0000
,
0000
0000
0000
0000
;

//---------------dance-single - ----------------
#NOTES:
     dance-single:
     :
     Hard:
     11:
     0.390,0.437,0.096,0.000,0.193:
0000
0000
0000
0000
,
0000
0000
0000
0000
,
0000
0000
0000
0000
,
0001
0001
0001
0000
0010
0000
0100
0000
,
1000
1000
1000
0000
0010
0000
0100
0000
,
0001
0010
1000
0100
0001
0100
1000
0000
,
0010
0000
0100
0000
0001
0000
1000
0100
0000
0010
0000
0000
0100
0000
0000
0000
,
0001
0001
0001
0000
1010
0000
0101
0000
,
1000
1000
1000
0000
0011
0000
1100
0000
,
0001
0010
1000
0100
0001
0100
1000
0000
,
0010
0000
0100
0000
0001
0000
1000
0100
0000
0010
0000
0000
0100
0000
0000
0000
,
0001
0001
0001
0000
0001
0100
1000
0000
,
1000
1000
1000
0000
1000
0100
0001
0000
,
0001
0001
0001
0000
0001
0100
1000
0000
,
0010
0000
0100
0000
0001
0000
1000
0100
0000
0010
0000
0000
0100
0000
0000
0000
,
0001
0001
0001
1000
0001
0100
1000
0000
,
1000
1000
1000
0001
1000
0100
0001
0000
,
0001
0001
0001
1000
0001
0100
1000
0000
,
0010
0000
0100
0000
0001
0000
1000
0100
0000
0010
0000
0000
0100
0000
0000
0000
,
0001
0100
0001
0100
0001
0100
0001
0000
,
1000
0100
1000
0100
1000
0100
1000
0000
,
0010
0001
0010
0000
0010
1000
0010
0000
,
0001
0000
0000
0000
0100
0000
0000
0000
0010
0000
1000
0000
0000
0100
0001
0000
,
0100
0000
0000
0000
1000
0000
0000
0000
1000
0000
0000
0000
0001
0000
0000
0001
,
0000
1000
0010
0100
,
1000
0100
0001
0100
,
1000
0000
0000
1000
0000
0000
1000
0000
0000
1000
0000
0000
1000
0000
0000
0000
,
0001
0100
1000
0100
0001
0100
1000
0000
,
0001
0100
1000
0100
0001
0100
1000
0000
,
0001
0100
1000
0100
0001
0100
1000
0000
,
0010
0000
0100
0000
0001
0000
1000
0100
0000
0010
0000
0000
0100
0000
0010
0000
,
0100
0000
0001
0000
0001
0000
0001
1000
,
1001
0000
0001
0000
1001
0000
0001
1000
,
1001
1000
1001
0000
0001
0000
0001
0000
,
0010
0000
0100
0000
0001
0000
1000
0100
0000
0010
0000
0000
0100
0000
0000
0000
,
0000
0000
0000
0000
0000
0000
0000
0010
,
0100
0000
0000
0000
0000
0000
0000
0010
,
0100
0000
0000
0000
0000
0000
0000
0010
,
0001
0100
0001
0100
0001
0000
1000
0100
0000
0010
0000
0000
0100
0000
0000
0000
,
1000
0100
1000
0100
1000
0000
0001
0100
0000
0010
0000
0000
0100
0000
0000
0000
,
0001
0100
0001
0100
0001
0000
1000
0100
0000
0010
0000
0000
0100
0000
0000
0000
,
1000
0100
1000
0100
1000
0000
0001
0100
0000
0010
0000
0000
0100
0000
0000
0000
,
0001
0100
0001
0100
0001
0000
1000
0100
0000
0010
0000
0000
0100
0000
0000
0000
,
1001
0000
0000
0000
;

//---------------dance-single - ----------------
#NOTES:
     dance-single:
     :
     Challenge:
     12:
     0.522,0.576,0.225,0.043,0.337:
0000
0000
0000
0000
,
0000
0000
0000
0000
,
0000
0000
0000
0000
,
1000
0001
1000
0001
1000
0010
0100
0001
,
1000
0001
1000
0001
0010
0001
0100
0000
,
1000
0010
0001
0100
1000
0100
0001
1000
,
0100
1000
0100
1000
0100
0000
0010
0100
0000
1000
0001
0000
0100
0010
0100
0000
,
0001
1000
0001
1000
0001
0010
0100
1000
,
0001
1000
0001
1000
0010
1000
0100
0000
,
0001
0010
1000
0100
0001
0100
1000
0001
,
0100
0001
0100
0001
0100
0000
0010
0100
0000
0001
1000
0000
0100
0010
0100
0000
,
1000
1000
1000
0000
1000
1100
0101
0000
,
0001
0001
0001
0000
0001
0101
1100
0000
,
1000
1000
1000
0000
1000
1100
0101
0000
,
0010
0100
0010
0100
0010
0000
1000
0001
0000
0010
0100
0000
1000
0001
1000
0000
,
0001
0001
1000
0100
0001
0010
1000
0000
,
0001
0001
1000
0010
0001
0100
1000
0000
,
0001
0001
1000
0100
0001
0010
1000
0000
,
0010
0100
0010
0100
0010
0000
1000
0001
0000
0010
0100
0000
1000
0100
1000
0000
,
0001
0100
1000
0100
0001
0100
0001
0100
,
1000
0100
0001
0100
1000
0100
1000
0100
,
0010
1000
0100
0000
0010
0001
0100
0000
,
1000
0000
0000
0000
0100
0000
0000
0000
0010
0000
0001
0000
0100
1000
0000
0100
,
0000
0000
0000
0000
0001
0000
0000
0000
0001
0000
0000
0000
1000
0000
0000
1000
,
0000
0001
0010
0100
,
0001
0101
1000
1100
,
2001
0000
0001
0000
0000
0001
0000
0000
0001
0000
0000
0001
3000
0000
0001
0000
,
1000
0000
0100
0000
0001
0000
0100
0010
0100
0000
0001
0000
0100
0000
0000
0000
,
1000
0000
0100
0000
0001
0000
0100
0010
0100
0000
0001
0000
0100
0000
0000
0000
,
1000
0000
0100
0000
0001
0000
0100
0010
0100
0000
0001
0000
0100
0000
0000
0000
,
1000
0100
1000
0100
1000
0000
0010
0100
0000
0001
1000
0000
0100
0010
0100
0000
,
1000
0000
1000
0000
1001
0000
1000
0001
,
1001
0001
1001
0001
1001
0000
1001
0001
,
1001
0001
1001
0001
1001
0000
1001
0010
,
0100
0001
0100
0001
0100
0000
0010
0100
0000
0001
1000
0000
0100
0010
0100
0000
,
2000
0000
0000
0000
0000
0000
3001
0110
,
0002
0000
0000
0000
0000
0000
1003
0110
,
2000
0000
0000
0000
0000
0000
3001
0010
,
1000
0100
1000
0100
1000
0000
0001
0100
0000
0010
0100
0000
0001
1000
0100
0000
,
0010
0100
0010
0100
0010
0000
0001
0100
0000
0010
0100
0000
0001
1000
0010
0000
,
1000
0100
1000
0100
1000
0000
0001
1000
0000
0010
0100
0000
0010
1000
0100
0000
,
0010
0001
0010
0001
0010
0000
0100
0010
0000
0001
1000
0000
0100
1000
0010
0000
,
0100
0010
0100
0010
0100
0000
0001
0100
0000
0010
0100
0000
1000
0100
0001
0000
,
1001
0000
0000
0000
;

//---------------dance-double - ----------------
#NOTES:
     dance-double:
     :
     Easy:
     8:
     0.285,0.299,0.096,0.000,0.000:
00000000
00000000
00000000
00000000
,
00000000
00000000
00000000
00000000
,
00000000
00000000
00000000
00000000
,
00010000
00001000
00000100
00001000
,
00010000
01000000
00001000
00000100
,
00000001
00000010
00001000
00010000
,
00100000
10000000
01000000
00010000
00000000
00001000
00010000
00000000
,
00001000
00010000
01000000
00010000
,
00001000
00000100
00010000
01000000
,
10000000
00100000
00010000
00001000
,
00000010
00000001
00000100
00001000
00000000
00010000
00001000
00000000
,
00000000
00000010
00000000
00000100
,
00000000
00100000
00000000
01000000
,
00000100
00000010
00000001
00001000
,
00100000
10000000
01000000
00010000
00000000
00001000
00010000
00000000
,
00000010
00000001
00000100
00001000
,
00010000
10000000
00010000
00001000
,
00100000
10000000
00010000
00001000
,
00000010
00000001
00000100
00001000
00000000
00010000
00001000
00000000
,
00000000
00100000
01000000
10010000
,
00000000
00001000
00000001
00000110
,
00000000
00000001
00001000
00010000
,
01100000
00011000
00000110
00000000
,
00001000
00010000
01000000
10000000
,
00010000
00001000
00000100
00000001
,
00000010
00001000
00010000
00100000
,
10010000
10010000
10010000
00000000
,
00100000
10000000
01000000
00000000
00010000
00000000
00001000
00000000
,
00000010
00000001
00000100
00000000
00001000
00000000
00010000
00000000
,
00100000
00001000
00000010
00010000
,
00100000
10000000
01000000
00010000
00000000
00001000
00010000
00001000
,
00010000
00000100
00000100
00000100
,
00000001
00000010
00000010
00000010
,
00001000
00010000
10000000
00010000
,
00100000
10000000
01000000
00010000
00000000
00001000
00010000
00000000
,
00000010
00000001
00000100
00001000
,
00010000
01000000
10000000
00100000
,
00010000
00001000
00000001
00000100
,
00000010
00000001
00000100
00001000
00000000
00010000
00001000
00000000
,
00100000
10000000
01000000
00010000
00000000
00001000
00010000
00000000
,
00000010
00000001
00000100
00001000
00000000
00010000
00001000
00000000
,
00100000
10000000
01000000
00010000
00000000
00001000
00010000
00000000
,
00000010
00000001
00000100
00001000
00000000
00010000
00001000
00000000
,
00011000
00000000
00000000
00000000
,
00000000
00000000
00000000
00000000
;

//---------------dance-double - ----------------
#NOTES:
     dance-double:
     :
     Medium:
     9:
     0.329,0.345,0.353,0.000,0.000:
00000000
00000000
00000000
00000000
,
00000000
00000000
00000000
00000000
,
00000000
00000000
00000000
00000000
,
00011000
00000010
00000001
00000100
,
00011000
00100000
10000000
01000000
,
00010000
00000100
00001000
01000000
,
00100000
10000000
01000000
00010000
00000000
00001000
00010000
00000000
,
00000110
00000001
00001000
00010000
,
01100000
10000000
00010000
00001000
,
00000100
00010000
00000100
00000001
,
00000010
00000001
00000100
00001000
00000000
00010000
00001000
00000000
,
00000000
00000010
00001000
00000100
,
00000000
00100000
00010000
01000000
,
00000100
00000010
00000001
00001000
,
00100000
10000000
01000000
00010000
00000000
00001000
00010000
00000000
,
00000010
00000001
00000100
00001001
,
00010000
10000000
11000000
10100000
,
00010000
00001000
00010000
10000000
,
00100000
10000000
01000000
00010000
00000000
00001000
00010000
00000000
,
00000000
00100000
10010000
01100000
,
00000000
00001000
00000110
00001001
,
00000000
00000001
00001000
00010000
,
01100000
00000000
00011000
00000000
00000110
00000000
00000001
00000100
,
00001000
00010000
01000000
10010000
,
01100000
00010000
00001000
00000101
,
00000010
00001000
00010000
01000000
,
10010000
01100000
10010000
00000000
,
00100000
10000000
01000000
00000000
00010000
00000000
00001000
00000000
,
00000010
00000001
00000100
00000000
00001000
00000000
00010000
00000000
,
00100000
10000000
01000000
00000000
00010000
00001000
00000001
00000000
,
00000010
00000001
00000100
00001000
00000000
00010000
00001000
00010000
,
00001000
00011000
00000110
00001001
,
00000000
00001001
00000110
00001001
,
00000100
00010000
01000000
10000000
,
00100000
10000000
01000000
00010000
00000000
00001000
00010000
00000000
,
00001010
00000001
00000100
00010000
,
11000000
00100000
00010000
00001000
,
00001100
00011000
01010000
00011000
,
00100000
10000000
01000000
00010000
00000000
00001000
00010000
00000000
,
00000100
00000001
00000010
00001000
00000000
00010000
00001000
00000000
,
00100000
10000000
01000000
00010000
00000000
00001000
00010000
00000000
,
00000100
00000001
00000010
00001000
00000000
00010000
00001000
00000000
,
00100000
10000000
01000000
00010000
00000000
00001000
00010000
00000000
,
00011000
00000000
00000000
00000000
,
00000000
00000000
00000000
00000000
;

//---------------dance-double - ----------------
#NOTES:
     dance-double:
     :
     Hard:
     11:
     0.441,0.483,0.268,0.000,0.193:
00000000
00000000
00000000
00000000
,
00000000
00000000
00000000
00000000
,
00000000
00000000
00000000
00000000
,
00010000
00001000
00000010
00000001
00000000
00000001
00000100
00000000
,
00000010
00001000
00000100
00010000
00000000
00010000
00001000
00000000
,
00100000
00010000
01000000
00100000
00000000
00100000
10000000
00000000
,
01000000
00100000
01000000
00100000
01000000
00000000
10000000
00000000
00000000
00000000
00110000
00000000
00110000
00000000
00000000
00000000
,
00001000
00010000
00000010
00001000
00000000
00001000
00000001
00000000
,
00000010
00000100
00010000
00001000
00000000
00001000
01000000
00000000
,
00010000
10000000
01000000
00100000
00000000
00100000
00001000
00000000
,
01000000
00010000
01000000
00010000
01000000
00000000
00100000
00000000
00000000
00000000
10010000
00000000
10010000
00000000
00000000
00000000
,
00100000
00001000
01000000
00010000
00010000
00010000
00000000
00100000
,
00001000
00010000
00000100
00001000
00001000
00001000
00000000
00000001
,
00000010
00000100
00001000
00000010
00000010
00000010
00000000
00000000
,
00010000
00001000
00010000
00001000
00010000
00000000
00000100
00000000
00000000
00000000
00001001
00000000
00001001
00000000
00000000
00000000
,
00000010
00000100
00001000
00000010
00000010
00000010
00000000
00010000
,
00001000
01000000
00010000
10000000
10000000
10000000
00000000
01000000
,
00100000
00001000
00010000
00000100
00000100
00000100
00000000
00000000
,
00000010
00000001
00000010
00000001
00000010
00000000
00000100
00000000
00000000
00000000
00001001
00000000
00001001
00000000
00000000
00000000
,
00000010
00000000
00000000
00000100
00000000
00000000
00010000
00000000
00001000
00000000
00000000
00100000
00000000
00000000
01000000
00000000
,
10000000
00000000
00000000
00010000
00000000
00000000
01000000
00000000
00001000
00000000
00000000
00100000
00000000
00000000
01000000
00000000
,
10000000
00000000
00000000
00010000
00000000
00000000
01000000
00000000
00001000
00000000
00000000
00010000
00000000
00000000
00000100
00000000
,
00000010
00000000
00000000
00000001
00000000
00000000
00000100
00000000
00000000
00000000
00000010
00000000
00000000
00001000
00000100
00000000
,
00010000
00000000
00001000
00000000
01000000
00000000
00010000
10000000
,
01000000
00000000
00100000
00000000
00001000
00000000
00010000
00000100
,
00001000
00000000
00000001
00000000
00000100
00000000
00000010
00001000
,
00000100
00011000
10010000
00000000
,
00100000
00000000
00001000
00000000
01000000
00000000
00000000
00000000
00010000
00100000
00000000
00001000
00000000
00000000
00000000
00000000
,
00010000
00000000
00000100
00000000
00000010
00000000
00000000
00000000
00000001
00000100
00000000
00000010
00000000
00000000
00000000
00000000
,
00001000
00000000
00000100
00000000
00010000
00000000
00000000
00000000
00001000
00100000
00000000
00010000
00000000
00000000
00000000
00000000
,
10000000
01000000
10000000
01000000
10000000
00000000
00100000
00000000
00000000
00000000
10010000
00000000
10010000
00000000
00100000
00000000
,
00001000
00010000
00000100
00000000
00001000
00000010
00000100
00000001
,
00001000
00000100
00010000
00000000
00001000
00100000
00010000
10000000
,
01000000
00100000
00001000
00000000
00010000
00000100
00001000
00000000
,
00000001
00000100
00000001
00000100
00000001
00000000
00000010
00000000
00000000
00000000
00001100
00000000
00010100
00000000
00001000
00000000
,
00100000
00000000
01000000
00000000
10000000
00010000
01000000
00000000
,
00001000
00000000
00010000
00000000
00000100
00000010
00000001
00000100
,
00000100
00000000
00000010
00000000
00010000
00001000
00010000
00000000
,
00100000
00010000
00100000
00010000
00100000
00000000
00001000
00000000
00000000
00000000
00010100
00000000
00001100
00000000
00000000
00000000
,
00000001
00000100
00000001
00000100
00000001
00000000
00001000
00000000
00000000
00000000
00010100
00000000
00011000
00000000
00000000
00000000
,
00100000
00010000
00100000
00010000
00100000
00000000
00001000
00000000
00000000
00000000
10010000
00000000
01010000
00000000
00000000
00000000
,
00100000
10000000
00100000
10000000
00100000
00000000
01000000
00000000
00000000
00000000
00110000
00000000
00011000
00000000
00000000
00000000
,
00000010
00001000
00000010
00001000
00000010
00000000
00000100
00000000
00000000
00000000
00001001
00000000
00011000
00000000
00000000
00000000
,
10010000
00000000
00000000
00000000
,
00000000
00000000
00000000
00000000
;

//---------------dance-double - ----------------
#NOTES:
     dance-double:
     :
     Challenge:
     12:
     0.503,0.530,0.054,0.000,0.327:
00000000
00000000
00000000
00000000
,
00000000
00000000
00000000
00000000
,
00000000
00000000
00000000
00000000
,
00100000
10000000
01000000
10000000
00100000
00010000
00001000
00000100
,
00000001
00000010
00000100
00000010
00000001
00001000
00000100
00000000
,
00000010
00001000
00100000
00010000
10000000
00010000
01000000
00100000
,
10000000
00010000
10000000
00010000
10000000
00000000
00100000
01000000
00000000
00001000
00010000
00000000
00001100
00000000
00000000
00000000
,
00000010
00000001
00000100
00000001
00000010
00001000
00010000
01000000
,
10000000
00100000
01000000
00100000
10000000
00010000
01000000
00000000
,
00100000
00010000
00000010
00001000
00000001
00001000
00000100
00000010
,
00000001
00001000
00000001
00001000
00000001
00000000
00000010
00000100
00000000
00010000
00001000
00000000
01010000
00000000
00000000
00000000
,
00100000
10000000
01000000
00000000
01000000
00010000
00001000
00000000
,
00001000
00000010
00000001
00000000
00000001
00000100
00001000
00000000
,
00001000
00010000
00001000
00000000
00001000
00100000
01000000
00000000
,
10000000
00010000
10000000
00010000
10000000
00000000
00100000
01000000
00000000
00001000
00010000
00000000
00001000
00000000
00001000
00000000
,
00100000
00001000
01000000
00000000
01000000
00001000
00010000
00000000
,
00010000
00001000
00000100
00000000
00000100
00000001
00001000
00000000
,
00001000
00000001
00000010
00000000
00000010
00001000
00010000
00000000
,
00001000
00100000
00001000
00100000
00001000
00000000
00100000
00010000
00000000
00100000
01000000
00000000
10000000
00000000
10000000
00000000
,
00100000
00010000
00000010
00010000
00100000
00010000
00000010
00010000
,
00001000
00000100
00000001
00000100
00001000
00000100
00000001
00000100
,
00000010
00001000
00100000
00001000
00000010
00001000
00100000
00001000
,
00000010
00000000
00000000
00000000
00010000
00000000
00000000
00000000
01000000
00000000
00100000
00000000
00010000
01000000
00000000
00001000
,
00000000
00000000
00000000
00000000
00010000
00000000
00000000
00000000
00000100
00000000
00000000
00000000
00001000
00000000
00000000
00000001
,
00000000
00000000
00000100
00000000
00001000
00000000
00010000
00100000
,
01000000
00000000
10000000
00000000
01000000
00000000
00100000
10000000
,
01000000
00000000
01000000
00000000
00000000
01000000
00000000
00000000
01000000
00000000
00000000
01000000
00000000
00000000
01000000
00000000
,
00100000
00000000
00001000
00000000
00010000
00000000
00000010
00001000
00000000
00000010
00000100
00000000
00000010
00000000
00001000
00000000
,
00000100
00000000
00000010
00000000
00000001
00000000
00000100
00000010
00000000
00000100
00001000
00000000
00010000
00000000
00001000
00000000
,
01000000
00000000
00100000
00000000
10000000
00000000
01000000
00100000
00000000
01000000
00010000
00000000
00001000
00000000
00010000
00000000
,
00000010
00001000
00000010
00001000
00000010
00000000
00000100
00000010
00000000
00001000
00000100
00000000
00000110
00000000
00000010
00000000
,
00000001
00000100
00001000
00000000
00001000
00010000
00100000
00000000
,
00100000
01000000
00100000
00000000
00100000
10000000
01000000
00000000
,
01000000
00010000
00001000
00000000
00001000
00010000
00001000
00000000
,
00000010
00001000
00000010
00001000
00000010
00000000
00000100
00000001
00000000
00001000
00000100
00000000
00001001
00000000
00001000
00000000
,
00000010
00000000
00010000
00000000
00001000
00000000
00100000
00010000
00000000
00100000
01000000
00000000
00100000
00000000
00010000
00000000
,
01000000
00000000
00100000
00000000
10000000
00000000
01000000
00100000
00000000
01000000
00010000
00000000
00001000
00000000
00010000
00000000
,
00000100
00000000
00000010
00000000
00000001
00000000
00000100
00000010
00000000
00000100
00001000
00000000
00010000
00000000
00001000
00000000
,
00100000
00010000
00100000
00010000
00100000
00000000
01000000
10000000
00000000
01000000
00100000
00000000
00001000
00000000
00010000
00000000
,
00000010
00001000
00000010
00001000
00000010
00000000
00000100
00000001
00000000
00000100
00000010
00000000
00010000
00000000
00001000
00000000
,
00100000
01000000
00100000
01000000
00100000
00000000
00010000
10000000
00000000
00100000
01000000
00000000
00001000
00000000
00010000
00000000
,
00000010
00000100
00000010
00000100
00000010
00000000
00000100
00000001
00000000
00001000
00000100
00000000
00000010
00000000
00001000
00000000
,
00010000
00001000
00010000
00001000
00010000
00000000
01000000
00100000
00000000
00010000
10000000
00000000
00100000
00000000
01000000
00000000
,
10010000
00000000
00000000
00000000
,
00000000
00000000
00000000
00000000
;

//---------------dance-couple - ----------------
#NOTES:
     dance-couple:
     :
     Easy:
     5:
     0.528,0.599,1.000,0.000,0.000:
00000000
00000000
00000000
00000000
,
00000000
00000000
00000000
00000000
,
00000000
00000000
00000000
00000000
,
00100010
01000100
00011000
01000100
,
10000001
01000100
00011000
01000100
,
00100010
01000100
10000001
01000100
,
00101001
01000000
00010000
10000000
00000000
01000000
00100000
00000000
,
01000010
00100100
10000001
01000100
,
00011000
01000100
10000001
01000100
,
00100010
01000100
00011000
01000100
,
10010010
00000100
00000001
00001000
00000000
00000100
00000010
00000000
,
00000000
01000010
00000000
00100100
,
00000000
00010010
01001000
01001000
,
00000000
10000100
01000001
01000001
,
00100010
01000100
00011000
10000001
00000000
01000100
00100010
00000000
,
01000000
10010001
00010000
00010001
,
00000010
10001001
00001000
10001000
,
00010001
01000100
10001000
01000100
,
00100010
01000100
00010001
10001000
00000000
01000100
00100010
00000000
,
00000010
00100100
01001001
10010000
,
00000100
01000010
00101001
10010000
,
00000100
01000010
00100001
00010100
,
01001000
10000001
10011001
00000000
,
10000001
00011000
00100100
01000010
,
00011000
10000001
00100100
01000010
,
10000001
01000010
00011000
01000010
,
00100100
00100100
00100100
00000000
,
00011001
01000000
10000000
00000000
00100100
00000000
00100100
00000000
,
10011000
00000100
00000001
00000000
01000010
00000000
01000010
00000000
,
00010001
10001000
00100010
01000100
,
00100010
01000100
00010001
10001000
00000000
01000000
00100000
00000100
,
00000010
10000001
10000001
10000001
,
00000000
00011000
00011000
00011000
,
00100010
01000100
00011000
10000001
,
00100010
01000100
00011000
10000001
00000000
01000100
00100010
00000000
,
00011000
00100010
10000001
00011000
,
10000001
00100010
00011000
10000001
,
00011000
00100010
01000100
10000001
,
00100010
01000100
10000001
00011000
00000000
01000100
00100010
00000000
,
01000100
00100010
10000001
00011000
00000000
00100010
01000100
00000000
,
00100010
01000100
10000001
00011000
00000000
01000100
00100010
00000000
,
01000100
00100010
10000001
00011000
00000000
00100010
01000100
00000000
,
00100010
01000100
10000001
00011000
00000000
01000100
00100010
00000000
,
10011001
00000000
00000000
00000000
,
00000000
00000000
00000000
00000000
;

//---------------dance-couple - ----------------
#NOTES:
     dance-couple:
     :
     Medium:
     6:
     0.626,0.691,1.000,0.000,0.000:
00000000
00000000
00000000
00000000
,
00000000
00000000
00000000
00000000
,
00000000
00000000
00000000
00000000
,
10010110
00100010
01000100
10000001
,
01010000
00000101
00100010
01000100
,
01101001
00100010
01000100
00011000
,
00100010
00011000
01000100
10000001
00000000
00100010
01000100
00000000
,
01101001
00100010
01000100
00011000
,
11000000
00001100
00100010
01000100
,
10010110
00100010
01000100
10000001
,
00100010
10000001
01000100
00011000
00000000
01000100
00100010
00000000
,
10001000
00010001
01000100
00100010
,
00010001
00000000
01000000
00000000
00100001
01000000
00100001
00000000
,
10001000
00000000
00000010
00000000
10000100
00000010
10000100
00000000
,
00100010
01000100
00010001
10001000
00000000
01000100
00100010
00000000
,
10011000
01100001
00010100
10001000
,
00100110
00011001
01000100
10000010
,
00010001
10001000
00100010
01000100
,
00100010
01000100
00010001
10001000
00000000
01000100
00100010
00000000
,
00000010
00100100
01001001
10010000
,
00000100
01000010
00101001
10010000
,
00000100
01000010
00100001
00010100
,
01001000
00000000
10000001
00000000
00100010
00000000
00011000
10000001
,
00100010
00011000
00100010
00011000
,
00011000
10001000
00100010
01000100
,
10001000
01000100
00010001
01000100
,
00100010
01000000
00100010
00000100
00100010
00000000
00000000
00000000
,
10000001
01000100
00011000
00000000
00100100
00000000
00100100
00000000
,
00011000
01000100
10000001
00000000
10000001
01000100
00011000
00000000
,
10000001
00011000
00100010
01000100
,
00100010
01000100
00010001
10001000
00000000
01000100
00100010
01000100
,
00100010
00011000
10000001
10011001
,
00100010
00011000
10000001
10011001
,
00100010
01000100
00010001
10001000
,
00100010
01000100
00010001
10001000
00000000
01000100
00100010
00000000
,
10000001
00011000
10100011
00111010
,
10000001
01000100
01011100
11000101
,
10100011
01011100
00111010
11000101
,
00100010
01000100
10000001
00011000
00000000
01000100
00100010
00000000
,
10000001
00011000
01000100
00100010
00000000
00011000
10000001
00000000
,
01000100
00100010
00011000
10000001
00000000
00100010
01000100
00000000
,
00011000
10000001
00100010
01000100
00000000
10000001
00011000
00000000
,
00100010
01000100
10000001
00011000
00000000
01000100
00100010
00000000
,
10011001
00000000
00000000
00000000
,
00000000
00000000
00000000
00000000
;

//---------------dance-couple - ----------------
#NOTES:
     dance-couple:
     :
     Hard:
     8:
     0.780,0.875,1.000,0.000,0.193:
00000000
00000000
00000000
00000000
,
00000000
00000000
00000000
00000000
,
00000000
00000000
00000000
00000000
,
00011000
00011000
00011000
00000000
00100100
00000000
01000010
00000000
,
10000001
10000001
10000001
00000000
00100100
00000000
01000010
00000000
,
00011000
00100100
10000001
01000010
00011000
01000010
10000001
00000000
,
00100100
00000000
01000010
00000000
00011000
00000000
10000001
01000010
00000000
00100100
00000000
00000000
01000010
00000000
00000000
00000000
,
00011000
00011000
00011000
00000000
10100101
00000000
01011010
00000000
,
10000001
10000001
10000001
00000000
00111100
00000000
11000011
00000000
,
00011000
00100100
10000001
01000010
00011000
01000010
10000001
00000000
,
00100100
00000000
01000010
00000000
00011000
00000000
10000001
01000010
00000000
00100100
00000000
00000000
01000010
00000000
00000000
00000000
,
00011000
00011000
00011000
00000000
00011000
01000010
10000001
00000000
,
10000001
10000001
10000001
00000000
10000001
01000010
00011000
00000000
,
00011000
00011000
00011000
00000000
00011000
01000010
10000001
00000000
,
00100100
00000000
01000010
00000000
00011000
00000000
10000001
01000010
00000000
00100100
00000000
00000000
01000010
00000000
00000000
00000000
,
00011000
00011000
00011000
10000001
00011000
01000010
10000001
00000000
,
10000001
10000001
10000001
00011000
10000001
01000010
00011000
00000000
,
00011000
00011000
00011000
10000001
00011000
01000010
10000001
00000000
,
00100100
00000000
01000010
00000000
00011000
00000000
10000001
01000010
00000000
00100100
00000000
00000000
01000010
00000000
00000000
00000000
,
00011000
01000010
00011000
01000010
00011000
01000010
00011000
00000000
,
10000001
01000010
10000001
01000010
10000001
01000010
10000001
00000000
,
00100100
00011000
00100100
00000000
00100100
10000001
00100100
00000000
,
00011000
00000000
00000000
00000000
01000010
00000000
00000000
00000000
00100100
00000000
10000001
00000000
00000000
01000010
00011000
00000000
,
01000010
00000000
00000000
00000000
10000001
00000000
00000000
00000000
10000001
00000000
00000000
00000000
00011000
00000000
00000000
00011000
,
00000000
10000001
00100100
01000010
,
10000001
01000010
00011000
01000010
,
10000001
00000000
00000000
10000001
00000000
00000000
10000001
00000000
00000000
10000001
00000000
00000000
10000001
00000000
00000000
00000000
,
00011000
01000010
10000001
01000010
00011000
01000010
10000001
00000000
,
00011000
01000010
10000001
01000010
00011000
01000010
10000001
00000000
,
00011000
01000010
10000001
01000010
00011000
01000010
10000001
00000000
,
00100100
00000000
01000010
00000000
00011000
00000000
10000001
01000010
00000000
00100100
00000000
00000000
01000010
00000000
00100100
00000000
,
01000010
00000000
00011000
00000000
00011000
00000000
00011000
10000001
,
10011001
00000000
00011000
00000000
10011001
00000000
00011000
10000001
,
10011001
10000001
10011001
00000000
00011000
00000000
00011000
00000000
,
00100100
00000000
01000010
00000000
00011000
00000000
10000001
01000010
00000000
00100100
00000000
00000000
01000010
00000000
00000000
00000000
,
00000000
00000000
00000000
00000000
00000000
00000000
00000000
00100100
,
01000010
00000000
00000000
00000000
00000000
00000000
00000000
00100100
,
01000010
00000000
00000000
00000000
00000000
00000000
00000000
00100100
,
00011000
01000010
00011000
01000010
00011000
00000000
10000001
01000010
00000000
00100100
00000000
00000000
01000010
00000000
00000000
00000000
,
10000001
01000010
10000001
01000010
10000001
00000000
00011000
01000010
00000000
00100100
00000000
00000000
01000010
00000000
00000000
00000000
,
00011000
01000010
00011000
01000010
00011000
00000000
10000001
01000010
00000000
00100100
00000000
00000000
01000010
00000000
00000000
00000000
,
10000001
01000010
10000001
01000010
10000001
00000000
00011000
01000010
00000000
00100100
00000000
00000000
01000010
00000000
00000000
00000000
,
00011000
01000010
00011000
01000010
00011000
00000000
10000001
01000010
00000000
00100100
00000000
00000000
01000010
00000000
00000000
00000000
,
10011001
00000000
00000000
00000000
,
00000000
00000000
00000000
00000000
;

//---------------dance-solo - ----------------
#NOTES:
     dance-solo:
     :
     Easy:
     5:
     0.277,0.299,0.075,0.000,0.000:
001000
000000
000000
000000
,
000000
000000
000000
000000
,
000000
000000
000000
000000
,
000100
000000
000010
001000
,
100000
001000
000001
001000
,
000010
001000
100000
001000
,
000100
000001
001000
000000
000010
100000
000100
000000
,
010000
001000
100000
000001
,
001000
100000
001000
000001
,
001000
000100
100001
001000
,
000100
000001
001000
000000
000010
100000
000100
000000
,
000000
001000
000000
000100
,
000000
000001
001000
001000
,
000000
100000
001000
001000
,
000100
000001
001000
000000
000010
100000
000100
000000
,
010000
100001
000010
000010
,
000100
100001
010000
010000
,
000001
001000
100000
001000
,
000100
000001
001000
000000
000010
100000
001000
000000
,
000000
010000
000001
100010
,
000000
001000
000100
100001
,
000000
001000
000100
000001
,
001000
100000
010001
000000
,
100000
000010
000100
000001
,
001000
000100
100000
000010
,
010000
000100
001000
000001
,
000100
000100
000100
000000
,
000001
001000
100000
000000
000100
000000
000010
000000
,
100000
001000
000001
000000
000100
000000
010000
000000
,
000001
100000
000100
001000
,
000100
001000
000001
000000
100000
001000
000100
000000
,
000000
000010
000010
000010
,
000000
010000
010000
010000
,
000100
001000
000001
100000
,
000100
001000
000010
000000
100000
001000
010000
000000
,
000001
000100
000010
010000
,
000100
001000
000001
100000
,
001000
000100
000001
001000
,
000100
100000
000010
000000
010000
000100
001000
000000
,
000010
100000
001000
000000
000100
000001
010000
000000
,
000010
100000
001000
000000
000100
000001
001000
000000
,
000010
010000
001000
000000
000100
000001
010000
000000
,
000010
100000
000001
000000
010000
000100
001000
000000
,
100001
000000
000000
000000
;

//---------------dance-solo - ----------------
#NOTES:
     dance-solo:
     :
     Medium:
     6:
     0.326,0.345,0.268,0.000,0.000:
000100
000000
000000
000000
,
000000
000000
000000
000000
,
000000
000000
000000
000000
,
100001
000000
001000
000010
,
100001
011000
000100
000001
,
011000
000100
000001
100000
,
000100
001000
000010
100000
000000
001000
010000
000000
,
100001
000100
001000
010000
,
100001
001010
100000
001000
,
010001
000100
000010
010000
,
000100
100000
001000
000010
000000
001000
000100
000000
,
000001
100000
001000
000100
,
000001
000000
010000
000000
000100
001000
000100
000000
,
100000
000000
000010
000000
001000
000100
001000
000000
,
000100
100000
000010
000100
000000
001000
010000
000000
,
100001
001100
000001
100000
,
001100
100001
001000
000100
,
000001
010000
000010
001000
,
000100
100000
001000
000010
000000
001000
010000
000000
,
000000
000100
001000
100001
,
000000
001000
000100
100001
,
000000
001000
000010
100000
,
001000
000000
010000
000000
000100
000000
100000
000010
,
000100
000001
001000
000010
,
000010
100000
000100
010000
,
001000
000100
000001
001000
,
000100
001000
000010
001000
000100
000000
000000
000000
,
100000
001000
000010
000000
000100
000000
010000
000000
,
000001
001000
100000
000000
010000
001000
000010
000000
,
100000
000001
000100
001000
,
010000
000001
001000
000100
000000
100000
001000
000100
,
000001
001000
001000
101000
,
000010
001000
001000
100001
,
000100
001000
000010
100000
,
000100
001000
000001
100000
000000
001000
010000
000000
,
000001
100000
001100
010001
,
100000
001000
010001
100010
,
001100
100010
010001
001100
,
010000
000001
001000
000010
000000
100000
000100
000000
,
001000
000010
100000
001000
000000
000100
000001
000000
,
001000
000010
100000
000100
000000
010000
001000
000000
,
000100
000001
010000
000010
000000
100000
001000
000000
,
000100
000001
001000
010000
000000
001000
000010
000000
,
100001
000000
000000
000000
;

//---------------dance-solo - ----------------
#NOTES:
     dance-solo:
     :
     Hard:
     8:
     0.390,0.437,0.096,0.000,0.193:
000000
000000
000000
000000
,
000000
000000
000000
000000
,
000000
000000
000000
000000
,
000010
000010
000010
000000
000100
000000
001000
000000
,
010000
010000
010000
000000
000100
000000
001000
000000
,
000001
000100
100000
001000
000001
001000
100000
000000
,
000100
000000
001000
000000
000010
000000
100000
001000
000000
000100
000000
000000
001000
000000
000000
000000
,
010000
010000
010000
000000
100100
000000
001001
000000
,
000010
000010
000010
000000
000101
000000
101000
000000
,
000001
000100
100000
001000
000001
001000
100000
000000
,
000100
000000
001000
000000
000010
000000
100000
001000
000000
000100
000000
000000
001000
000000
000000
000000
,
010000
010000
010000
000000
000001
001000
100000
000000
,
000010
000010
000010
000000
100000
001000
000001
000000
,
010000
010000
010000
000000
000001
001000
100000
000000
,
000100
000000
001000
000000
000010
000000
100000
001000
000000
000100
000000
000000
001000
000000
000000
000000
,
000001
000001
000001
010000
000001
001000
000010
000000
,
100000
100000
100000
000001
010000
001000
100000
000000
,
000001
000001
000001
010000
000010
001000
000001
000000
,
000100
000000
001000
000000
010000
000000
000001
001000
000000
000100
000000
000000
001000
000000
000000
000000
,
000001
001000
000010
001000
000001
001000
000010
000000
,
100000
001000
010000
001000
100000
001000
010000
000000
,
000100
100000
000100
000000
000100
000001
000100
000000
,
000001
000000
000000
000000
001000
000000
000000
000000
000100
000000
100000
000000
000000
001000
000001
000000
,
001000
000000
000000
000000
010000
000000
000000
000000
010000
000000
000000
000000
000001
000000
000000
000001
,
000000
100000
000100
001000
,
100000
001000
000001
001000
,
010000
000000
000000
010000
000000
000000
010000
000000
000000
100000
000000
000000
100000
000000
000000
000000
,
000001
001000
100000
001000
000001
001000
100000
000000
,
000010
001000
010000
001000
000010
001000
010000
000000
,
000001
001000
100000
001000
000001
001000
100000
000000
,
000100
000000
001000
000000
000010
000000
100000
001000
000000
000100
000000
000000
001000
000000
000100
000000
,
001000
000000
000001
000000
000001
000000
000001
010000
,
100010
000000
000001
000000
100010
000000
000001
010000
,
010001
010000
010001
000000
000010
000000
000010
000000
,
000100
000000
001000
000000
010000
000000
000001
001000
000000
000100
000000
000000
001000
000000
000000
000000
,
000000
000000
000000
000000
000000
000000
000000
000100
,
001000
000000
000000
000000
000000
000000
000000
000100
,
001000
000000
000000
000000
000000
000000
000000
000100
,
100000
001000
100000
001000
100000
000000
000001
001000
000000
000010
000000
000000
001000
000000
000000
000000
,
000001
001000
000001
001000
000001
000000
100000
001000
000000
010000
000000
000000
001000
000000
000000
000000
,
100000
001000
100000
001000
100000
000000
000001
001000
000000
000010
000000
000000
001000
000000
000000
000000
,
000001
001000
000001
001000
000001
000000
100000
001000
000000
010000
000000
000000
001000
000000
000000
000000
,
100000
001000
100000
001000
100000
000000
000001
001000
000000
000010
000000
000000
001000
000000
000000
000000
,
100001
000000
000000
000000
;
