#TITLE:I DO I DO I DO;
#SUBTITLE:;
#ARTIST:CREAMY;
#TITLETRANSLIT:;
#SUBTITLETRANSLIT:;
#ARTISTTRANSLIT:;
#CREDIT:;
#BANNER:I DO I DO I DO.png;
#BACKGROUND:I DO I DO I DO-bg.png;
#LYRICSPATH:;
#CDTITLE:./CDTITLES/Dancemania EX1.PNG;
#MUSIC:I DO I DO I DO.ogg;
#OFFSET:0.000;
#SAMPLESTART:43.626;
#SAMPLELENGTH:15.000;
#SELECTABLE:YES;
#DISPLAYBPM:134.000;
#BPMS:0.000=134.010;
#STOPS:;
#BGCHANGES:;

//---------------dance-single - ----------------
#NOTES:
     dance-single:
     :
     Beginner:
     1:
     0.121,0.158,0.065,0.000,0.000:
0000
0000
0000
0000
,
0000
0000
0000
0000
,
0000
0000
0000
0000
,
0000
0000
0000
0000
,
0000
0000
0000
0000
,
0001
0000
0000
0000
,
1000
0000
0000
0000
,
0010
0000
0010
0000
,
0010
0000
1001
0000
,
0010
0000
0000
0000
,
0001
0000
0001
0000
,
0010
0000
0000
0000
,
1000
0000
1000
0000
,
0010
0000
0000
0000
,
0100
0000
0100
0000
,
0001
0000
1000
0000
,
0000
0000
1001
0000
,
0001
0000
0001
0000
,
1000
0000
1000
0000
,
0001
0000
0001
0000
,
1000
0000
1000
0000
,
0001
0000
1000
0000
,
0001
0000
1000
0000
,
0100
0000
0100
0000
,
1001
0000
0000
0000
,
0100
0000
0001
0000
,
0100
0000
0001
0000
,
0100
0000
1000
0000
,
0100
0000
1000
0000
,
0100
0000
0000
0000
,
0010
0000
0000
0000
,
0001
0000
1000
0000
,
0000
0000
1001
0000
,
0100
0000
0001
0000
,
0100
0000
1000
0000
,
0100
0000
0001
0000
,
0100
0000
1000
0000
,
0010
0000
0001
0000
,
0010
0000
1000
0000
,
0001
0000
1000
0000
,
0000
0000
1001
0000
,
0001
0000
0000
0000
,
1000
0000
0000
0000
,
0010
0000
0000
0000
,
0100
0000
0000
0000
,
0001
0000
0001
0000
,
1000
0000
1000
0000
,
0010
0000
0010
0000
,
0100
0000
0000
0000
,
1001
0000
0000
0000
,
0000
0000
0000
0000
;

//---------------dance-single - ----------------
#NOTES:
     dance-single:
     :
     Easy:
     2:
     0.154,0.184,0.065,0.054,0.000:
0000
0000
0000
0000
,
0000
0000
0000
0000
,
0000
0000
0000
0000
,
0000
0000
0000
0000
,
0000
0000
0000
0000
,
0001
0000
0000
0000
,
1000
0000
0000
0000
,
0001
0000
1000
0000
,
0010
0000
1001
0000
,
0010
0010
0010
0000
,
0001
0000
0001
0000
,
0010
0010
0010
0000
,
1000
0000
1000
0000
,
0010
0010
0010
0000
,
0100
0000
0100
0000
,
0001
0000
1000
0000
,
0100
0000
1001
0000
,
0001
0001
0001
0000
,
1000
0000
1000
0000
,
1000
1000
1000
0000
,
0001
0000
0001
0000
,
0010
0010
0010
0000
,
0100
0000
0100
0000
,
1000
0000
0001
0000
,
1001
0000
0000
0000
,
0100
0000
0001
0000
,
0100
0000
0001
0000
,
0100
0000
1000
0000
,
0100
0000
1000
0000
,
0100
0000
0010
0000
,
0100
0000
0010
0000
,
0001
0000
1000
0000
,
0010
0000
1001
0000
,
0100
0000
0001
0000
,
0100
0000
1000
0000
,
0010
0000
0001
0000
,
0010
0000
1000
0000
,
0001
0000
0100
0000
,
1000
0000
0010
0000
,
0100
0000
0100
0000
,
0010
0000
1001
0000
,
0002
0000
0003
0000
,
2000
0000
3000
0000
,
0020
0000
0030
0000
,
0200
0000
0300
0000
,
0001
0000
0001
0001
,
1000
0000
1000
1000
,
0010
0000
0010
0000
,
0200
0000
0300
0000
,
1001
0000
0000
0000
,
0000
0000
0000
0000
;

//---------------dance-single - ----------------
#NOTES:
     dance-single:
     :
     Medium:
     5:
     0.346,0.375,0.237,0.108,0.000:
0000
0000
0000
0000
,
0000
0000
0000
0000
,
0000
0000
0000
0000
,
0010
0100
0001
1000
,
0010
0100
1000
0001
,
0002
0000
0100
0103
,
2000
0000
0010
3010
,
0100
0010
0001
1000
,
0001
0000
0100
0000
1000
0100
0001
0000
,
0010
0010
1000
0100
,
0010
0000
0100
0000
0001
1000
0100
0000
,
0010
0010
0001
0100
,
0010
0000
0100
0000
1000
0001
0100
0000
,
1000
0100
0001
1000
,
0001
0100
0010
1001
,
0001
0100
1000
0001
,
1000
0010
0100
0110
,
1000
1000
0100
0010
,
0001
0000
1000
0000
0010
0100
0010
0000
,
0001
0001
0100
0010
,
1000
0000
0001
0000
0010
0100
0010
0000
,
1100
0000
0001
0010
,
0101
0000
1000
0010
,
1001
0000
0110
0000
,
1001
0110
1001
0000
,
0010
0000
0010
0000
0001
0100
1000
0000
,
0010
0000
0010
0000
1000
0100
0001
0000
,
0020
0130
2000
3001
,
0010
1000
0100
0000
0010
0001
0100
0000
,
0010
0010
0100
0100
,
0001
1000
0101
1100
,
0001
1000
0001
1000
,
0101
0101
1100
1100
,
0001
0000
0001
0000
1000
0100
1000
0000
,
1000
0000
1000
0000
0001
0100
0001
0000
,
1000
0100
0001
0100
,
0010
0100
1001
0000
,
0010
1000
0001
0000
0010
0001
1000
0000
,
0010
1000
0001
0100
0010
0000
0100
0000
,
0001
0010
1000
0100
,
0001
0110
1000
0110
,
0002
1000
1000
1003
,
2000
0001
0001
3001
,
0010
0110
0100
0110
,
1000
0010
0001
1001
,
0020
0001
0001
0031
,
0200
1000
1000
1300
,
1000
0001
0100
1000
,
0100
0000
0001
0000
0001
0100
1000
0000
,
2002
0000
0000
3003
,
0000
0000
0000
0000
;

//---------------dance-single - ----------------
#NOTES:
     dance-single:
     :
     Hard:
     8:
     0.461,0.508,0.151,0.032,0.177:
0000
0000
0000
0000
,
0000
0000
0000
0000
,
0000
0000
0000
0000
,
0001
1000
0011
1010
,
0001
0000
1000
0000
0010
1000
0001
1000
,
0010
0000
0000
0010
0000
0000
0010
0000
0000
0000
0001
0000
0100
0000
1000
0000
,
0010
0000
0000
0010
0000
0000
0010
0000
0000
0000
1000
0000
0100
0000
0001
0000
,
1000
0000
0000
1000
0000
0000
1000
0000
0010
0000
0100
0000
0010
0000
0100
0000
,
0001
1000
0000
0001
0000
0100
0000
0100
,
0001
0010
1000
0100
,
0010
0100
0100
0000
1000
0001
0001
0000
,
1000
0010
0001
0100
,
1000
0100
0100
0000
0001
0100
0100
0000
,
0001
0010
1000
0000
1000
0010
0001
0000
,
0001
1000
0100
0000
1000
0001
0100
0000
,
0001
0100
1000
0000
1000
0100
0001
0000
,
0001
0100
0100
0010
1000
0100
0100
0000
,
0001
0000
0000
1000
0000
0000
0001
0000
0000
0000
0010
0000
0000
0010
0000
0000
,
1000
0000
0000
0001
0000
0000
1000
0000
0000
0000
0010
0000
0000
0010
0000
0000
,
0001
0000
0000
0100
0000
0000
0010
0000
0000
0000
1000
0000
0000
1000
0000
0000
,
0100
0000
0000
0001
0000
0000
0100
0000
0000
0000
0001
0000
0000
0001
0000
0000
,
0010
0000
0000
0100
0000
0000
0010
0000
0000
0000
1000
0000
0000
1000
0000
0000
,
0100
0000
0000
0010
0000
0000
1000
0000
0000
0000
0001
0000
0000
0001
0000
0000
,
0010
0000
0000
0100
0000
0000
0010
0000
0000
0000
1000
0000
0000
0001
0000
0000
,
1001
0000
1001
0001
0100
0001
0100
0001
,
0100
0000
0010
1000
0010
0100
0000
0002
,
0000
1003
0000
1000
0100
1000
0100
1000
,
0100
0000
0010
0001
0010
0100
0000
2000
,
0000
3001
0000
0100
0010
0100
0001
0100
,
0010
0000
1000
0001
0100
0010
0000
0100
,
0001
0100
0000
0010
0100
0010
1000
0010
,
0100
0000
0001
1000
0010
0100
0000
1001
,
0000
0000
1100
0101
,
0001
0100
0001
1000
0001
0100
0001
1000
,
0100
0010
0100
0001
0100
0010
0100
0001
,
0010
1000
0010
0100
0010
1000
0010
0100
,
1000
0001
1000
0010
1000
0001
1001
0000
,
0100
0000
0001
0000
0100
0000
1000
0000
0100
0000
0001
0000
0000
1000
0100
0000
,
1000
0000
0010
0000
1000
0000
0100
0000
1000
0000
0010
0000
0000
0100
0001
0000
,
0010
0000
0001
0000
0010
0000
1000
0000
0010
0000
0001
0000
0000
0100
0010
0000
,
0110
1010
1001
0011
,
1000
0000
0000
1000
0000
0000
1000
0000
0000
0000
0001
0000
0010
0000
0001
0000
,
0001
0000
0000
0001
0000
0000
0001
0000
0000
0000
1000
0000
0010
0000
1000
0000
,
0010
0000
0000
1000
0000
0000
0001
0000
1000
0000
0100
0000
0010
0000
0100
0000
,
0010
0000
0000
0001
0000
0000
1000
0000
0000
0000
0100
0000
0010
0000
0001
0000
,
1000
0100
0000
1000
0100
0000
1000
0100
0000
0000
0010
0000
0001
0000
0010
0000
,
0001
0100
0000
0001
0100
0000
0001
0100
0000
0000
0010
0000
1000
0000
0010
0000
,
1000
0001
0000
1000
0100
0000
1000
0001
0000
0000
0010
0000
1000
0000
0001
0000
,
0010
0001
0000
1001
0000
0100
0000
0110
,
0002
0000
0000
0003
,
0000
0000
0000
0000
;

//---------------dance-double - ----------------
#NOTES:
     dance-double:
     :
     Easy:
     3:
     0.223,0.240,0.108,0.065,0.000:
00000000
00000000
00000000
00000000
,
00000000
00000000
00000000
00000000
,
00000000
00000000
00000000
00000000
,
00000000
00000000
00000000
00000000
,
00000000
00000000
00000000
00000000
,
00010000
00010000
00000000
00000000
,
10000000
10000000
00000000
00000000
,
10000000
00000000
00100000
00000000
,
00001000
00000000
00011000
00000000
,
00000010
00000001
00000010
00000001
,
00001000
00000000
00001000
00000000
,
00000100
00001000
00000100
00001000
,
00010000
00000000
00010000
00000000
,
00001000
00010000
00001000
00010000
,
01000000
00000000
01000000
00000000
,
10000000
00000000
00010000
00000000
,
01000000
00001000
00011000
00000000
,
00000010
00000010
00000010
00000000
,
00000001
00001000
00000100
00000000
,
00001000
00001000
00001000
00000000
,
00000010
00010000
00001000
00000000
,
00100000
00100000
00100000
00000000
,
10000000
00010000
01000000
00000000
,
00100000
00000000
01100000
00000000
,
00011000
00000000
00000000
00000000
,
00000010
00000100
00000010
00000100
,
00000001
00001000
00000001
00000000
,
00000010
00001000
00000010
00001000
,
00000100
00010000
00001000
00000000
,
01000000
00100000
01000000
00100000
,
10000000
00010000
10000000
00000000
,
01000000
00010000
01000000
00010000
,
00100000
00001000
00011000
00000000
,
00000010
00001000
00000010
00001000
,
00000001
00000100
00000001
00000100
,
00000010
00001000
00000100
00001000
,
00010000
00001000
00011000
00000000
,
00100000
00010000
00100000
00010000
,
10000000
01000000
10000000
01000000
,
00100000
00010000
01000000
00010000
,
00001000
00010000
00011000
00000000
,
00000200
00000000
00000300
00000000
,
00000002
00000000
00000003
00000000
,
00001000
00000010
00001000
00000010
,
00010000
00001000
00011000
00000000
,
02000000
00000000
03000000
00000000
,
20000000
00000000
30000000
00000000
,
00010000
00100000
00010000
00100000
,
00001000
00010000
00011000
00000000
,
00022000
00000000
00033000
00000000
,
00000000
00000000
00000000
00000000
;

//---------------dance-double - ----------------
#NOTES:
     dance-double:
     :
     Medium:
     5:
     0.341,0.375,0.226,0.065,0.000:
00000000
00000000
00000000
00000000
,
00000000
00000000
00000000
00000000
,
00000000
00000000
00000000
00000000
,
00100000
10000000
01000000
00010000
,
00100000
10000000
01000000
00010000
,
00001000
00000010
00001000
00010000
,
00001000
00000100
00000001
00001000
,
00000010
00000110
00001000
00001001
,
00000100
00000000
00000010
00000000
00000001
00000100
00001000
00000000
,
00010000
00000010
00010000
00001000
,
00010000
00000100
00010000
00001000
,
00001000
00100000
00001000
00010000
,
00001000
01000000
00001000
00010000
,
00100000
10000000
01000000
10000000
,
00100000
00000000
00100000
00000000
10000000
01000000
00010000
00000000
,
00010000
01000000
01000000
00000000
,
00001000
00000100
00000100
00000000
,
00000001
00001000
00000010
00001000
,
00000100
00000000
00000100
00000000
00010000
00001000
00001000
00000000
,
00100000
01000000
00010000
01000000
,
00100000
00000000
01000000
00000000
00001000
00010000
00010000
00000000
,
00001010
00000000
00000100
00001000
,
00000101
00000000
00000010
00001000
,
00011000
00000000
00000110
00000000
,
00011000
01100000
10010000
00000000
,
00010000
00000000
00010000
00000000
00100000
10000000
01000000
00000000
,
00010000
00000000
00001000
00000000
00000100
00000001
00000010
00000000
,
00000011
00000010
00001100
00000100
,
00010000
00000000
00001000
00000000
00100000
00010000
01000000
00000000
,
00010000
00100000
10000000
00100000
,
00010000
00000000
00100000
00000000
00001000
00010000
00000100
00000000
,
00000010
00000100
00000010
00000100
,
00000101
00000101
00001100
00011000
,
00100000
00000000
00100000
00000000
10000000
01000000
00010000
00000000
,
00001000
00000000
00000010
00000000
00000001
00000100
00001000
00000000
,
00010000
00000000
10000000
00000000
00100000
10000000
00010000
00000000
,
00001000
00000000
00000001
00000000
00000010
00000001
00001000
00000000
,
00000010
00001000
00000010
00000000
00010000
00001000
00010000
00000000
,
00001000
01000000
00001000
00000000
00010000
00000100
00010000
00000000
,
00000100
00001000
00000010
00000100
,
00000110
00001010
00011000
00110000
,
20000000
00100000
00100000
30100000
,
00020000
01000000
01000000
01030000
,
10000000
00010000
00001000
00000010
,
00000100
00000001
00001000
00001001
,
00000002
00000010
00000010
00000013
,
00002000
00000100
00000100
00003100
,
00000001
00001000
00010000
00100000
,
01000000
00000000
01000000
00000000
10000000
01000000
00010000
00000000
,
00022000
00000000
00000000
00033000
,
00000000
00000000
00000000
00000000
;

//---------------dance-double - ----------------
#NOTES:
     dance-double:
     :
     Hard:
     8:
     0.426,0.455,0.075,0.043,0.129:
00000000
00000000
00000000
00000000
,
00000000
00000000
00000000
00000000
,
00000000
00000000
00000000
00000000
,
00100000
00100000
10000000
00010000
,
01000000
00000000
01000000
00000000
00100000
10000000
00010000
10000000
,
00100000
00000000
00000000
00010000
00000000
00000000
00001000
00000000
00000000
00000000
00000010
00000000
00000100
00000000
00001000
00000000
,
00000010
00000000
00000000
00001000
00000000
00000000
00010000
00000000
00000000
00000000
01000000
00000000
00100000
00000000
10000000
00000000
,
00100000
00000000
00000000
00010000
00000000
00000000
00001000
00000000
00000100
00000000
00000010
00000000
00000100
00000000
00000010
00000000
,
00001000
00000001
00000000
00000100
00000000
00001000
00000000
00000100
,
00000001
00001000
00000001
00000100
,
00000001
00000100
00000100
00000000
00001000
00010000
00010000
00000000
,
00100000
10000000
00100000
01000000
,
10000000
01000000
01000000
00000000
00010000
00001000
00001000
00000000
,
00000100
00000001
00000010
00000100
,
00001000
00000001
00000100
00000000
00001000
00010000
01000000
00000000
,
00100000
10000000
00100000
00010000
,
10000000
01000000
10000000
00100000
01000000
00010000
00010000
00000000
,
00100000
00000000
00000000
00010000
00000000
00000000
10000000
00000000
00000000
00000000
00100000
00000000
00000000
00100000
00000000
00000000
,
00010000
00000000
00000000
00001000
00000000
00000000
00000100
00000000
00000000
00000000
00000001
00000000
00000000
00000001
00000000
00000000
,
00001000
00000000
00000000
00000010
00000000
00000000
00001000
00000000
00000000
00000000
00000010
00000000
00000000
00000010
00000000
00000000
,
00000100
00000000
00000000
00001000
00000000
00000000
00010000
00000000
00000000
00000000
00001000
00000000
00000000
00001000
00000000
00000000
,
00100000
00000000
00000000
00010000
00000000
00000000
00100000
00000000
00000000
00000000
01000000
00000000
00000000
01000000
00000000
00000000
,
10000000
00000000
00000000
00100000
00000000
00000000
00010000
00000000
00000000
00000000
00001000
00000000
00000000
00001000
00000000
00000000
,
00000010
00000000
00000000
00000001
00000000
00000000
00000010
00000000
00000000
00000000
00000001
00000000
00000000
00001000
00000000
00000000
,
00000100
00000000
00000100
00010000
00001000
00010000
00001000
00010000
,
00001000
00000000
00100000
00010000
00100000
01000000
00000000
00020000
,
00000000
10030000
00000000
10000000
00010000
10000000
00010000
10000000
,
00010000
00000000
00100000
00010000
00100000
01000000
00000000
20000000
,
00000000
30010000
00000000
01000000
00001000
01000000
00001000
01000000
,
00001000
00000000
00010000
00001000
00000010
00000100
00000000
00002000
,
00000000
00003001
00000000
00000010
00000100
00000010
00000100
00000010
,
00000100
00000000
00000001
00000100
00001000
00000100
00000000
00011000
,
00000000
00000000
01000000
10000000
,
00100000
10000000
01000000
10000000
00100000
10000000
01000000
10000000
,
01000000
00010000
00001000
00010000
01000000
00010000
00001000
00010000
,
00001000
00000010
00000001
00000100
00000001
00000010
00000001
00000100
,
00000010
00001000
00000010
00000100
00000010
00001000
00000010
00000000
,
00000010
00000100
00001000
00010000
00100000
10000000
00100000
00000000
,
10000000
01000000
00010000
00001000
00000010
00000001
00000010
00000000
,
00000001
00000100
00001000
00000100
00001000
00010000
00001000
00000000
,
00011000
00110000
01100000
11000000
,
10000000
00000000
00000000
00100000
00000000
00000000
00010000
00000000
00000000
00000000
10000000
00000000
00100000
00000000
10000000
00000000
,
01000000
00000000
00000000
00010000
00000000
00000000
00001000
00000000
00000000
00000000
00000010
00000000
00000001
00000000
00000010
00000000
,
00000001
00000000
00000000
00000100
00000000
00000000
00001000
00000000
00000001
00000000
00000100
00000000
00000001
00000000
00000010
00000000
,
00000001
00000000
00000000
00000100
00000000
00000000
00001000
00000000
00000000
00000000
00010000
00000000
00100000
00000000
01000000
00000000
,
00010000
00000000
00000000
10000000
00000000
00000000
10000000
00000000
00000000
00000000
01000000
00000000
00010000
00000000
00001000
00000000
,
00010000
00000000
00000000
00001000
00000000
00000000
00001000
00000000
00000000
00000000
00000100
00000000
00000001
00000000
00000100
00000000
,
00000001
00000000
00000000
00001000
00000000
00000000
00001000
00000000
00000000
00000000
00000010
00000000
00001000
00000000
00000001
00000000
,
00001000
00000001
00000000
00001100
00000000
00011000
00000000
00010000
,
00002000
00000000
00000000
00003000
,
00000000
00000000
00000000
00000000
;
