#TITLE:I'll Make Love To You;
#SUBTITLE:;
#ARTIST:LH MUSIC CREATION;
#TITLETRANSLIT:;
#SUBTITLETRANSLIT:;
#ARTISTTRANSLIT:;
#CREDIT:;
#BANNER:I'll Make Love To You.png;
#BACKGROUND:I'll Make Love To You-bg.png;
#LYRICSPATH:;
#CDTITLE:./CDTITLES/Dancing Stage SuperNOVA.png;
#MUSIC:I'll Make Love To You.ogg;
#OFFSET:0.000;
#SAMPLESTART:54.380;
#SAMPLELENGTH:15.000;
#SELECTABLE:YES;
#DISPLAYBPM:50.000;
#BPMS:0.000=50.000,4.000=50.000;
#STOPS:;
#BGCHANGES:;

//---------------dance-single - ----------------
#NOTES:
     dance-single:
     :
     Beginner:
     2:
     0.051,0.048,0.000,0.000,0.000:
0000
0000
0000
0000
,
0000
0000
0000
0000
,
0000
0000
0001
0000
,
0010
0000
0010
0010
,
0000
0010
0000
0001
,
0000
0100
0000
0001
,
0000
1000
0000
0010
,
0000
0001
0000
0001
,
0001
0000
1000
0000
,
0010
0000
1000
1000
,
0000
1000
0000
1000
,
0000
0010
0000
1000
,
0000
0001
0000
0001
,
0000
1000
0000
0100
,
0000
0100
0000
0001
,
0000
0010
0000
0100
,
0000
0001
0000
0010
,
0000
0010
0000
1000
,
0000
0001
0000
1000
,
0000
0010
0000
0000
,
0000
0000
0000
0000
;

//---------------dance-single - ----------------
#NOTES:
     dance-single:
     :
     Easy:
     7:
     0.171,0.151,0.010,0.020,0.239:
0000
0000
0000
0000
,
0000
0000
0000
0000
,
0000
0000
0000
0000
0000
0000
0001
0000
0100
0010
0000
0001
,
0010
0000
0000
1000
0000
0000
0010
0000
0001
0010
0000
0100
,
1000
0000
0100
0010
0000
0000
1000
0000
0010
0001
0000
0010
,
1000
0000
0010
0100
0000
0000
1000
0000
0010
0001
0000
1000
,
0010
0000
0000
1000
0000
0100
0001
0000
0000
0010
0000
0000
,
1000
0000
0100
0001
0000
0000
0100
0000
1000
0001
0000
0010
,
0001
0000
0010
0100
0000
0000
1000
0000
0001
0010
0000
1000
,
0010
0000
0001
0100
0000
0000
1000
0000
0100
1000
0000
0010
,
0001
0000
0100
1000
0000
0010
0100
0000
0001
1000
0000
0001
,
0100
0000
0001
0010
0000
0000
1000
0000
0010
1000
0000
0000
,
0010
0000
0100
0001
0000
0000
0010
0000
1000
0001
0000
0010
,
0100
0000
0001
1000
0000
0100
0010
0000
0001
0100
0000
0000
,
1000
0000
0010
0100
0000
0000
0010
0000
0100
0001
0000
0010
,
0100
0000
1000
0010
0000
0000
0100
0000
1000
0100
0000
0010
,
0001
0000
0100
0001
0000
0000
1000
0000
0100
0010
0000
0001
,
0100
0000
1000
0010
0000
0000
0001
0000
0100
1000
0000
0001
,
0100
0000
1000
0001
0000
0000
0010
0000
0100
1000
0000
0010
,
0001
0000
1000
0010
0000
0000
2002
0000
0000
0000
0000
0000
,
0000
3003
0000
0000
,
0000
0000
0000
0000
;

//---------------dance-single - ----------------
#NOTES:
     dance-single:
     :
     Medium:
     10:
     0.257,0.232,0.010,0.020,0.554:
0000
0000
0000
0000
,
0000
0000
0000
0000
,
0000
0000
0000
0000
0000
0000
0001
1000
0010
0100
0000
0001
,
0100
0000
0010
0100
0001
0010
0100
0000
0001
0100
1000
0010
,
1000
0001
0010
0100
0000
0010
1000
0001
0100
1000
0000
0100
,
0010
1000
0100
0010
0000
0001
0010
0001
0100
0001
0000
1000
,
0010
0100
0010
1000
0100
0010
0001
0000
1000
0100
0000
0001
,
0100
1000
0010
0001
1000
0100
0010
0000
1000
0001
0000
0100
,
0001
1000
0100
0010
0000
0001
1000
0100
0001
0100
1000
0010
,
0100
1000
0001
0010
0000
0001
1000
0000
0010
1000
0100
1000
,
0001
0100
0010
1000
0000
0100
0001
0010
0001
1000
0000
0001
,
0010
1000
0001
0100
1000
0001
1000
0010
0100
0000
0001
1000
,
0010
0001
0010
0000
1000
0010
0100
1000
0100
0001
0100
0010
,
0100
1000
0001
1000
0100
0001
0010
1000
0001
0000
0100
0010
,
1000
0001
0100
0010
0001
1000
0100
1000
0010
0001
1000
0100
,
0010
0000
1000
0100
0000
0001
0010
0001
1000
0010
0000
0100
,
0001
0100
0010
0001
0010
1000
0001
0000
0010
0100
0000
0001
,
0010
0001
1000
0100
0000
0001
0100
0001
0010
1000
0000
0001
,
0010
0100
1000
0001
0100
1000
0100
0000
0010
1000
0010
0100
,
0001
0000
1000
0100
0010
0100
2002
0000
0000
0000
0000
0000
,
0000
3003
0000
0000
,
0000
0000
0000
0000
;

//---------------dance-single - ----------------
#NOTES:
     dance-single:
     :
     Hard:
     12:
     0.318,0.313,0.120,0.020,0.608:
0000
0000
0000
0000
,
0000
0000
0000
0000
,
0000
0000
0000
0000
0000
0000
0000
0000
0000
0000
0000
0000
1000
0000
0001
0000
0010
0000
0100
0000
1000
0001
1000
0000
,
0100
0000
0010
0000
0001
0000
0100
0000
1000
0000
0010
0000
0101
0000
0000
0000
1000
0000
0100
0000
0001
0010
0001
0000
,
0100
0000
1000
0000
0010
0000
0100
0000
1000
0000
0010
0000
0001
0000
1000
0000
0100
0000
0001
0000
1000
0010
1000
0000
,
0100
0000
0010
0000
0001
0000
0010
0000
0000
0000
1000
0000
0010
0000
1000
0000
0100
0000
1000
0000
0001
0010
0001
0000
,
1000
0100
0010
0001
0100
0010
1000
0000
0001
0100
0000
1000
,
0100
0000
0001
0000
0010
0000
1000
0000
0001
0100
0001
0000
1010
0000
0000
0000
0001
0000
1000
0000
0010
0100
0010
0000
,
1000
0000
0001
0000
0100
0000
0001
0000
0000
0000
1000
0000
0010
0000
0100
0000
1000
0000
0100
0000
0010
0001
0010
0000
,
0100
0000
0001
0000
1000
0000
0010
0000
0000
0000
1000
0000
0001
0000
1000
0000
0010
0000
0001
0000
0100
0010
0100
0000
,
1000
0100
0010
0001
0000
0100
1000
0010
1000
0001
0100
1000
,
0010
0000
0100
0000
0001
0000
0010
0000
1001
0000
1100
0000
0101
0000
0010
0100
0010
0000
0001
0000
1000
0000
0001
0000
,
0110
0000
1000
0010
1000
0000
0100
0000
0000
0000
0010
0000
0100
0000
0001
0000
0100
0000
1000
0000
0100
0001
0100
0000
,
0010
0000
0001
0000
1000
0000
0001
0000
0100
0000
1001
0000
0110
0000
0001
1000
0001
0000
1000
0000
0100
0000
0010
0000
,
0101
0000
1000
0100
1000
0000
0010
0000
0000
0000
1000
0000
0100
0000
0001
0000
0010
0000
1000
0000
0001
0000
0100
0000
,
1010
0000
0001
0100
0000
1000
0010
1000
0001
0010
0001
0100
,
1000
0000
0100
0000
0010
0000
1000
0000
0010
0000
0001
0000
1100
0000
0000
0000
0010
0000
0100
0000
1000
0010
1000
0000
,
0010
0000
0100
0000
0001
0000
0010
0000
0001
0100
0001
0000
1000
0000
0100
0000
0001
0000
0010
0000
1000
0100
1000
0000
,
0010
0000
0001
0000
0100
0000
1000
0000
0100
0000
0001
0000
0100
0000
0000
0000
0010
0000
0001
0000
1000
0010
1000
0000
,
0100
0000
0010
0000
0001
0000
1000
0000
0100
0010
0100
0000
2002
0000
0000
0000
0000
0000
0000
0000
0000
0000
0000
0000
,
0000
3003
0000
0000
,
0000
0000
0000
0000
;

//---------------dance-double - ----------------
#NOTES:
     dance-double:
     :
     Easy:
     7:
     0.157,0.151,0.000,0.010,0.200:
00000000
00000000
00000000
00000000
,
00000000
00000000
00000000
00000000
,
00000000
00000000
00000000
00000000
00000000
00000000
00001000
00000000
00000010
00000100
00000000
00001000
,
00000100
00000000
00000000
00000001
00000000
00000000
00000010
00000000
00001000
00000100
00000000
00000000
,
00000001
00000000
00000100
00001000
00000000
00000000
00010000
00000000
01000000
10000000
00000000
00100000
,
00010000
00000000
01000000
00100000
00000000
00000000
00010000
00000000
01000000
10000000
00000000
00000000
,
01000000
00000000
00100000
00010000
00000000
00000000
00100000
00000000
00010000
01000000
00000000
00000000
,
00001000
00000000
00000000
00010000
00000000
00000000
00001000
00000000
00000100
00000010
00000000
00000000
,
00001000
00000000
00000001
00000010
00000000
00000000
00000001
00000000
00001000
00000100
00000000
00000001
,
00000100
00000000
00001000
00000010
00000000
00000000
00001000
00000000
00010000
00100000
00000000
00000000
,
10000000
00000000
00100000
00010000
00000000
00000000
00100000
00000000
10000000
00010000
00000000
10000000
,
00100000
00000000
00010000
01000000
00000000
00000000
10000000
00000000
01000000
00010000
00000000
00000000
,
01000000
00000000
00100000
10000000
00000000
00000000
01000000
00000000
00010000
10000000
00000000
01000000
,
00100000
00000000
10000000
00010000
00000000
00000000
00100000
00000000
01000000
00010000
00000000
00000000
,
00001000
00000000
00000100
00000010
00000000
00000000
00000100
00000000
00000010
00001000
00000000
00000100
,
00000010
00000000
00000001
00000100
00000000
00000000
00000010
00000000
00000001
00000010
00000000
00000100
,
00001000
00000000
00000000
00000010
00000000
00000000
00000001
00000000
00000010
00000100
00000000
00000000
,
00001000
00000000
00000001
00000100
00000000
00000000
00001000
00000000
00010000
00100000
00000000
10000000
,
00100000
00000000
00010000
10000000
00000000
00000000
01000000
00000000
00100000
00010000
00000000
01000000
,
10000000
00000000
00010000
01000000
00000000
00000000
00200000
00000000
00000000
00000000
00000000
00000000
,
00000000
00300000
00000000
00000000
,
00000000
00000000
00000000
00000000
;

//---------------dance-double - ----------------
#NOTES:
     dance-double:
     :
     Medium:
     10:
     0.235,0.212,0.010,0.020,0.464:
00000000
00000000
00000000
00000000
,
00000000
00000000
00000000
00000000
,
00000000
00000000
00000000
00000000
00000000
00000000
00010000
10000000
01000000
00100000
00000000
00010000
,
00100000
00000000
01000000
00010000
00000000
10000000
00100000
00010000
00001000
00010000
00000000
00001000
,
00000010
00000001
00000100
00000010
00000000
00000100
00001000
00000000
00000001
00000010
00000000
00000001
,
00000100
00001000
00000010
00000100
00000000
00001000
00010000
00000000
00100000
01000000
00000000
00010000
,
00100000
00010000
01000000
10000000
00000000
01000000
00010000
00000000
10000000
00100000
00000000
00010000
,
00100000
00000000
01000000
00010000
00001000
00000100
00000010
00000000
00001000
00000001
00000000
00000010
,
00000001
00001000
00000010
00000100
00000000
00000001
00001000
00000000
00000001
00000010
00000000
00000100
,
00001000
00000010
00000001
00000100
00000000
00001000
00010000
00000000
01000000
10000000
00000000
00100000
,
00010000
00100000
01000000
10000000
00000000
00100000
00010000
00001000
00010000
01000000
00000000
00010000
,
00001000
00000010
00000001
00000010
00000000
00000001
00001000
00000100
00000010
00000001
00000000
00001000
,
00000100
00000001
00000010
00000100
00000000
00000010
00001000
00010000
00100000
00010000
00000000
01000000
,
00100000
10000000
00010000
00100000
00000000
00010000
01000000
10000000
00010000
00100000
00000000
01000000
,
10000000
01000000
00010000
00001000
00000000
00010000
00000010
00001000
00000100
00000001
00001000
00000010
,
00000100
00000000
00001000
00000010
00000000
00000001
00000100
00000001
00001000
00000100
00000000
00000010
,
00000001
00000010
00000100
00000001
00001000
00000100
00000001
00000000
00000010
00001000
00000000
00010000
,
01000000
00010000
10000000
00100000
00000000
00010000
00100000
00000000
01000000
10000000
00000000
00010000
,
01000000
00100000
10000000
00010000
00000000
10000000
00100000
00000000
01000000
10000000
00000000
00100000
,
00010000
00000000
00001000
00000010
00000001
00000100
00002002
00000000
00000000
00000000
00000000
00000000
,
00000000
00003003
00000000
00000000
,
00000000
00000000
00000000
00000000
;

//---------------dance-double - ----------------
#NOTES:
     dance-double:
     :
     Hard:
     12:
     0.309,0.293,0.060,0.020,0.608:
00000000
00000000
00000000
00000000
,
00000000
00000000
00000000
00000000
,
00000000
00000000
00000000
00000000
00000000
00000000
00000000
00000000
00000000
00000000
00000000
00000000
00000001
00000000
00001000
00000000
00000100
00000000
00000010
00000000
00000100
00001000
00000100
00000000
,
00000010
00000000
00000001
00000000
00001000
00000000
00000010
00000000
00000001
00000000
00000100
00000000
00001000
00000000
00000000
00000000
00010000
00000000
00100000
00000000
10000000
01000000
10000000
00000000
,
00100000
00000000
00010000
00000000
01000000
00000000
00100000
00000000
01000000
00000000
00010000
00000000
10000000
00000000
00100000
00000000
10000000
00000000
01000000
00000000
10000000
00010000
10000000
00000000
,
00100000
00000000
01000000
00000000
10000000
00000000
00100000
00000000
00000000
00000000
00010000
00000000
00001000
00000000
00000010
00000000
00000001
00000000
00000010
00000000
00001000
00000100
00001000
00000000
,
00000001
00000010
00000100
00001000
00000000
00000100
00000001
00000100
00001000
00000010
00000000
00010000
,
00001000
00000000
00100000
00000000
00010000
00000000
01000000
00000000
10000000
00100000
10000000
00000000
00010000
00000000
00000000
00000000
10000000
00000000
00010000
00000000
01000000
00100000
01000000
00000000
,
00010000
00000000
10000000
00000000
01000000
00000000
10000000
00000000
00000000
00000000
00010000
00000000
01000000
00000000
00010000
00000000
00100000
00000000
00010000
00000000
01000000
10000000
01000000
00000000
,
00100000
00000000
10000000
00000000
01000000
00000000
00010000
00000000
00000000
00000000
00001000
00000000
00010000
00000000
00100000
00000000
00010000
00000000
00001000
00000000
00000010
00000100
00000010
00000000
,
00000001
00001000
00000010
00000100
00000000
00001000
00000001
00000010
00000001
00000100
00001000
00000100
,
00000001
00000000
00000010
00000000
00001000
00000000
00010000
00000000
00100000
00000000
10000000
00000000
10010000
00000000
01000000
00100000
01000000
00000000
10000000
00000000
00010000
00000000
10000000
00000000
,
01100000
00000000
00010000
01000000
00010000
00000000
00100000
00000000
00000000
00000000
01000000
00000000
00100000
00000000
10000000
00000000
01000000
00000000
00010000
00000000
00001000
00010000
00001000
00000000
,
00000100
00000000
00000001
00000000
00000010
00000000
00000100
00000000
00001000
00000000
00000001
00000000
00000110
00000000
00001000
00000001
00001000
00000000
00000001
00000000
00001000
00000000
00000010
00000000
,
00000100
00000000
00000001
00000010
00000001
00000000
00000100
00000000
00000000
00000000
00001000
00000000
00010000
00000000
00001000
00000000
00000010
00000000
00001000
00000000
00010000
00000000
00001000
00000000
,
00011000
00000000
01000000
00100000
00000000
00010000
01000000
00010000
10000000
01000000
10000000
00100000
,
00010000
00000000
00100000
00000000
01000000
00000000
00010000
00000000
01000000
00000000
10000000
00000000
01100000
00000000
00000000
00000000
10000000
00000000
00100000
00000000
00010000
01000000
00010000
00000000
,
01000000
00000000
00100000
00000000
10000000
00000000
01000000
00000000
00100000
10000000
00100000
00000000
00010000
00000000
00001000
00000000
00000010
00000000
00000100
00000000
00000001
00000010
00000001
00000000
,
00000100
00000000
00001000
00000000
00000010
00000000
00000001
00000000
00001000
00000000
00000100
00000000
00000010
00000000
00000000
00000000
00000100
00000000
00001000
00000000
00000001
00000100
00000001
00000000
,
00000010
00000000
00001000
00000000
00010000
00000000
01000000
00000000
00010000
00001000
00010000
00000000
00022000
00000000
00000000
00000000
00000000
00000000
00000000
00000000
00000000
00000000
00000000
00000000
,
00000000
00033000
00000000
00000000
,
00000000
00000000
00000000
00000000
;
