#TITLE:I'm so Happy;
#SUBTITLE:;
#ARTIST:Ryu☆;
#TITLETRANSLIT:;
#SUBTITLETRANSLIT:;
#ARTISTTRANSLIT:Ryu;
#CREDIT:;
#BANNER:I'm so Happy.png;
#BACKGROUND:I'm so Happy-bg.png;
#LYRICSPATH:;
#CDTITLE:./CDTITLES/jubeat knit.png;
#MUSIC:I'm so Happy.ogg;
#OFFSET:0.000;
#SAMPLESTART:49.070;
#SAMPLELENGTH:15.000;
#SELECTABLE:YES;
#BPMS:0.000=181.818,4.000=180.991;
#STOPS:;
#BGCHANGES:;

//---------------dance-single - ----------------
#NOTES:
     dance-single:
     :
     Beginner:
     3:
     0.171,0.439,0.151,0.040,0.000:
0000
0000
0000
0000
,
0000
0000
0000
0000
,
0000
0000
0000
0000
,
0001
0000
0000
0000
,
1000
0000
0000
0000
,
0001
0000
0000
0000
,
1000
1000
1000
0000
,
0010
0000
0000
0000
,
0100
0000
0000
0000
,
0010
0000
0010
0000
,
0100
0000
0100
0000
,
0000
0000
0000
0000
,
0001
0000
0000
0000
,
0000
0000
0000
0000
,
0010
0000
0000
0000
,
0000
0000
0000
0000
,
1000
0000
0000
0000
,
0000
0000
0000
0000
,
0100
0000
0000
0000
,
0000
0000
0000
0000
,
0001
0000
0000
0000
,
0010
0000
0000
0000
,
1000
0000
0000
0000
,
0100
0000
0000
0000
,
0001
0000
0001
0000
,
1000
0000
1000
0000
,
0001
0000
1000
0000
,
0001
0000
1000
0000
,
1001
0000
0000
0000
,
0010
0000
0000
0000
,
0001
0001
0001
0000
,
0010
0000
0000
0000
,
1000
1000
1000
0000
,
0100
0000
0000
0000
,
0001
0001
0001
0000
,
0100
0000
0000
0000
,
1000
1000
1000
0000
,
0001
0000
0010
0000
,
0001
0000
0000
0000
,
1000
0000
0100
0000
,
1000
0000
0000
0000
,
0001
0000
0100
0000
,
0001
0000
0000
0000
,
1000
0000
0010
0000
,
1000
0000
0000
0000
,
0001
0000
0000
0000
,
1000
0000
0000
0000
,
0001
0000
0000
0000
,
1000
0000
0000
0000
,
0000
0000
0000
1001
,
0000
0000
0000
1001
,
0000
0000
0000
0000
,
1001
1001
1001
1001
,
2002
0000
0000
0000
,
3003
0000
0000
0000
,
1000
0000
0010
0000
,
1000
0000
0010
0000
,
0001
0000
0010
0000
,
0001
0000
0010
0000
,
1000
0000
0100
0000
,
1000
0000
0100
0000
,
0001
0000
0100
0000
,
0001
0000
0000
0000
,
0010
0000
0010
0000
,
1000
1000
1000
0000
,
0010
0000
0010
0000
,
0001
0001
0001
0000
,
0000
0000
0000
1001
,
0000
0000
0000
1001
,
0000
0000
0000
0000
,
1001
1001
1001
1001
,
2002
0000
0000
0000
,
0000
0000
0000
3003
,
0000
0000
0000
0000
;

//---------------dance-single - ----------------
#NOTES:
     dance-single:
     :
     Easy:
     6:
     0.323,0.402,0.171,0.241,0.000:
0000
0000
0000
0000
,
0000
0000
0000
0000
,
0000
0000
0000
0000
,
1000
0000
0000
0000
,
0001
0000
0000
0000
,
1000
0000
0000
0000
,
0010
0100
0110
0000
,
1000
0001
0100
0010
,
1000
0000
0001
0000
,
1000
0100
0010
0001
,
1000
0000
0001
0000
,
1000
0001
0000
1001
,
0020
0000
0000
0030
,
2000
0000
0000
3000
,
0002
0000
0000
0003
,
0020
0000
0000
0030
,
0200
0000
0000
0000
,
0000
0000
0000
0300
,
2000
0000
0000
0000
,
0000
0000
0000
3000
,
0001
0000
0010
0000
,
1000
0100
0001
0100
,
1000
0000
0010
0000
,
0001
0100
1000
0100
,
0010
0010
0001
0001
,
0100
0100
1000
1000
,
0010
0010
0001
0001
,
1000
0001
1000
0001
,
2002
0000
0000
3003
,
0010
0010
1000
1000
,
0001
0010
0100
1000
,
0010
0010
0100
0100
,
0010
1000
0001
0000
,
0010
0010
0001
0001
,
0100
0001
1000
0100
,
0010
0010
0100
0100
,
0010
0100
0000
0110
,
0001
0010
0001
0010
,
0001
0100
1000
0010
,
1000
0100
1000
0100
,
1000
0001
0100
0000
,
0010
1000
0010
1000
,
0100
0001
0010
1000
,
0001
0000
1000
0000
,
0001
1000
0001
1001
,
0010
0000
0000
0000
,
0100
0000
0000
0000
,
0001
0000
0000
0000
,
1000
0000
0000
0000
,
0220
0000
0330
1001
,
0220
0000
0330
1001
,
0220
0000
0000
0330
,
1000
0001
1000
0001
,
2002
0000
0000
0000
,
0000
0000
0000
3003
,
0010
0010
0100
0100
,
0010
1000
0100
1000
,
0001
0001
0010
0010
,
0100
1000
0100
0000
,
0010
0010
0100
0100
,
0010
0001
0100
0001
,
1000
1000
0010
0010
,
0100
0001
0100
0000
,
0010
1000
0100
0010
,
0001
0100
0001
0100
,
0001
0010
0100
1000
,
0010
0100
0001
0000
,
0220
0000
0330
1001
,
0220
0000
0330
1001
,
0220
0000
0000
0330
,
1000
0001
1000
0001
,
2002
0000
0000
0000
,
0000
0000
0000
3003
,
0000
0000
0000
0000
;

//---------------dance-single - ----------------
#NOTES:
     dance-single:
     :
     Medium:
     8:
     0.447,0.585,0.282,0.121,0.000:
0000
0000
0000
0000
,
0000
0000
0000
0000
,
0000
0000
0000
0000
,
0001
0000
0000
0000
0000
1000
0000
0000
,
0001
0000
0000
0000
0010
0100
0010
0000
,
1000
0000
0000
0000
0000
0001
0000
0000
,
0110
0000
1001
0000
0010
1000
0100
0000
,
0010
0010
0001
0001
,
0100
0000
0100
0000
0010
1000
0001
0000
,
0010
0010
1000
1000
,
0101
0000
1100
0000
,
0001
0001
1000
1001
,
0020
0000
0000
0000
,
2000
0000
0000
3030
,
0200
0000
0000
0000
,
0020
0000
0000
0330
,
0002
0000
0000
0000
,
0000
0000
0000
0003
,
2000
0000
0000
0000
,
0000
0000
3000
0110
,
0001
0000
0010
0000
0001
0100
0001
0000
,
1000
0010
0100
0001
,
1000
0000
0010
0000
1000
0100
1000
0000
,
0001
0010
0100
1000
,
0010
1000
0010
0000
1000
0100
1000
0000
,
0001
0100
0001
0000
0010
0001
0010
0000
,
1000
0100
0001
0010
,
1100
0010
0101
0010
,
2000
0002
0000
0000
0000
0000
3003
0000
,
0010
1000
0001
0010
,
0100
0000
0010
0000
0001
1000
0100
1000
,
0010
0100
0001
1000
,
0100
0000
0010
0000
0001
0010
0001
0100
,
0010
1000
0100
1000
,
0001
0000
0010
0000
0001
1000
0010
0100
,
0001
0010
0001
0100
,
0010
0010
0100
0110
,
0010
0001
1000
0010
,
0100
0000
0010
0000
1000
0001
1000
0001
,
0100
0010
0001
1000
,
0100
0000
0010
0000
0001
0010
0100
1000
,
0010
0001
0100
0001
,
1000
0000
0010
0000
0100
0010
0100
1000
,
0001
0010
1000
0100
,
0010
0010
0100
0110
,
0001
0100
0000
0100
,
0000
0100
0000
0100
,
1001
0100
0000
0100
,
1001
0100
0010
0110
,
1000
0100
1000
0100
1000
0000
1100
0000
,
0001
0100
0001
0100
0001
0000
0101
0000
,
0010
0100
0010
0100
0010
0100
0010
0000
,
0110
1001
0110
1001
,
0020
0000
0000
0000
,
0200
0000
0000
0330
,
0001
0100
1000
0100
,
0001
0000
0010
0000
0100
1000
0100
0000
,
1000
0010
0001
0010
,
1000
0000
0010
0000
0100
0001
0100
0000
,
0010
1000
0100
1000
,
0001
0000
0010
0000
0100
1000
0100
0000
,
0010
0001
1000
0010
,
0100
0100
0110
1001
,
0010
0000
1000
0000
0001
1000
0100
0000
,
0010
0000
0001
0000
1000
0100
0010
0000
,
0001
0000
0100
0000
0010
1000
0100
0000
,
1000
0000
0001
0000
0100
0010
0100
0000
,
0001
0100
0001
0100
0001
0000
0101
0000
,
1000
0100
1000
0100
1000
0000
1100
0000
,
0010
0100
0010
0100
0010
0100
0010
0000
,
0110
1001
0110
1001
,
0220
0000
0000
0000
,
0000
0000
0000
0330
,
0000
0000
0000
0000
;

//---------------dance-single - ----------------
#NOTES:
     dance-single:
     :
     Hard:
     12:
     0.619,0.658,0.302,0.181,0.106:
0000
0000
0000
0000
,
0000
0000
0000
0000
,
0000
0000
0000
0000
,
0001
0000
1000
0000
0010
0000
0100
0000
0010
0000
0000
0010
0000
0000
0010
0000
,
1000
0000
0000
1000
0000
0000
1000
0000
0001
0000
0010
0000
0100
0000
0000
0000
,
1000
0000
0010
0000
0100
0000
0010
0000
1000
0000
0000
1000
0000
0000
1000
0000
,
0001
0000
0011
0000
0100
1000
0001
0000
,
0100
0000
0010
0000
1000
0000
0100
0000
0010
0000
0000
0010
0000
0000
0010
0000
,
0001
0000
0000
0001
0000
0000
0001
0000
1000
0000
0010
0000
0100
0000
0000
0000
,
0001
0000
0010
0000
0100
0000
0010
0000
0001
0000
0000
0001
0000
0000
0001
0000
,
1000
0000
0000
0010
0000
0100
0010
0000
1000
0000
0000
0100
0000
0010
0100
0000
,
1000
1000
0010
0110
,
2001
0000
0000
0000
,
0200
0000
0000
3000
,
0020
0000
0000
0300
,
0002
0000
0000
0030
,
2000
0000
0000
0000
,
0000
0000
0000
0003
,
0020
0000
0000
0000
,
0000
0000
3030
0110
,
0001
0000
0010
0000
0100
1000
0001
0000
,
0100
0000
0010
0000
1000
0010
1000
0010
,
0100
0000
0100
0000
0010
1000
0100
0000
,
0010
0100
1000
0001
,
0100
0001
0100
0010
0100
0001
0100
0010
,
1000
0100
0010
0100
1000
0100
0010
0100
,
1000
0010
0100
0001
0010
0100
1000
0010
,
0101
1100
1010
0011
,
2000
0002
0000
0000
0000
0000
3003
0000
,
0010
0000
0000
0010
0001
0000
1000
0000
0010
0000
0000
0010
1000
0000
0001
0000
,
0010
0000
0000
0010
0001
0000
0100
0000
0010
0000
0100
0000
0001
0000
0010
0000
,
0100
0000
0000
0100
1000
0000
0001
0000
0100
0000
0000
0100
0001
0000
1000
0000
,
0100
0000
0000
0100
0010
0000
0100
0000
1000
0000
0010
0000
0100
0000
0001
0000
,
1000
0000
0000
1000
0100
0000
0010
0000
0100
0000
0000
0100
1000
0000
0010
0000
,
0100
0000
0000
0100
0010
0000
1000
0000
0001
0000
0010
0000
0100
0000
1000
0000
,
0001
0000
0000
0001
0100
0000
0010
0000
0100
0000
0000
0100
0001
0000
0010
0000
,
0100
1000
0010
1001
,
0010
1000
0100
0010
0100
1000
0010
0001
,
0010
0100
0001
0010
0100
1000
0001
0100
,
1000
0100
0010
1000
0100
0010
0001
0010
,
0100
0010
0001
1000
0010
0100
0010
0000
,
1000
0001
0010
0100
0001
0100
1000
0010
,
1000
0001
0100
0010
1000
0001
0010
0100
,
1000
0100
0001
0010
,
1100
0101
0010
1001
,
0020
0100
0000
0100
,
0000
0130
0000
0110
,
0001
1000
0000
1100
,
0010
0001
1000
1001
,
0010
0100
0010
0100
0010
0100
1001
0000
,
0010
0100
0010
0100
0010
0100
1001
0000
,
0010
0100
0010
0100
0010
0100
0010
0100
,
1001
0101
1100
0110
,
2000
0000
0000
0000
,
0002
0000
0000
3003
,
0010
1000
0100
1000
0001
0010
0100
1000
,
0010
1000
0001
0010
0100
0010
0002
0000
,
1003
0010
0100
0001
0100
0010
1000
0100
,
0001
0100
1000
0001
0010
0100
2000
0000
,
3001
0100
0010
0100
0001
1000
0010
0100
,
0001
0010
0001
0100
0010
1000
0200
0000
,
0310
0001
1000
0010
0100
0001
0100
0010
,
1000
0101
0010
1001
,
0010
0001
0100
0001
1000
0010
0100
0001
,
0010
0001
1000
0010
0100
0010
2000
0000
,
3001
0010
0100
1000
0100
0010
0001
0100
,
1000
0100
0001
1000
0010
0100
0002
0000
,
0013
0100
0010
0100
0010
0100
1001
0000
,
0010
0100
0010
0100
0010
0100
1001
0000
,
0010
0100
0010
0100
0010
0100
0010
0100
,
1001
1100
0101
0110
,
2002
0000
0000
0000
,
0000
0000
0000
3003
,
0000
0000
0000
0000
;

//---------------dance-single - ----------------
#NOTES:
     dance-single:
     :
     Challenge:
     16:
     0.829,1.000,0.251,0.171,0.664:
0000
0000
0000
0000
,
0000
0000
0000
0000
,
0000
0000
0000
0000
,
1000
0000
0001
0000
0010
0000
0100
0000
0010
0000
0000
0100
0000
1000
0100
0000
,
1000
0000
0000
0001
0000
0100
0001
0000
1000
0000
0010
0000
0100
0010
0100
0000
,
0001
0000
0010
0000
0100
0000
0010
0000
0001
0000
0000
1000
0000
0001
0100
0000
,
0110
0000
0000
0000
1001
0000
0000
0000
0110
0000
0001
0000
1000
0100
1000
0100
,
0010
0000
0001
0000
0100
0000
0001
0000
0010
0000
0000
0010
0000
0100
1000
0000
,
0010
0000
0000
0010
0000
0100
0001
0000
0010
0000
0000
0010
0000
0100
1000
0000
,
0010
0000
1000
0000
0001
0000
0100
0000
0010
0000
0000
0010
0000
0100
0010
0000
,
1000
0100
0000
0010
0000
0100
1000
0000
0001
0100
0000
0010
0000
0100
0001
0000
,
1001
0000
0110
0000
0001
1000
0110
0000
,
1002
0000
0000
0000
,
0200
0000
0000
0003
,
0020
0000
0000
0300
,
2000
0000
0000
0030
,
0002
0000
0000
0000
,
0000
0000
0000
3000
,
0020
0000
0000
0000
,
0000
0000
0033
0110
,
1000
0000
0100
0000
0010
0000
0100
1000
0001
1000
0100
0000
0010
0000
0001
0000
,
0100
0000
0010
0000
1000
0000
0100
0000
0010
0001
0010
0001
0010
0000
0100
0000
,
1000
0000
0001
0000
0100
0000
0010
1000
0001
1000
0010
0000
0100
0000
0010
0000
,
1000
0000
0100
0000
0010
0000
0100
0000
1000
0001
1000
0001
1000
0000
0100
0000
,
0010
0000
0001
0000
0100
0000
0001
1000
0100
1000
0001
0000
0100
0000
0010
0000
,
1000
0000
0100
0000
0010
0000
0001
0000
0100
0010
0100
0010
0100
0000
0010
0000
,
1000
0100
0010
0001
0100
0010
1000
0100
0010
0001
0100
0010
1000
0100
0010
0001
,
0100
0101
0011
1010
,
0002
2000
0000
0000
0000
0000
3003
0000
,
0010
0000
1000
0010
1000
0000
0001
0000
0010
0000
0001
0010
0001
0000
1000
0000
,
0010
0000
0100
0010
0100
0000
0001
0000
1000
0100
1000
0000
0001
0100
0001
0000
,
0100
0000
0010
1000
0010
0000
0100
0000
0001
0000
0010
0001
0010
0000
0100
0000
,
1000
0000
0001
1000
0001
0000
0100
0000
0010
1000
0010
0000
0100
0001
0100
0000
,
0001
0000
1000
0001
0100
0000
0010
0000
0100
0000
0001
1000
0100
0000
0010
0000
,
0100
0000
1000
0010
0100
0000
0010
0000
1000
0010
1000
0000
0001
0010
0001
0000
,
0100
0000
0010
0100
0001
0000
0010
0000
0100
0000
0010
0100
1000
0000
0010
0000
,
0100
0000
0001
0000
0010
0001
1001
0000
,
0010
0000
0001
0010
0001
0000
1000
0000
0010
0000
1000
0010
1000
0000
0001
0000
,
0010
0000
0100
0010
0100
0000
1000
0000
0001
0100
0001
0000
1000
0100
1000
0000
,
0100
0000
0010
0001
0010
0000
0100
0000
1000
0000
0010
1000
0010
0000
0100
0000
,
0001
0000
1000
0001
1000
0000
0100
0000
0010
0001
0010
0000
0100
1000
0100
0000
,
1000
0000
0001
1000
0100
0000
0010
0000
0100
0000
1000
0001
0100
0000
0010
0000
,
0100
0000
0001
0010
0100
0000
0010
0000
0001
0010
0001
0000
1000
0010
1000
0000
,
0100
0000
0010
0100
1000
0000
0010
0000
0100
0000
0010
0100
0001
0000
0010
0000
,
0100
0000
1000
0000
0010
1000
1001
0000
,
0020
0100
0000
0100
,
0000
0130
0000
0110
,
1000
0001
0000
0101
,
0010
1000
0001
1001
,
0010
0100
1000
0100
0010
0100
1000
0100
0010
0100
1000
0100
0010
0000
0000
0000
,
0001
0100
0010
0100
0001
0100
0010
0100
0001
0100
0010
0100
0001
0000
0000
0000
,
1000
0001
0010
0001
1000
0001
0010
0001
1000
0001
0010
0001
1000
0001
0010
0001
,
1000
0101
1100
0110
,
1000
0000
0001
0000
0100
0000
0010
0100
0010
0100
0010
0000
1000
0000
0001
0000
,
0020
0200
0000
0000
0000
0000
0330
0000
,
0010
0000
0001
0000
1000
0000
0010
0000
0100
0000
0010
1000
0010
0000
0100
0000
,
0001
0010
0100
0000
1000
0000
0010
0000
0100
0000
0010
0000
2000
0000
0000
0000
,
3001
0000
0010
0000
0100
0000
1000
0000
0001
0000
0100
0001
1000
0000
0100
0000
,
0010
0100
0010
0000
0100
0000
1000
0000
0010
0000
0100
0000
0002
0000
0000
0000
,
1003
0000
0010
0000
1000
0000
0100
0000
0010
0000
0001
1000
0001
0000
0100
0000
,
0010
0100
0001
0000
1000
0000
0100
0000
0010
0000
0001
0000
0200
0000
0000
0000
,
0310
0000
1000
0000
0001
0000
0010
0000
0100
0000
0010
0001
0010
0000
0100
0000
,
1000
0000
1100
0000
0010
0100
1001
0000
,
0010
0000
1000
0000
0100
0000
1000
0000
0001
0000
0010
0001
0100
0000
0010
0000
,
0100
0001
0100
0000
0001
0000
1000
0100
0010
0000
0001
0000
2000
0000
0000
0000
,
3001
0000
1000
0000
0010
0000
0100
0000
0001
0000
0010
0001
1000
0000
0010
0000
,
0100
0001
0100
0000
0001
0000
0010
0100
1000
0000
0001
0000
0100
0000
0000
0000
,
0010
0100
0001
0100
0010
0100
0001
0100
0010
0100
0001
0100
0010
0000
0000
0000
,
1000
0100
0010
0100
1000
0100
0010
0100
1000
0100
0010
0100
1000
0000
0000
0000
,
0001
1000
0010
1000
0001
1000
0010
1000
0001
1000
0010
1000
0001
1000
0010
1000
,
0001
1100
0101
0110
,
2002
0000
0000
0000
,
0000
0000
0000
3003
,
0000
0000
0000
0000
;

//---------------dance-double - ----------------
#NOTES:
     dance-double:
     :
     Easy:
     6:
     0.329,0.402,0.191,0.241,0.000:
00000000
00000000
00000000
00000000
,
00000000
00000000
00000000
00000000
,
00000000
00000000
00000000
00000000
,
00000001
00000000
00000000
00000000
,
00001000
00000000
00000000
00000000
,
00000001
00000000
00000000
00000000
,
00000010
00000100
00000110
00000000
,
00000001
00000100
00001000
00001000
,
00010000
00010000
01000000
01000000
,
10000000
00100000
01000000
01000000
,
01100000
00000000
10010000
00000000
,
01000000
00010000
00000000
00011000
,
00000020
00000000
00000000
00000030
,
00000002
00000000
00000000
00000003
,
00002000
00000000
00000000
00003000
,
00000020
00000000
00000000
00000030
,
00000200
00000000
00000000
00000000
,
00000000
00000000
00000000
00000300
,
00002000
00000000
00000000
00000000
,
00000000
00000000
00000000
00003000
,
00010000
00000000
00001000
00000000
,
00010000
01000000
10000000
01000000
,
00100000
00000000
00010000
00000000
,
01000000
00100000
10000000
01000000
,
00010000
00010000
00001000
00001000
,
00000100
00000100
00000001
00000001
,
00000010
00000010
00001000
00001000
,
00010000
00001000
00010000
00001000
,
00022000
00000000
00000000
00033000
,
00000010
00001000
00000100
00001000
,
00000010
00000100
00001000
00010000
,
00100000
10000000
01000000
10000000
,
00100000
00010000
00001000
00000000
,
00000100
00000001
00001000
00000100
,
00000010
00000001
00001000
00000010
,
00010000
00010000
00001000
00001000
,
00010000
00001000
00000000
00011000
,
00100000
00010000
01000000
00010000
,
00100000
01000000
00010000
00001000
,
00000010
00000001
00000100
00000001
,
00000010
00001000
00010000
00000000
,
01000000
10000000
00010000
01000000
,
00100000
10000000
00010000
00100000
,
00001000
00000000
00010000
00000000
,
00001000
00010000
00001000
00011000
,
00000010
00000000
00000000
00000000
,
00000100
00000000
00000000
00000000
,
00001000
00000000
00000000
00000000
,
00000001
00000000
00000000
00000000
,
00000220
00000000
00000330
00001001
,
00000220
00000000
00000330
00001001
,
00000220
00000000
00000000
00000330
,
00000001
00000100
00001000
00010000
,
00022000
00000000
00000000
00000000
,
00000000
00000000
00000000
00033000
,
00100000
00100000
01000000
01000000
,
00100000
10000000
01000000
00010000
,
00001000
00001000
00000010
00000010
,
00000100
00000001
00000100
00000000
,
00000010
00000010
00000100
00000100
,
00000010
00001000
00000001
00000100
,
00000010
00000010
00010000
00010000
,
00001000
00010000
00001000
00000000
,
01000000
00010000
10000000
01000000
,
00100000
00001000
01000000
00001000
,
00010000
00000100
00000010
00000001
,
00000100
00001000
00000001
00000000
,
00000220
00000000
00000330
00001001
,
00000220
00000000
00000330
00001001
,
00000220
00000000
00000000
00000330
,
00000001
00000010
00001000
00010000
,
00022000
00000000
00000000
00000000
,
00000000
00000000
00000000
00033000
,
00000000
00000000
00000000
00000000
;

//---------------dance-double - ----------------
#NOTES:
     dance-double:
     :
     Medium:
     8:
     0.434,0.585,0.251,0.121,0.000:
00000000
00000000
00000000
00000000
,
00000000
00000000
00000000
00000000
,
00000000
00000000
00000000
00000000
,
00010000
00000000
00000000
00000000
00000000
10000000
00000000
00000000
,
00010000
00000000
00000000
00000000
00100000
01000000
00100000
00000000
,
00001000
00000000
00000000
00000000
00000000
00010000
00000000
00000000
,
00010100
00000000
00001100
00000000
00000010
00000001
00000100
00000000
,
00000010
00000010
00001000
00001000
,
00000100
00000000
00000100
00000000
00010000
00001000
00010000
00000000
,
01000000
01000000
10000000
10000000
,
00010000
00000000
01000000
00000000
,
00010000
00010000
10000000
10010000
,
00200000
00000000
00000000
00000000
,
20000000
00000000
00000000
30300000
,
02000000
00000000
00000000
00000000
,
00020000
00000000
00000000
03030000
,
00002000
00000000
00000000
00000000
,
00000000
00000000
00000000
00003000
,
00020000
00000000
00000000
00000000
,
00000000
00000000
00030000
00011000
,
00000010
00000000
00000100
00000000
00001000
00000010
00000100
00000000
,
00000001
00000010
00000100
00001000
,
00000001
00000000
00000100
00000000
00001000
00010000
00001000
00000000
,
00010000
00100000
01000000
00010000
,
10000000
01000000
10000000
00000000
00100000
10000000
00100000
00000000
,
00010000
00100000
00010000
00000000
00001000
00010000
00001000
00000000
,
00000010
00000001
00000100
00000010
,
00000101
00000010
00001100
00000010
,
00020000
00002000
00000000
00000000
00000000
00000000
00033000
00000000
,
00100000
10000000
00010000
00100000
,
01000000
00000000
00100000
00000000
00010000
10000000
01000000
00000000
,
10000000
00100000
00010000
00001000
,
00000010
00000000
00000001
00000000
00001000
00000100
00000010
00000000
,
00000100
00010000
00000010
00010000
,
00000100
00000000
00010000
00000000
00001000
00100000
00010000
00000000
,
10000000
00100000
00010000
01000000
,
00100000
00100000
01000000
01100000
,
00100000
00010000
00001000
00000100
,
00000001
00000000
00000010
00000000
00000001
00001000
00000010
00000000
,
00000100
00001000
00010000
01000000
,
00100000
00000000
00100000
00000000
00010000
10000000
01000000
00000000
,
00100000
00010000
01000000
00001000
,
00010000
00000000
00000010
00000000
00000100
00000010
00000100
00000000
,
00000001
00000010
00001000
00000100
,
00000010
00000010
00000100
00000110
,
00000001
00000100
00000000
00000100
,
00000000
00000100
00000000
00001000
,
00011000
01000000
00000000
01000000
,
10010000
01000000
00100000
01100000
,
10000000
01000000
10000000
01000000
10000000
00000000
11000000
00000000
,
00010000
01000000
00010000
01000000
00010000
00000000
01010000
00000000
,
00100000
00010000
00100000
00010000
00100000
00010000
00100000
00000000
,
00110000
00011000
00110000
00011000
,
00000020
00000000
00000000
00000000
,
00000200
00000000
00000000
00000330
,
00000001
00000010
00000100
00001000
,
00000010
00000000
00010000
00000000
00100000
01000000
00010000
00000000
,
10000000
00100000
00010000
00100000
,
00001000
00000000
00010000
00000000
00001000
00010000
01000000
00000000
,
00100000
00010000
01000000
00100000
,
00010000
00000000
00000010
00000000
00001000
00000100
00000010
00000000
,
00000001
00001000
00000010
00000100
,
00000010
00000010
00000010
00001001
,
00000100
00000000
00010000
00000000
00001000
01000000
00010000
00000000
,
00100000
00000000
00010000
00000000
10000000
00100000
01000000
00000000
,
00010000
00000000
01000000
00000000
00100000
10000000
01000000
00000000
,
00100000
00000000
01000000
00000000
00100000
00001000
00010000
00000000
,
00001000
00010000
00001000
00010000
00001000
00000000
00010100
00000000
,
00010000
00001000
00010000
00001000
00010000
00000000
00010010
00000000
,
00001000
00000001
00001000
00000001
00001000
00000001
00001000
00000000
,
00001010
00011000
00001010
00011000
,
00220000
00000000
00000000
00000000
,
00000000
00000000
00000000
00330000
,
00000000
00000000
00000000
00000000
;

//---------------dance-double - ----------------
#NOTES:
     dance-double:
     :
     Hard:
     12:
     0.616,0.658,0.292,0.171,0.106:
00000000
00000000
00000000
00000000
,
00000000
00000000
00000000
00000000
,
00000000
00000000
00000000
00000000
,
00001000
00000000
00000001
00000000
00000010
00000000
00000100
00000000
00000010
00000000
00000000
00000010
00000000
00000000
00000010
00000000
,
00000001
00000000
00000000
00000001
00000000
00000000
00000001
00000000
00000100
00000000
00001000
00000000
00010000
00000000
00000000
00000000
,
00100000
00000000
10000000
00000000
00010000
00000000
00100000
00000000
01000000
00000000
00000000
01000000
00000000
00000000
01000000
00000000
,
10000000
00000000
10100000
00000000
00010000
00100000
01000000
00000000
,
00010000
00000000
00001000
00000000
00000010
00000000
00000100
00000000
00000010
00000000
00000000
00000010
00000000
00000000
00000010
00000000
,
00000001
00000000
00000000
00000001
00000000
00000000
00000001
00000000
00001000
00000000
00000001
00000000
00000100
00000000
00000000
00000000
,
00000010
00000000
00010000
00000000
00000100
00000000
00000010
00000000
00001000
00000000
00000000
00001000
00000000
00000000
00001000
00000000
,
00010000
00000000
00000000
00001000
00000000
00100000
00010000
00000000
10000000
00000000
00000000
00100000
00000000
01000000
00100000
00000000
,
10000000
00010000
00100000
01100000
,
00020000
00000000
00000000
00000000
,
20000000
00000000
00000000
00030000
,
02000000
00000000
00000000
30000000
,
00020000
00000000
00000000
03000000
,
00002000
00000000
00000000
00000000
,
00000000
00000000
00000000
00030000
,
00000200
00000000
00000000
00000000
,
00000000
00000000
00003300
00000110
,
00001000
00000000
00000010
00000000
00000100
00000001
00001000
00000000
,
00000100
00000000
00000010
00000000
00000100
00010000
00001000
00100000
,
00010000
00000000
10000000
00000000
00100000
01000000
00010000
00000000
,
00100000
00010000
01000000
00100000
,
10000000
01000000
00100000
01000000
10000000
01000000
00100000
01000000
,
00010000
00001000
00100000
00001000
00010000
00001000
00100000
00001000
,
00010000
00000010
00001000
00000100
00000010
00000001
00000100
00001000
,
00011000
01010000
11000000
10100000
,
00020000
00002000
00000000
00000000
00000000
00000000
00033000
00000000
,
00000100
00000000
00000000
00000100
00000001
00000000
00001000
00000000
00000100
00000000
00000000
00000100
00000010
00000000
00000001
00000000
,
00000100
00000000
00000000
00000100
00000010
00000000
00000100
00000000
00001000
00000000
00010000
00000000
00100000
00000000
01000000
00000000
,
00010000
00000000
00000000
00010000
10000000
00000000
01000000
00000000
00100000
00000000
00000000
00100000
01000000
00000000
10000000
00000000
,
00100000
00000000
00000000
00100000
01000000
00000000
00100000
00000000
00010000
00000000
00001000
00000000
00000100
00000000
00000010
00000000
,
00001000
00000000
00000000
00001000
00000100
00000000
00000010
00000000
00000001
00000000
00000000
00000001
00000100
00000000
00000010
00000000
,
00001000
00000000
00000000
00001000
00000100
00000000
00000010
00000000
00000100
00000000
00010000
00000000
00001000
00000000
01000000
00000000
,
00010000
00000000
00000000
00010000
10000000
00000000
00100000
00000000
01000000
00000000
00000000
01000000
00010000
00000000
10000000
00000000
,
01000000
00100000
00001000
00011000
,
00000010
00000001
00000100
00000010
00000100
00000001
00000010
00001000
,
00010000
01000000
10000000
00010000
01000000
00100000
10000000
01000000
,
00100000
01000000
00010000
00001000
00000100
00000010
00001000
00000010
,
00010000
00001000
00100000
00001000
00010000
00000100
00001000
00000000
,
00000001
00001000
00000010
00000100
00000001
00000100
00001000
00010000
,
00100000
10000000
00010000
00100000
01000000
00010000
01000000
10000000
,
00010000
01000000
10000000
00100000
,
00110000
00011000
00000010
00001001
,
00000020
00000100
00000000
00000100
,
00000000
00000130
00000000
00000110
,
00001000
00000001
00000000
00000101
,
00001000
00010000
01000000
10010000
,
00100000
00010000
00100000
00010000
00100000
00010000
00011000
00000000
,
00000010
00001000
00000010
00001000
00000010
00001000
00011000
00000000
,
01000000
00010000
01000000
00010000
01000000
00010000
01000000
00010000
,
00011000
00001100
00000101
00000110
,
00000002
00000000
00000000
00000000
,
00002000
00000000
00000000
00003003
,
00000010
00000001
00000100
00000001
00001000
00000010
00000100
00000001
,
00000010
00000001
00001000
00000010
00010000
00001000
02000000
00000000
,
03010000
00100000
01000000
10000000
00100000
01000000
00100000
10000000
,
01000000
00100000
00010000
01000000
00001000
00010000
00000020
00000000
,
00001030
00000100
00000010
00000100
00001000
00000001
00000100
00000010
,
00001000
00000100
00010000
00001000
00100000
00010000
02000000
00000000
,
03100000
10000000
00010000
00100000
01000000
00100000
00001000
01000000
,
00010000
00011000
00000010
00001001
,
00000010
00001000
00000100
00001000
00000001
00000010
00001000
00010000
,
00100000
01000000
00010000
00100000
01000000
10000000
00020000
00000000
,
10030000
00100000
01000000
00100000
10000000
01000000
00010000
00001000
,
00000010
00000100
00000010
00000001
00000100
00000010
00000100
00000000
,
00000010
00001000
00000010
00001000
00000010
00001000
00011000
00000000
,
00100000
00010000
00100000
00010000
00100000
00010000
00011000
00000000
,
00000100
00001000
00000100
00001000
00000100
00001000
00000100
00001000
,
00011000
01010000
11000000
01100000
,
20020000
00000000
00000000
00000000
,
00000000
00000000
00000000
30030000
,
00000000
00000000
00000000
00000000
;

//---------------dance-double - ----------------
#NOTES:
     dance-double:
     :
     Challenge:
     16:
     0.819,1.000,0.251,0.171,0.628:
00000000
00000000
00000000
00000000
,
00000000
00000000
00000000
00000000
,
00000000
00000000
00000000
00000000
,
00010000
00000000
10000000
00000000
01000000
00000000
00100000
00000000
01000000
00000000
00000000
01000000
00000000
00100000
00010000
00000000
,
01000000
00000000
00000000
01000000
00000000
00001000
00010000
00000000
00000010
00000000
00001000
00000000
00000100
00000010
00000100
00000000
,
00000010
00000000
00000001
00000000
00000100
00000000
00000010
00000000
00000100
00000000
00000000
00000100
00000000
00000010
00000100
00000000
,
00000110
00000000
00000000
00000000
00011000
00000000
00000000
00000000
01100000
00000000
10000000
00000000
00010000
01000000
00010000
00000000
,
00100000
00000000
00010000
00000000
01000000
00000000
00010000
00000000
00100000
00000000
00000000
00100000
00000000
00001000
00010000
00000000
,
00000100
00000000
00000000
00000100
00000000
00010000
00001000
00000000
00100000
00000000
00000000
00100000
00000000
01000000
00100000
00000000
,
01000000
00000000
00010000
00000000
00001000
00000000
00000010
00000000
00000100
00000000
00000000
00000100
00000000
00000010
00000001
00000000
,
00001000
00000010
00000000
00000100
00000000
00000010
00001000
00000000
00000001
00000010
00000000
00000100
00000000
00010000
00001000
00000000
,
00011000
00000000
00110000
00000000
10000000
00010000
01100000
00000000
,
20010000
00000000
00000000
00000000
,
02000000
00000000
00000000
30000000
,
00020000
00000000
00000000
03000000
,
00002000
00000000
00000000
00030000
,
00000200
00000000
00000000
00000000
,
00000000
00000000
00000000
00003000
,
00000002
00000000
00000000
00000000
,
00000000
00000000
00000303
00001001
,
00000010
00000000
00001000
00000000
00000100
00000000
00000010
00000100
00001000
00000100
00000010
00000000
00000001
00000000
00000100
00000000
,
00001000
00000000
00010000
00000000
00100000
00000000
01000000
00000000
00100000
10000000
00100000
10000000
00100000
00000000
01000000
00000000
,
00010000
00000000
10000000
00000000
01000000
00000000
00100000
00001000
00010000
00001000
00100000
00000000
01000000
00000000
00100000
00000000
,
00010000
00000000
01000000
00000000
00100000
00000000
00010000
00000000
00001000
00010000
00001000
00010000
00001000
00000000
00000100
00000000
,
00000001
00000010
00000100
00001000
00000010
00010000
00001000
00100000
,
00010000
10000000
00100000
01000000
00100000
10000000
01000000
00010000
,
00001000
00010000
00001000
00010000
00001000
00000100
00001000
00000100
00000001
00001000
00000001
00001000
00000100
00000010
00000100
00000010
,
00000001
00001100
00000101
00001010
,
00020000
00002000
00000000
00000000
00000000
00000000
00033000
00000000
,
00100000
00000000
00010000
00100000
00010000
00000000
10000000
00000000
00100000
00000000
10000000
00100000
10000000
00000000
00010000
00000000
,
00100000
00000000
01000000
00100000
01000000
00000000
00010000
00000000
00001000
00010000
00001000
00000000
00000010
00000100
00000010
00000000
,
00000001
00000000
00001000
00000100
00001000
00000000
00000010
00000000
00000100
00000000
00000001
00000010
00000001
00000000
00000100
00000000
,
00000010
00000000
00010000
00001000
00010000
00000000
00001000
00000000
00100000
00010000
00100000
00000000
01000000
10000000
01000000
00000000
,
10000000
00000000
00010000
01000000
00100000
00000000
01000000
00000000
00010000
00000000
10000000
01000000
00100000
00000000
01000000
00000000
,
00100000
00000000
00001000
00010000
00001000
00000000
00010000
00000000
00000010
00001000
00000100
00000000
00000010
00000001
00000100
00000000
,
00000010
00000000
00000100
00000001
00001000
00000000
00000100
00000000
00000010
00000000
00000100
00001000
00000001
00000000
00000100
00000000
,
00001000
00000000
00010000
00000000
00100000
10000000
10010000
00000000
,
00100000
00000000
10000000
00100000
10000000
00000000
00010000
00000000
00100000
00000000
00010000
00100000
00010000
00000000
01000000
00000000
,
00001000
00000000
00010000
00001000
00010000
00000000
00000100
00000000
00000010
00000100
00000010
00000000
00000001
00001000
00000001
00000000
,
00000100
00000000
00000010
00001000
00000010
00000000
00000100
00000000
00000001
00000000
00001000
00000100
00001000
00000000
00000100
00000000
,
00010000
00000000
00001000
00010000
00001000
00000000
00100000
00000000
00010000
01000000
00010000
00000000
10000000
00100000
10000000
00000000
,
01000000
00000000
00100000
00010000
01000000
00000000
00100000
00000000
01000000
00000000
00010000
10000000
01000000
00000000
00010000
00000000
,
00001000
00000000
00000010
00000100
00001000
00000000
00000010
00000000
00000100
00000001
00000100
00000000
00000010
00001000
00000010
00000000
,
00000100
00000000
00000001
00001000
00000100
00000000
00000010
00000000
00001000
00000000
00010000
00001000
00010000
00000000
01000000
00000000
,
10000000
00000000
00010000
00000000
00100000
00010000
10010000
00000000
,
00200000
01000000
00000000
01000000
,
00000000
01300000
00000000
01100000
,
00010000
00001000
00000000
00011000
,
00000100
00000001
00000010
00001100
,
00010000
00000010
00001000
00000010
00010000
00000010
00001000
00000010
00010000
00000010
00001000
00000010
00010000
00000000
00000000
00000000
,
00001000
00100000
00010000
00100000
00001000
00100000
00010000
00100000
00001000
00100000
00010000
00100000
00001000
00000000
00000000
00000000
,
00010000
00000100
00001000
00000100
00010000
00000100
00001000
00000100
00010000
00000100
00001000
00000100
00010000
00000100
00001000
00000100
,
00010000
00101000
01010000
01100000
,
00010000
00000000
10000000
00000000
01000000
00000000
00100000
01000000
00100000
01000000
00100000
00000000
00010000
00000000
10000000
00000000
,
00200000
02000000
00000000
00000000
00000000
00000000
03300000
00000000
,
00100000
00000000
00010000
00000000
00001000
00000000
00000100
00000000
00000001
00000000
00001000
00000100
00001000
00000000
00000100
00000000
,
00000010
00000001
00000100
00000000
00001000
00000000
00010000
00000000
00100000
00000000
10000000
00000000
00020000
00000000
00000000
00000000
,
10030000
00000000
00100000
00000000
01000000
00000000
00010000
00000000
00100000
00000000
00001000
00010000
00001000
00000000
01000000
00000000
,
00100000
10000000
00010000
00000000
00100000
00000000
01000000
00000000
00010000
00000000
00001000
00000000
00020000
00000000
00000000
00000000
,
00031000
00000000
00000010
00000000
00000001
00000000
00001000
00000000
00000010
00000000
00000100
00000001
00000100
00000000
00000010
00000000
,
00010000
00000100
00000010
00000000
00001000
00000000
00010000
00000000
01000000
00000000
10000000
00000000
00200000
00000000
00000000
00000000
,
00310000
00000000
00100000
00000000
10000000
00000000
01000000
00000000
00100000
00000000
00010000
10000000
00010000
00000000
01000000
00000000
,
00001000
00000000
00011000
00000000
00000010
00000100
00001001
00000000
,
00000010
00000000
00000001
00000000
00000100
00000000
00000010
00000000
00000100
00000000
00010000
00001000
00010000
00000000
00001000
00000000
,
00010000
01000000
00100000
00000000
10000000
00000000
01000000
00000000
00100000
00000000
00010000
00000000
02000000
00000000
00000000
00000000
,
03100000
00000000
00010000
00000000
00001000
00000000
00100000
00000000
00010000
00000000
00001000
00000100
00001000
00000000
00000100
00000000
,
00000010
00000001
00000100
00000000
00000010
00000000
00000100
00000000
00001000
00000000
00010000
00000000
00010000
00000000
00000000
00000000
,
00001000
00100000
00010000
00100000
00001000
00100000
00010000
00100000
00001000
00100000
00010000
00100000
00001000
00000000
00000000
00000000
,
00010000
00000010
00001000
00000010
00010000
00000010
00001000
00000010
00010000
00000010
00001000
00000010
00010000
00000000
00000000
00000000
,
00001000
01000000
00010000
01000000
00001000
01000000
00010000
01000000
00001000
01000000
00010000
01000000
00001000
01000000
00010000
01000000
,
00001000
00010010
00001100
00000110
,
00002002
00000000
00000000
00000000
,
00000000
00000000
00000000
00003003
,
00000000
00000000
00000000
00000000
;
