#TITLE:IF YOU WERE HERE;
#SUBTITLE:;
#ARTIST:JENNIFER;
#TITLETRANSLIT:;
#SUBTITLETRANSLIT:;
#ARTISTTRANSLIT:;
#CREDIT:;
#BANNER:IF YOU WERE HERE.png;
#BACKGROUND:IF YOU WERE HERE-bg.png;
#LYRICSPATH:;
#CDTITLE:../CDTitles/Dancemania EXTRA.png;
#MUSIC:IF YOU WERE HERE.ogg;
#OFFSET:0.000;
#SAMPLESTART:46.607;
#SAMPLELENGTH:15.000;
#SELECTABLE:YES;
#DISPLAYBPM:145.000;
#BPMS:0.000=34.026,4.000=145.571;
#STOPS:;
#BGCHANGES:0.000=IF YOU WERE HERE.avi=1.000=0=0=0;

//---------------dance-single - ----------------
#NOTES:
     dance-single:
     :
     Beginner:
     2:
     0.156,0.221,0.132,0.000,0.000:
0000
0000
0000
0000
,
0000
0000
0000
0000
,
0000
0000
0000
0000
,
1000
0000
0000
0000
,
0001
0000
0000
0000
,
0010
0010
0000
0000
,
1000
1000
0000
0000
,
0100
0100
0000
0000
,
0001
0001
0001
0000
,
0110
0000
0110
0000
,
0001
0000
1000
0000
,
0010
0000
0000
0000
,
0100
0000
0000
0000
,
0110
0000
0110
0000
,
0001
0000
1000
0000
,
0010
0000
0000
0000
,
0100
0000
0000
0000
,
0001
0000
0100
0000
,
0001
0000
0000
0000
,
1000
0000
0100
0000
,
1000
0000
0000
0000
,
0001
0000
0100
0000
,
0001
0000
0000
0000
,
1000
0000
0100
0000
,
1000
0000
1000
0000
,
1001
0000
0000
0000
,
0010
0000
0100
0000
,
0001
0000
0100
0000
,
1000
0000
0000
0000
,
1001
0000
0000
0000
,
0010
0000
0100
0000
,
0001
0000
0100
0000
,
1000
0000
0000
0000
,
0001
0001
0001
0000
,
0100
0100
0100
0000
,
1000
1000
1000
0000
,
1001
0000
1001
0000
,
0001
0001
0001
0000
,
0010
0010
0010
0000
,
1000
1000
1000
0000
,
1001
0000
1001
0000
,
0100
0000
0100
0000
,
0100
0000
0000
0000
,
0000
0000
0000
0000
;

//---------------dance-single - ----------------
#NOTES:
     dance-single:
     :
     Easy:
     7:
     0.342,0.410,0.421,0.000,0.000:
0000
0000
0000
0000
,
0000
0000
0000
0000
,
0000
0000
0000
0000
,
0010
1000
0001
0100
,
1000
1000
0000
0000
,
0010
1000
0001
0101
,
0010
0100
1000
1100
,
0010
0100
0010
1001
,
0100
0100
0001
0001
,
0110
0000
0110
0000
,
1001
0000
1001
0000
,
0001
0010
1000
0100
,
1000
0010
0001
0100
,
1000
1000
0001
0001
,
0110
0000
1000
0001
0000
0000
0000
0000
,
1000
0001
0100
1000
,
0010
0001
1000
1001
,
0010
0010
1001
0110
,
0001
1000
0100
0001
,
0010
1000
0001
1001
,
0010
0001
0010
1000
,
0010
0010
0001
1001
,
1000
0001
0100
1001
,
0010
1000
0100
0001
,
0010
0110
0000
0110
,
1001
0000
0100
0000
,
1000
0010
1000
0010
,
0001
0110
0001
0100
,
1000
0010
0001
1001
,
0100
1001
0100
1001
,
0100
1001
0100
1001
,
0100
1000
0010
0001
,
1000
0100
0001
0100
,
1000
0000
0110
0000
0001
0100
1000
0000
,
0100
0000
1001
0000
1000
0100
0001
0000
,
0100
0000
0110
0000
0100
1000
0010
0000
,
0001
0000
1001
0000
0010
1000
0100
0000
,
1001
0110
1001
0010
,
1001
0000
0010
0000
1000
0100
0001
0000
,
1001
0000
0010
0000
0001
0100
1000
0000
,
0100
0010
1000
0001
,
0010
0000
0010
0000
,
0000
0000
0000
0000
;

//---------------dance-single - ----------------
#NOTES:
     dance-single:
     :
     Medium:
     8:
     0.363,0.411,0.303,0.000,0.000:
0000
0000
0000
0000
,
0000
0000
0000
0000
,
0000
0000
0000
0000
,
0010
1000
0100
0000
0010
0001
0100
0000
,
1000
0000
1000
0000
0001
1000
0100
0000
,
0001
0000
0001
0000
0001
0100
1000
0000
,
0001
0000
0001
0000
1000
0100
0001
0000
,
0010
0000
0010
0000
1000
0001
0100
0000
,
0010
0000
0010
0000
0001
1000
0100
0000
,
0110
1000
0110
0001
,
1001
0000
1001
0000
,
0001
0000
0010
0000
1000
0100
0001
0000
,
1000
0000
0010
0000
0001
1000
0100
0000
,
1000
1000
0001
0001
,
0110
0000
1000
0001
0000
0000
0000
0000
,
1000
0001
0100
1000
,
0010
0001
1000
1001
,
0010
0010
1001
0110
,
0001
0000
1000
0000
0100
0100
0100
0000
,
0010
1000
0001
1001
,
0010
0001
0010
1000
,
0010
0010
0001
1001
,
1000
0000
0001
0000
0100
0100
0100
0000
,
0010
0000
1000
0000
0100
0000
0001
0100
,
0010
0110
0000
0110
,
1001
0000
0100
0000
,
1000
0010
1000
0010
,
0001
0110
0001
0100
,
1000
0000
0010
0000
0100
0100
0100
0000
,
1001
0000
0100
0000
,
1000
0010
1000
0010
,
0001
0110
0001
0100
,
1000
0000
0100
0000
0010
0010
0010
0000
,
1000
0000
0110
0000
0001
0100
1000
0000
,
0100
0000
0001
0000
1000
0010
0001
0000
,
0100
0000
0110
0000
0100
1000
0010
0000
,
0001
0000
1001
0000
0010
1000
0100
0000
,
1001
0000
0110
0000
1000
0010
0001
0000
,
1001
0000
0010
0000
1000
0100
0001
0000
,
1001
0000
0010
0000
0001
0100
1000
0000
,
0100
0000
0010
0000
1000
0001
1000
0000
,
0010
0010
0000
0000
0010
0010
0000
0000
,
0000
0000
0000
0000
;

//---------------dance-single - ----------------
#NOTES:
     dance-single:
     :
     Hard:
     10:
     0.423,0.412,0.197,0.000,0.059:
0000
0000
0000
0000
,
0000
0000
0000
0000
,
0000
0000
0000
0000
,
0100
1000
0010
0000
0010
1000
0100
0000
,
0001
0100
0001
0010
0001
1000
0100
0000
,
0010
0000
1000
0000
0100
0000
1000
0000
0000
0001
0000
0000
0100
0000
0000
0000
,
0001
0000
1000
0000
0001
0000
0010
0000
0000
0100
0000
0000
1000
0000
0000
0000
,
0010
0000
0100
0000
0010
0000
0100
0000
0000
0001
0000
0000
1000
0000
0000
0000
,
0001
1000
0001
0010
0100
0100
0100
0000
,
0010
1000
0110
0001
,
1001
0100
1001
0010
,
0001
1000
0010
0000
1000
0100
0001
0000
,
1000
0001
0010
0000
0001
1000
0100
0000
,
1000
0000
1000
0000
0001
0000
0001
1000
,
0110
0000
1000
0001
0000
0000
0000
0000
,
1000
0100
0001
0000
0100
1000
0010
0000
,
0001
0000
0001
0000
1000
0001
1001
0000
,
0010
0010
0010
0000
1001
0000
0110
0000
,
0001
0100
1000
1000
0100
0001
0010
0100
,
0010
0001
1000
1001
,
0010
1000
0110
0001
,
0100
0100
0100
0000
0001
1000
0100
0010
,
0001
0000
1000
0000
0100
0100
0100
0000
,
0010
1000
0001
0000
0100
1000
0001
0000
,
0010
1000
0110
0000
0001
1000
0110
0000
,
1001
0000
0100
0000
,
1000
0001
0100
0000
0001
1000
0100
0000
,
1000
0100
1001
0000
0001
0100
1001
0000
,
0100
0000
0010
0000
0100
0100
0100
0000
,
1001
0000
0100
0000
,
0001
1000
0100
0000
1000
0000
0100
0000
,
0010
1000
0100
0000
0100
0000
1000
0000
,
0010
0000
1000
0100
0010
0100
0010
0000
,
0010
0000
1000
0000
0100
0000
1000
0000
0000
0001
0000
0000
0100
0000
0000
0000
,
0001
0000
1000
0000
0001
0000
0010
0000
0000
0100
0000
0000
1000
0000
0000
0000
,
0010
0000
0100
0000
0010
0000
0100
0000
0000
0001
0000
0000
1000
0000
0000
0000
,
0001
0001
0001
0010
0100
0000
0000
0000
,
0010
0000
0001
0000
0100
0000
0001
0000
0000
1000
0000
0000
0100
0000
0000
0000
,
1000
0000
1000
0000
1000
0000
0010
0000
0000
0100
0000
0000
0000
0000
0000
0000
,
0010
0000
0100
0000
0010
0000
0100
0000
0000
1000
0000
0000
0001
0000
0000
0000
,
1000
0001
1000
0010
0100
0000
0000
0000
,
0010
1000
0001
0000
0010
0001
0100
0000
;

//---------------dance-single - ----------------
#NOTES:
     dance-single:
     :
     Challenge:
     14:
     0.658,0.636,0.053,0.066,0.540:
0000
0000
0000
0000
,
0000
0000
0000
0000
,
0000
0000
0000
0000
,
1000
0000
0001
0100
0000
0001
0100
0010
1000
0000
0100
1000
0000
0100
1000
0100
,
0010
0001
1000
0002
0000
0000
0000
0000
0000
0000
0000
0000
0003
0000
0000
0000
,
0001
0000
0100
0000
0001
0000
1000
0100
1000
0100
1000
0000
0001
0000
0000
0000
,
1000
0000
0001
0000
0100
0000
0010
1000
0010
1000
0010
0000
0100
0000
0000
0000
,
0001
1000
0001
0000
0010
0000
0100
1000
0100
1000
0100
0000
0010
0000
0000
0000
,
0001
0000
0001
0000
0100
0000
0001
1000
0000
0100
0000
0010
0000
0010
0100
0000
,
1000
0000
1000
0000
0001
0100
0001
0000
0010
0000
0010
0000
0100
1000
0100
0000
,
1000
0001
1000
0100
0000
0010
0001
0010
,
0001
1000
0100
0010
0001
0010
0100
1000
,
0001
1000
0100
1000
0000
0000
0000
1000
,
0001
0000
0001
0000
1000
0010
1000
0000
0001
0000
0001
0000
0100
0010
0100
0000
,
0010
1000
0001
0100
0000
0100
0010
1000
,
0001
1000
0010
0001
0010
0100
0010
1000
,
0001
1000
0010
0100
0000
1000
0001
0100
,
0010
0000
1000
0100
1000
0000
0100
0010
0100
0000
1000
0000
0001
0000
0010
0000
,
0001
0000
0100
0010
0100
0000
0000
0000
0000
0000
1010
0000
0001
0000
0100
0000
,
0001
1000
0100
0001
0100
1000
0001
1000
,
0001
0010
0100
1000
0000
1000
0010
1000
,
0001
0000
0010
0001
0010
0000
0100
1000
0100
0000
1000
0000
0010
0000
1001
0000
,
0000
0110
0001
0010
0000
1000
0100
1000
,
0002
2003
3200
0320
,
0031
0000
0000
0001
0010
0000
0000
0010
0100
0000
1000
0000
0001
0100
0001
0100
,
0001
0000
1000
0000
0001
0010
0000
0001
0010
0000
0100
0000
1000
0100
0000
1000
,
0100
0000
0010
0000
0001
0100
0000
0001
0100
0000
0010
0000
1000
0000
0001
0000
,
1000
0100
1000
0000
0100
0000
0010
0100
0010
0000
0001
0000
0100
0001
0100
0000
,
0010
0000
1000
0001
1000
0000
0010
0000
1000
0000
0001
0000
0100
0000
0000
0000
,
1000
0000
1000
0000
0010
0100
0000
0010
0100
0000
0001
0000
1000
0100
0000
1000
,
0100
0000
0010
0000
0001
0100
0000
0001
0100
0000
0010
0000
1000
0000
0001
0000
,
1000
0010
1000
0000
0100
0000
0010
0001
0010
0000
0100
0000
1000
0001
1000
0000
,
0010
0000
0100
0010
0100
0000
0001
0000
1000
0100
0010
0001
0100
0010
1000
0001
,
0100
0000
0001
0000
1000
0000
0010
0100
0010
0100
0010
0000
1000
0000
0000
0000
,
0001
0000
0010
0000
1000
0000
0010
0001
0010
0001
0010
0000
0100
0000
0000
0000
,
1000
0100
1000
0000
0001
0000
1000
0010
1000
0010
1000
0000
0001
0000
0000
0000
,
0100
0000
0100
0000
0001
0000
1000
0100
0000
0010
0000
0001
0000
0001
0010
0000
,
0100
0000
1000
0000
0001
0000
0100
0010
0100
0010
0100
0000
0001
0000
0000
0000
,
1000
0000
0100
0000
0001
0000
0100
1000
0100
1000
0100
0000
0010
0000
0000
0000
,
0001
0010
0001
0000
0100
0000
0001
1000
0001
1000
0001
0000
0010
0000
0000
0000
,
0001
0000
0001
0000
0010
0000
0100
1000
0000
0010
0000
0001
0000
0010
0100
0000
,
0001
1000
0001
1000
0000
0000
0000
0000
0010
0100
0010
0100
0000
0000
0000
0000
,
1001
0000
0000
0000
;

//---------------dance-double - ----------------
#NOTES:
     dance-double:
     :
     Easy:
     8:
     0.340,0.355,0.408,0.000,0.000:
00000000
00000000
00000000
00000000
,
00000000
00000000
00000000
00000000
,
00000000
00000000
00000000
00000000
,
00010000
00001000
00000100
00010000
,
01000000
00000000
00000000
00000000
00001000
00000100
00000001
00000000
,
00000100
00000100
00010000
00001000
,
00100000
00000000
00100000
00000000
10000000
01000000
00010000
00000000
,
00001000
00000000
00001000
00000000
00010000
00001000
00000100
00000000
,
00010000
10000000
01000000
00000000
,
00011000
00000000
00011000
00000000
,
00110000
00000000
10010000
00000000
,
01010000
00000000
00011000
00000000
,
00001100
00000000
00001001
00000000
,
00001010
00000000
00011000
00000000
,
01001000
00000000
00010100
00000000
,
00010000
01000000
00100000
00001000
,
00000100
00000001
00000010
00001000
,
01001000
00010100
01001000
00010100
,
00100000
00001000
00010000
00000000
,
01000000
00000000
00000100
00000000
,
00100000
00000000
00000010
00000000
,
00101000
00010010
00101000
00010010
,
00000100
00000001
00001000
01000000
,
10000000
00100000
00010000
00001000
,
00100000
00100000
00010000
00001000
,
00011000
01000000
10000000
00100000
,
10000000
01000000
00010000
00000000
00001000
00000000
00000100
00000000
,
00001000
01000000
10000000
00100000
,
10000000
00000000
01000000
00000000
00100000
00001000
00000100
00000000
,
00011000
00000100
00000001
00000010
,
00000001
00000100
00001000
00000000
00010000
00000000
01000000
00000000
,
00010000
00000100
00000001
00000010
,
00000001
00000000
00000100
00000000
00000010
00010000
01000000
00000000
,
00100000
00000000
00100000
00000000
10010000
01000000
00010000
00000000
,
00100000
00000000
00100000
00000000
00011000
00001000
00000100
00000000
,
00000010
00000000
00000010
00000000
00001001
00000100
00001000
00000000
,
00100000
00000000
00100000
00000000
10010000
01000000
00010000
00000000
,
00100000
00000000
00100000
00000000
00011000
00001000
00000100
00000000
,
00000010
00000000
00000010
00000000
00001001
00000100
00010000
00000000
,
01000000
00000000
01000000
00000000
10010000
00100000
00001000
00000000
,
00000100
00000000
00000100
00000000
00001001
00000010
00010000
00000000
,
00100000
00000000
00011000
00000000
,
00000000
00000000
00000000
00000000
;

//---------------dance-double - ----------------
#NOTES:
     dance-double:
     :
     Medium:
     9:
     0.365,0.359,0.092,0.000,0.000:
00000000
00000000
00000000
00000000
,
00000000
00000000
00000000
00000000
,
00000000
00000000
00000000
00000000
,
00100000
00010000
00100000
00000000
00000010
00001000
00000010
00000000
,
00010000
00000000
00010000
00000000
00001000
00000010
00000001
00000000
,
00000100
00000000
00000100
00000000
00010000
00001000
00010000
00000000
,
00100000
00000000
00100000
00000000
00010000
00100000
10000000
00000000
,
00001000
00000000
00001000
00000000
00010000
01000000
10000000
00000000
,
00010000
00000000
10000000
00000000
00010000
01000000
00010000
00000000
,
01001000
00010000
00010100
00001000
,
00100000
10000000
10010000
01000000
,
00001000
00000100
00000001
00000110
,
00001000
00010000
01000000
10010000
,
00100000
10000000
00100000
00000000
00010000
00000000
00010000
00000000
,
00000010
00001000
00000010
00000000
00001000
00000000
00001000
00000000
,
00000001
00000000
00000001
00000000
00001000
00000001
00001000
00000000
,
00000001
00001000
00000001
00001001
,
00000010
00000000
00000010
00000000
00010000
00001000
00000100
00001000
,
00010000
01000000
00010000
00001000
00000100
00001000
00010000
00000000
,
00001000
00001000
00000100
00000001
,
00001000
00000000
00000010
00000000
00000100
00000100
00000100
00000000
,
00001000
00001000
01000000
10000000
,
01000000
01000000
01000000
00000000
00010000
00010000
00010000
00000000
,
10000000
10000000
00010000
00010000
,
00000100
00000100
00000001
00000001
,
00000010
00010000
01000000
10000000
,
00001000
00000100
00000001
00010000
,
01000000
10000000
00001000
00000100
,
00000001
00010000
00001000
00000000
,
00100000
00001000
00000100
00000001
,
00010000
01000000
10000000
00001000
,
00000100
00000001
00010000
01000000
,
10000000
00001000
00010000
00011000
,
00100000
00000000
00100000
00000000
10000000
01000000
00010000
01000000
,
00001000
00000000
00001000
00000000
00010000
00000100
00001000
00000010
,
00000100
00000000
00000100
00000000
00000001
00001000
00000100
00010000
,
00001000
00000000
00001000
00000000
01000000
00010000
10000000
00100000
,
01000000
00000000
01000000
00000000
10000000
00010000
01000000
00001000
,
00010000
00000000
00010000
00000000
00000100
00001000
00000001
00000010
,
00000100
00000000
00000100
00000000
00001000
00000001
00001000
01000000
,
00010000
10000000
00010000
01000000
,
00100000
00000000
00010000
01000000
,
01000000
00000000
00000000
00000000
,
00000000
00000000
00000000
00000000
;

//---------------dance-double - ----------------
#NOTES:
     dance-double:
     :
     Hard:
     10:
     0.451,0.411,0.197,0.000,0.039:
00000000
00000000
00000000
00000000
,
00000000
00000000
00000000
00000000
,
00000000
00000000
00000000
00000000
,
00001000
01000000
00010000
10000000
01000000
01000000
01000000
00000000
,
00010000
00100000
00010000
00100000
00000000
00000000
00000000
00000000
00000000
00000000
00000000
00000000
00000000
00000000
00000000
00000000
,
00001001
00000000
00000100
00000010
00000000
00001000
00000100
00000000
,
00011000
00000000
00100000
01000000
00000000
10000000
00010000
00000000
,
00011000
00000000
00000100
00000010
00000000
00000001
00000100
00000000
,
00000010
00001000
00000100
00010000
00000000
00011000
00011000
00000000
,
00110000
00000000
11000000
00000000
00100000
00001000
00000000
00000000
,
00010000
00000100
00000010
00000001
00000000
00001000
00000100
00000000
,
00010000
00001000
00100000
00010000
00000000
10000000
01000000
00000000
,
00100000
00010000
01000000
00100000
00000000
00000000
00000000
00000000
,
10010000
00000000
00101000
00000000
00010000
00000100
00000000
00000000
,
00000010
00000001
00000100
00000010
00000000
00010000
00000100
00000000
,
00001000
00000010
00010000
00001000
00000000
00100000
00010000
00000000
,
10000000
01000000
00100000
00010000
00000000
01000000
00001000
00010000
,
00000100
00000000
00000010
00000000
00000001
00000100
00000000
00000010
,
00001000
00000100
00010000
00001000
00000000
00001000
00100000
00010000
,
01000000
00000000
00010000
00000000
10000000
01000000
00000000
00000000
,
00100000
00001000
00010000
00000100
00000000
00000010
00000001
00000100
,
00000010
00000000
00001000
00000000
00000100
00010000
00000000
00000000
,
00001000
00100000
00010000
01000000
00000000
00001000
00010000
00000100
,
00001000
00000001
00000100
00000010
,
00001100
00011000
00001010
00000101
,
00001000
00000000
00000100
00010000
00000000
00010000
00001000
00000000
,
00100000
00010000
01000000
00100000
00000000
10000000
01000000
00000000
,
00100000
00001000
00010000
00000100
00000000
00001000
00000010
00000000
,
00010000
00001000
01000000
00010000
00000000
00000000
11000000
00000000
,
00100000
00000000
00010000
01000000
00000000
00001000
00010000
00000000
,
00000100
00000010
00000001
00001000
00000000
00000100
00010000
00000000
,
00001000
00100000
00010000
10000000
00000000
01000000
00100000
00000000
,
00001000
00010000
00000010
00000100
00000000
00000000
00001001
00000000
,
00000010
00000100
00000010
00000100
00010000
00010000
00010000
00000000
,
00001000
00100000
00001000
01000000
00010000
00010000
00010000
00000000
,
10000000
01000000
00100000
00010000
01000000
01000000
01000000
00000000
,
00001000
00010000
00001000
00010000
00000100
00000010
00000001
00000000
,
00000100
00000010
00001000
00000100
00010000
00010000
00010000
00000000
,
00001000
00100000
01000000
10000000
00010000
00010000
00010000
00000000
,
01000000
00001000
00010000
00000100
00001000
00001000
00001000
00000000
,
00000001
00000100
00000001
00000100
00000010
00010000
00001000
00000000
,
00100000
00010000
00100000
00010000
00000000
00000000
00000000
00000000
00000010
00001000
00000010
00001000
00000000
00000000
00000000
00000000
,
00000000
00000000
00000000
00000000
;

//---------------dance-double - ----------------
#NOTES:
     dance-double:
     :
     Challenge:
     14:
     0.641,0.608,0.184,0.013,0.401:
00000000
00000000
00000000
00000000
,
00000000
00000000
00000000
00000000
,
00000000
00000000
00000000
00000000
,
00001000
00000000
00010000
00001000
00000000
00001000
00010000
00000000
00000100
00000000
00001000
00000001
00000000
00000001
00001000
00000000
,
00000001
00000100
00000010
00002000
00000000
00000000
00000000
00000000
00000000
00000000
00000000
00000000
00003000
00000000
00000000
00000000
,
00010000
00000000
01000000
00000000
00010000
00000000
10000000
01000000
10000000
01000000
00100000
00000000
00001000
00000000
00000000
00000000
,
00001000
00000000
00010000
00000000
00000100
00000000
00001000
00000010
00001000
00000010
00000100
00000000
00000001
00000000
00000000
00000000
,
00000001
00001000
00000001
00000000
00000100
00000000
00001000
00010000
00001000
00010000
00001000
00000000
01000000
00000000
00000000
00000000
,
00010000
00000000
00010000
00000000
00100000
00000000
01000000
00100000
00000000
00010000
00000000
00001000
00000000
00001000
00000100
00000000
,
00001000
00000000
00001000
00000000
00000001
00000100
00000001
00000000
00000010
00000000
00000010
00000000
00000100
00001000
00000100
00000000
,
00010000
00001000
00010000
01000000
00000000
10000000
00100000
10000000
,
00010000
10000000
01000000
00010000
00001000
00010000
01000000
10000000
,
00010000
10000000
01000000
10000000
00000000
10010000
01100000
00000000
,
00010000
00000000
00010000
00000000
01000000
00100000
01000000
00000000
00001000
00000000
00001000
00000000
00100000
00010000
00100000
00000000
,
00001000
00010000
00000010
00001000
00000000
00001000
00000001
00000100
,
00000001
00000010
00000100
00001000
00000010
00000100
00001000
00010000
,
00000100
00000000
00010000
00000000
01000000
00000000
10000000
00000000
00000000
00000000
10010000
00000000
00010000
00100000
00010000
00100000
,
00010000
10000000
01000000
00010000
00001000
00000010
00000001
00000010
,
00001000
00010000
00001000
00000000
00101000
00000000
01100000
00000000
,
01000000
10000000
00010000
01000000
00001000
00010000
00000010
00001000
,
00000001
00000010
00000100
00001000
00000000
00001000
00000010
00001000
,
00000001
00000010
00000001
00000100
00000001
00001000
00000000
00011000
,
00000000
01010000
00100000
01000000
00000000
10000000
00100000
10000000
,
11000000
01100000
01010000
00011000
,
00001010
00000000
00000000
00000000
00011000
00000000
00000000
00000000
00100000
00000000
00001000
00000000
00010000
00000100
00001000
00000100
,
00000010
00000000
00000010
00000000
00000001
00000100
00000001
00000000
00001000
00000000
00001000
00000000
00000010
00000100
00000010
00000000
,
00010000
00000000
00010000
00000000
00001000
01000000
00001000
00000000
00100000
00000000
00010000
00000000
01000000
00000000
00100000
00000000
,
10000000
01000000
00010000
01000000
10000000
01000000
00010000
00001000
,
00000010
00000001
00000010
00000100
00001000
00000001
00000100
00000010
,
00001000
00000000
00001000
00000000
00000010
00000100
00000010
00000000
00010000
00000000
00010000
00000000
00001000
00100000
00001000
00000000
,
01000000
00000000
01000000
00000000
00010000
10000000
00010000
00000000
01000000
00000000
00100000
00000000
10000000
00000000
00010000
00000000
,
10000000
01000000
00010000
00001000
00000010
00000001
00000010
00000100
,
00001000
00000000
00000010
00000100
00000010
00000000
00000100
00000000
00001000
00010000
00001000
00010000
00001000
00010000
00001000
00000000
,
01000000
00000000
00010000
00000000
10000000
00000000
00100000
01000000
00100000
01000000
00100000
00000000
10000000
00000000
00000000
00000000
,
00010000
00000000
01000000
00000000
00001000
00000000
00010000
00000010
00010000
00000010
00010000
00000000
00000100
00000000
00000000
00000000
,
00000010
00000001
00000010
00000000
00000001
00000000
00001000
00000100
00001000
00000100
00001000
00000000
00000001
00000000
00000000
00000000
,
00000100
00000000
00000100
00000000
00001000
00000000
00010000
01000000
00000000
10000000
00000000
01000000
00000000
00100000
00010000
00000000
,
10000000
00000000
10000000
00000000
00010000
00000000
01000000
00100000
01000000
00100000
01000000
00000000
00010000
00000000
00000000
00000000
,
10000000
00000000
01000000
00000000
00010000
00000000
00001000
00010000
00001000
00010000
00001000
00000000
00000010
00000000
00000000
00000000
,
00000001
00000010
00000001
00000000
00000100
00000000
00001000
00010000
00001000
00010000
00001000
00000000
00100000
00000000
00000000
00000000
,
00010000
00000000
00010000
00000000
01000000
00000000
00001000
00010000
00000000
00100000
00000000
10000000
00000000
00100000
01000000
00000000
,
00010000
01000000
00001000
01000000
00000000
00000000
00000000
00000000
00010000
00000010
00000100
00000010
00000000
00000000
00000000
00000000
,
00001010
00000000
00000000
00000000
,
00000000
00000000
00000000
00000000
;

//---------------dance-couple - ----------------
#NOTES:
     dance-couple:
     :
     Easy:
     5:
     0.645,0.819,1.000,0.000,0.000:
00000000
00000000
00000000
00000000
,
00000000
00000000
00000000
00000000
,
00000000
00000000
00000000
00000000
,
00100010
10001000
00010001
01000100
,
10001000
10001000
00000000
00000000
,
00100010
10000001
00011000
01011100
,
00100010
01000100
10000001
11000101
,
00100010
01000100
00100010
10011001
,
01000100
01000100
00011000
00011000
,
01100000
00000000
01100000
00000000
,
00000110
00000000
00000110
00000000
,
00010001
00100010
10001000
01000100
,
10001000
00100010
00010001
01000100
,
10001000
10001000
00010001
00010001
,
01100110
00000000
10001000
00010001
00000000
00000000
00000000
00000000
,
10001000
00010001
01000100
10001000
,
00100010
00010001
10001000
10011001
,
00100010
00100010
00001001
00000110
,
00100001
00101000
00000000
00000000
,
00100010
10000010
00010000
10010000
,
00100010
00010010
00100000
10000000
,
00100010
00100010
00010001
10011001
,
10001000
00010001
01000100
10011001
,
00100010
10001000
01000100
00010001
,
00100010
01100110
00000000
01100110
,
10011001
00000000
01000100
00000000
,
10000001
00100010
10000001
00100010
,
00011000
01100110
00011000
01000100
,
10000001
00100010
00011000
10011001
,
01000100
10011001
01000100
10011001
,
01000100
10011001
01000100
10011001
,
01000100
10000001
00100010
00011000
,
10000001
01000100
00011000
01000100
,
10000001
00000000
01100110
00000000
00011000
01000100
10000001
00000000
,
01000100
00000000
10011001
00000000
10000001
01000100
00011000
00000000
,
01000100
00000000
01100110
00000000
01000100
10000001
00100010
00000000
,
00011000
00000000
10011001
00000000
00100010
10000001
01000100
00000000
,
10011001
01100110
10011001
00100010
,
10011001
00000000
00100010
00000000
10000001
01000100
00011000
00000000
,
10011001
00000000
00100010
00000000
00011000
01000100
10000001
00000000
,
01000100
00100010
10000001
00011000
,
00100010
00000000
00100010
00000000
,
00000000
00000000
00000000
00000000
;

//---------------dance-couple - ----------------
#NOTES:
     dance-couple:
     :
     Medium:
     6:
     0.671,0.822,1.000,0.000,0.000:
00000000
00000000
00000000
00000000
,
00000000
00000000
00000000
00000000
,
00000000
00000000
00000000
00000000
,
00100010
10001000
01000100
00000000
00100010
00010001
01000100
00000000
,
10001000
00000000
10001000
00000000
00010001
10001000
01000100
00000000
,
00011000
00000000
00011000
00000000
00011000
01000100
10000001
00000000
,
00011000
00011000
00000000
00000000
,
00100010
00000000
00100010
00000000
10000001
00011000
01000100
00000000
,
00100010
00000000
00100010
00000000
00011000
10000001
01000100
00000000
,
10010000
00000000
10010000
00000000
,
00001001
00000000
00001001
00000000
,
00010001
00000000
00100010
00000000
10001000
01000100
00010001
00000000
,
10001000
00000000
00100010
00000000
00010001
10001000
01000100
00000000
,
10001000
10001000
00010001
00010001
,
01100110
00000000
10001000
00010001
00000000
00000000
00000000
00000000
,
10001000
00010001
01000100
10001000
,
00100010
00010001
10001000
10011001
,
00100010
00100010
00001001
00000110
,
00100001
00000000
00101000
00000000
00000100
00000100
00000100
00000000
,
00100010
10001000
00010001
10011001
,
00100010
00010001
00100010
10001000
,
00100010
00100010
00010000
10010000
,
10000010
00000000
00010010
00000000
01000000
01000000
01000000
00000000
,
00100010
00000000
10001000
00000000
01000100
00000000
00010001
01000100
,
00100010
01100110
00000000
01100110
,
10011001
00000000
01000100
00000000
,
10000001
00100010
10000001
00100010
,
00011000
01100110
00011000
01000100
,
10000001
00000000
00100100
00000000
01000010
01000010
01000010
00000000
,
10011001
00000000
01000100
00000000
,
10000001
00100010
10000001
00100010
,
00011000
01100110
00011000
01000100
,
10000001
00000000
00100100
00000000
01000010
01000010
01000010
00000000
,
10000001
00000000
01100110
00000000
00011000
01000100
10000001
00000000
,
01000100
00000000
10011001
00000000
10000001
00100010
00011000
00000000
,
01000100
00000000
01100110
00000000
01000100
10000001
00100010
00000000
,
00011000
00000000
10011001
00000000
00100010
10000001
01000100
00000000
,
10011001
00000000
01100110
00000000
10000001
00100010
00011000
00000000
,
10011001
00000000
00100010
00000000
10000001
01000100
00011000
00000000
,
10011001
00000000
00100010
00000000
00011000
01000100
10000001
00000000
,
01000100
00000000
00100010
00000000
10000001
00011000
10000001
00000000
,
00100100
00100100
00000000
00000000
00100100
00100100
00000000
00000000
,
00000000
00000000
00000000
00000000
;

//---------------dance-couple - ----------------
#NOTES:
     dance-couple:
     :
     Hard:
     7:
     0.846,0.769,1.000,0.000,0.059:
00000000
00000000
00000000
00000000
,
00000000
00000000
00000000
00000000
,
00000000
00000000
00000000
00000000
,
01000100
10000001
00100010
00000000
00100010
10000001
01000100
00000000
,
00011000
01000100
00011000
00100010
00011000
10000001
01000100
00000000
,
00100010
00000000
10000001
00000000
01000100
00000000
10000001
00000000
00000000
00011000
00000000
00000000
01000100
00000000
00000000
00000000
,
00011000
00000000
10000001
00000000
00011000
00000000
00100010
00000000
00000000
01000100
00000000
00000000
10000001
00000000
00000000
00000000
,
00100010
00000000
01000100
00000000
00100010
00000000
01000100
00000000
00000000
00011000
00000000
00000000
10000001
00000000
00000000
00000000
,
00011000
10000001
00011000
00100010
01000100
01000100
01000100
00000000
,
00100010
10000001
01100110
00011000
,
10011001
01000100
10011001
00100010
,
00010001
10001000
00100010
00000000
10001000
01000100
00010001
00000000
,
10001000
00010001
00100010
00000000
00010001
10001000
01000100
00000000
,
10001000
00000000
10001000
00000000
00010001
00000000
00010001
10001000
,
01100110
00000000
10001000
00010001
00000000
00000000
00000000
00000000
,
10001000
01000100
00010001
00000000
01000100
10001000
00100010
00000000
,
00000001
00001000
00001001
00000000
10000000
00010000
10010000
00000000
,
00100100
00100100
00100100
00000000
10011001
00000000
01100110
00000000
,
00010001
01000100
10001000
10001000
01000100
00010001
00100010
01000100
,
00100010
00010001
10001000
10011001
,
00100010
10001000
01100110
00010001
,
00100100
00100100
00100100
00000000
00010001
10001000
01000100
00100010
,
00010001
00000000
10001000
00000000
01000100
01000100
01000100
00000000
,
00100010
10001000
00010001
00000000
01000100
10001000
00010001
00000000
,
00100010
10001000
01100110
00000000
00010001
10001000
01100110
00000000
,
10011001
00000000
01000100
00000000
,
10001000
00010001
01000100
00000000
00010001
10001000
01000100
00000000
,
10001000
01000000
10011001
00000000
00010001
00000100
10011001
00000000
,
01000100
00000000
00100010
00000000
01000100
01000100
01000100
00000000
,
10011001
00000000
01000100
00000000
,
00010001
10001000
01000100
00000000
10001000
00010001
01000100
00000000
,
00100010
10001000
01000100
00010001
00000000
01000100
10001000
00000000
,
00100010
00000000
10001000
01000100
00100010
01000100
00100010
00000000
,
00100010
00000000
10001000
00000000
01000100
00000000
10001000
00000000
00000000
00010001
00000000
00000000
01000100
00000000
00000000
00000000
,
00010001
00000000
10001000
00000000
00010001
00000000
00100010
00000000
00000000
01000100
00000000
00000000
10001000
00000000
00000000
00000000
,
00100010
00000000
01000100
00000000
00100010
00000000
01000100
00000000
00000000
00010001
00000000
00000000
10001000
00000000
00000000
00000000
,
00010001
00010001
00010001
00100010
01000100
00000000
00000000
00000000
,
00100010
00000000
00010001
00000000
01000100
00000000
00010001
00000000
00000000
10001000
00000000
00000000
00000000
00000000
01000100
00000000
,
10001000
00000000
10001000
00000000
10001000
00000000
00100010
00000000
00000000
01000100
00000000
00000000
10001000
00000000
00000000
00000000
,
00100010
00000000
01000100
00000000
00100010
00000000
01000100
00000000
00000000
10001000
00000000
00000000
00010001
00000000
00000000
00000000
,
10001000
00010001
10001000
00100010
01000100
00000000
00000000
00000000
,
00100010
10001000
00010001
00000000
00100010
00010001
01000100
00000000
,
00000000
00000000
00000000
00000000
;

//---------------dance-solo - ----------------
#NOTES:
     dance-solo:
     :
     Easy:
     5:
     0.342,0.410,0.421,0.000,0.000:
000000
000000
000000
000000
,
000000
000000
000000
000000
,
000000
000000
000000
000000
,
000010
100000
000001
001000
,
100000
100000
000000
000000
,
000100
010000
000001
001010
,
000100
001000
100000
001001
,
000100
001000
010000
100001
,
001000
001000
000010
000010
,
001100
000000
011000
000000
,
100001
000000
100001
000000
,
000001
000100
100000
001000
,
010000
000100
000010
001000
,
100000
100000
000001
000001
,
001100
000000
100000
000001
000000
000000
000000
000000
,
010000
000010
001000
100000
,
000100
000010
010000
100001
,
000100
000100
100001
001100
,
000001
100000
001000
000001
,
000100
010000
000010
100001
,
000100
000010
010000
000100
,
000010
000010
000001
100001
,
100000
000001
001000
100001
,
000100
100000
001000
000001
,
000100
001100
000000
001100
,
100001
000000
001000
000000
,
010000
000100
000010
000100
,
000001
001100
000001
001000
,
100000
000100
000010
100001
,
001000
100001
001000
100001
,
001000
100001
001000
100001
,
001000
010000
000100
000001
,
100000
001000
000001
001000
,
100000
000000
001100
000000
000001
001000
010000
000000
,
001000
000000
100001
000000
100000
001000
000010
000000
,
001000
000000
001100
000000
001000
100000
000100
000000
,
000001
000000
100001
000000
000100
010000
001000
000000
,
100001
001100
100001
000100
,
100001
000000
000100
000000
100000
001000
000010
000000
,
100001
000000
000100
000000
000001
001000
010000
000000
,
001000
000100
100000
000001
,
000100
000000
010000
000000
;

//---------------dance-solo - ----------------
#NOTES:
     dance-solo:
     :
     Medium:
     6:
     0.363,0.411,0.303,0.000,0.000:
000000
000000
000000
000000
,
000000
000000
000000
000000
,
000000
000000
000000
000000
,
000100
010000
001000
000000
000100
000010
001000
000000
,
100000
000000
100000
000000
000010
100000
001000
000000
,
000001
000000
000001
000000
000001
001000
010000
000000
,
000001
000000
000001
000000
100000
001000
000010
000000
,
000100
000000
000100
000000
100000
000001
001000
000000
,
000100
000000
000100
000000
000001
100000
001000
000000
,
001100
100000
001100
000001
,
100001
000000
100001
000000
,
000001
000000
000100
000000
100000
001000
000010
000000
,
100000
000000
000100
000000
000001
010000
001000
000000
,
100000
100000
000001
000001
,
001100
000000
100000
000001
000000
000000
000000
000000
,
100000
000001
001000
100000
,
000100
000010
010000
100001
,
000100
000100
100001
001100
,
000010
000000
010000
000000
001000
001000
001000
000000
,
000100
100000
000001
100001
,
000100
000010
000100
010000
,
000100
000100
000001
100001
,
010000
000000
000010
000000
001000
001000
001000
000000
,
000100
000000
100000
000000
001000
000000
000001
001000
,
000010
001100
000000
001100
,
100001
000000
001000
000000
,
100000
000100
100000
000100
,
000001
001100
000001
001000
,
100000
000000
000100
000000
001000
001000
001000
000000
,
100001
000000
001000
000000
,
100000
000100
100000
000100
,
000001
001100
000001
001000
,
100000
000000
001000
000000
000100
000100
000100
000000
,
100000
000000
001100
000000
000001
001000
010000
000000
,
001000
000000
000001
000000
100000
000100
000001
000000
,
001000
000000
001100
000000
001000
100000
000100
000000
,
000001
000000
100001
000000
000100
010000
001000
000000
,
100001
000000
001100
000000
100000
000100
000001
000000
,
100001
000000
000100
000000
100000
001000
000010
000000
,
100001
000000
000100
000000
000001
001000
010000
000000
,
001000
000000
000100
000000
100000
000001
100000
000000
,
000100
000100
000000
000000
000010
010000
000000
000000
;

//---------------dance-solo - ----------------
#NOTES:
     dance-solo:
     :
     Hard:
     7:
     0.449,0.412,0.197,0.000,0.000:
000000
000000
000000
000000
,
000000
000000
000000
000000
,
000000
000000
000000
000000
,
001000
100000
000100
000000
000100
010000
001000
000000
,
000001
001000
000001
000100
000001
010000
001000
000000
,
000100
100000
001000
000100
000010
000010
001000
000000
,
000100
010000
001000
000100
000001
000001
001000
000000
,
000100
100000
001000
010000
000100
000100
001000
000000
,
000001
100000
000010
010000
001000
001000
001000
000000
,
000100
000001
011000
000001
,
100010
001000
100001
000100
,
000001
010000
000100
000000
100000
001000
000001
000000
,
100000
000001
000100
000000
000010
100000
001000
000000
,
100000
000000
100000
000000
000001
000000
000010
100000
,
001100
000000
100000
000001
000000
000000
000000
000000
,
010000
001000
000001
000000
001000
100000
000100
000000
,
000001
000000
000001
000000
100000
000001
100001
000000
,
000100
000100
000100
000000
100001
000000
001100
000000
,
000001
001000
100000
100000
001000
000010
000100
001000
,
000100
000001
010000
100010
,
000100
100000
001100
000010
,
001000
001000
001000
000000
000001
100000
001000
000100
,
000001
000000
010000
000000
001000
001000
001000
000000
,
000100
100000
000001
000000
001000
010000
000001
000000
,
000100
001000
011000
000000
000001
100000
001010
000000
,
100001
000000
001000
000000
,
100000
000010
001000
000000
000001
100000
001000
000000
,
100000
001000
011000
000000
000001
001000
001010
000000
,
001000
000000
000100
000000
001000
001000
001000
000000
,
100001
000000
001000
000000
,
000001
010000
001000
000000
100000
000000
001000
000000
,
000100
100000
001000
000000
001000
000000
010000
000000
,
000100
000000
100000
001000
000100
001000
000010
000000
,
000100
000001
001000
000010
100000
100000
001000
000000
,
010000
000001
100000
000010
001000
001000
000100
000000
,
100000
000010
001000
000100
100000
100000
001000
000000
,
010000
000001
000100
001000
010000
010000
000001
000000
,
100000
000100
001000
000010
100000
100000
000001
000000
,
000100
001000
100000
000001
010000
010000
000010
000000
,
001000
100000
001000
000010
000100
000100
001000
000000
,
100000
000001
100000
000100
001000
001000
001000
000000
,
000010
100000
001000
000000
000100
000001
001000
000000
;
