#TITLE:IN THE NAVY '99 (XXL Disaster Remix);
#SUBTITLE:;
#ARTIST:CAPTAIN JACK;
#TITLETRANSLIT:;
#SUBTITLETRANSLIT:;
#ARTISTTRANSLIT:;
#CREDIT:;
#BANNER:IN THE NAVY '99 (XXL Disaster Remix).png;
#BACKGROUND:IN THE NAVY '99 (XXL Disaster Remix)-bg.png;
#LYRICSPATH:;
#CDTITLE:./CDTITLES/DANCEMANIA 13.PNG;
#MUSIC:IN THE NAVY '99 (XXL Disaster Remix).ogg;
#OFFSET:0.000;
#SAMPLESTART:19.111;
#SAMPLELENGTH:15.000;
#SELECTABLE:YES;
#DISPLAYBPM:135.000;
#BPMS:0.000=135.002;
#STOPS:;
#BGCHANGES:;

//---------------dance-single - ----------------
#NOTES:
     dance-single:
     :
     Beginner:
     1:
     0.154,0.162,0.080,0.000,0.000:
0000
0000
0000
0000
,
0000
0000
0000
0000
,
0000
0000
0000
0000
,
0000
0000
0000
0000
,
0000
0000
0000
0000
,
1000
0000
1000
0000
,
1000
0000
1000
0000
,
0100
0000
0100
0000
,
0100
0000
0100
0000
,
1000
0000
1000
0000
,
0010
0000
0010
0000
,
1000
0000
0010
0000
,
1000
0000
1000
0000
,
0010
0000
1000
0000
,
0010
0000
0010
0000
,
1000
0000
0100
0000
,
0100
0000
1000
0000
,
1000
0000
0100
0000
,
1000
0000
1000
0000
,
0010
0010
0000
0100
,
0000
1000
0000
1001
,
0000
0100
0000
0010
,
0000
1000
0000
1001
,
0000
0100
0000
0001
,
0000
1000
0000
0010
,
0000
1000
0000
0100
,
0000
0001
0000
1000
,
0000
0001
0000
0100
,
0000
0010
0000
0100
,
0000
0001
0000
0010
,
0000
0001
0000
0001
,
0000
0000
0010
0000
,
1000
0000
0001
0000
,
1000
0000
0010
0000
,
0001
0000
1000
0000
,
0001
0000
0010
0000
,
1000
0000
0100
0000
,
0001
0000
1000
1000
,
0000
1001
0000
1001
,
0000
0100
0000
0001
,
0000
0010
0000
0010
,
0000
0001
0000
0100
,
0000
0001
0000
0001
,
0000
0010
0000
0001
,
0000
0001
0000
0010
,
0000
1001
0000
1001
,
0000
0010
0000
0001
,
0000
0010
0000
0010
,
0000
0001
0000
0001
,
0000
0100
0000
0001
,
0000
0100
0000
0010
,
0000
0010
0000
0001
,
0000
1001
0000
1001
,
0000
0100
0000
0001
;

//---------------dance-single - ----------------
#NOTES:
     dance-single:
     :
     Easy:
     4:
     0.310,0.325,0.171,0.000,0.000:
0000
0000
0000
0000
,
0000
0000
0000
0000
,
0000
0000
0000
0000
,
0000
0000
0000
0000
,
0000
0000
0000
0000
,
1000
0100
1000
0100
,
1000
0100
1000
0001
,
0100
0001
0100
0001
,
0100
0001
0100
0010
,
1000
0010
1000
0001
,
0010
0001
0010
0001
,
1000
0100
0010
0001
,
1000
0001
1000
0001
,
0010
0001
1000
0100
,
0010
0100
0010
0100
,
1000
0010
0100
0001
,
0100
0010
1000
0001
,
1000
0010
0100
0001
,
1000
0001
1000
1001
,
0010
0100
0010
0000
0100
0010
0100
0000
,
0001
1000
0001
1001
,
0100
0010
0100
0000
0010
0100
0010
0000
,
1000
1000
0001
1001
,
1000
0100
0010
0001
,
1000
1000
0001
0010
,
0100
1000
0010
0100
,
0001
0001
1000
1000
,
0001
0001
1000
0100
,
0010
0010
0001
0100
,
1001
0001
0100
0010
,
1000
0001
1000
0001
,
0100
0000
0010
1001
,
1000
0000
0001
1001
,
1000
0001
0010
0100
,
0001
1001
1000
1001
,
0001
1000
0010
1001
,
1000
0010
0100
1001
,
0001
1000
1000
1000
,
0001
1001
1000
1001
,
1000
0100
0010
0001
,
1000
0010
1000
0010
,
0100
0001
0010
0100
,
0010
0001
0010
0001
,
0100
0010
1000
0001
,
0010
0001
1000
0010
,
1000
1001
0001
1001
,
1000
0010
0100
0001
,
1000
0010
0100
0010
,
0100
0001
0010
0001
,
1000
0100
0010
0001
,
1000
0100
1000
0010
,
1000
0010
0100
0001
,
1000
1001
0001
1001
,
1000
0100
0010
0001
,
1001
0000
0000
0000
;

//---------------dance-single - ----------------
#NOTES:
     dance-single:
     :
     Medium:
     6:
     0.395,0.407,0.261,0.000,0.000:
0000
0000
0000
0000
,
0000
0000
0000
0000
,
0000
0000
0000
0000
,
0000
0000
0000
0000
,
0000
0000
0000
0000
,
1000
0100
1000
0100
,
1000
0100
1000
0001
,
1000
0100
1000
0001
,
0100
0001
0010
0001
,
0010
0001
0010
0001
,
0010
0000
0001
0000
0010
0000
0001
0001
,
1000
0000
0100
1000
0100
0000
0010
0000
,
0001
0000
1000
0000
0001
0100
0001
0000
,
0100
0000
0010
1000
0001
0000
1000
0000
,
0100
0000
0010
0000
1000
0001
0100
0000
,
0010
0000
1000
0100
0010
0000
0001
0000
,
1000
0000
0001
0000
0010
0001
1000
0000
,
0100
0000
0100
1000
0001
0000
0001
0000
,
1000
0000
1000
0001
0010
0000
1001
0000
,
0001
0010
0001
0000
1000
0100
1000
0000
,
0010
1000
0010
0000
0100
0001
0100
0000
,
0010
1000
0010
0000
0100
0001
0100
0000
,
1000
0010
1000
0000
0100
0001
0100
0000
,
0001
0000
0100
0000
0001
0100
1000
0000
,
1000
0000
0100
0000
1000
0100
0001
0000
,
1000
0010
0100
0000
0010
1000
0001
0000
,
1000
1001
0010
0110
,
0001
0000
0010
0000
0001
0010
1000
0000
,
0010
0000
0100
0000
1000
0100
0001
0000
,
0100
1000
0001
0000
0010
0001
0100
0000
,
0001
1001
1000
1001
,
0110
0000
1001
0000
0001
0100
0010
0000
,
1001
0000
0110
0000
0100
0001
1000
0000
,
0010
1000
0100
0000
0100
1000
0010
0000
,
0101
1100
0101
1100
,
0001
0000
0100
0000
0010
0100
0001
0000
,
1000
0000
0010
0000
0100
0010
1000
0000
,
0100
1000
0010
0000
0010
1000
0100
0000
,
0011
0000
1010
0000
0011
0000
1000
1000
,
1000
0000
0100
0010
0001
0000
1001
0000
,
0010
0000
0100
0000
0001
0100
1000
0000
,
1000
0000
0100
0010
0001
0000
1001
0000
,
0100
0000
0010
0000
1000
0100
0001
0000
,
0100
0000
1000
0010
1000
0000
1001
0000
,
0010
1000
0100
0000
0100
0001
0010
0000
,
1000
0000
0001
0001
0100
0000
0110
0000
,
0001
0000
1000
0001
0100
0000
0010
0010
,
0100
0000
0010
1000
0001
0000
1001
0000
,
0100
0000
0001
0000
1000
0100
0001
0000
,
0100
0000
0010
0100
0001
0000
1001
0000
,
1000
0000
0100
0000
1000
0100
0001
0001
,
1000
0000
0010
0100
0001
0000
1001
0000
,
0010
1010
0100
0101
,
0100
0000
0001
1000
0010
0000
1001
0001
,
1000
0000
0000
0000
;

//---------------dance-single - ----------------
#NOTES:
     dance-single:
     :
     Hard:
     8:
     0.522,0.705,0.573,0.000,0.437:
0000
0000
0000
0000
,
0000
0000
0000
0000
,
0000
0000
0000
0000
,
0000
0000
0000
0000
,
0000
0000
0000
0000
,
1000
0100
0010
0001
,
1000
0100
0010
0001
,
1000
0100
0010
0001
,
1000
0100
0010
0001
,
1000
0100
0010
0001
,
1000
0000
0000
0000
0001
0000
0000
0000
1001
0000
0000
0000
0001
0000
0000
0001
,
1000
0000
0000
1000
0001
0000
0000
0001
0100
0000
0000
0100
0010
0000
0000
0010
,
1000
0000
0000
1000
0010
0000
0000
0010
0100
0000
0000
0100
0001
0000
0000
0001
,
0100
0000
0000
0100
0010
0000
0000
0010
1000
0000
0000
1000
0001
0000
0000
0001
,
1000
0000
0000
1000
0100
0000
0000
0100
0010
0000
0000
0010
0001
0000
0000
0001
,
0010
0000
0000
0010
0100
0000
0000
0100
1000
0000
0000
1000
0001
0000
0000
0001
,
0100
0000
0000
0100
0010
0000
0000
0010
1000
0000
0000
1000
0001
0000
0000
0001
,
0010
0000
0000
0010
0100
0000
0000
0100
1000
0000
0000
1000
0001
0000
0000
0001
,
0010
0000
0000
0010
0100
0000
0000
0100
1000
0000
0000
0000
1001
0000
0000
0000
,
0011
0011
1001
0000
1010
1010
0110
0000
,
0101
0101
0011
0000
0110
0110
1100
0000
,
1001
1001
1010
0000
0101
0101
0011
0000
,
1001
1001
1001
0000
0110
0000
1001
0000
,
1100
0000
0101
0000
0001
0100
1000
0000
,
1100
0000
0101
0000
1000
0100
0001
0000
,
0100
1000
0001
0000
0010
0001
1000
0000
,
1000
1001
0010
0110
,
0011
0000
1010
0000
0001
0010
1000
0000
,
1100
0000
0101
0000
1000
0100
0001
0000
,
0100
0010
1000
0000
0010
0001
0100
0000
,
0011
1010
0011
1010
,
0110
0000
1001
0000
0001
0100
0010
0000
,
1001
0000
0110
0000
0100
0001
1000
0000
,
0010
1000
0100
0000
0100
1000
0010
0000
,
0101
1100
0101
1100
,
0011
0000
1100
0000
0010
0100
0001
0000
,
1100
0000
0011
0000
0100
0010
1000
0000
,
0100
1000
0010
0000
0010
1000
0100
0000
,
0011
0000
0000
0000
1010
0000
0000
0000
1001
0000
0000
0000
0001
0000
0000
0001
,
1000
0000
0000
1000
0100
0000
0000
0100
0010
0000
0000
0010
0001
0000
0000
0001
,
0010
0000
0000
0010
0001
0000
0000
0001
0100
0000
0000
0100
0010
0000
0000
0010
,
1000
0000
0000
1000
0010
0000
0000
0010
0100
0000
0000
0100
0001
0000
0000
0001
,
0010
0000
0000
0010
0100
0000
0000
0100
1000
0000
0000
1000
0001
0000
0000
0001
,
0010
0000
0000
0010
0001
0000
0000
0001
1000
0000
0000
1000
0100
0000
0000
0100
,
0010
0000
0000
0010
0001
0000
0000
0001
1000
0000
0000
1000
0010
0000
0000
0010
,
0100
0000
0000
0100
0001
0000
0000
0001
1000
0000
0000
1000
0010
0000
0000
0010
,
1000
0000
0000
1000
0001
0000
0000
0001
0100
0000
0000
0100
0001
0000
0000
0001
,
0100
0000
0000
0100
0010
0000
0000
0010
1000
0000
0000
1000
0001
0000
0000
0001
,
0100
0000
0000
0100
0001
0000
0000
0001
1000
0000
0000
1000
0010
0000
0000
0010
,
1000
0000
0000
1000
0100
0000
0000
0100
0010
0000
0000
0010
0001
0000
0000
0001
,
1000
0000
0000
1000
0100
0000
0000
0100
1000
0000
0000
1000
0100
0000
0000
0100
,
1000
0000
0000
1000
0010
0000
0000
0010
1000
0000
0000
1000
0001
0000
0000
0001
,
0100
0000
0000
0000
0001
0000
0000
0000
1001
0000
0000
0001
0100
0000
0000
0100
,
0010
0000
0000
0000
1001
0000
0000
0000
0001
0000
0000
0001
1000
0000
0000
0000
,
1001
0000
0000
0000
;

//---------------dance-couple - ----------------
#NOTES:
     dance-couple:
     :
     Medium:
     8:
     0.689,0.922,1.000,0.000,0.442:
00000000
00000000
00000000
00000000
,
00000000
00000000
00000000
00000000
,
00000000
00000000
00000000
00000000
,
00000000
00000000
00000000
00000000
,
00000000
00000000
00000000
00000000
,
10001000
01000100
00100010
00010001
,
10001000
01000100
00100010
00010001
,
10001000
01000100
00100010
00010001
,
10001000
01000100
00100010
00010001
,
10001000
01000100
00100010
00010001
,
00010001
00000000
00000000
00000000
00010001
00000000
00000000
00000000
01000100
00000000
00000000
00000000
00000000
00000000
00000000
00010000
,
10000001
00000000
00000000
10000000
00010000
00000000
00000000
00010000
01000001
00000000
00000000
01000000
00100000
00000000
00000000
00100000
,
10000001
00000000
00000000
10000000
00100000
00000000
00000000
00100000
01000001
00000000
00000000
01000000
00010000
00000000
00000000
00010000
,
01000001
00000000
00000000
01000000
00100000
00000000
00000000
00100000
10000001
00000000
00000000
10000000
00010000
00000000
00000000
00010000
,
10000001
00000000
00000000
10000000
01000000
00000000
00000000
01000000
00100001
00000000
00000000
00100000
00010000
00000000
00000000
00000001
,
10001000
00000000
00000000
00001000
00000001
00000000
00000000
00000001
10000100
00000000
00000000
00000100
00000010
00000000
00000000
00000010
,
10001000
00000000
00000000
00001000
00000010
00000000
00000000
00000010
10000100
00000000
00000000
00000100
00000001
00000000
00000000
00000001
,
10000100
00000000
00000000
00000100
00000010
00000000
00000000
00000010
10001000
00000000
00000000
00001000
00000001
00000000
00000000
00000001
,
10001000
00000000
00000000
00001000
00000100
00000000
00000000
00000100
10000010
00000000
00000000
00000010
00000001
00000000
00000000
00000000
,
00110000
00110000
10010001
00000000
10100000
10100000
01100001
00000000
,
01010000
01010000
00110001
00000000
01100000
01100000
11000001
00000000
,
00000011
00000011
10001001
00000000
00001010
00001010
10000110
00000000
,
00000101
00000101
10000011
00000000
00000110
00000110
10001100
00000000
,
11000000
00000000
01010000
00000000
00010000
01000000
10000000
00000000
,
11000000
00000000
01010000
00000000
10000000
01000000
00010000
00000000
,
00001100
00000000
00000101
00000000
00000001
00000100
00001000
00000000
,
00001100
00000000
00000101
00000000
00001000
00000100
00000001
00000000
,
11000000
00000000
01010000
00000000
10000000
01000000
00010000
00000000
,
01000000
00100000
10000000
00000000
00100000
00010000
01000000
00000000
,
00001100
00000000
00000101
00000000
00001000
00000100
00000001
00000000
,
00000100
00000010
00001000
00000000
00000010
00000001
00000100
00000000
,
01100000
00000000
10010000
00000000
00010000
01000000
00100000
00000000
,
10010000
00000000
01100000
00000000
01000000
00010000
10000000
00000000
,
00000110
00000000
00001001
00000000
00000001
00000100
00000010
00000000
,
00001001
00000000
00000110
00000000
00000100
00000001
00001000
00000000
,
01000000
10000000
00100000
00000000
00100000
10000000
01000000
00000000
,
00110000
10100000
10010000
00010000
,
00000100
00001000
00000010
00000000
00000010
00001000
00000100
00000000
,
00000011
00000000
00000000
00000000
00001010
00000000
00000000
00000000
00001001
00000000
00000000
00000000
00000001
00000000
00000000
00010000
,
10000000
00000000
00000000
10000000
01000001
00000000
00000000
01000000
00100000
00000000
00000000
00100000
00010001
00000000
00000000
00010000
,
00100000
00000000
00000000
00100000
00010001
00000000
00000000
00010000
01000000
00000000
00000000
01000000
00100001
00000000
00000000
00100000
,
10000000
00000000
00000000
10000000
00100001
00000000
00000000
00100000
01000000
00000000
00000000
01000000
00010001
00000000
00000000
00010000
,
00100000
00000000
00000000
00100000
01000001
00000000
00000000
01000000
10000000
00000000
00000000
10000000
00010000
00000000
00000000
00000001
,
00000010
00000000
00000000
00000010
10000001
00000000
00000000
00000001
00001000
00000000
00000000
00001000
10000100
00000000
00000000
00000100
,
00000010
00000000
00000000
00000010
10000001
00000000
00000000
00000001
00001000
00000000
00000000
00001000
10000010
00000000
00000000
00000010
,
00000100
00000000
00000000
00000100
10000001
00000000
00000000
00000001
00001000
00000000
00000000
00001000
10000010
00000000
00000000
00000010
,
00001000
00000000
00000000
00001000
10000001
00000000
00000000
00000001
00000100
00000000
00000000
00000100
00000001
00000000
00000000
00010001
,
01000100
00000000
00000000
01000100
00100010
00000000
00000000
00100010
10001000
00000000
00000000
10001000
00010001
00000000
00000000
00010001
,
01000100
00000000
00000000
01000100
00010001
00000000
00000000
00010001
10001000
00000000
00000000
10001000
00100010
00000000
00000000
00100010
,
10001000
00000000
00000000
10001000
01000100
00000000
00000000
01000100
00100010
00000000
00000000
00100010
00010001
00000000
00000000
00010001
,
10001000
00000000
00000000
10001000
01000100
00000000
00000000
01000100
10001000
00000000
00000000
10001000
01000100
00000000
00000000
01000100
,
10001000
00000000
00000000
10001000
00100010
00000000
00000000
00100010
10001000
00000000
00000000
10001000
00010001
00000000
00000000
00010001
,
01000100
00000000
00000000
00000000
00010001
00000000
00000000
00000000
10011001
00000000
00000000
00010001
01000100
00000000
00000000
01000100
,
00100010
00000000
00000000
00000000
10011001
00000000
00000000
00000000
00010001
00000000
00000000
00010001
10001000
00000000
00000000
00000000
,
10011001
00000000
00000000
00000000
;

//---------------dance-double - ----------------
#NOTES:
     dance-double:
     :
     Easy:
     4:
     0.316,0.353,0.171,0.000,0.000:
00000000
00000000
00000000
00000000
,
00000000
00000000
00000000
00000000
,
00000000
00000000
00000000
00000000
,
00000000
00000000
00000000
00000000
,
00000000
00000000
00000000
00000000
,
00010000
00001000
00010000
00001000
,
00010000
00100000
00010000
10000000
,
00010000
01000000
00010000
00001000
,
00000010
00001000
00000001
00001000
,
00010000
00001000
00010000
00001000
,
00010000
00001000
00010000
00001000
,
00010000
00000100
00000010
00000001
,
00000100
00000001
00000010
00000100
,
00001000
00000100
00010000
01000000
,
10000000
00010000
00100000
00010000
,
01000000
00010000
00001000
00000100
,
00001000
00000010
00001000
00000100
,
00011000
01000000
01100000
10000000
,
00010000
10010000
01000000
01100000
,
10000000
00010000
10000000
00000000
00010000
10000000
00010000
00000000
,
10000000
00000000
10000000
00000000
00010000
10000000
00010000
00000000
,
01000000
00010000
01000000
00000000
00001000
00010000
00001000
00000000
,
00000100
00000000
00000100
00000000
00000001
00001000
00000001
00000000
,
00000001
00001000
00000010
00000100
,
00010000
00001000
00100000
01000000
,
01000000
01100000
00100000
10010000
,
01000000
01000000
00100000
00100000
,
00010000
00010000
00001000
00000100
,
00000010
00000010
00000001
00001000
,
00001001
00000100
00000110
00000001
,
00001000
00001000
00000001
00000001
,
00000001
00001000
00000010
00000100
,
00010000
00001000
00100000
01000000
,
10000000
10010000
00100000
01100000
,
01000000
01000000
00100000
00100000
,
00010000
00010000
00001000
00000100
,
00000010
00000010
00000001
00001000
,
00001001
00000010
00000110
00000001
,
00001000
00001000
00000001
00000001
,
00001000
00000010
00000100
00000001
,
00001000
00000100
00010000
00001000
,
00100000
00010000
10000000
01000000
,
00100000
00010000
00100000
00010000
,
00100000
00001000
00010000
00001000
,
00000010
00000100
00001000
00000001
,
00001000
00001001
00000010
00000110
,
00010000
00001000
00010000
00001000
,
00100000
00010000
10000000
01000000
,
00100000
01000000
10000000
00010000
,
00100000
00010000
01000000
00001000
,
00010000
00001000
00010000
00001000
,
00100000
00001000
01000000
00010000
,
10000000
10010000
00100000
01100000
,
10000000
01000000
00100000
00010000
,
01100000
00000000
00000000
00000000
;

//---------------dance-double - ----------------
#NOTES:
     dance-double:
     :
     Medium:
     5:
     0.389,0.407,0.573,0.000,0.000:
00000000
00000000
00000000
00000000
,
00000000
00000000
00000000
00000000
,
00000000
00000000
00000000
00000000
,
00000000
00000000
00000000
00000000
,
00000000
00000000
00000000
00000000
,
00010000
00001000
00010000
00000010
,
00010000
00001000
01000000
00001000
,
00010000
00001000
00010000
00000100
,
00010000
00001000
00100000
00001000
,
00010000
00001000
00010000
00001000
,
00010000
00000000
00001000
00000000
00010000
00000000
00001000
00001000
,
00010000
01000000
00100000
10010000
,
01000000
00010000
00100000
00000000
00001000
00000000
00011000
00000000
,
00000100
00000100
00000010
00000110
,
00000001
00001000
00000100
00000000
00010000
00000000
00011000
00000000
,
01000000
01000000
00100000
00100000
,
10010000
10010000
00100000
00101000
,
00000100
00001100
00000010
00000011
,
00001010
00011000
00010000
00011000
,
10000000
00010000
10000000
00000000
00010000
10000000
00010000
00000000
,
10000000
00000000
10000000
00000000
00010000
10000000
00010000
00000000
,
01000000
00010000
01000000
00000000
00001000
00010000
00001000
00000000
,
00000100
00000000
00000100
00000000
00000001
00001000
00000001
00000000
,
00000001
00001000
00001010
00001100
,
00010000
01000000
00110000
01010000
,
10000000
00010000
01000000
00000000
00100000
10000000
00010000
00000000
,
01000000
01100000
10000000
10010000
,
00001000
00000000
00000011
00000101
,
00010000
00000000
11000000
10100000
,
01000000
00000000
00001000
00010000
,
00000100
00001000
00010000
00000000
00011000
00000000
00110000
00000000
,
10000000
00000000
00000000
00100000
10000000
00000000
10010000
00000000
,
00010000
00000000
00000000
00100000
00001000
00000000
01001000
00000000
,
00100000
00101000
00010000
00010100
,
00001100
00001010
00000110
00000101
,
00001000
00000000
00000000
00010000
00001000
00000000
00010100
00000000
,
00001000
00000000
00000000
00100000
00001000
00000000
01000000
00000000
,
01010000
00110000
01100000
10010000
,
00100000
00000000
00010000
00000000
10000000
00000000
00010000
00100000
,
00010000
00000000
00000000
00000100
00001000
00000000
00000110
00000000
,
00001000
00000000
00101000
00000000
10000000
00000000
00010000
00010000
,
00100000
00000000
00000000
00001000
00000100
00000010
00000001
00000000
,
00001001
00000000
00000010
00000000
00000110
00000000
00001000
00001000
,
00010000
00000000
00000000
00100000
00010000
00000000
00110000
00000000
,
00101000
00011000
00010100
00011000
,
00100000
00000000
00000000
01000000
01100000
00000000
10000000
00010000
,
01000000
00000000
00000000
00010000
10000000
00000000
10000000
00010000
,
10000000
00000000
00000000
00100000
10000000
00000000
10010000
00000000
,
00100000
00000000
00110000
00000000
00001000
00000000
00010000
00001000
,
00000100
00000000
00000000
00000010
00000100
00000000
00000110
00000000
,
00000001
00000000
00001001
00000000
00000010
00000000
00000100
00000010
,
00001000
00000000
00000000
00100000
00010000
00000000
01100000
00000000
,
10000000
11000000
00100000
00110000
,
10000000
00000000
00000000
01000000
01100000
00000000
10010000
00000000
,
10010000
00000000
00000000
00000000
;

//---------------dance-double - ----------------
#NOTES:
     dance-double:
     :
     Hard:
     8:
     0.557,0.705,0.573,0.000,0.578:
00000000
00000000
00000000
00000000
,
00000000
00000000
00000000
00000000
,
00000000
00000000
00000000
00000000
,
00000000
00000000
00000000
00000000
,
00000000
00000000
00000000
00000000
,
00010000
00000000
00000000
00010000
00001000
00000000
00000000
00001000
00010000
00000000
00000000
00010000
00001000
00000000
00000000
00001000
,
00010000
00000000
00000000
00010000
00001000
00000000
00000000
00001000
00010000
00000000
00000000
00010000
00001000
00000000
00000000
00001000
,
00000100
00000000
00000000
00000100
00000001
00000000
00000000
00000001
00000010
00000000
00000000
00000010
00001000
00000000
00000000
00001000
,
00010000
00000000
00000000
00010000
01000000
00000000
00000000
01000000
10000000
00000000
00000000
10000000
00100000
00000000
00000000
00100000
,
01000000
00000000
00000000
01000000
00001000
00000000
00000000
00001000
00000010
00000000
00000000
00000010
00000100
00000000
00000000
00000100
,
00010000
00000000
00000000
00010000
00001000
00000000
00000000
00001000
00010000
00000000
00000000
00010000
00001000
00000000
00000000
00001000
,
01000000
00000000
00000000
01000000
10000000
00000000
00000000
10000000
00100000
00000000
00000000
00100000
00010000
00000000
00000000
00010000
,
00000010
00000000
00000000
00000010
00000001
00000000
00000000
00000001
00000100
00000000
00000000
00000100
00001000
00000000
00000000
00001000
,
00010000
00000000
00000000
00010000
00000010
00000000
00000000
00000010
00001000
00000000
00000000
00001000
00000100
00000000
00000000
00000100
,
00010000
00000000
00000000
00010000
00001000
00000000
00000000
00001000
00100000
00000000
00000000
00100000
00010000
00000000
00000000
00010000
,
10000000
00000000
00000000
10000000
01000000
00000000
00000000
01000000
00100000
00000000
00000000
00100000
00010000
00000000
00000000
00010000
,
00000010
00000000
00000000
00000010
00000100
00000000
00000000
00000100
00001000
00000000
00000000
00001000
00000001
00000000
00000000
00000001
,
00001000
00000000
00000000
00001000
00000100
00000000
00000000
00000100
00010000
00000000
00000000
00010000
01000000
00000000
00000000
01000000
,
10000000
00000000
00000000
10000000
00010000
00000000
00000000
00010000
01000000
00000000
00000000
00000000
10010000
00000000
00000000
00000000
,
10100000
10010000
01010000
00000000
10010000
10010000
11000000
00000000
,
01010000
01010000
00110000
00000000
00011000
00001100
00000110
00000000
,
00001001
00000101
00000011
00000000
00000110
00000110
00001001
00000000
,
00000011
00001001
00000101
00000000
00000110
00001010
00001100
00000000
,
00001010
00011000
01010000
10010000
,
00101000
00011000
00010100
00001001
,
00000010
00001000
00000001
00000000
00000100
00000010
00001000
00000000
,
00000010
00000110
00000001
00001001
,
00000011
00000101
00001100
00001010
,
00110000
01010000
11000000
10100000
,
01000000
00010000
10000000
00000000
00100000
10000000
01000000
00000000
,
10000000
10010000
00100000
10010000
,
01010000
00000000
00011000
00000000
00000010
00010000
00001000
00000000
,
00001010
00000000
00001100
00000000
00100000
00001000
00010000
00000000
,
00000010
00001000
00000001
00000000
00000100
00000010
00001000
00000000
,
00000011
00000100
00001100
00000010
,
00000110
00000000
00001010
00000000
00000010
00010000
00001000
00000000
,
01100000
00000000
01010000
00000000
01000000
00001000
00010000
00000000
,
00000010
00010000
01000000
00000000
00100000
00001000
00000100
00000000
,
00000110
00000000
00000000
00000000
00000000
00000000
00000000
00000000
00001001
00000000
00000000
00000000
00000001
00000000
00000000
00000001
,
00000100
00000000
00000000
00000100
00000001
00000000
00000000
00000001
00001000
00000000
00000000
00001000
00000010
00000000
00000000
00000010
,
00010000
00000000
00000000
00010000
00000100
00000000
00000000
00000100
00010000
00000000
00000000
00010000
00001000
00000000
00000000
00001000
,
00100000
00000000
00000000
00100000
01000000
00000000
00000000
01000000
10000000
00000000
00000000
10000000
00010000
00000000
00000000
00010000
,
00100000
00000000
00000000
00100000
00001000
00000000
00000000
00001000
00000100
00000000
00000000
00000100
00000001
00000000
00000000
00000001
,
00000010
00000000
00000000
00000010
00000100
00000000
00000000
00000100
00010000
00000000
00000000
00010000
00001000
00000000
00000000
00001000
,
01000000
00000000
00000000
01000000
00001000
00000000
00000000
00001000
00100000
00000000
00000000
00100000
00010000
00000000
00000000
00010000
,
10000000
00000000
00000000
10000000
01000000
00000000
00000000
01000000
00100000
00000000
00000000
00100000
00010000
00000000
00000000
00010000
,
01000000
00000000
00000000
01000000
00001000
00000000
00000000
00001000
00010000
00000000
00000000
00010000
00000010
00000000
00000000
00000010
,
00000100
00000000
00000000
00000100
00000001
00000000
00000000
00000001
00001000
00000000
00000000
00001000
00000010
00000000
00000000
00000010
,
00010000
00000000
00000000
00010000
00000100
00000000
00000000
00000100
00010000
00000000
00000000
00010000
00001000
00000000
00000000
00001000
,
00100000
00000000
00000000
00100000
00010000
00000000
00000000
00010000
10000000
00000000
00000000
10000000
01000000
00000000
00000000
01000000
,
00100000
00000000
00000000
00100000
00001000
00000000
00000000
00001000
00010000
00000000
00000000
00010000
00000100
00000000
00000000
00000100
,
00001000
00000000
00000000
00001000
00000001
00000000
00000000
00000001
00001000
00000000
00000000
00001000
00000001
00000000
00000000
00000001
,
00000010
00000000
00000000
00000010
00000001
00000000
00000000
00000001
00000100
00000000
00000000
00000100
00000001
00000000
00000000
00000001
,
00001000
00000000
00000000
00001000
00000010
00000000
00000000
00000010
00010000
00000000
00000000
00010000
00001000
00000000
00000000
00001000
,
00010000
00000000
00000000
00000000
;

//---------------dance-solo - ----------------
#NOTES:
     dance-solo:
     :
     Easy:
     4:
     0.299,0.325,0.151,0.000,0.000:
000000
000000
000000
000000
,
000000
000000
000000
000000
,
000000
000000
000000
000000
,
000000
000000
000000
000000
,
000000
000000
000000
000000
,
100000
000100
010000
000100
,
010000
000010
000100
000001
,
001000
000001
001000
000001
,
001000
000010
001000
000010
,
010000
000100
010000
000100
,
100000
000100
100000
000100
,
100000
000010
010000
000001
,
000010
000001
000100
000010
,
100000
000100
001000
000001
,
100000
010000
100000
000100
,
001000
000010
010000
000100
,
100000
100001
000001
100001
,
000100
001000
000001
100000
,
000010
001000
010000
100001
,
100000
000001
001000
000000
000100
001000
000001
000000
,
010000
010000
000010
010010
,
000010
001000
000001
000000
010000
000100
100000
000000
,
001000
000100
000001
100000
,
000100
000000
001000
100001
,
100000
000000
000001
001100
,
010000
000000
001000
001000
,
000010
000000
001000
001000
,
100000
000000
000010
010000
,
000001
000000
010000
000010
,
100000
000001
100000
000001
,
001000
000100
001000
000100
,
100000
000000
000001
100001
,
001000
000000
000100
001100
,
010000
000010
010000
000010
,
001000
000100
001000
000100
,
100000
000010
010000
000001
,
010000
000001
100000
000010
,
100000
100001
000001
100001
,
001000
000100
001000
100001
,
001000
000001
100000
000100
,
100000
000100
010000
000100
,
001000
000001
100000
000010
,
000100
000001
000010
000001
,
010000
001000
100000
000010
,
001000
000001
010000
000010
,
001000
001000
000100
001000
,
000001
100000
000100
100001
,
001000
000010
010000
000001
,
100000
000100
001000
000010
,
010000
001000
100000
000001
,
001000
000100
001000
000100
,
010000
000001
100000
000010
,
001000
100001
000100
100001
,
100000
001000
000100
000001
,
100001
000000
000000
000000
;

//---------------dance-solo - ----------------
#NOTES:
     dance-solo:
     :
     Medium:
     5:
     0.363,0.407,0.231,0.000,0.000:
000000
000000
000000
000000
,
000000
000000
000000
000000
,
000000
000000
000000
000000
,
000000
000000
000000
000000
,
000000
000000
000000
000000
,
100000
010000
100000
010000
,
100000
000100
010000
000100
,
010000
000100
010000
000010
,
000100
000010
000100
000010
,
000100
000001
000010
000001
,
000010
000001
000010
000001
,
100000
000000
000100
010000
000100
000000
001000
000000
,
000001
100000
000100
001000
,
000010
000000
010000
000001
010000
000000
000100
000000
,
100000
000010
001000
000001
,
010000
000000
000100
100000
000100
000000
001000
000000
,
000001
010000
000010
100000
,
001000
100001
000100
001100
,
010000
010000
000010
001100
,
100000
010000
100000
000000
000100
010000
000100
000000
,
010000
000010
010000
000000
000010
000100
000010
000000
,
000001
000010
000001
000000
000100
000010
000100
000000
,
000010
010000
000010
000000
100000
000000
100001
000000
,
000010
000000
010000
000000
000100
000010
000001
000000
,
010000
000000
000010
000000
000100
010000
100000
000000
,
001000
100001
000100
100001
,
001000
000100
001000
000100
,
010000
000000
000100
000000
100000
000100
000001
000000
,
000010
000000
000100
000000
000001
000100
100000
000000
,
000100
001100
100000
100001
,
010000
000100
100000
000010
,
001100
000000
100001
000000
000001
001000
000100
000000
,
100001
000000
001100
000000
001000
000001
100000
000000
,
000100
100000
001000
000000
001000
100000
000100
000000
,
001001
101000
001001
000000
,
000001
000000
001000
000000
000100
001000
000001
000000
,
100000
000000
000100
000000
001000
000100
100000
000000
,
001000
100000
000100
000000
000100
100000
001000
000000
,
000101
000000
100100
000000
000101
000000
100000
000001
,
100000
000000
000100
001000
000001
000000
100000
000000
,
001000
000010
100000
000100
,
010000
000000
000001
000100
000010
000000
100000
000000
,
001000
100000
000010
010000
,
000100
000000
100000
010000
100000
000000
000001
000000
,
001000
000010
100000
000001
,
001000
000000
000010
000100
000010
000000
100000
000000
,
000100
001000
000010
010000
,
000001
000000
100000
000010
100000
000000
001000
000000
,
001000
000000
000001
000000
010000
001000
000001
000000
,
001000
000000
000100
001000
000001
000000
010010
000000
,
100000
000000
001000
000000
100000
001000
000001
000001
,
010000
000000
000100
001000
000001
000000
100001
000000
,
000100
010100
001000
001010
,
001000
000000
000001
010000
000100
000000
100010
000000
,
100000
000000
000000
000000
;

//---------------dance-solo - ----------------
#NOTES:
     dance-solo:
     :
     Hard:
     7:
     0.492,0.461,0.432,0.000,0.417:
000000
000000
000000
000000
,
000000
000000
000000
000000
,
000000
000000
000000
000000
,
000000
000000
000000
000000
,
000000
000000
000000
000000
,
100000
001000
000100
000001
,
100000
001000
000100
000001
,
100000
001000
000100
000001
,
100000
001000
000100
000001
,
100000
001000
000100
000001
,
100000
000000
000000
000000
000100
000000
000000
000000
001000
000000
000000
000000
000001
000000
000000
000001
,
100000
000000
000000
100000
000001
000000
000000
000001
001000
000000
000000
001000
000100
000000
000000
000100
,
010000
000000
000000
010000
000100
000000
000000
000100
001000
000000
000000
001000
000001
000000
000000
000001
,
000100
000000
000000
000100
000010
000000
000000
000010
100000
000000
000000
100000
000001
000000
000000
000001
,
100000
000000
000000
100000
001000
000000
000000
001000
000100
000000
000000
000100
000001
000000
000000
000001
,
000100
000000
000000
000100
001000
000000
000000
001000
010000
000000
000000
010000
000010
000000
000000
000010
,
001000
000000
000000
001000
000100
000000
000000
000100
100000
000000
000000
100000
000001
000000
000000
000001
,
000100
000000
000000
000100
001000
000000
000000
001000
100000
000000
000000
100000
000001
000000
000000
000001
,
000100
000000
000000
000100
001000
000000
000000
001000
010000
000000
000000
000000
100001
000000
000000
000000
,
000100
000010
000001
000000
000100
010000
100000
000000
,
000011
000011
000101
000000
100000
000000
100001
000000
,
000001
000010
000100
000000
100000
010000
000100
000000
,
110000
110000
100100
000000
000001
000000
100001
000000
,
110000
010100
000001
100000
,
000011
000110
100000
000001
,
100000
001000
000001
000000
000001
001000
100000
000000
,
000100
001100
100000
100001
,
000110
010100
100001
001000
,
010100
000110
001100
100000
,
000001
001000
100000
000000
100000
001000
000001
000000
,
000110
010100
000110
010100
,
001100
000000
100001
000000
000010
010000
000100
000000
,
100001
000000
001100
000000
001000
000010
010000
000000
,
000100
010000
001000
000000
001000
000010
000100
000000
,
001010
011000
001010
011000
,
000101
000000
101000
000000
000100
001000
000001
000000
,
101000
000000
000101
000000
001000
000100
100000
000000
,
001000
100000
000100
000000
000100
100000
001000
000000
,
000110
000000
000000
000000
010100
000000
000000
000000
100001
000000
000000
000000
000100
000000
000000
000100
,
100000
000000
000000
100000
000001
000000
000000
000001
001000
000000
000000
001000
000100
000000
000000
000100
,
010000
000000
000000
010000
000001
000000
000000
000001
100000
000000
000000
100000
000010
000000
000000
000010
,
001000
000000
000000
001000
000100
000000
000000
000100
010000
000000
000000
010000
000010
000000
000000
000010
,
100000
000000
000000
100000
001000
000000
000000
001000
000100
000000
000000
000100
000001
000000
000000
000001
,
010000
000000
000000
010000
000010
000000
000000
000010
001000
000000
000000
001000
000100
000000
000000
000100
,
100000
000000
000000
100000
000100
000000
000000
000100
001000
000000
000000
001000
000001
000000
000000
000001
,
010000
000000
000000
010000
000100
000000
000000
000100
100000
000000
000000
100000
000100
000000
000000
000100
,
001000
000000
000000
001000
000001
000000
000000
000001
000100
000000
000000
000100
000001
000000
000000
000001
,
000010
000000
000000
000010
000001
000000
000000
000001
100000
000000
000000
100000
000100
000000
000000
000100
,
001000
000000
000000
001000
000010
000000
000000
000010
010000
000000
000000
010000
000001
000000
000000
000001
,
100000
000000
000000
100000
000100
000000
000000
000100
001000
000000
000000
001000
000010
000000
000000
000010
,
010000
000000
000000
010000
000100
000000
000000
000100
010000
000000
000000
010000
000100
000000
000100
000000
,
001000
000000
000000
001000
000010
000000
000000
000010
001000
000000
000000
001000
000010
000000
000000
000010
,
001000
000000
100001
000000
000100
000000
001100
000100
,
100000
000001
001000
100001
,
001000
000000
000000
000000
;
