#TITLE:INNOCENCE OF SILENCE;
#SUBTITLE:;
#ARTIST:nc ft NRG Factory;
#TITLETRANSLIT:;
#SUBTITLETRANSLIT:;
#ARTISTTRANSLIT:;
#CREDIT:;
#BANNER:INNOCENCE OF SILENCE.png;
#BACKGROUND:INNOCENCE OF SILENCE-bg.png;
#LYRICSPATH:;
#CDTITLE:./CDTITLES/Dancing Stage SuperNOVA.png;
#MUSIC:INNOCENCE OF SILENCE.ogg;
#OFFSET:0.000;
#SAMPLESTART:1.689;
#SAMPLELENGTH:15.000;
#SELECTABLE:YES;
#DISPLAYBPM:71.000:142.000;
#BPMS:0.000=142.292,4.000=141.977,68.000=71.006,100.000=89.021,110.000=105.986,122.000=142.012;
#STOPS:;
#BGCHANGES:;

//---------------dance-single - ----------------
#NOTES:
     dance-single:
     :
     Beginner:
     3:
     0.107,0.113,0.000,0.000,0.000:
0000
0000
0000
0000
,
0000
0000
0000
0000
,
0000
0000
0000
0000
,
0000
0000
0000
0000
,
0000
0000
0000
0000
,
0010
0000
0010
0000
,
0010
0000
0010
0000
,
0100
0000
0100
0000
,
0100
0000
0100
0000
,
0010
0000
0010
0000
,
0010
0000
0010
0000
,
0100
0000
0010
0000
,
0100
0000
0010
0000
,
0010
0000
1000
0000
,
0010
0000
0001
0000
,
0010
0000
0000
0000
,
0100
0000
0000
0000
,
0010
0000
0100
0000
,
0010
0000
0100
0000
,
1000
0000
0010
0000
,
0001
0000
0010
0000
,
0010
0000
0100
0000
,
0010
0000
0100
0000
,
1000
0000
0010
0000
,
0001
0000
0010
0000
,
0100
0000
0000
0000
,
0000
0010
0000
0000
,
0000
0000
1000
0000
,
0000
0001
0000
0000
,
0100
0000
0000
1000
,
0000
0000
0010
0000
,
0010
0000
0010
0000
,
0010
0000
0100
0000
,
0100
0000
0100
0000
,
0100
0000
0010
0000
,
0010
0000
0100
0000
,
0100
0000
0010
0000
,
0100
0000
0010
0000
,
0100
0000
0010
0000
,
0010
0000
0010
0000
,
0010
0000
0100
0000
,
0100
0000
0100
0000
,
0100
0000
0010
0000
,
0010
0000
0100
0000
,
0100
0000
0010
0000
,
0100
0000
0010
0000
,
0100
0000
0100
0000
,
0000
0000
0000
0000
;

//---------------dance-single - ----------------
#NOTES:
     dance-single:
     :
     Easy:
     5:
     0.219,0.259,0.000,0.068,0.010:
0000
0000
0000
0000
,
0000
0000
0000
0000
,
0000
0000
0000
0000
,
0000
0000
0000
0000
,
0000
0000
0000
0000
,
0010
0001
0010
1000
,
0010
0001
0010
1000
,
0100
0001
0100
1000
,
0100
0001
0100
1000
,
0010
0001
0010
0000
,
0010
1000
0010
0000
,
0100
0001
0010
0000
,
0100
1000
0010
0000
,
0010
0001
1000
0000
,
0010
1000
0001
0000
,
0020
0000
0000
0030
,
0200
0000
0000
0300
,
0010
0000
0001
0000
0100
0010
1000
0000
,
0010
0000
1000
0000
0100
0010
0001
0000
,
1000
0000
0100
0000
0010
0100
1000
0000
,
0001
0000
0100
0000
0010
0100
0001
0000
,
0010
0000
0001
0000
0100
0010
1000
0000
,
0010
0000
1000
0000
0100
0010
0001
0000
,
1000
0000
0100
0000
0010
0100
1000
0000
,
0001
0000
0100
0000
0010
0100
0001
0000
,
0200
0000
0000
0000
,
0300
0020
0000
0000
,
0000
0030
2000
0000
,
0000
0002
0000
3003
,
0100
0000
0000
0000
0000
0000
0010
0000
0000
0000
0000
0000
1000
0000
0000
1000
,
0000
0000
0001
0000
0000
0001
0000
0000
0010
0000
0000
0000
1000
0000
0000
0000
,
0010
1000
0010
0001
,
0010
0001
0100
1000
,
0100
1000
0100
0001
,
0100
0001
0010
1000
,
0010
0001
0100
1000
,
0100
0001
0010
1000
,
0100
0001
0010
1000
,
0100
0001
0010
1000
,
0010
1000
0010
0001
,
0010
0001
0100
1000
,
0100
1000
0100
0001
,
0100
0001
0010
1000
,
0010
0001
0100
1000
,
0100
0001
0010
1000
,
0100
0001
0010
1000
,
0100
0001
0200
0000
,
0000
0000
0000
0000
,
0000
0000
0300
0000
,
0000
0000
0000
0000
;

//---------------dance-single - ----------------
#NOTES:
     dance-single:
     :
     Medium:
     10:
     0.283,0.376,0.000,0.068,0.165:
0000
0000
0000
0000
,
0000
0000
0000
0000
,
0000
0000
0000
0000
,
0000
0000
0000
0000
,
0000
0000
0000
0000
,
0010
0100
0001
0000
0010
0100
1000
0000
,
0010
0100
0001
0000
0010
0100
1000
0000
,
0100
0010
0001
0000
0100
0010
1000
0000
,
0100
0010
0001
0000
0100
0010
1000
0000
,
0010
0100
0001
0000
0010
0000
0000
0000
,
0010
0100
1000
0000
0010
0000
0000
0000
,
0100
0010
0001
0000
0010
0000
0000
0000
,
0100
0010
1000
0000
0010
0000
0000
0000
,
0010
0100
0001
0000
1000
0000
0000
0000
,
0010
0100
1000
0000
0001
0000
0000
0000
,
0020
0000
0000
0030
,
0200
0000
0000
0300
,
0000
0000
0010
0100
0000
0000
0001
0000
0000
0000
0010
0100
0000
0010
0001
0000
,
0000
0000
0010
0100
0000
0000
1000
0000
0000
0000
0010
0100
0000
0010
1000
0000
,
0000
0000
0001
0100
0000
0000
0010
0000
0000
0100
0010
1000
0000
0100
0010
0001
,
0000
0000
0001
0100
0000
0000
0010
0000
0000
0100
0010
1000
0000
0100
0010
0001
,
0000
0000
0010
0100
0000
0000
0001
0000
0000
0000
0010
0100
0000
0010
0001
0000
,
0000
0000
0010
0100
0000
0000
1000
0000
0000
0000
0010
0100
0000
0010
1000
0000
,
0000
0000
0001
0100
0000
0000
0010
0000
0000
0100
0010
1000
0000
0100
0010
0001
,
0000
0000
0001
0100
0000
0000
0010
0000
0000
0100
0010
1000
0000
0100
0010
0001
,
0200
0000
0000
0000
,
0300
0020
0000
0000
,
0000
0030
2000
0000
,
0000
0002
0000
3003
,
0100
0000
0000
0000
0000
0000
0100
0000
0000
0000
0000
0000
0010
0000
0000
0010
,
0000
0000
1000
0000
0000
0001
0000
0000
0000
0000
0100
0000
0000
0000
1000
0000
,
0000
0100
0000
0010
0000
0100
0000
0001
,
0000
0100
0010
0100
0000
0010
0000
1000
,
0000
0010
0000
0100
0000
0010
0000
0001
,
0000
0010
0100
0010
0000
1000
0000
0100
,
0000
1000
0000
0010
0000
1000
0000
0001
,
0000
0100
0010
0100
0000
0001
0000
0100
,
0000
0001
0000
0010
0000
0001
0000
1000
,
0000
0010
0100
0010
0000
0100
0000
1000
,
0000
0100
0000
0010
0000
0100
0000
0001
,
0000
0100
0010
0100
0000
0010
0000
1000
,
0000
0010
0000
0100
0000
0010
0000
0001
,
0000
0010
0100
0010
0000
1000
0000
0100
,
0000
1000
0000
0010
0000
1000
0000
0001
,
0000
0100
0010
0100
0000
0001
0000
0100
,
0000
0001
0000
0010
0000
0001
0000
1000
,
0000
0010
0100
0010
0200
0000
0000
0000
,
0000
0000
0000
0000
,
0000
0000
0300
0000
,
0000
0000
0000
0000
;

//---------------dance-single - ----------------
#NOTES:
     dance-single:
     :
     Hard:
     12:
     0.423,0.447,0.000,0.087,0.737:
0000
0000
0000
0000
,
0000
0000
0000
0000
,
0000
0000
0000
0000
,
0000
0000
0000
0000
,
0000
0000
0000
0000
,
0010
0000
0100
0000
0001
0100
0000
0010
0000
1000
0000
0100
0000
0010
0001
0000
,
0010
0000
0100
0000
1000
0100
0000
0010
0000
0001
0000
0100
0000
0010
1000
0000
,
0100
0000
0010
0000
0001
0010
0000
0100
0000
1000
0000
0010
0000
0100
0001
0000
,
0100
0000
0010
0000
1000
0010
0000
0100
0000
0001
0000
0010
0000
0100
1000
0000
,
0010
0000
0100
0000
0001
0100
0000
0010
0000
1000
0000
0100
0000
0000
0000
0000
,
0010
0000
0100
0000
1000
0100
0000
0010
0000
0001
0000
0100
0000
0000
0000
0000
,
0010
0000
0100
0000
0001
0000
0000
0010
0000
0100
0000
1000
0000
0000
0000
0000
,
0100
0000
0010
0000
0001
0000
0000
0100
0000
0010
0000
1000
0000
0000
0000
0000
,
0010
0000
0100
0000
0001
0000
0000
2000
0000
0000
0000
0000
3000
0000
0000
0000
,
0010
0000
0100
0000
1000
0000
0000
0002
0000
0000
0000
0000
0003
0000
0000
0000
,
0020
0000
0000
0030
,
0200
0000
0000
0300
,
1000
0000
0010
0100
0000
0000
0001
0000
0000
0000
0010
0100
0000
0010
0100
1000
,
0000
0001
0010
0100
0000
0000
1000
0000
0000
0000
0010
0100
0000
0001
0010
0100
,
0000
1000
0001
0100
0000
0000
0010
0000
0000
0100
0010
1000
0000
0100
0010
0001
,
0000
1000
0001
0100
0000
0000
0010
0000
0000
0100
0010
1000
0000
0100
0010
0001
,
1000
0000
0010
0100
0000
0000
0001
0000
0000
0000
0010
0100
0000
0010
0100
1000
,
0000
0001
0010
0100
0000
0000
1000
0000
0000
0000
0010
0100
0000
0001
0010
0100
,
0000
1000
0001
0100
0000
0000
0010
0000
0000
0100
0010
1000
0000
0100
0010
0001
,
0000
1000
0001
0100
0000
0000
0010
0000
0000
0100
0010
1000
0000
0100
0010
0001
,
0200
0000
0000
0000
,
0300
0020
0000
0000
,
0000
0030
2000
0000
,
0000
0002
0000
3003
,
0100
0000
0000
0000
0000
0000
0100
0000
0000
0000
0000
0000
0010
0000
0000
0010
,
0000
0000
1000
0000
0000
0001
0000
0000
0100
0000
0010
1000
0000
0000
1000
0100
,
0000
0000
0100
0010
0000
0000
0010
0001
0000
0000
0001
0100
0000
0000
0100
0010
,
0000
0000
0010
1000
0000
1000
0001
1000
0000
0000
0100
1000
0000
0000
1000
0010
,
0000
0000
0010
0100
0000
0000
0100
0001
0000
0000
0001
0010
0000
0000
0010
0100
,
0000
0000
0100
1000
0000
1000
0001
1000
0000
0000
0010
0100
0000
0000
0100
0001
,
0000
0000
0001
0100
0000
0000
0100
1000
0000
0000
1000
0100
0000
0000
0100
0010
,
0000
0000
0010
1000
0000
1000
0001
1000
0000
0000
0100
0010
0000
0000
0010
0001
,
0000
0000
0001
0010
0000
0000
0010
1000
0000
0000
1000
0010
0000
0000
0010
0100
,
0000
0000
0100
1000
0000
1000
0001
1000
0000
0000
0010
1000
0000
0000
0010
0100
,
0000
0000
0001
0100
0000
0000
0001
1000
0000
0000
0010
1000
0000
0000
0001
0100
,
0000
0000
0001
0010
0000
0100
1000
0100
0000
0000
0010
0001
0000
0000
0010
0100
,
0000
0000
1000
0100
0000
0000
1000
0001
0000
0000
0010
0001
0000
0000
1000
0100
,
0000
0000
1000
0010
0000
0100
0001
0100
0000
0000
0010
1000
0000
0000
0010
0100
,
0000
0000
0010
0001
0000
0000
0010
0100
0000
0000
0010
1000
0000
0000
0010
0100
,
0000
0000
0010
0001
0000
0010
0100
0010
0000
0000
0100
0001
0000
0000
0100
0010
,
0000
0000
0100
1000
0000
0000
0100
0010
0000
0000
0100
0001
0000
0000
0100
0010
,
0000
0000
0100
1000
0000
0100
0010
0100
0020
0000
0000
0000
0000
0000
0000
0000
,
0000
0000
0000
0000
,
0000
0000
0030
0000
,
0000
0000
0000
0000
;

//---------------dance-double - ----------------
#NOTES:
     dance-double:
     :
     Easy:
     5:
     0.216,0.259,0.000,0.068,0.010:
00000000
00000000
00000000
00000000
,
00000000
00000000
00000000
00000000
,
00000000
00000000
00000000
00000000
,
00000000
00000000
00000000
00000000
,
00000000
00000000
00000000
00000000
,
00100000
10000000
01000000
10000000
,
01000000
00010000
00001000
00000000
,
00000010
00000001
00000100
00000001
,
00000100
00001000
00010000
00000000
,
00100000
10000000
00100000
00000000
,
10000000
01000000
10000000
00000000
,
01000000
00010000
01000000
00000000
,
00010000
00001000
00010000
00000000
,
00001000
00000010
00001000
00000000
,
00000010
00000001
00000010
00000000
,
00000002
00000000
00000000
00000003
,
00002000
00000000
00000000
00003000
,
00000001
00000000
00000100
00000000
00000010
00010000
00001000
00000000
,
00010000
00000000
00000100
00000000
00010000
00001000
00100000
00000000
,
00010000
00000000
01000000
00000000
00100000
10000000
01000000
00000000
,
00100000
00000000
00001000
00000000
00010000
00000100
00000010
00000000
,
00000001
00000000
00000010
00000000
00000100
00010000
00001000
00000000
,
00010000
00000000
00000010
00000000
00010000
00001000
01000000
00000000
,
00010000
00000000
00100000
00000000
01000000
10000000
00100000
00000000
,
01000000
00000000
00001000
00000000
00010000
00000010
00000100
00000000
,
00000002
00000000
00000000
00000000
,
00000003
00000020
00000000
00000000
,
00000000
00000030
00000200
00000000
,
00000000
00020000
00000000
00030300
,
00001000
00000000
00000000
00000000
00000000
00000000
00001000
00000000
00000000
00000000
00000000
00000000
01000000
00000000
00000000
01000000
,
00000000
00000000
00100000
00000000
00000000
00100000
00000000
00000000
10000000
00000000
00000000
00000000
01000000
00000000
00000000
00000000
,
10000000
01000000
00010000
00001000
,
00000010
00001000
00000010
00000001
,
00000010
00000001
00000100
00001000
,
00010000
00100000
10000000
01000000
,
10000000
01000000
00010000
00001000
,
00000010
00001000
00000010
00000001
,
00000010
00000001
00000100
00001000
,
00010000
00100000
10000000
01000000
,
10000000
00010000
01000000
00100000
,
00010000
00001000
00000100
00000001
,
00000100
00001000
00000100
00001000
,
00010000
01000000
10000000
01000000
,
10000000
00010000
01000000
00100000
,
00010000
00001000
00000100
00000001
,
00000100
00001000
00000100
00001000
,
00010000
01000000
00200000
00000000
,
00000000
00000000
00000000
00000000
,
00000000
00000000
00300000
00000000
,
00000000
00000000
00000000
00000000
;

//---------------dance-double - ----------------
#NOTES:
     dance-double:
     :
     Medium:
     9:
     0.283,0.376,0.000,0.068,0.165:
00000000
00000000
00000000
00000000
,
00000000
00000000
00000000
00000000
,
00000000
00000000
00000000
00000000
,
00000000
00000000
00000000
00000000
,
00000000
00000000
00000000
00000000
,
00100000
01000000
10000000
00000000
00100000
01000000
00010000
00000000
,
00100000
01000000
00010000
00000000
00001000
00010000
00000100
00000000
,
00000010
00000100
00001000
00000000
00000010
00000100
00000001
00000000
,
00000010
00000100
00010000
00000000
00001000
01000000
00100000
00000000
,
10000000
01000000
00010000
00000000
00001000
00000000
00000000
00000000
,
00000010
00000100
00001000
00000000
00000001
00000000
00000000
00000000
,
00000100
00000010
00010000
00000000
00001000
00000000
00000000
00000000
,
01000000
00100000
10000000
00000000
00010000
00000000
00000000
00000000
,
00100000
01000000
00010000
00000000
00001000
00000000
00000000
00000000
,
00000010
00000100
00001000
00000000
00000001
00000000
00000000
00000000
,
00000200
00000000
00000000
00000300
,
00002000
00000000
00000000
00003000
,
00000000
00000000
00010000
00001000
00000000
00000000
01000000
00000000
00000000
00000000
00100000
10000000
00000000
00010000
01000000
00000000
,
00000000
00000000
00001000
00010000
00000000
00000000
00000100
00000000
00000000
00000000
00000010
00000001
00000000
00001000
00000100
00000000
,
00000000
00000000
00010000
00001000
00000000
00000000
01000000
00000000
00000000
00010000
00100000
01000000
00000000
10000000
01000000
00010000
,
00000000
00000000
00001000
00010000
00000000
00000000
00000100
00000000
00000000
00001000
00000010
00000100
00000000
00000001
00000100
00001000
,
00000000
00000000
00010000
00001000
00000000
00000000
00100000
00000000
00000000
00000000
01000000
10000000
00000000
00010000
00100000
00000000
,
00000000
00000000
00001000
00010000
00000000
00000000
00000010
00000000
00000000
00000000
00000100
00000001
00000000
00001000
00000010
00000000
,
00000000
00000000
00010000
00001000
00000000
00000000
00100000
00000000
00000000
00010000
01000000
00100000
00000000
10000000
00100000
00010000
,
00000000
00000000
00001000
00010000
00000000
00000000
00000010
00000000
00000000
00001000
00000100
00000010
00000000
00000001
00000010
00001000
,
00020000
00000000
00000000
00000000
,
00030000
00002000
00000000
00000000
,
00000000
00003000
02000000
00000000
,
00000000
00200000
00000000
03300000
,
10000000
00000000
00000000
00000000
00000000
00000000
10000000
00000000
00000000
00000000
00000000
00000000
01000000
00000000
00000000
01000000
,
00000000
00000000
00010000
00000000
00000000
00001000
00000000
00000000
00000000
00000000
00000100
00000000
00000000
00000000
00000001
00000000
,
00000000
00000010
00000000
00001000
00000000
00010000
00000000
01000000
,
00000000
10000000
01000000
10000000
00000000
00100000
00000000
10000000
,
00000000
01000000
00000000
00010000
00000000
00001000
00000000
00000010
,
00000000
00000001
00000100
00000001
00000000
00000010
00000000
00000001
,
00000000
00000100
00000000
00001000
00000000
00010000
00000000
00100000
,
00000000
10000000
00100000
10000000
00000000
01000000
00000000
10000000
,
00000000
00100000
00000000
00010000
00000000
00001000
00000000
00000100
,
00000000
00000001
00000010
00000001
00000000
00000100
00000000
00001000
,
00000000
00010000
00000000
00001000
00000000
01000000
00000000
00100000
,
00000000
10000000
01000000
10000000
00000000
01000000
00000000
00010000
,
00000000
00001000
00000000
00010000
00000000
00000100
00000000
00000010
,
00000000
00000001
00000100
00000001
00000000
00000010
00000000
00001000
,
00000000
00010000
00000000
00001000
00000000
00100000
00000000
01000000
,
00000000
10000000
00100000
10000000
00000000
00100000
00000000
00010000
,
00000000
00001000
00000000
00010000
00000000
00000010
00000000
00000100
,
00000000
00000001
00000010
00000001
00000200
00000000
00000000
00000000
,
00000000
00000000
00000000
00000000
,
00000000
00000000
00000300
00000000
,
00000000
00000000
00000000
00000000
;

//---------------dance-double - ----------------
#NOTES:
     dance-double:
     :
     Hard:
     12:
     0.414,0.447,0.000,0.068,0.728:
00000000
00000000
00000000
00000000
,
00000000
00000000
00000000
00000000
,
00000000
00000000
00000000
00000000
,
00000000
00000000
00000000
00000000
,
00000000
00000000
00000000
00000000
,
00100000
00000000
01000000
00000000
00001000
00010000
00000000
00000010
00000000
00000100
00000000
00000001
00000000
00001000
00000001
00000000
,
00000010
00000000
00000100
00000000
00010000
00001000
00000000
00100000
00000000
01000000
00000000
10000000
00000000
00010000
10000000
00000000
,
01000000
00000000
00100000
00000000
00001000
00010000
00000000
00000100
00000000
00000010
00000000
00000001
00000000
00001000
00000001
00000000
,
00000100
00000000
00000010
00000000
00010000
00001000
00000000
01000000
00000000
00100000
00000000
10000000
00000000
00010000
10000000
00000000
,
00100000
00000000
01000000
00000000
00010000
01000000
00000000
00001000
00000000
00010000
00000000
00000100
00000000
00000000
00000000
00000000
,
00000010
00000000
00000100
00000000
00001000
00000100
00000000
00010000
00000000
00001000
00000000
01000000
00000000
00000000
00000000
00000000
,
00100000
00000000
01000000
00000000
10000000
00000000
00000000
01000000
00000000
00100000
00000000
10000000
00000000
00000000
00000000
00000000
,
01000000
00000000
00010000
00000000
00001000
00000000
00000000
00000010
00000000
00000100
00000000
00000001
00000000
00000000
00000000
00000000
,
00000100
00000000
00001000
00000000
00000001
00000000
00000000
00000100
00000000
00000000
00000000
00000000
00000000
00000000
00000000
00000000
,
00000010
00000000
00000100
00000000
00001000
00000000
00000000
00010000
00000000
00000000
00000000
00000000
00000000
00000000
00000000
00000000
,
00200000
00000000
00000000
00300000
,
02000000
00000000
00000000
03000000
,
00010000
00000000
00100000
01000000
00000000
00000000
00010000
00000000
00000000
00000000
00000010
00000100
00000000
00000010
00001000
00000100
,
00000000
00000010
00000001
00000100
00000000
00000000
00001000
00000000
00000000
00000000
00100000
01000000
00000000
10000000
00010000
01000000
,
00000000
00100000
10000000
01000000
00000000
00000000
00010000
00000000
00000000
00001000
00000100
00000010
00000000
00000100
00000001
00000010
,
00000000
00000100
00000010
00001000
00000000
00000000
00010000
00000000
00000000
01000000
00100000
00010000
00000000
01000000
00000000
00001000
,
00010000
00000000
00100000
01000000
00000000
00000000
00010000
00000000
00000000
00000000
00000010
00000100
00000000
00000010
00001000
00000100
,
00000000
00000010
00000001
00000100
00000000
00000000
00001000
00000000
00000000
00000000
00100000
01000000
00000000
10000000
00010000
01000000
,
00000000
00100000
10000000
01000000
00000000
00000000
00010000
00000000
00000000
00001000
00000100
00000010
00000000
00000100
00000001
00000010
,
00000000
00000100
00000010
00001000
00000000
00000000
00010000
00000000
00000000
01000000
00100000
00010000
00000000
01000000
00000000
00001000
,
00020000
00000000
00000000
00000000
,
00030000
00002000
00000000
00000000
,
00000000
00003000
00000200
00000000
,
00000000
00000020
00000000
00000330
,
00001000
00000000
00000000
00000000
00000000
00000000
00000100
00000000
00000000
00000000
00000000
00000000
00000010
00000000
00000000
00000001
,
00000000
00000000
00000100
00000000
00000000
00001000
00000000
00000000
00100000
00000000
01000000
10000000
00000000
00000000
10000000
00100000
,
00000000
00000000
00100000
00010000
00000000
00000000
00010000
00001000
00000000
00000000
00001000
00000100
00000000
00000000
00000100
00000001
,
00000000
00000000
00000001
00000010
00000000
00000100
00000010
00000100
00000000
00000000
00000010
00000001
00000000
00000000
00000001
00000100
,
00000000
00000000
00000100
00001000
00000000
00000000
00001000
00010000
00000000
00000000
00010000
00100000
00000000
00000000
00100000
10000000
,
00000000
00000000
10000000
01000000
00000000
00100000
01000000
00100000
00000000
00000000
01000000
10000000
00000000
00000000
10000000
00100000
,
00000000
00000000
00100000
00010000
00000000
00000000
00010000
00001000
00000000
00000000
00001000
00000010
00000000
00000000
00000010
00000001
,
00000000
00000000
00000001
00000100
00000000
00000010
00000100
00000010
00000000
00000000
00000100
00000001
00000000
00000000
00000001
00000010
,
00000000
00000000
00000010
00001000
00000000
00000000
00001000
00010000
00000000
00000000
00010000
00100000
00000000
00000000
00100000
10000000
,
00000000
00000000
10000000
01000000
00000000
00100000
01000000
00100000
00000000
00000000
01000000
10000000
00000000
00000000
01000000
00100000
,
00000000
00000000
00010000
00100000
00000000
00000000
00001000
00100000
00000000
00000000
00001000
00010000
00000000
00000000
00000100
00010000
,
00000000
00000000
00000100
00001000
00000000
00000000
00000100
00000010
00000000
00000000
00000001
00000010
00000000
00000000
00000001
00001000
,
00000000
00000000
00000010
00001000
00000000
00000000
00000010
00000100
00000000
00000000
00000001
00000100
00000000
00000000
00000010
00001000
,
00000000
00000000
00000100
00000010
00000000
00000001
00001000
00000001
00000000
00000000
00000100
00000001
00000000
00000000
00000100
00000010
,
00000000
00000000
00001000
00000010
00000000
00000000
00010000
00000010
00000000
00000000
00010000
00001000
00000000
00000000
01000000
00001000
,
00000000
00000000
01000000
00010000
00000000
00000000
01000000
00100000
00000000
00000000
10000000
00100000
00000000
00000000
10000000
00010000
,
00000000
00000000
00100000
00010000
00000000
00000000
00100000
01000000
00000000
00000000
10000000
01000000
00000000
00000000
00100000
00010000
,
00000000
00000000
01000000
00100000
00000000
10000000
00010000
10000000
00200000
00000000
00000000
00000000
00000000
00000000
00000000
00000000
,
00000000
00000000
00000000
00000000
,
00000000
00000000
00300000
00000000
,
00000000
00000000
00000000
00000000
;
