#TITLE:INSIDE YOUR HEART;
#SUBTITLE:;
#ARTIST:AKIRA YAMAOKA;
#TITLETRANSLIT:;
#SUBTITLETRANSLIT:;
#ARTISTTRANSLIT:;
#CREDIT:;
#BANNER:INSIDE YOUR HEART.png;
#BACKGROUND:INSIDE YOUR HEART-bg.png;
#LYRICSPATH:;
#CDTITLE:./CDTITLES/DANCE DANCE REVOLUTION EXTREME 2.PNG;
#MUSIC:INSIDE YOUR HEART.ogg;
#OFFSET:0.000;
#SAMPLESTART:69.543;
#SAMPLELENGTH:15.000;
#SELECTABLE:YES;
#DISPLAYBPM:107.000;
#BPMS:0.000=107.303,8.000=106.997,156.000=106.984;
#STOPS:156.000=0.560
;
#BGCHANGES:0.000=INSIDE YOUR HEART.avi=1.000=0=0=0;

//---------------dance-single - ----------------
#NOTES:
     dance-single:
     :
     Beginner:
     3:
     0.112,0.169,0.030,0.000,0.000:
0000
0000
0000
0000
,
0000
0000
0000
0000
,
0000
0000
0000
0000
,
1000
0000
0000
0000
,
0001
0000
0000
0000
,
1000
0000
0000
0000
,
0001
0000
0000
0000
,
1000
1000
0000
0000
,
0001
0001
0000
0000
,
1000
1000
0000
0000
,
0001
0001
0000
0000
,
1000
1000
1000
0000
,
1000
1000
1000
0000
,
0001
0001
0001
0000
,
0100
0100
0100
0000
,
0010
0000
0010
0000
,
0100
0000
0100
0000
,
0001
0000
0001
0000
,
1000
0000
1000
0000
,
0001
0000
0000
0000
,
0001
0000
0000
0000
,
1000
0000
0000
0000
,
1000
0000
0000
0000
,
0010
0010
0010
0000
,
0100
0100
0100
0000
,
1000
0000
0000
0000
,
0001
0000
0000
0000
,
1000
0000
1000
0000
,
0001
0000
0001
0000
,
1000
0000
1000
0000
,
0100
0000
0100
0000
,
0010
0000
0000
0001
,
0001
0000
0000
1000
,
1000
0000
0000
0100
,
0100
0000
0100
0000
,
1001
0000
1001
0000
,
1001
0000
0000
0000
,
1000
0000
1000
0000
,
0001
0000
0001
0000
,
1000
1000
0000
0010
,
0000
0100
0000
0010
,
0000
1000
0000
0001
,
0000
1000
0000
0001
,
0000
0000
0000
0000
;

//---------------dance-single - ----------------
#NOTES:
     dance-single:
     :
     Easy:
     4:
     0.177,0.193,0.000,0.079,0.000:
0000
0000
0000
0000
,
0000
0000
0000
0000
,
0000
0000
0000
0000
,
2000
0000
0000
3000
,
0002
0000
0000
0003
,
1000
1000
0001
0000
,
0001
0001
1000
0000
,
1000
0001
1000
0000
,
0001
1000
0001
0000
,
1000
0100
1000
0000
,
0001
0100
0001
0000
,
0002
0000
0003
0001
,
1000
1000
1000
0000
,
0001
0001
0001
0000
,
0020
0000
0030
0000
,
0100
1000
0010
0000
,
0001
0100
1000
0000
,
1000
0001
0001
0000
,
0001
1000
0100
0000
,
0010
0100
0010
0000
,
0100
0010
0100
0000
,
1000
0100
0010
0000
,
0001
0100
0010
0000
,
1000
1000
0001
0001
,
1000
0001
1000
0000
,
1000
0010
0002
0000
,
2003
0000
0002
3003
,
1000
0010
1000
0000
,
1000
1000
0010
0000
,
0001
0100
0001
0000
,
0001
0001
0100
0000
,
1000
0100
1000
0100
,
0010
0001
0010
0001
,
1000
1000
0001
0001
,
1000
0010
0100
0001
,
0100
0000
0010
0000
,
0100
0010
0100
0010
,
1000
0000
0001
0000
,
1000
1000
0001
0001
,
0010
0010
0000
0100
,
0000
0010
0000
0100
,
0000
1000
0001
0100
,
0000
1000
0001
0010
,
0200
0300
0000
0000
,
0000
0000
0000
0000
;

//---------------dance-single - ----------------
#NOTES:
     dance-single:
     :
     Medium:
     6:
     0.276,0.278,0.059,0.040,0.005:
0000
0000
0000
0000
,
0000
0000
0000
0000
,
0000
0000
0000
0000
,
0010
0001
0010
0001
,
1000
0100
1000
0100
,
0010
0000
0010
0000
0001
0100
0001
0000
,
0010
0000
0010
0000
0100
1000
0100
0000
,
0010
0000
0001
0000
1000
0010
1000
0000
,
0010
0000
1000
0000
0001
0010
0001
0000
,
0100
0000
0001
0000
0100
0010
0100
0000
,
0010
0000
0100
0000
0010
1000
0001
0000
,
0010
0100
0020
0000
,
0130
0001
2000
0000
,
3001
0010
0100
0000
,
0010
0000
0000
0001
0000
0000
1000
0000
0000
0000
0000
0000
0001
0000
1000
0000
,
0001
0100
1000
0001
,
0010
0000
0001
0000
1000
0100
1000
0000
,
0010
0000
0100
0000
0001
0100
0001
0000
,
1000
0010
0200
0300
,
0001
1000
1000
0001
,
1000
1000
0100
0000
0001
0001
0010
0000
,
1000
0100
0010
0000
0010
0010
0001
0000
,
0001
0010
0100
0000
1000
1000
0100
0000
,
0001
0000
1000
0000
0010
0010
0010
0000
,
1000
0000
0001
0000
0100
0100
0100
0000
,
0001
0000
1000
0000
0100
0000
0001
0100
,
0020
0000
0000
0030
,
1001
0100
1001
0100
,
1000
1000
0001
0000
,
1001
1001
0100
1001
,
0100
0100
1001
0000
,
1000
0000
0001
0000
0100
0000
0001
0100
,
0001
0000
1000
0000
0010
1000
0001
1000
,
0100
0000
0010
0000
0001
1000
0001
0010
,
0100
0000
1000
0000
0010
0100
0001
0000
,
0010
0100
0000
0000
1000
0001
0000
0000
,
0100
0000
0100
0001
0100
0010
1000
0000
,
1000
0000
0001
0000
0010
1000
0100
0000
,
0001
0000
0100
0000
0001
1000
0100
0010
,
0001
0010
0100
1000
,
0010
0010
0100
0000
0001
0000
0010
0000
,
0100
1000
0100
0000
0010
0000
0001
0000
,
0100
0100
0010
0000
0100
0000
0001
0000
,
1000
0001
0000
0000
0000
0000
0000
0000
,
0000
0000
0000
0000
;

//---------------dance-single - ----------------
#NOTES:
     dance-single:
     :
     Hard:
     9:
     0.371,0.385,0.159,0.050,0.054:
0000
0000
0000
0000
,
0000
0000
0000
0000
,
0000
0000
0000
0000
,
0010
0001
1000
0100
,
0010
0001
0100
0010
,
1000
1000
0001
0000
0100
0000
0001
0000
,
0010
0010
0100
0000
1000
0000
0001
0000
,
1001
0001
0100
0000
0010
0000
1000
0000
,
1001
1000
0100
0000
0010
0000
0001
0000
,
0101
0100
0010
0000
1000
0000
0100
0000
,
1100
0000
0100
0000
0010
0000
0000
0000
0001
0000
0000
0000
0100
0010
0100
0010
,
0000
1000
0100
0010
0001
0000
0000
0000
,
0100
0010
0100
1000
0100
0000
0000
0000
,
0010
0001
0010
0100
0010
0000
0000
0000
,
1010
0000
0000
1100
0000
0000
0202
0000
0000
0000
0000
0000
0303
0000
0000
0000
,
1000
0000
0001
0000
1000
0010
0000
0000
0000
0000
0000
0000
0100
0000
0100
0000
,
0001
0000
1000
0000
0001
0010
0000
0000
0000
0000
0000
0000
0100
0000
0100
0000
,
0010
0000
0001
0000
1000
0001
0000
0000
0000
0000
0000
0000
0010
0000
0010
0000
,
0100
0000
1000
0000
0001
1000
0000
0000
0000
0000
0000
0000
1000
0000
1000
0000
,
0001
1000
0100
0010
0110
0000
1000
0000
,
1000
0001
0100
0010
0110
0000
0001
0000
,
0010
0100
1000
0001
1001
0000
0010
0000
,
0100
0010
0001
1000
1001
0000
0100
0000
,
0001
1000
0001
0010
0100
1000
0100
0000
,
1000
0001
1000
0010
0100
0001
0100
0000
,
1000
0100
1000
0100
2000
0000
0000
0000
,
3001
0100
0001
0100
0002
0000
0000
0000
,
1003
0010
1000
0100
0010
0000
1000
0000
,
0001
0010
0001
0100
0010
0000
0001
0000
,
1000
0001
0010
0100
1000
0000
0001
0000
,
0001
0100
0010
1000
0001
0000
1000
0000
,
1001
0100
1000
0100
1001
0100
0001
1000
,
1001
0100
1000
0001
0010
0100
1000
0001
,
1000
1000
0100
1000
0001
0001
0100
0001
,
0010
0010
0100
1000
0010
0010
0100
0001
,
0100
0110
0000
0000
0010
0110
0000
0000
,
0001
0100
0010
1000
0010
0100
0001
1000
,
0001
0001
0010
0001
1000
1000
0100
1000
,
0001
0100
0010
0001
0010
1000
0010
0100
,
0002
0103
0010
1000
,
0100
0100
0010
0001
0100
0000
0001
0000
,
0010
0010
0100
1000
0010
0000
0100
0000
,
0001
0100
0001
0100
0000
0000
0010
0000
1000
0000
0000
0000
0100
0000
0000
0000
,
1000
0001
1000
0001
0000
0000
0000
0000
0000
0000
0000
0000
0000
0000
0000
0000
,
0000
0000
0000
0000
;

//---------------dance-double - ----------------
#NOTES:
     dance-double:
     :
     Easy:
     3:
     0.180,0.193,0.000,0.089,0.000:
00000000
00000000
00000000
00000000
,
00000000
00000000
00000000
00000000
,
00000000
00000000
00000000
00000000
,
00002000
00000000
00000000
00003000
,
00020000
00000000
00000000
00030000
,
00001000
00010000
00001000
00000000
,
00000100
00000001
00000100
00000000
,
00000010
00000100
00000010
00000000
,
00010000
00000100
00010000
00000000
,
00001000
01000000
00001000
00000000
,
00100000
01000000
10000000
00000000
,
00020000
00000000
00000000
10030000
,
01000000
01000000
01000000
00010000
,
00001000
00001000
00001000
00010000
,
00020000
00000000
00030000
00000000
,
00000010
00001000
00000100
00000000
,
00000001
00001000
00000100
00000000
,
00010000
00001000
00010000
00000000
,
00100000
10000000
01000000
00000000
,
00010000
01000000
00010000
00000000
,
00100000
00001000
00100000
00000000
,
00001000
00010000
00001000
00000000
,
00000010
00000001
00000100
00000000
,
00000001
00000001
00000100
00000100
,
00001000
00010000
00001000
00000000
,
00100000
00100000
00020000
00000000
,
20030000
00000000
00000000
30000000
,
01000000
00010000
00002000
00000000
,
00013000
00010000
00010000
00000000
,
00000100
00000010
00000002
00000000
,
00001003
00001000
00001000
00000000
,
00000001
00000100
00000001
00000100
,
00000010
00001000
00000010
00001000
,
00000100
00000100
00010000
00010000
,
00001000
00010000
01000000
00100000
,
01000000
00000000
00010000
00000000
,
00100000
00010000
10000000
00010000
,
01000000
00000000
00010000
00000000
,
10000000
10000000
01000000
01000000
,
00010000
00001000
00000000
00010000
,
00000000
00001000
00000000
00000100
,
00000000
00000001
00001000
00000010
,
00000000
00001000
00000001
00000100
,
00000020
00000030
00000000
00000000
,
00000000
00000000
00000000
00000000
;

//---------------dance-double - ----------------
#NOTES:
     dance-double:
     :
     Medium:
     6:
     0.279,0.278,0.059,0.040,0.005:
00000000
00000000
00000000
00000000
,
00000000
00000000
00000000
00000000
,
00000000
00000000
00000000
00000000
,
00100000
10000000
01000000
10000000
,
01000000
00010000
00001000
00010000
,
00001000
00000000
00000010
00000000
00000001
00000010
00000001
00000000
,
00001000
00000000
00000001
00000000
00000100
00000001
00000100
00000000
,
00001000
00000000
00010000
00000000
00100000
00010000
00100000
00000000
,
10000000
00000000
01000000
00000000
00100000
00010000
00100000
00000000
,
00001000
00000000
00010000
00000000
00001000
00100000
00001000
00000000
,
00010000
00000000
00000100
00000000
00001000
00000100
00001000
00001000
,
00000010
00000100
00000020
00000000
,
00001030
00000100
00020000
00000000
,
00031000
00100000
01000000
00000000
,
00100000
00000000
00000000
01000000
00000000
00000000
10000000
00000000
00000000
00000000
00000000
00000000
00010000
00000000
10000000
00000000
,
01000000
00010000
00001000
00000010
,
00000100
00000000
00001000
00000000
00000001
00000100
00000001
00000000
,
00000100
00000000
00001000
00000000
00010000
00001000
00010000
00000000
,
00100000
10000000
02000000
03000000
,
10000000
01000000
00010000
00001000
,
00000010
00000010
00000001
00000000
00001000
00001000
00000100
00000000
,
00000001
00000100
00000010
00000000
00000100
00000100
00001000
00000000
,
00010000
01000000
00100000
00000000
00010000
00010000
01000000
00000000
,
00100000
00000000
10000000
00000000
01000000
01000000
01000000
00000000
,
00010000
00000000
00001000
00000000
00010000
00010000
00010000
00000000
,
00001000
00000000
00000100
00000000
00000001
00000000
00000010
00000100
,
00002000
00000000
00000000
00003000
,
00010100
00001000
00011000
00010000
,
00001000
00001000
01000000
00000000
,
01001000
01001000
00010000
00011000
,
00001000
00010000
00011000
00000000
,
00001000
00000000
00000100
00000000
00000001
00000000
00000010
00000001
,
00000010
00000000
00000100
00000000
00001000
00000001
00000100
00001000
,
00010000
00000000
00001000
00000000
00010000
01000000
10000000
01000000
,
00100000
00000000
00010000
00000000
01000000
00100000
00010000
00000000
,
00001000
00010000
00000000
00000000
00000010
00001000
00000000
00000000
,
00000100
00000000
00000100
00000001
00000100
00001000
00000100
00000000
,
00000001
00000000
00000100
00000000
00001000
00010000
01000000
00000000
,
10000000
00000000
01000000
00000000
00100000
00010000
01000000
00100000
,
10000000
01000000
00010000
00001000
,
00010000
00010000
00001000
00000000
00010000
00000000
00000010
00000000
,
00001000
00000100
00001000
00000000
00000010
00000000
00000100
00000000
,
00000001
00000001
00000010
00000000
00000100
00000000
00010000
00001000
,
00010000
00001000
00000000
00000000
00000000
00000000
00000000
00000000
,
00000000
00000000
00000000
00000000
;

//---------------dance-double - ----------------
#NOTES:
     dance-double:
     :
     Hard:
     9:
     0.372,0.385,0.159,0.050,0.054:
00000000
00000000
00000000
00000000
,
00000000
00000000
00000000
00000000
,
00000000
00000000
00000000
00000000
,
00000010
00001000
00000001
00000100
,
00001000
00010000
01000000
00100000
,
10000000
10000000
01000000
00000000
00100000
00000000
00001000
00000000
,
00010000
00010000
00000100
00000000
00000010
00000000
00000001
00000000
,
00001100
00001000
00000001
00000000
00000100
00000000
00001000
00000000
,
00011000
00001000
00010000
00000000
00100000
00000000
10000000
00000000
,
11000000
01000000
00100000
00000000
00010000
00000000
10000000
00000000
,
11000000
00000000
01000000
00000000
00010000
00000000
00000000
00000000
00001000
00000000
00000000
00000000
00010000
00001000
00010000
00001000
,
00010000
00001000
00000100
00000010
00000001
00000000
00000000
00000000
,
00001000
00000001
00000100
00001000
00010000
00000000
00000000
00000000
,
00001000
00010000
01000000
10000000
00010000
00000000
00000000
00000000
,
10100000
00000000
00000000
01010000
00000000
00000000
00022000
00000000
00000000
00000000
00000000
00000000
00033000
00000000
00000000
00000000
,
00010000
00000000
00001000
00000000
00000100
00000010
00000000
00000000
00000000
00000000
00000000
00000000
00000100
00000000
00000100
00000000
,
00000001
00000000
00000010
00000000
00001000
00010000
00000000
00000000
00000000
00000000
00000000
00000000
01000000
00000000
01000000
00000000
,
00100000
00000000
00001000
00000000
00010000
00001000
00000000
00000000
00000000
00000000
00000000
00000000
00010000
00000000
00010000
00000000
,
00001000
00000000
00000100
00000000
00000001
00000100
00000000
00000000
00000000
00000000
00000000
00000000
00000001
00000000
00001000
00000000
,
00000001
00000010
00001000
00010000
00011000
00000000
00100000
00000000
,
00010000
01000000
00100000
10000000
11000000
00000000
00100000
00000000
,
10000000
01000000
00010000
00001000
00011000
00000000
00000010
00000000
,
00001000
00000100
00000010
00000001
00000101
00000000
00000010
00000000
,
00000100
00001000
00010000
00001000
00000010
00001000
00010000
00000000
,
00001000
00010000
01000000
10000000
00100000
10000000
00010000
00000000
,
01000000
00010000
01000000
00001000
00020000
00000000
00000000
00000000
,
00031000
01000000
00010000
01000000
00002000
00000000
00000000
00000000
,
00013000
00000100
00001000
00000001
00000100
00000000
00000010
00000000
,
00001000
00000100
00010000
00001000
00100000
00000000
00010000
00000000
,
10000000
00100000
01000000
00010000
00100000
00000000
00001000
00000000
,
00010000
00000010
00001000
00000100
00010000
00000000
00001000
00000000
,
00011000
00001000
00000100
00000001
00000101
00000010
00001000
00010000
,
00011000
00010000
01000000
10000000
00100000
01000000
00010000
01000000
,
00001000
00010000
00000010
00001000
00000001
00000100
00000001
00000010
,
00000100
00001000
00000001
00000100
00001000
00010000
01000000
10000000
,
01000000
01100000
00000000
00000000
00001000
00011000
00000000
00000000
,
00000010
00001000
00000001
00000100
00000001
00000100
00001000
00010000
,
01000000
01000000
10000000
00100000
00010000
00010000
00001000
00000010
,
00001000
00010000
01000000
10000000
01000000
00010000
00001000
01000000
,
00020000
01030000
00001000
00010000
,
00001000
00001000
00010000
00000010
00001000
00000000
00000100
00000000
,
00000010
00000010
00000001
00001000
00000100
00000000
00000010
00000000
,
00000001
00000100
00000001
00000100
00000000
00000000
00000010
00000000
00001000
00000000
00000000
00000000
00000100
00000000
00000000
00000000
,
00010000
00001000
00010000
00001000
00000000
00000000
00000000
00000000
00000000
00000000
00000000
00000000
00000000
00000000
00000000
00000000
,
00000000
00000000
00000000
00000000
;
