#TITLE:Into the world;
#SUBTITLE:;
#ARTIST:QUADRA;
#TITLETRANSLIT:;
#SUBTITLETRANSLIT:;
#ARTISTTRANSLIT:;
#CREDIT:;
#BANNER:Into the world.png;
#BACKGROUND:Into the world-bg.png;
#LYRICSPATH:;
#CDTITLE:./CDTITLES/HOUSE LABEL.PNG;
#MUSIC:Into the world.mp3;
#OFFSET:-0.065;
#SAMPLESTART:38.180;
#SAMPLELENGTH:12.000;
#SELECTABLE:YES;
#DISPLAYBPM:126.000;
#BPMS:0.000=126.050;
#STOPS:;
#BGCHANGES:;

//---------------dance-single - ----------------
#NOTES:
     dance-single:
     :
     Easy:
     3:
     0.263,0.341,0.244,0.000,0.000:
0000
0000
0000
0000
,
0000
0000
0000
0000
,
0000
0000
0000
0000
,
0000
0000
0000
0000
,
1000
0001
1000
0001
,
0100
1000
0010
0100
,
0001
0100
0100
0010
,
0100
0010
1000
0100
,
1001
0001
1000
0100
,
0001
1000
0001
0100
,
0100
0010
0100
1000
,
0100
1000
0001
0100
,
1001
0000
0100
0100
,
1000
0000
0001
0001
,
0100
0000
0010
1000
,
0100
0000
0010
0100
,
1001
0000
1000
0001
,
0100
0000
0001
1000
,
0100
0000
0100
0010
,
0100
0000
0001
0010
,
1001
0000
1000
0010
,
0100
0000
1000
0010
,
1001
0000
1000
0000
,
1000
0001
1000
0001
1000
0001
1000
0001
,
0100
1000
0010
0100
,
1000
0100
0001
1000
,
0100
0010
0001
1000
,
0100
0001
0010
0100
,
1001
0010
0010
1000
,
0110
1000
0001
0100
,
1001
0100
0100
1001
,
1001
0010
0010
0110
,
0110
0001
0001
0100
,
1001
0010
0100
1001
,
1001
0000
0110
0000
,
1001
0000
0100
0100
,
1001
0000
0000
0000
;

//---------------dance-single - ----------------
#NOTES:
     dance-single:
     :
     Medium:
     4:
     0.313,0.390,0.460,0.000,0.000:
0000
0000
0000
0000
,
0000
0000
0000
0000
,
0000
0000
0000
0000
,
0000
0000
0000
0000
,
1001
0001
1000
0001
,
1000
0001
1000
0001
,
1000
0010
0100
0010
,
0100
0010
0100
0110
,
1001
0001
1000
0001
,
1000
0001
1000
0001
,
0100
0010
0100
0010
,
0100
1000
0001
0110
,
1001
0000
0000
0000
0000
0000
0000
1000
,
1000
0000
0000
0000
0000
0000
0000
0001
,
0001
0000
0000
0000
0000
0000
0000
0010
,
0010
0000
0000
0110
,
1001
0000
0001
0000
1000
0000
0001
1000
,
0100
0000
1000
0000
0001
0000
1000
0001
,
0100
0000
0010
0000
0100
0000
0010
1000
,
0100
0001
0001
0110
,
1001
0000
0001
0000
1000
0000
0010
0001
,
0100
0001
1000
0110
,
1001
0001
1000
1001
,
1000
0001
1000
0001
1000
0001
0010
0001
,
1001
0000
0010
0000
0100
0000
0100
0001
,
1000
0000
0001
0000
1000
0000
1000
0001
,
0100
0010
0010
1001
,
0110
0001
0001
0110
,
1001
0010
0010
1001
,
0110
1000
1000
0110
,
1001
0100
0100
1001
,
1001
0010
0010
0110
,
0110
0001
0001
0110
,
1001
0001
0001
1010
,
1100
0000
1010
0000
,
0101
0000
0110
0110
,
1001
0000
0000
0000
;

//---------------dance-single - ----------------
#NOTES:
     dance-single:
     :
     Hard:
     6:
     0.368,0.390,0.460,0.000,0.000:  // measure 1
0000
0000
0000
0000
,  // measure 2
0000
0000
0000
0000
,  // measure 3
0000
0000
0000
0000
,  // measure 4
0000
0000
0000
0000
,  // measure 5
1001
0000
0000
0000
1000
0001
0100
0010
,  // measure 6
1000
0000
0000
0000
0010
1000
0100
0001
,  // measure 7
0100
0000
0000
0000
0100
0001
0010
1000
,  // measure 8
0100
0000
0000
0000
0100
0001
0110
0000
,  // measure 9
1001
0000
0000
0000
1000
0100
0010
1000
,  // measure 10
0001
0000
0000
0000
1000
0100
0001
0100
,  // measure 11
0010
0000
0000
0000
0100
0010
0100
0100
,  // measure 12
0001
0000
0000
0000
1000
0100
0110
0000
,  // measure 13
1001
0000
0000
0000
0100
1000
0010
1000
,  // measure 14
0001
0000
0000
0000
0010
0100
0010
0100
,  // measure 15
0001
0000
0000
0000
0100
0010
0100
0010
,  // measure 16
1000
0000
0000
0000
1000
0001
0110
0000
,  // measure 17
1001
0000
0000
0000
1000
0001
0001
1000
,  // measure 18
0100
0000
0000
0000
0001
1000
1000
0001
,  // measure 19
0100
0000
0000
0000
0100
0001
0010
1000
,  // measure 20
0100
0000
0000
0000
0001
0010
0110
0000
,  // measure 21
1001
0000
0000
0000
1000
0100
0010
0001
,  // measure 22
0100
0000
0000
0000
1000
0100
0110
0000
,  // measure 23
1001
0001
1000
1001
,  // measure 24
1000
1000
1000
1000
0001
0001
0001
0001
,  // measure 25
0110
0000
0010
0001
0100
0000
0100
0000
,  // measure 26
1000
0000
0001
0100
1000
0000
1000
0000
,  // measure 27
0100
0000
0010
0100
0010
0000
0011
0000
,  // measure 28
1100
0000
0001
1000
0001
0000
1010
0000
,  // measure 29
0101
0000
0010
1000
0010
0000
0011
0000
,  // measure 30
1100
0000
1000
0001
1000
0000
1010
0000
,  // measure 31
0101
0000
0100
0001
0100
0000
0011
0000
,  // measure 32
1100
0000
0010
1000
0010
0000
0110
0000
,  // measure 33
0110
0000
0001
1000
0001
0000
0110
0000
,  // measure 34
1001
0000
0001
0100
0001
0000
1010
0000
,  // measure 35
1100
0001
1010
1000
,  // measure 36
0101
1000
0011
1100
,  // measure 37
1001
0000
0000
0000
;

//---------------dance-double - ----------------
#NOTES:
     dance-double:
     :
     Easy:
     4:
     0.310,0.390,0.433,0.000,0.000:
00000000
00000000
00000000
00000000
,
00000000
00000000
00000000
00000000
,
00000000
00000000
00000000
00000000
,
00000000
00000000
00000000
00000000
,
10010000
00010000
10000000
01000000
,
00100000
00010000
00000010
00000100
,
00000001
00000100
00001000
00000001
,
00000100
00000010
00001000
00100000
,
01100000
00010000
10000000
01000000
,
00100000
00010000
00001000
00000100
,
00000001
00000100
00001000
00000010
,
00001000
00100000
10000000
00010000
,
01100000
00000000
00000000
00000000
00000000
00000000
00000000
00010000
,
00001000
00000000
00000000
00000000
00000000
00000000
00000000
00000100
,
00000001
00000000
00000000
00000000
00000000
00000000
00000000
01000000
,
10000000
00000000
00000000
00011000
,
00011000
00000000
00000100
00000000
00000010
00000000
00000001
00000100
,
00000010
00000000
00001000
00000000
00010000
00000000
01000000
00100000
,
10000000
00000000
01000000
00000000
00010000
00000000
00001000
00000001
,
00000100
00001000
00010000
00011000
,
10010000
00000000
01000000
00000000
00100000
00000000
00010000
00001000
,
00000100
00000010
00000001
00000110
,
00011000
00010000
00100000
01100000
,
10000000
00010000
01000000
00001000
00010000
00000100
00001000
00000001
,
00000101
00000000
00000010
00000000
00001000
00000000
00010000
01000000
,
00010000
00000000
10000000
00000000
01000000
00000000
00010000
00001000
,
00010000
00000100
00000010
00001001
,
00011000
00100000
10000000
00011000
,
00000110
00000001
00000100
00011000
,
01100000
10000000
01000000
00011000
,
00000110
00000001
00000100
00011000
,
00011000
00100000
01000000
01100000
,
01100000
00010000
00001000
00000110
,
00001001
00001000
00010000
10010000
,
01010000
00000000
00001010
00000000
,
00000101
00000000
00011000
00011000
,
01100000
00000000
00000000
00000000
;

//---------------dance-double - ----------------
#NOTES:
     dance-double:
     :
     Medium:
     6:
     0.368,0.390,0.460,0.000,0.000:
00000000
00000000
00000000
00000000
,
00000000
00000000
00000000
00000000
,
00000000
00000000
00000000
00000000
,
00000000
00000000
00000000
00000000
,
00011000
00000000
00000000
00000000
00010000
00100000
10000000
00100000
,
00010000
00000000
00000000
00000000
00001000
00010000
00000100
00000001
,
00000100
00000000
00000000
00000000
00001000
00000100
00010000
00001000
,
00100000
00000000
00000000
00000000
00010000
10000000
01100000
00000000
,
00011000
00000000
00000000
00000000
00000010
00000001
00000100
00001000
,
00010000
00000000
00000000
00000000
00010000
00100000
10000000
01000000
,
00010000
00000000
00000000
00000000
00001000
00000010
00000001
00000100
,
00001000
00000000
00000000
00000000
00100000
10000000
10010000
00000000
,
00011000
00000000
00000000
00000000
00000010
00001000
00000001
00000100
,
00001000
00000000
00000000
00000000
00010000
00100000
01000000
10000000
,
00010000
00000000
00000000
00000000
00010000
00000010
00000001
00001000
,
00000100
00000000
00000000
00000000
00001000
00010000
00011000
00000000
,
01100000
00000000
00000000
00000000
00100000
00010000
00001000
00010000
,
00000100
00000000
00000000
00000000
00000100
00010000
00001000
00010000
,
01000000
00000000
00000000
00000000
00010000
00001000
00000010
00000001
,
00000100
00000000
00000000
00000000
00010000
00001000
00011000
00000000
,
10010000
00000000
00000000
00000000
00100000
00010000
00001000
00000010
,
00000100
00000000
00000000
00000000
00001000
00000100
00000110
00000000
,
00011000
00010000
10000000
01100000
,
10000000
01000000
10000000
00010000
00100000
00001000
00010000
00000100
,
00000011
00000000
00000010
00001000
00000001
00000000
00001000
00000000
,
00010000
00000000
10000000
00010000
01000000
00000000
00010000
00000000
,
00001000
00000000
00000100
00001000
00000010
00000000
00001010
00000000
,
00011000
00000000
00100000
01000000
10000000
00000000
00011000
00000000
,
00000101
00000000
00000010
00001000
00000100
00000000
00011000
00000000
,
11000000
00000000
10000000
00010000
01000000
00000000
00011000
00000000
,
00000011
00000000
00000001
00000100
00000010
00000000
00011000
00000000
,
01010000
00000000
00100000
10000000
01000000
00000000
00110000
00000000
,
11000000
00000000
00010000
01000000
00001000
00000000
00011000
00000000
,
00001100
00000000
00000001
00000100
00000001
00000000
00001100
00000000
,
00011000
00100000
11000000
00010000
,
00011000
00000010
00000011
00001100
,
00011000
00000000
00000000
00000000
;
