#TITLE:Ishtar;
#SUBTITLE:;
#ARTIST:劇団レコード;
#TITLETRANSLIT:;
#SUBTITLETRANSLIT:;
#ARTISTTRANSLIT:Gekidan Record;
#GENRE:;
#CREDIT:;
#BANNER:Ishtar.png;
#BACKGROUND:Ishtar-bg.png;
#LYRICSPATH:;
#CDTITLE:./CDTitles/DDR A.png;
#MUSIC:Ishtar.ogg;
#OFFSET:0.000000;
#SAMPLESTART:41.537998;
#SAMPLELENGTH:15.000000;
#SELECTABLE:YES;
#BPMS:0.000000=156.000000
;
#STOPS:
;
#BGCHANGES:;
#KEYSOUNDS:;
#ATTACKS:;

//---------------dance-single - ----------------
#NOTES:
     dance-single:
     :
     Beginner:
     3:
     0.107768,0.182381,0.026625,0.044375,0.000000,85.000000,82.000000,3.000000,5.000000,0.000000,0.000000,0.107768,0.182381,0.026625,0.044375,0.000000,85.000000,82.000000,3.000000,5.000000,0.000000,0.000000:
0000
0000
0000
0000
,
0000
0000
0000
0000
,
0000
0000
0000
0000
,
0000
0000
0000
0000
,
0000
0000
0000
0000
,
1000
0000
0010
0000
,
1000
0000
0000
0000
,
0001
0000
0010
0000
,
0001
0000
0000
0000
,
1000
0000
0000
0000
,
0001
0000
0000
0000
,
1000
0000
1000
0000
,
0001
0000
0001
0000
,
0001
0000
0000
0000
,
1000
0000
0000
0000
,
0010
0000
0000
0000
,
0010
0010
0010
0000
,
1000
0000
0100
0000
,
1000
0000
0000
0000
,
0000
0000
0000
0000
,
0000
0000
0000
0000
,
0000
0000
0000
0000
,
0000
0000
0000
0000
,
1000
0000
1000
0000
,
0010
0000
0010
0000
,
0010
0000
0000
0000
,
1001
0000
0000
0000
,
0001
0000
0010
0000
,
0001
0000
0100
0000
,
1000
0000
0010
0000
,
1000
0000
0100
0000
,
1000
0000
1000
0000
,
0001
0000
0001
0000
,
1000
0000
0010
0000
,
1000
0000
0000
0000
,
0002
0000
0000
0000
,
0003
0000
0000
0000
,
0020
0000
0000
0000
,
0030
0000
0000
0000
,
2000
0000
0000
0000
,
3000
0000
0000
0000
,
0002
0000
0000
0000
,
0003
0000
0000
0000
,
1000
0000
1000
0000
,
0010
0000
0000
0000
,
1000
0000
1000
0000
,
0100
0000
0000
0000
,
0001
0000
0001
0000
,
0010
0000
0010
0000
,
0001
0000
0001
0000
,
0200
0000
0000
0000
,
0300
0000
0000
0000
,
1001
0000
0000
0000
,
0000
0000
0000
0000
,
0000
0000
0000
0000
,
0000
0000
0000
0000
,
0000
0000
0000
0000
,
0001
0000
0001
0000
,
0010
0000
0010
0000
,
0010
0000
0000
0000
,
1001
0000
0000
0000
,
1000
0000
0010
0000
,
1000
0000
0100
0000
,
0001
0000
0010
0000
,
0001
0000
0100
0000
,
0001
0000
0001
0000
,
1000
0000
1000
0000
,
0001
0000
0010
0000
,
0001
0000
0100
0000
;

//---------------dance-single - ----------------
#NOTES:
     dance-single:
     :
     Easy:
     5:
     0.200322,0.305078,0.044375,0.150875,0.000000,158.000000,153.000000,5.000000,17.000000,0.000000,0.000000,0.200322,0.305078,0.044375,0.150875,0.000000,158.000000,153.000000,5.000000,17.000000,0.000000,0.000000:
0000
0000
0000
0000
,
0000
0000
0000
0000
,
0000
0000
0000
0000
,
0000
0000
0000
0000
,
0000
0000
0000
0000
,
1000
0100
0010
0100
,
1000
0100
0010
0000
,
0010
0001
0010
0100
,
0010
0000
0000
0001
,
1000
0010
0000
1000
,
0001
0010
0000
0010
,
0001
1000
0000
0001
,
1000
0100
0000
1000
,
0100
0001
0000
0001
,
0100
1000
0000
0001
,
1000
0001
0100
0010
,
0100
0000
0000
0001
,
0100
1000
0100
0001
,
2002
0000
0000
3003
,
0000
0000
0000
0000
,
0000
0000
0000
0000
,
0000
0000
0000
0000
,
0000
0000
0000
0000
,
0001
0001
0001
0001
,
1000
1000
1000
1000
,
0100
0001
0010
1000
,
2002
0000
0000
3003
,
0000
0001
1000
0001
,
1000
0100
0010
0001
,
0000
0001
1000
0001
,
0100
0010
1000
0100
,
0010
0001
0010
0001
,
0100
0010
0100
0010
,
1000
0100
1000
0100
,
0020
0000
0030
0000
,
0002
0000
0000
0000
,
0203
0000
0000
0000
,
0302
0000
0000
0000
,
2003
0000
0000
0000
,
3200
0000
0000
0000
,
0302
0000
0000
0000
,
0203
0000
0000
0000
,
0300
0000
0000
0000
,
0010
0000
0001
0100
,
0001
0000
0000
1000
0000
1000
0000
0000
,
0001
0000
1000
0100
,
0100
1000
1000
0000
,
0000
0001
0000
1000
,
0000
0010
0000
0100
,
0000
0001
0000
1000
,
0200
0000
0000
0000
,
1300
0001
0100
0010
,
0200
0000
0000
0300
,
0000
0000
0000
0000
,
0000
0000
0000
0000
,
0000
0000
0000
0000
,
0000
0000
0000
0000
,
1000
1000
1000
1000
,
0001
0001
0001
0001
,
0100
1000
0010
0001
,
2002
0000
3003
1001
,
0000
1000
0001
1000
,
0001
0100
0010
1000
,
0000
1000
0001
1000
,
0100
0010
0001
0100
,
0000
1001
0010
1000
,
0100
0010
0100
0010
,
0001
0100
0001
0100
,
0020
0000
0000
0030
;

//---------------dance-single - ----------------
#NOTES:
     dance-single:
     :
     Medium:
     11:
     0.442482,0.549141,0.381625,0.257375,0.004438,349.000000,306.000000,43.000000,29.000000,0.000000,0.000000,0.442482,0.549141,0.381625,0.257375,0.004438,349.000000,306.000000,43.000000,29.000000,0.000000,0.000000:
0000
0000
0000
0000
,
0000
0000
0000
0000
,
0000
0000
0000
0000
,
0000
0000
0000
0000
,
0000
0000
0000
0000
0000
0001
1000
0001
,
0010
0100
0010
0100
1000
0100
1000
0100
,
0010
0001
0010
0001
0100
0001
0100
0001
,
0010
0100
0010
0100
1000
0010
0100
0001
,
0020
0000
0000
0000
0030
0000
0001
0100
,
1000
0100
0001
0100
0000
0010
1000
0010
,
0001
0010
1000
0010
0000
1000
0100
0001
,
0100
1000
0100
0001
0000
0100
1000
0010
,
0000
0010
1000
0100
0000
1000
0100
0001
,
0100
0010
0001
0010
0000
0001
1000
0001
,
0100
0010
1000
0010
0000
1000
0001
1000
,
0010
0100
0010
0100
0001
0010
0001
0100
,
0010
1010
0101
1100
,
1000
0100
0001
0100
0001
0100
1000
0001
,
0200
0000
0000
0300
,
0001
1000
0001
0110
,
1000
0001
1000
0110
,
0001
0010
0100
1001
,
1000
0010
0100
1001
,
0011
1100
0011
1001
,
1010
0101
1010
1001
,
0011
1010
1100
0101
,
2002
0000
0000
3003
,
1100
0000
0100
0010
0001
0010
0100
0010
,
0001
0010
0100
1000
0100
0001
0100
0000
,
1001
0000
0010
0001
0100
0001
0010
0001
,
0100
0001
1000
0010
1000
0001
0010
0000
,
0011
0000
0001
0100
0010
1000
0001
0100
,
0001
1000
0100
0010
0001
0010
0100
1000
,
0001
0100
0010
0100
0001
1000
0100
0010
,
0100
1000
0001
0100
0002
0000
0000
0000
,
2003
0000
3200
0000
,
0302
0000
0000
0000
,
0203
0000
2300
0000
,
3002
0000
2003
0000
,
3020
0000
0230
0000
,
0302
0000
0023
0000
,
0230
0000
0000
0000
,
0300
0000
0000
0000
0000
0000
1000
0001
,
2000
0000
0000
0000
3020
0000
0000
0130
,
0001
0100
0000
0101
0000
1001
1000
0001
,
1000
0000
0100
0010
0100
0000
1000
0001
,
1000
0100
0001
0100
1000
0000
0001
0010
,
1000
1010
0100
1100
,
0001
0101
0010
0110
,
1000
1001
0100
0110
,
2002
0000
0000
3003
,
0001
0010
0000
0010
0000
0010
0000
0002
,
2000
0000
0000
3003
,
2020
0000
0000
0000
,
0000
0000
0000
3000
,
0200
0000
0000
0030
,
0002
0000
0000
0303
,
0101
1000
0101
1000
,
1010
0001
1010
0001
,
1001
0100
1001
0100
,
2002
0000
3003
1001
,
0101
0000
0100
0010
1000
0010
0100
0010
,
1000
0010
0100
0001
0100
1000
0100
0000
,
1001
0000
0010
1000
0100
1000
0010
1000
,
0100
1000
0001
0010
0001
1000
0010
0000
,
0000
0000
1000
0000
0000
0001
0000
0000
0010
0000
0001
0000
1000
0000
0100
0000
,
1000
0001
0100
0010
1000
0010
0001
0010
,
1000
0100
0010
0100
1000
0001
0100
0010
,
0100
0001
1000
0100
0010
0001
0010
0000
;

//---------------dance-single - ----------------
#NOTES:
     dance-single:
     :
     Hard:
     14:
     0.540107,0.671782,0.239625,0.230750,0.310625,426.000000,399.000000,27.000000,26.000000,0.000000,0.000000,0.540107,0.671782,0.239625,0.230750,0.310625,426.000000,399.000000,27.000000,26.000000,0.000000,0.000000:
0000
0000
0000
0000
,
0000
0000
0000
0000
,
0000
0000
0000
0000
,
0000
0000
0000
0000
,
0000
0000
0000
0000
0000
1000
0100
0010
,
0001
0001
0010
0100
1000
1000
0001
0100
,
0010
0000
1000
0100
0010
0000
0100
0000
1000
0000
0001
0000
1000
0000
0010
0000
,
1000
1000
0100
0001
0001
0100
1000
0001
,
0200
0000
1000
0000
0001
0000
0310
1000
,
0100
0010
0001
0100
0000
0100
0010
1000
,
0001
0000
0100
0001
0100
0000
0010
0000
0000
0000
1000
0000
0001
0000
0100
0000
,
1000
0000
0100
0000
0001
0000
0010
0000
0000
0000
0001
1000
0001
0000
0100
0000
,
0000
0000
0100
0001
0100
0000
0010
0000
0000
0000
0100
0000
0001
0000
0010
0000
,
0100
1000
0010
1010
0000
0010
1000
0100
,
0010
0001
0100
0101
0000
0100
0001
0010
,
0100
0000
0100
0000
1000
0000
0010
0000
1000
0000
0001
1000
0001
0000
0010
0000
,
0100
0000
1001
0000
0011
0000
1000
0001
,
0100
0010
0001
0010
1000
0100
0001
0100
,
2000
0000
0000
3000
,
0001
0000
0000
0000
0010
0000
0000
0000
0100
0000
0000
0000
1000
0001
0010
0100
,
1000
0000
0000
0000
0010
0000
0000
0000
0100
0000
0000
0000
0001
1000
0010
0100
,
0001
0000
0000
0000
0010
0000
0000
0000
0100
0000
0000
0000
1000
0001
0010
0100
,
1000
0000
0000
0000
0010
0000
0000
0000
0100
0000
0000
0000
0001
1000
0010
0100
,
0001
0000
0000
0000
1100
0000
0000
0000
0101
0000
0000
0000
0100
0010
1000
0001
,
0010
0000
0000
0000
0011
0000
0000
0000
1010
0000
0000
0000
0010
0100
0001
1000
,
0100
1100
0011
1001
,
0202
0000
0000
0303
,
1000
0000
0001
0000
0100
0001
0000
0010
0000
0000
0100
1000
0010
0000
1000
0000
,
0001
0000
0000
0100
0000
0000
1000
0000
0100
0001
0100
0010
1000
0000
0001
0000
,
1000
0000
0001
0000
0100
0010
0000
1000
0000
0000
0010
0100
0001
0000
0010
0000
,
1000
0000
0000
0010
0000
0000
1000
0000
0010
0000
0001
0000
1000
0100
0000
0000
,
0010
0000
0001
0000
0100
0001
0000
0100
0000
0000
0010
1000
0100
0000
1000
0000
,
0001
0000
0000
0100
0000
0000
0001
0000
1000
0100
0001
0100
1000
0000
0100
0000
,
1000
0000
0001
0000
0010
0001
0000
0100
0000
0000
0010
0100
0010
0000
1000
0000
,
0001
0000
0000
1000
0000
0000
0100
0000
0002
0000
0000
0000
0000
0000
0000
0000
,
0203
0010
2300
0001
,
3020
0100
2030
0100
,
3002
0010
2003
0010
,
3001
0100
1000
0100
0001
0000
0010
0001
,
0200
1000
0320
1000
,
0130
0000
0001
1000
0001
0000
0010
0001
,
0200
0000
0000
0000
,
0310
0100
0010
0000
1000
0100
0000
0010
0100
0000
1000
0001
1000
0000
0001
0000
,
0200
0000
0000
0000
0320
0000
0000
1030
,
0001
0010
0000
1010
0000
0011
0001
0100
,
1000
0000
1000
0100
0001
0000
1000
0000
,
0010
1000
0100
1000
0010
0000
0100
0001
,
0010
0000
0100
1000
0010
0000
0001
0010
,
1000
0000
0001
0100
1000
0000
1000
0100
,
0001
0000
0010
0001
0100
0001
1000
0100
,
2000
0000
0000
3000
,
0010
0100
0000
1001
0000
0110
0000
1001
,
2200
0000
0000
3300
,
0202
0000
0000
0300
,
0020
0000
0000
0003
,
0200
0000
0000
0030
,
2000
0000
0000
3300
,
0110
0000
0000
0000
1001
0000
0000
0000
0101
0000
0000
0000
0010
1000
0001
0100
,
0010
0000
0000
0000
1100
0000
0000
0000
1001
0000
0000
0000
0100
0001
1000
0010
,
0100
0000
0001
0000
1000
0000
0010
0000
0100
0000
0001
0000
1000
0001
1000
0002
,
2000
0000
3003
1001
,
0001
0000
1000
0000
0100
1000
0000
0010
0000
0000
0100
0001
0010
0000
0001
0000
,
1000
0000
0000
0100
0000
0000
0001
0000
0100
1000
0100
0010
0001
0000
1000
0000
,
0001
0000
1000
0000
0100
0010
0000
0001
0000
0000
0010
0100
1000
0000
0010
0000
,
0001
0000
0000
0010
0000
0000
0001
0000
0010
0000
1000
0000
0001
0100
0000
0000
,
0000
0000
0110
0000
0000
1001
0000
0000
0001
0000
0010
0001
0100
0000
0001
0000
,
1000
0000
0000
0100
0000
0000
1000
0000
0001
0100
1000
0100
0001
0000
0100
0000
,
0001
0000
1000
0000
0010
0000
1000
0000
0001
1000
0010
0100
0010
1000
0001
0010
,
0100
0000
0000
1000
0000
0000
0100
0000
0100
0000
1000
0000
0001
1000
0000
0000
;

//---------------dance-double - ----------------
#NOTES:
     dance-double:
     :
     Easy:
     5:
     0.207929,0.305078,0.044375,0.150875,0.000000,164.000000,159.000000,5.000000,17.000000,0.000000,0.000000,0.207929,0.305078,0.044375,0.150875,0.000000,164.000000,159.000000,5.000000,17.000000,0.000000,0.000000:
00000000
00000000
00000000
00000000
,
00000000
00000000
00000000
00000000
,
00000000
00000000
00000000
00000000
,
00000000
00000000
00000000
00000000
,
00000000
00000000
00000000
00000000
,
00010000
00001000
00010000
01000000
,
00010000
00001000
00010000
00000000
,
00001000
00000010
00001000
00010000
,
00001000
00000000
00000000
00000010
,
00000001
00001000
00000000
00000010
,
00010000
00001000
00000000
00100000
,
00010000
10000000
00000000
00010000
,
01000000
00001000
00000000
00001000
,
01000000
00010000
00000000
10000000
,
01000000
00010000
00000000
00001000
,
00010000
00001000
00000010
00000100
,
00000010
00000000
00000000
00000001
,
00000100
00001000
00010000
00001000
,
00022000
00000000
00000000
00033000
,
00000000
00000000
00000000
00000000
,
00000000
00000000
00000000
00000000
,
00000000
00000000
00000000
00000000
,
00000000
00000000
00000000
00000000
,
00100000
00001000
00100000
00001000
,
00010000
00000010
00010000
00000010
,
00010000
00000100
00000010
00000010
,
00002002
00000000
00000000
00003003
,
00000000
00010000
00001000
00010000
,
00001000
00100000
01000000
10000000
,
00000000
10000000
00010000
01000000
,
00001000
00010000
00001000
00000100
,
00000010
00000100
00000010
00000100
,
00000001
00000100
00001000
00000100
,
00001000
00010000
00001000
00010000
,
02000000
00000000
03000000
00000000
,
20000000
00000000
00000000
00000000
,
32000000
00000000
00000000
00000000
,
03020000
00000000
00000000
00000000
,
00032000
00000000
00000000
00000000
,
00023000
00000000
00000000
00000000
,
00030020
00000000
00000000
00000000
,
00000230
00000000
00000000
00000000
,
00000300
00000000
00000000
00000000
,
00000010
00000000
00001000
00000100
,
00010000
00000000
00000000
00001000
00000000
00001000
00000000
00000000
,
00010000
00000000
01000000
10000000
,
01000000
10000000
00100000
00000000
,
01000000
00100000
01000000
00010000
,
01000000
00001000
01000000
00100000
,
01000000
10000000
01000000
00100000
,
02000000
00000000
00000000
00000000
,
03010000
00100000
00001000
00010000
,
00002000
00000000
00000000
00003000
,
00000000
00000000
00000000
00000000
,
00000000
00000000
00000000
00000000
,
00000000
00000000
00000000
00000000
,
00000000
00000000
00000000
00000000
,
00000010
00010000
00000010
00010000
,
00001000
00100000
00001000
00100000
,
00001000
01000000
00100000
00100000
,
20020000
00000000
30030000
10010000
,
00000000
00001000
00010000
00001000
,
00010000
00000010
00000100
00000001
,
00000000
00000001
00001000
00000100
,
00010000
00001000
00010000
01000000
,
00000000
01100000
00100000
01000000
,
10000000
01000000
00010000
01000000
,
00010000
00001000
00010000
00001000
,
00000200
00000000
00000000
00000300
;

//---------------dance-double - ----------------
#NOTES:
     dance-double:
     :
     Medium:
     11:
     0.436143,0.549141,0.346125,0.257375,0.008875,344.000000,305.000000,39.000000,29.000000,0.000000,0.000000,0.436143,0.549141,0.346125,0.257375,0.008875,344.000000,305.000000,39.000000,29.000000,0.000000,0.000000:
00000000
00000000
00000000
00000000
,
00000000
00000000
00000000
00000000
,
00000000
00000000
00000000
00000000
,
00000000
00000000
00000000
00000000
,
00000000
00000000
00000000
00000000
00000000
00010000
00001000
00010000
,
00000010
00000100
00000010
00000100
00001000
00010000
00001000
00010000
,
01000000
00100000
01000000
00100000
01000000
10000000
01000000
10000000
,
00100000
01000000
00100000
01000000
00010000
00100000
00001000
00010000
,
00000200
00000000
00000000
00000000
00000300
00000000
00001000
00000100
,
00000001
00000100
00001000
00000100
00000000
00010000
00001000
00000010
,
00001000
00010000
00001000
00010000
00000000
00010000
01000000
10000000
,
01000000
00010000
01000000
10000000
00000000
01000000
00010000
00001000
,
00000000
00001000
00010000
01000000
00000000
10000000
01000000
00010000
,
00001000
00010000
00001000
00100000
00000000
00001000
00010000
00001000
,
00000010
00000001
00000010
00000001
00000000
00001000
00000001
00001000
,
00000100
00000010
00000100
00000010
00001000
00010000
00001000
00010000
,
00001000
00101000
01010000
11000000
,
10000000
01000000
00010000
00001000
00010000
00001000
00000100
00000001
,
00000200
00000000
00000000
00000300
,
00000001
00001000
00010000
01000000
,
00010000
10000000
00010000
00001000
,
00000001
00001000
00010000
01000000
,
00010000
10000000
00010000
00001000
,
00011000
00001010
00011000
00001100
,
00011000
00110000
00011000
01010000
,
00011000
00001010
00011000
01010000
,
00022000
00000000
00000000
00033000
,
00001100
00000000
00000100
00000010
00000001
00000010
00000100
00000010
,
00000001
00000010
00000100
00010000
00000100
00000010
00000100
00000000
,
00011000
00000000
00000010
00010000
00001000
00010000
00000010
00010000
,
00001000
00010000
00100000
00010000
00001000
00010000
00100000
00000000
,
10010000
00000000
10000000
01000000
00010000
01000000
10000000
01000000
,
00010000
00001000
00010000
01000000
00010000
00001000
00010000
00001000
,
00010000
00000010
00000100
00000010
00000001
00000010
00000100
00001000
,
00010000
00001000
00010000
00100000
00200000
00000000
00000000
00000000
,
20300000
00000000
32000000
00000000
,
03020000
00000000
00000000
00000000
,
00032000
00000000
00203000
00000000
,
00302000
00000000
00003020
00000000
,
00000230
00000000
00000320
00000000
,
00000032
00000000
00000203
00000000
,
00002300
00000000
00000000
00000000
,
00003000
00000000
00000000
00000000
00000000
00000000
00010000
00001000
,
00020000
00000000
00000000
00000000
00230000
00000000
00000000
01300000
,
00010000
01000000
00000000
01010000
00000000
00011000
00001000
00010000
,
00001000
00000000
00000100
00000010
00000100
00000000
00000001
00001000
,
00000001
00000100
00001000
00010000
00001000
00000000
00010000
00001000
,
00010000
00100000
00011000
00000100
,
00011000
01000000
00011000
00000010
,
00011000
00100000
01010000
00011000
,
00022000
00000000
00000000
00033000
,
00001000
00010000
00000000
00100000
00000000
00010000
00000000
00002000
,
00020000
00000000
00000000
00033000
,
00220000
00000000
00000000
00000000
,
00000000
00000000
00000000
00030000
,
02000000
00000000
00000000
00300000
,
20000000
00000000
00000000
33000000
,
01010000
00001000
01010000
00001000
,
00110000
10000000
00110000
10000000
,
00011000
00000100
00011000
00000100
,
00022000
00000000
00033000
00011000
,
01010000
00000000
01000000
00100000
10000000
00100000
01000000
00100000
,
10000000
00100000
01000000
00001000
01000000
00100000
01000000
00000000
,
00011000
00000000
00100000
00001000
00010000
00001000
00100000
00001000
,
00010000
00001000
00000010
00001000
00010000
00001000
00000010
00000000
,
00000000
00000000
00000001
00000000
00000000
00000100
00000000
00000000
00001000
00000000
00000100
00000000
00000001
00000000
00000100
00000000
,
00001000
00010000
00001000
00000100
00001000
00010000
00001000
00010000
,
00001000
00100000
01000000
00100000
10000000
00100000
01000000
00010000
,
00001000
00000000
00000000
00010000
00000000
00000000
00001000
00000000
00000010
00000000
00000100
00000000
00000010
00000000
00000000
00000000
;

//---------------dance-double - ----------------
#NOTES:
     dance-double:
     :
     Hard:
     14:
     0.532500,0.671782,0.266250,0.239625,0.288438,420.000000,390.000000,30.000000,27.000000,0.000000,0.000000,0.532500,0.671782,0.266250,0.239625,0.288438,420.000000,390.000000,30.000000,27.000000,0.000000,0.000000:
00000000
00000000
00000000
00000000
,
00000000
00000000
00000000
00000000
,
00000000
00000000
00000000
00000000
,
00000000
00000000
00000000
00000000
,
00000000
00000000
00000000
00000000
00000000
10000000
01000000
00100000
,
00001000
00001000
00010000
01000000
10000000
10000000
00100000
00010000
,
00001000
01000000
00100000
00010000
00001000
00000100
00000010
00000100
,
00000001
00000001
00000100
00001000
00010000
00000010
00000100
00001000
,
00020000
00000000
01000000
00000000
00001000
00000000
00130000
10000000
,
01000000
00001000
00010000
00100000
00000000
01000000
00100000
00001000
,
00010000
00000000
00001000
00010000
00001000
00000000
00000100
00000000
00000000
00000000
00000001
00000000
00000100
00000000
00001000
00000000
,
00010000
00000000
00000010
00000000
00001000
00000000
00010000
00000000
00000000
00000000
10000000
00010000
10000000
00000000
00010000
00000000
,
00000000
00000000
00010000
00001000
00010000
00000000
00001000
00000000
00000000
00000000
01000000
00000000
00010000
00000000
00100000
00000000
,
00001000
00000010
00000100
00010100
00000000
00000100
00001000
00000010
,
00010000
00100000
01000000
01001000
00000000
01000000
00010000
00100000
,
00001000
00000000
00000010
00000000
00000001
00000000
00000010
00000000
00001000
00000000
00010000
00001000
00010000
00000000
00001000
00000000
,
01000000
00000000
10010000
00000000
00110000
00000000
00001000
00010000
,
00000100
00000010
00000001
00000100
00000001
00000010
00001000
00010000
,
00002000
00000000
00000000
00003000
,
00010000
00000000
00000000
00000000
00001000
00000000
00000000
00000000
00000010
00000000
00000000
00000000
00000001
00001000
00000001
00000100
,
00000010
00000000
00000000
00000000
00010000
00000000
00000000
00000000
00100000
00000000
00000000
00000000
10000000
00010000
10000000
01000000
,
00100000
00000000
00000000
00000000
00001000
00000000
00000000
00000000
00000010
00000000
00000000
00000000
00000001
00001000
00000001
00000100
,
00000010
00000000
00000000
00000000
00010000
00000000
00000000
00000000
00100000
00000000
00000000
00000000
10000000
00010000
10000000
01000000
,
00100000
00000000
00000000
00000000
00011000
00000000
00000000
00000000
00010010
00000000
00000000
00000000
00001000
00000010
00000100
00000001
,
00001000
00000000
00000000
00000000
00011000
00000000
00000000
00000000
00101000
00000000
00000000
00000000
00010000
00100000
01000000
10000000
,
00010000
00101000
00001010
00011000
,
02002000
00000000
00000000
03003000
,
00010000
00000000
00000100
00000000
00001000
00000100
00000000
00000010
00000000
00000000
00000001
00001000
00000001
00000000
00001000
00000000
,
00000100
00000000
00000000
00010000
00000000
00000000
00000100
00000000
00010000
00001000
00010000
00001000
00010000
00000000
00100000
00000000
,
10000000
00000000
00010000
00000000
10000000
01000000
00000000
00010000
00000000
00000000
00000100
00001000
00000100
00000000
00000010
00000000
,
00000001
00000000
00000000
00001000
00000000
00000000
00010000
00000000
00100000
00000000
10000000
00000000
00010000
01000000
00000000
00000000
,
01000000
00000000
10000000
00000000
01000000
00010000
00000000
00001000
00000000
00000000
00000010
00000100
00000010
00000000
00000001
00000000
,
00001000
00000000
00000000
00000010
00000000
00000000
00001000
00000000
00000100
00001000
00000100
00001000
00000100
00000000
00010000
00000000
,
00001000
00000000
00010000
00000000
01000000
00100000
00000000
00010000
00000000
00000000
10000000
01000000
10000000
00000000
00010000
00000000
,
00001000
00000000
00000000
00010000
00000000
00000000
00100000
00000000
00200000
00000000
00000000
00000000
00000000
00000000
00000000
00000000
,
00320000
00001000
00230000
01000000
,
00302000
00000100
00023000
00000100
,
00030020
00000001
00002030
00010000
,
00003001
00000100
00001000
00010000
00001000
00000000
00100000
00010000
,
02000000
10000000
03002000
00100000
,
00013000
00000000
00000100
00010000
00000100
00000000
00000010
00000001
,
00000200
00000000
00000000
00000000
,
00000310
00000100
00000010
00000000
00001000
00000100
00000000
00000010
00000100
00000000
00010000
00001000
00010000
00000000
00001000
00000000
,
00000020
00000000
00000000
00000000
00000032
00000000
00000000
00001003
,
00000100
00001000
00000000
01000000
00000000
10000000
00010000
00001000
,
00010000
00000000
10000000
01000000
00010000
00000000
00001000
00000000
,
00000010
00001000
00010000
00001000
00000010
00000000
00000001
00000100
,
00001000
00000000
00100000
00001000
00010000
00000000
00000100
00010000
,
00001000
00000000
01000000
00001000
00010000
00000000
00000010
00001000
,
00010000
00000000
00100000
00010000
00001000
00000000
00011000
00000000
,
00000220
00000000
00000000
00000330
,
00000010
00000100
00000000
00011000
00000000
00000110
00000000
00011000
,
00022000
00000000
00000000
00033000
,
02020000
00000000
00000000
03000000
,
00002000
00000000
00000000
00030000
,
00000020
00000000
00000000
00003000
,
00000200
00000000
00000000
00000330
,
00000110
00001001
00011000
00000110
,
00011000
01100000
10010000
00011000
,
00000001
00000000
00000100
00000000
00001000
00000000
00010000
00000000
00100000
00000000
00010000
00000000
00001000
00010000
00001000
00020000
,
00002000
00000000
00033000
00011000
,
00001000
00000000
01000000
00000000
00010000
01000000
00000000
00100000
00000000
00000000
10000000
00010000
10000000
00000000
00010000
00000000
,
01000000
00000000
00000000
00001000
00000000
00000000
01000000
00000000
00001000
00010000
00001000
00010000
00001000
00000000
00000010
00000000
,
00000001
00000000
00001000
00000000
00000001
00000100
00000000
00001000
00000000
00000000
01000000
00010000
01000000
00000000
00100000
00000000
,
10000000
00000000
00000000
00010000
00000000
00000000
00001000
00000000
00000010
00000000
00000001
00000000
00001000
00000100
00000000
00000000
,
00000000
00000000
00000110
00000000
00000000
00001010
00000000
00000000
00010000
00000000
00001000
01000000
00010000
00000000
10000000
00000000
,
00010000
00000000
00000000
00100000
00000000
00000000
00010000
00000000
01000000
00010000
01000000
00010000
01000000
00000000
00001000
00000000
,
00010000
00000000
00001000
00000000
00000100
00000000
00000001
00000000
00000100
00000001
00000100
00000001
00000100
00000010
00001000
00000010
,
00001000
00000000
00000000
00000010
00000000
00000000
00010000
00000000
01000000
00000000
10000000
00000000
00010000
10000000
00000000
00000000
;

//---------------dance-double - ----------------
#NOTES:
     dance-double:
     :
     Challenge:
     16:
     0.656750,0.885531,0.257375,0.559125,0.470375,518.000000,489.000000,29.000000,63.000000,424.000000,0.000000,0.656750,0.885531,0.257375,0.559125,0.470375,518.000000,489.000000,29.000000,63.000000,424.000000,0.000000:
00000000
00000000
00000000
00000000
,
00000000
00000000
00000000
00000000
,
00000000
00000000
00000000
00000000
00000000
00000000
00200000
00310000
,
00001000
00010000
00001000
00000000
00000020
00000000
00001030
00000000
00010000
00001000
00010000
00000000
02000000
00000000
03010000
00000000
,
00001000
00010000
00001000
00000000
00000100
00000000
00001000
00010000
00100000
00000000
10000000
00000000
01000000
00000000
00100000
00000000
,
00010000
MMMM1000
00000100
00000001
00001000
0001MMMM
00001000
00100000
,
00010000
MMMM0100
00001000
00010000
10010000
MMMMMMMM
00011000
MMMMMMMM
,
00001001
00000000
00000001
00000010
00001000
00000000
0001MMMM
00000000
00001000
00000000
00000100
00000000
00010000
00000000
MMMM1000
00000000
,
00200000
00000000
00320000
00000000
00002000
00033000
00001000
00000010
,
00000001
00000100
00000010
00020000
0000MMMM
00130000
10000000
01000000
,
00010000
00000000
01000000
00100000
00010000
00000000
00002000
00000000
MMMM0000
00000000
00003010
00000000
00000001
00000000
00000010
00000000
,
00001000
00000100
00001000
00020000
0000MMMM
00130000
00010000
00002000
,
MMMM0000
00003010
00001000
00020000
0000MMMM
10030000
01000000
00010000
,
00001000
00000010
00000001
00000101
MMMMMMMM
00001010
00000001
00000010
,
00001000
00000000
00010000
00001000
00010000
00000000
01010000
00000000
MMMMMMMM
00000000
10100000
00000000
00010000
00000000
00100000
00000000
,
01000000
10000000
01000000
00000000
00100000
00000000
00010000
00000000
00001000
00000100
00001000
00000000
00000100
00000000
00000010
00000000
,
00001001
MMMMMMMM
00011000
MMMMMMMM
10010000
MMMMMMMM
00011000
00000000
,
00001001
00000001
00000010
00001000
00010000
00100000
01000000
00020000
,
00002000
00000000
00000000
00033000
,
00020000
0100MMMM
1000MMMM
0010MMMM
,
00032000
MMMM0100
MMMM0001
MMMM0010
,
00023000
0100MMMM
1000MMMM
0010MMMM
,
00032000
MMMM0100
MMMM0001
MMMM0010
,
00003002
00000000
00000200
00000003
00000020
00000300
00002000
00000030
,
00000200
00003000
00020000
00000300
00002000
00030000
00200000
00003000
,
01300000
10000000
01000000
00000000
00100000
00010000
00100000
00000000
00001000
00010000
00001000
00000000
00000010
00001000
00010000
00002000
,
00020000
00000000
00000000
00000000
00000000
00000000
00033000
MMMMMMMM
,
00010000
00000000
00000100
00000000
00001000
00000100
00000010
00000100
00000000
00000000
00000010
00000001
00000010
00000000
00001000
00010000
,
00001000
00000000
01000000
00010000
00000000
00100000
00010000
00000000
00100000
01000000
10000000
01000000
00100000
00000000
00010000
00000000
,
01000000
00000000
00100000
00000000
10000000
00100000
01000000
00010000
00000000
00000000
00100000
00010000
00100000
00000000
00001000
00010000
,
00001000
00000000
00000100
00000010
00000000
00001000
00000001
00000000
00000010
00000000
00001000
00010000
00001000
00010000
00000000
00000000
,
00100000
00000000
10000000
00000000
01000000
10000000
01000000
00100000
00000000
00000000
00001000
00010000
00001000
00000000
00000100
00000010
,
00001000
00000000
00000001
00000100
00000000
00000010
00001000
00000000
00000001
00000010
00000100
00000010
00000001
00000000
00001000
00000000
,
00000100
00010000
00000100
00000000
00100000
00001000
00100000
00000000
00010000
01000000
00010000
00000000
10000000
00100000
10000000
00000000
,
02000000
00000000
00000000
03020000
00000000
00000000
00032000
00000000
00000020
00000000
00000000
00000000
00003030
00000000
00000000
00000000
,
00000001
00000000
MMMMMMMM
00000001
00000100
00000000
MMMMMMMM
00000100
00001000
00000000
MMMMMMMM
00001000
00010000
00000000
MMMMMMMM
00010000
,
00100000
00000000
MMMMMMMM
00100000
10000000
00000000
MMMMMMMM
10000000
01000000
00000000
MMMMMMMM
01000000
00010000
00000000
MMMMMMMM
00010000
,
00001000
00000000
MMMMMMMM
00001000
00000010
00000000
MMMMMMMM
00000010
00000001
00000000
MMMMMMMM
00000001
00000100
00000000
MMMMMMMM
00000100
,
00001000
00000000
MMMMMMMM
00001000
00010000
00000000
MMMMMMMM
00010000
00100000
00000000
MMMMMMMM
00000000
10010000
00000000
MMMMMMMM
00000000
,
20000000
00000000
31000000
00000000
10000000
01000000
00010000
00000000
00002000
00000000
00003010
00000000
00000001
00000010
00001000
00000000
,
00000002
00000000
00000103
00000000
00010000
00001000
00010000
00000000
00200000
00000000
01300000
00000000
00010000
00000000
00001000
00000000
,
MMMM0010
00001000
0010MMMM
00010000
MMMM0100
00001000
0100MMMM
00010000
,
MMMM0010
00001000
0010MMMM
00010000
MMMM0100
00001000
0100MMMM
00010000
,
00100000
10000000
01000000
10000000
00010000
00100000
01000000
00100000
,
00010000
MMMM1000
00000000
0001MMMM
00000000
MMMM1000
00010000
00100000
,
01000000
10000000
01000000
10000000
00100000
00010000
00001000
00010000
,
0011MMMM
00000000
MMMM1100
00000000
0101MMMM
00000000
20000000
31000000
,
11000000
MMMMMMMM
00020000
00031000
00011000
MMMMMMMM
00000020
00000031
,
00000011
MMMMMMMM
00000002
00000103
00000101
MMMMMMMM
00002000
00013000
,
00011000
MMMMMMMM
00200000
10300000
10100000
MMMMMMMM
10000000
02000000
,
00020000
00000000
00000000
03000000
,
00031000
00000000
00011000
00000000
MMMMMMMM
00000000
10010000
00000000
MMMMMMMM
00000000
00011000
00000000
MMMMMMMM
00000000
00000001
00002000
,
00000002
00000000
00000000
00000000
00000000
00000000
00003003
MMMMMMMM
,
00000002
00000000
00000200
00000003
,
00002000
00000300
00200000
00003000
,
20300000
30020000
00030200
00000320
,
00000032
00002003
00203000
02300000
,
23000000
31000000
02000000
03100000
00200000
00310000
00020000
00031000
,
00000100
00000010
00000100
00000000
00000001
00001000
00000001
00000000
00000010
00000100
00000010
00000000
00001000
00000001
00001000
00000000
,
00000010
00000001
00000010
00000001
00001000
00000100
00001000
00000100
00010000
00001000
00010000
00001000
00010000
00001000
00010000
00002000
,
00020000
00000000
00000000
00000000
00033000
MMMMMMMM
00011000
00000000
,
00001000
00000000
01000000
00000000
00010000
01000000
00100000
10000000
00000000
00000000
00010000
00100000
01000000
00000000
10000000
00010000
,
10000000
00000000
01000000
00010000
00000000
00001000
00010000
00000000
00001000
00010000
00001000
00000000
00000100
00000010
00001000
00000000
,
00000010
00000000
00000100
00000000
00000001
00000100
00000010
00001000
00000000
00000000
00000010
00000100
00000001
00000000
00001000
00000010
,
00010000
00000000
00001000
00100000
00000000
00010000
00001000
00000000
00010000
00100000
00010000
10000000
00010000
01000000
00000000
00000000
,
00000000
00000000
01100000
00000000
00000000
00011000
00000000
00000000
00000110
00000000
00000001
00000100
00000010
00000000
00001000
00000010
,
00010000
00000000
00001000
00010000
00000000
00100000
00010000
00000000
00001000
00010000
00001000
00010000
01000000
10000000
01000000
00000000
,
00100000
00000000
00001000
00000000
00010000
00000000
00000100
00000000
00000010
00000100
00010000
00000000
00000010
00000100
00001000
00000100
,
00000001
00000000
00000010
00001000
00000000
00010000
00001000
00000000
00100000
00001000
00010000
00000100
00010000
00001000
00000000
00000000
;

//---------------dance-single - ----------------
#NOTES:
     dance-single:
     :
     Challenge:
     16:
     0.682107,0.885531,0.505875,0.594625,0.523625,538.000000,481.000000,57.000000,67.000000,224.000000,0.000000,0.682107,0.885531,0.505875,0.594625,0.523625,538.000000,481.000000,57.000000,67.000000,224.000000,0.000000:
  // measure 0
0000
0000
0000
0000
,  // measure 1
0000
0000
0000
0000
,  // measure 2
0000
0000
0000
0000
0000
0000
0010
1000
,  // measure 3
2000
0000
0010
0001
0002
3000
0100
1000
,  // measure 4
2000
0000
0003
0000
0100
0000
0001
0000
3001
0000
1000
0000
0100
0000
0010
0001
,  // measure 5
0100
0000
MMMM
0000
1000
0000
0001
0100
0010
0000
MMMM
0000
0001
0000
0010
0100
,  // measure 6
1000
MMMM
0010
0001
1000
MMMM
0001
MMMM
,  // measure 7
1000
0000
0100
0010
0001
0000
MMMM
0000
0001
0000
1000
0100
0001
0000
MMMM
0000
,  // measure 8
0010
0001
0010
0000
0100
0000
1000
0000
0220
0000
0330
0000
0001
1000
0001
1000
,  // measure 9
0100
0000
0010
0000
0001
0000
0100
0000
MMMM
0000
0100
0010
1000
0000
0100
0000
,  // measure 10
0001
0000
0100
0001
0100
0000
0010
0000
MMMM
0000
1000
0000
0001
0000
0100
0000
,  // measure 11
1000
0000
0100
0001
0100
0000
0010
0000
MMMM
0000
0001
1000
0001
0000
0010
0000
,  // measure 12
MMMM
0000
0001
0100
1000
0000
0001
0000
MMMM
0000
0010
0000
1000
0000
0100
0000
,  // measure 13
0010
0001
0010
0000
0100
0000
1100
0000
MMMM
0000
0011
0000
0001
0010
0100
0000
,  // measure 14
1000
0000
0010
0100
0010
0000
0101
0000
MMMM
0000
1010
0000
0001
0000
0010
0000
,  // measure 15
0100
1000
0100
0000
0010
0000
0001
0000
1000
0010
1000
0001
0100
0000
0010
0000
,  // measure 16
1001
MMMM
0110
MMMM
1001
MMMM
0110
0001
,  // measure 17
0010
0100
0010
0000
0001
0000
1000
0000
0010
0100
0010
0100
0001
0000
2000
0000
,  // measure 18
0002
0000
0000
0000
0000
0000
3003
MMMM
,  // measure 19
0002
0000
0000
0000
0200
0000
0000
0003
,  // measure 20
0020
0000
0000
0300
2000
0000
0000
0030
,  // measure 21
0200
0000
0000
3000
0020
0000
0000
0300
,  // measure 22
0002
0000
0000
0030
2000
0000
3003
0000
,  // measure 23
2200
3300
0202
0303
0022
0033
2020
3030
,  // measure 24
0202
0303
0220
0330
2020
3030
2200
3300
,  // measure 25
0010
0001
0010
0000
0100
1000
0100
0000
0010
0100
0010
0100
1000
0001
1000
0002
,  // measure 26
2000
0000
0000
0000
0000
0000
3003
MMMM
,  // measure 27
0001
0000
1000
0000
0100
1000
0010
0100
0000
0000
0001
0100
0010
0000
1000
0010
,  // measure 28
0100
0000
0100
0001
0000
0001
0100
0000
0010
1000
0010
0100
0001
0000
1000
0000
,  // measure 29
0001
0000
1000
0000
0100
0010
0001
1000
0000
0000
0100
0010
1000
0000
0010
0001
,  // measure 30
0010
0000
0100
1000
0000
0010
0100
0000
0001
0100
0010
1000
0001
0100
0000
0000
,  // measure 31
0010
0000
1000
0000
0100
1000
0100
0010
0000
0000
0001
0100
0001
0000
0100
0010
,  // measure 32
1000
0000
1000
0010
0000
0010
0100
0000
0001
0100
1000
0100
0001
0010
0100
0000
,  // measure 33
1000
0100
1000
0000
0100
0010
0100
0000
0010
0001
0010
0000
0001
1000
0001
0000
,  // measure 34
1000
0000
0000
0100
0000
0000
0010
0002
2000
0000
0000
0000
3003
0000
0000
0000
,  // measure 35
1100
MMMM
0110
MMMM
0011
MMMM
0101
MMMM
,  // measure 36
0110
MMMM
1010
MMMM
1001
MMMM
0011
MMMM
,  // measure 37
0110
MMMM
1100
MMMM
0110
MMMM
0011
MMMM
,  // measure 38
0101
MMMM
1100
MMMM
0011
MMMM
1010
MMMM
,  // measure 39
2000
0000
3100
0000
1000
0100
0001
0000
2000
0000
3010
0000
0001
0010
1000
0000
,  // measure 40
0002
0000
0103
0000
1000
0001
1000
0000
0020
0000
0130
0000
0001
0000
1000
0000
,  // measure 41
MMMM
0000
1000
0001
MMMM
0000
0001
1000
MMMM
0000
1000
0001
MMMM
0000
0001
1000
,  // measure 42
MMMM
0000
0100
0010
MMMM
0000
0010
0100
MMMM
0000
0100
0010
MMMM
0000
0000
0000
,  // measure 43
0100
1000
0100
1000
0100
0010
0100
0010
,  // measure 44
0001
0010
MMMM
1010
MMMM
0011
0001
0100
,  // measure 45
1000
0100
1000
0100
0001
0010
0001
0010
,  // measure 46
0100
0001
0100
1000
0100
0000
0120
0031
,  // measure 47
0011
MMMM
2100
3010
1001
MMMM
0120
1030
,  // measure 48
1010
MMMM
0201
0310
1001
MMMM
0210
0301
,  // measure 49
1001
MMMM
0120
1030
1001
MMMM
1000
0002
,  // measure 50
2000
0000
0000
3003
,  // measure 51
0100
0000
0110
0000
MMMM
0000
1001
0000
MMMM
0000
0110
0000
MMMM
0000
0001
2000
,  // measure 52
0002
0000
0000
0000
0000
0000
3003
MMMM
,  // measure 53
2000
0000
0000
0000
0002
0000
0000
3000
,  // measure 54
0200
0000
0000
0003
0020
0000
0000
0300
,  // measure 55
2000
0030
0002
3000
0020
0003
0200
0030
,  // measure 56
2000
0300
0002
3000
0200
0003
0020
0300
,  // measure 57
2030
3100
0200
0310
0020
0031
0002
1003
,  // measure 58
1000
0010
0100
0000
0001
1000
0100
0000
0010
0001
0100
0000
0010
1000
0100
0000
,  // measure 59
0010
0100
0010
0100
0010
0100
0010
0100
1000
0001
1000
0001
1000
0001
1000
0002
,  // measure 60
2000
0000
0000
0000
3003
MMMM
1001
0000
,  // measure 61
0001
0000
1000
0000
0100
1000
0100
0010
0000
0000
0001
0010
0100
0000
1000
0001
,  // measure 62
1000
0000
1000
0100
0000
0100
0010
0000
0010
0001
0010
0100
1000
0001
1000
0000
,  // measure 63
0010
1000
0001
0000
0100
0001
0010
1000
0000
0000
0001
0100
1000
0000
0001
0100
,  // measure 64
0010
0000
0010
0100
0000
0100
0001
0000
0001
1000
0100
1000
0001
1000
0000
0000
,  // measure 65
0000
0000
0110
0000
0000
1001
0000
0000
0110
0000
0001
0010
0100
0000
1000
0001
,  // measure 66
0100
0000
0100
0010
0000
0010
1000
0000
0001
0010
0001
0010
0100
1000
0100
0010
,  // measure 67
0001
0000
0010
0000
0100
0000
1000
0000
0001
0100
0010
1000
0001
0010
0100
1000
,  // measure 68
0001
0000
0001
0010
0000
0010
0100
0000
1100
0000
0011
0000
1001
0001
0000
0000
;
