#TITLE:Jam Jam Reggae;
#SUBTITLE:;
#ARTIST:jam master '73;
#TITLETRANSLIT:;
#SUBTITLETRANSLIT:;
#ARTISTTRANSLIT:;
#CREDIT:;
#BANNER:Jam Jam Reggae.png;
#BACKGROUND:Jam Jam Reggae-bg.png;
#LYRICSPATH:;
#CDTITLE:./CDTITLES/Dance Dance Revolution CLUB VERSION.png;
#MUSIC:Jam Jam Reggae.ogg;
#OFFSET:0.000;
#SAMPLESTART:10.643;
#SAMPLELENGTH:15.000;
#SELECTABLE:YES;
#DISPLAYBPM:90.000;
#BPMS:0.000=90.000;
#STOPS:;
#BGCHANGES:;

//---------------dance-single - ----------------
#NOTES:
     dance-single:
     :
     Beginner:
     1:
     0.103,0.139,0.116,0.000,0.000:
0000
0000
0000
0000
,
0000
0000
0000
0000
,
0000
0000
0000
0000
,
0000
0000
0000
0000
,
1000
0000
1000
0000
,
0010
0000
0010
0000
,
0001
0000
0001
0000
,
0010
0000
0010
0000
,
0100
0000
1001
0000
,
0100
0000
1001
0000
,
0010
0000
1001
0000
,
0010
0000
1001
0000
,
0001
0001
0001
0000
,
1000
1000
1000
0000
,
0001
0001
0001
0000
,
1000
1000
1000
0000
,
0010
0000
0110
0000
,
0010
0000
0110
0000
,
1001
0000
0000
0000
,
1001
0000
0000
0000
,
0001
0000
0000
0000
,
0001
0000
0001
0000
,
1000
0000
0000
0000
,
1000
0000
1000
0000
,
0010
0000
0100
0000
,
0010
0000
0100
0000
,
0010
0000
0100
0000
,
1001
0000
0000
0000
,
0000
0000
0000
0000
;

//---------------dance-single - ----------------
#NOTES:
     dance-single:
     :
     Easy:
     2:
     0.146,0.166,0.039,0.000,0.000:
0000
0000
0000
0000
,
0000
0000
0000
0000
,
0000
0000
0000
0000
,
0000
0000
0000
0000
,
0010
1000
0100
0001
,
0100
0010
0001
1000
,
0001
0001
1000
1000
,
0010
0010
0100
0100
,
0001
0100
1000
0100
,
0001
0010
1000
0010
,
0001
0000
1000
0000
,
0010
0000
0001
1000
,
0010
1000
0010
0100
,
0001
1000
0001
1000
,
0010
0100
0001
0100
,
0010
0100
0010
0100
,
0001
0010
0100
1000
,
0001
1001
1000
1001
,
0000
0000
0000
0000
,
0000
0000
0000
0001
,
0100
0000
0010
0010
,
1000
1000
0001
0001
,
1000
0000
0001
0001
,
0100
0010
1000
0001
,
0010
0100
1000
1001
,
1000
1000
0001
0001
,
0000
0000
0000
0000
;

//---------------dance-single - ----------------
#NOTES:
     dance-single:
     :
     Medium:
     4:
     0.199,0.259,0.039,0.000,0.000:
0000
0000
0000
0000
,
0000
0000
0000
0000
,
0000
0000
0000
0000
,
0000
0000
0000
0000
,
0010
0010
0000
0010
0000
0100
0000
0001
,
0000
0001
0000
1000
0000
0010
0000
0100
,
0000
0001
0000
0001
0000
1000
1000
1000
,
0000
0010
0000
0010
0000
0100
0000
1001
,
0000
0001
0001
0001
0000
1000
1000
1000
,
0000
0010
0010
0010
0000
0100
0100
0100
,
0000
1000
0000
1000
0000
0001
0000
0001
,
0000
0010
0000
0001
0000
1000
1000
1000
,
0000
0001
0000
0001
0000
0001
0001
0001
,
0000
1000
0000
1000
0000
1000
1000
1000
,
0000
0010
0000
0100
0000
0010
0010
0010
,
0000
1000
0000
0001
0000
1000
1000
1000
,
0000
1000
0000
0100
0000
0010
0000
0001
,
0000
0001
0000
0001
0000
1000
1000
1000
,
0000
0000
0000
0000
,
0000
0000
0000
0000
0000
0000
0001
1001
,
0100
0100
0010
0010
,
1000
0010
1000
0100
,
0001
1000
0001
1000
,
0001
0100
0001
0010
,
0100
0100
0100
0000
0010
0010
0010
0000
,
0001
0001
0001
0000
1000
1000
1000
1001
,
0100
0100
0100
0000
0001
0001
0001
0000
,
0000
0000
0000
0000
;

//---------------dance-single - ----------------
#NOTES:
     dance-single:
     :
     Hard:
     8:
     0.398,0.416,0.465,0.000,0.097:
0000
0000
0000
0000
,
0000
0000
0000
0000
,
0000
0000
0000
0000
,
0000
0000
0000
0000
,
0000
0010
1000
0001
0000
0100
1100
0011
,
0000
0001
0010
0100
0000
1000
0100
0010
,
0000
0001
1000
0001
0000
0100
0101
1001
,
0010
0010
0001
0001
0100
0100
1000
1001
,
0000
0001
1001
1000
0000
0100
0110
1010
,
0001
1000
0010
0100
1001
0110
1001
1100
,
0000
0001
0101
1100
0000
1000
1010
0011
,
0000
0010
0010
1001
0100
0010
1000
1001
,
0000
0010
0110
1001
0010
0010
0100
1001
,
1000
1000
0001
0001
1000
0000
1000
0000
0001
0001
1000
1000
0001
0000
0001
0000
,
0010
0010
1001
1001
0001
1000
0110
0110
,
1000
1001
0010
0110
0001
1000
0100
0110
,
1000
1000
0100
0100
0010
0010
0001
0001
,
1000
1000
0010
0100
0000
1001
0110
1001
,
0010
0010
0010
0000
0010
0000
0010
0000
0100
0100
0100
0000
0100
0000
0100
0000
,
0001
0001
0001
0000
1000
1000
1000
0000
0010
0010
0010
0000
0010
0000
1001
0000
,
0100
0000
0100
0000
1000
0001
1000
0000
,
1000
0001
1000
0010
1000
0100
1000
1000
,
0001
0000
0001
0000
0100
0010
0100
0000
,
0001
1000
0001
0100
0001
0010
0001
1000
,
0001
0001
0001
0000
0010
0000
1000
0000
0100
0100
0100
0000
0001
0000
1000
0000
,
0001
1000
0001
0000
1000
0000
1001
0000
0100
0100
0100
0000
0010
0000
1001
0000
,
0100
0100
0100
0000
0100
0000
1001
0000
0010
0010
0010
0000
0010
0000
1001
0000
,
0000
0000
0000
0000
;

//---------------dance-double - ----------------
#NOTES:
     dance-double:
     :
     Easy:
     3:
     0.231,0.260,0.142,0.000,0.000:
00000000
00000000
00000000
00000000
,
00000000
00000000
00000000
00000000
,
00000000
00000000
00000000
00000000
,
00000000
00000000
00000000
00000000
,
00001000
00001000
00000000
00001000
00000000
00000100
00000000
00000001
,
00000000
00000010
00000000
00000010
00000000
00001000
00000000
00011000
,
00010000
00010000
00000000
00010000
00000000
10000000
00000000
00100000
,
00000000
00010000
00000000
00001000
00000000
00010000
00000000
00011000
,
00000000
00010000
00010000
00010000
00000000
00001000
00001000
00001000
,
00000000
00010000
00010000
00010000
00000000
00001000
00001000
00011000
,
00000000
00001000
00000000
00001000
00000000
00010000
00000000
00010000
,
00000000
01000000
00000000
01000000
00000000
01000000
00000000
10010000
,
10000000
10000000
10000000
00000000
00100000
00100000
00100000
00000000
,
00010000
00001000
00000010
00000100
,
00000001
00001000
00000001
00001000
,
00010000
00010000
00001000
00010000
,
00001000
00001000
00001000
00000000
00010000
00010000
00010000
00000000
,
00100000
00100000
00000000
10000000
00000000
01000000
00010000
10010000
,
00000000
00000000
00000000
00000000
,
00000000
00000000
00000000
00000000
00000010
00000001
00000100
00001000
,
00010000
00001000
00011000
00011000
,
00010000
00001000
00010000
00001000
00010000
00001000
00010000
00001000
,
00001000
00010000
00011000
00011000
,
00001000
00010000
00001000
00010000
00001000
00010000
00001000
00010000
,
00001000
00001000
00001000
00000000
00010000
00010000
00010000
00000000
,
01000000
01000000
01000000
00000000
00100000
00100000
00100000
10010000
,
00010000
00000000
00010000
00000000
00000000
00001000
00010000
00011000
,
00000000
00000000
00000000
00000000
;

//---------------dance-double - ----------------
#NOTES:
     dance-double:
     :
     Medium:
     7:
     0.343,0.434,0.374,0.000,0.039:
00000000
00000000
00000000
00000000
,
00000000
00000000
00000000
00000000
,
00000000
00000000
00000000
00000000
,
00000000
00000000
00000000
00000000
,
00001000
00000001
00001000
00000000
00100000
01000000
00010000
00000000
,
10000000
10000000
00010000
00000000
01000000
00001000
00000100
00001001
,
00001000
00000000
00001000
00000000
00000010
00010000
00001000
00100000
,
00001000
01000000
00100000
10000000
00010000
10000000
00010000
10010000
,
10000000
00010000
01000000
10010000
00010000
01000000
00001000
00010000
,
00010000
10000000
00010000
00000000
00000010
00000001
00000100
00001001
,
00001000
00000001
00001000
00000000
00010000
10000000
00010000
00000000
,
01000000
01000000
00100000
10010000
10000000
00010000
00100000
10010000
,
00000000
10000000
00000000
00010000
00000000
00000100
00000010
00001000
,
00000000
00100000
00000000
10000000
00000000
00010000
00100000
00001000
,
00000000
00001001
00001001
00001001
00000000
10010000
10010000
10010000
,
00000000
00001001
00001001
00001001
00000000
10010000
10010000
10010000
,
00000000
00001000
00000000
00000100
00000000
00010000
00000000
01000000
,
00010000
00010000
00010000
00000000
01000000
01000000
01000000
00000000
10000000
00000000
00000000
00000000
00010000
00000000
00000000
00000000
,
00100000
00100000
00100000
00000000
00010000
00010000
00010000
00000000
00001000
00001000
00001000
00000000
00000100
00000100
00000100
00000000
,
00010000
00001000
00010000
00001000
00011000
00010100
00011000
00101000
,
00010000
00010000
00011000
00011000
,
00010000
00001000
00010000
00000100
00010000
00000010
00010000
00001000
,
00010000
00001000
00011000
00011000
,
00001000
00010000
00001000
00100000
00001000
01000000
00001000
00010000
,
00100000
10000000
01000000
00000000
00001000
00000100
00000010
00010000
,
01000000
00100000
01000000
00010000
10000000
00100000
10000000
10010000
,
00010000
00010000
00010000
10010000
10000000
10000000
10000000
10010000
,
00000000
00000000
00000000
00000000
;

//---------------dance-double - ----------------
#NOTES:
     dance-double:
     :
     Hard:
     9:
     0.432,0.486,0.413,0.052,0.252:
00000000
00000000
00000000
00000000
,
00000000
00000000
00000000
00000000
,
00000000
00000000
00000000
00000000
,
00000000
00000000
00000000
00000000
,
00101000
00000000
00110000
00000000
00100000
00010000
10000000
01000000
00000000
00100000
00010000
10000000
01000000
00000000
11000000
00000000
,
01000000
00010000
01000000
00010000
00001000
00000000
00000100
00000000
00000110
00000000
00000101
00000000
00000010
00000000
00001001
00000000
,
00000100
00000000
00000110
00000000
00001000
00000100
00001000
00000100
00000000
00001000
00010000
00001000
00010000
00000000
01000000
00000000
,
10000000
01000000
10000000
01000000
00010000
00000000
01100000
00000000
00010000
00000000
00001000
00000000
00010000
00000000
00000100
00000000
,
00001000
00000100
00001000
00001001
00000001
00000100
00000001
00000110
,
00001000
00000100
00001000
00000000
00001000
00010000
00000000
00010000
01000000
00010000
01000000
00000000
10000000
00000000
01100000
00000000
,
00100000
00001000
00010000
00000000
00001000
00010000
01000000
00000000
,
01000000
00000000
00010000
00000000
00001000
00010000
00001000
00000000
00010000
00001000
00000100
00000000
00000001
00000000
00000101
00000000
,
00000001
00000000
00000100
00000000
00001000
00010000
01000000
00000000
00010000
00000000
00001000
00000000
00000200
00000000
00000000
00000000
,
00000301
00000100
00000000
00000001
00000100
00000000
00000010
00000000
00010000
00000000
00001000
00000000
00000100
00000000
00000001
00000100
,
00000001
00000000
00000010
00000000
00000100
00000000
00000010
00001000
00000010
00000000
00001000
00000000
00010000
00000000
00000100
00000000
,
00001000
00000100
00000000
00010000
00001000
00000000
00000100
00000000
00001000
00000000
00010000
00000000
02000000
00000000
00000000
00000000
,
13000000
00000000
01000000
00000000
00010000
00000000
01000000
10000000
01000000
00000000
00010000
00000000
00001000
00000100
00001000
00000100
,
00000001
00000000
00000010
00000000
00000101
00000000
00000010
00000000
00001100
00000000
00000010
00000100
00000001
00000000
00000110
00000000
,
00000010
00010000
00001000
00100000
00020000
00000000
00030000
00000000
,
00100000
00001000
00010000
00000010
00002000
00000000
00003000
00000000
,
10000000
01000000
00010000
01000000
00010000
00000000
00001000
00000000
,
00001100
00000110
00000101
00000000
00000101
00000110
00001100
00000000
,
00000001
00000100
00001000
00000100
00001000
00000000
00010000
00000000
,
01010000
01100000
11000000
00000000
11000000
01100000
01010000
00000000
,
01000000
00000000
10000000
00000000
00100000
10000000
00010000
01000000
00000000
00100000
10000000
00010000
01000000
00000000
11000000
00000000
,
00100000
00010000
00100000
00010000
00001000
00000000
00000100
00000000
00000110
00000000
00001001
00000000
00000010
00000000
00001001
00000000
,
00000010
00000000
00000110
00000000
00001000
00000100
00001000
00000100
00000000
00001000
00010000
00001000
00010000
00000000
01000000
00000000
,
00000000
00000000
00000000
00000000
;
