#TITLE:JUSTIFY MY LOVE;
#SUBTITLE:;
#ARTIST:TESS;
#TITLETRANSLIT:;
#SUBTITLETRANSLIT:;
#ARTISTTRANSLIT:;
#CREDIT:;
#BANNER:JUSTIFY MY LOVE.png;
#BACKGROUND:JUSTIFY MY LOVE-bg.png;
#LYRICSPATH:;
#CDTITLE:./CDTITLES/Dancemania 18.PNG;
#MUSIC:JUSTIFY MY LOVE.ogg;
#OFFSET:0.000;
#SAMPLESTART:53.760;
#SAMPLELENGTH:15.000;
#SELECTABLE:YES;
#DISPLAYBPM:140.000;
#BPMS:0.000=140.025,4.000=140.025,124.000=140.625,128.000=140.049;
#STOPS:;
#BGCHANGES:;

//---------------dance-single - ----------------
#NOTES:
     dance-single:
     :
     Easy:
     2:
     0.154,0.252,0.034,0.092,0.000:
0000
0000
0000
0000
,
0000
0000
0000
0000
,
0000
0000
0000
0000
,
0000
0000
0000
0000
,
0000
0000
0000
0000
,
1001
0000
0000
0000
,
1000
0000
0001
0000
,
1000
0000
0001
0000
,
0100
0000
0001
0000
,
0100
0000
0001
0000
,
2000
0000
0000
3000
,
0200
0000
0000
0300
,
2000
0000
0000
3000
,
0002
0000
0000
0003
,
2000
0000
0000
3000
,
0200
0000
0000
0300
,
2000
0000
0000
3000
,
0002
0000
0000
0003
,
1000
0010
1000
0001
,
1000
0010
1000
0001
,
0100
0010
0100
0001
,
0100
0010
0100
0001
,
1000
0000
0000
0000
,
0001
0000
0000
0000
,
1000
0000
0000
0000
,
0010
0000
1000
0001
,
0100
0000
0000
0000
,
0010
0000
0000
0000
,
0100
0000
0000
0000
,
0001
0000
1000
0100
,
1000
0000
0000
0000
,
1001
0000
0100
0010
,
1000
0000
0000
0000
,
0100
0000
0010
0001
,
1000
0000
0000
0000
,
0010
0000
0100
1000
,
0100
0000
0000
0000
,
0001
0000
0000
0000
,
1000
0100
0010
0000
,
0001
0000
0100
0010
,
1000
0000
0000
0000
,
0001
0000
0010
0100
,
1000
0000
0000
0000
,
0010
0000
0100
1000
,
0100
0000
0000
0000
,
0001
0000
1000
0100
,
1000
0000
0000
0000
,
0001
0000
0010
0100
,
1000
0000
0000
0000
,
1001
0000
0000
0000
,
0000
0000
0000
0000
;

//---------------dance-single - ----------------
#NOTES:
     dance-single:
     :
     Medium:
     5:
     0.288,0.364,0.046,0.069,0.000:
0000
0000
0000
0000
,
0000
0000
0000
0000
,
0000
0000
0000
0000
,
0000
0000
0000
0000
,
0000
0000
0100
0100
,
1001
0000
0000
0000
,
0010
1000
0100
0000
0010
0001
0100
0000
,
0010
1000
0100
0000
0010
0001
0100
0000
,
0010
0010
1000
0000
0100
0010
0001
0000
,
1000
1000
0100
0000
0010
0001
1000
0000
,
0002
0000
0000
0000
,
0000
0000
0000
0000
0000
0103
0010
1000
,
0200
0000
0000
0000
,
0000
0000
0000
0000
0000
0310
0001
1000
,
0020
0000
0000
0000
,
0000
0000
0000
0000
0000
1030
0100
0001
,
0200
0000
0000
0000
,
0000
0000
0000
0000
0000
1300
0001
0100
,
0000
0010
0000
0010
0000
1000
0000
1000
,
0000
0010
0000
0010
0000
0100
0000
0001
,
0000
1000
0000
1000
0000
0100
0000
0100
,
0000
0010
0000
0010
0000
0001
0000
1000
,
0010
1000
0001
1000
,
0001
0010
0100
1000
,
0001
1000
0001
0100
,
0001
0010
0100
1000
,
0001
0100
0001
1000
,
0100
1000
0100
0010
,
0001
0100
0001
1000
,
0100
0010
0100
0001
,
0100
0000
1000
0001
0000
0000
1000
0000
,
1001
0100
0100
0010
,
1000
0100
1000
0000
0001
0000
1000
0000
,
0010
1000
0010
0000
0100
0000
0001
0000
,
1000
0100
1000
0000
0001
0000
0100
0000
,
0010
1000
0010
0000
0100
0000
0001
0000
,
1000
0100
0010
0000
0001
0000
1000
0000
,
0010
0100
1000
0000
0100
0000
0010
0000
,
1000
0100
0010
0000
0001
0000
1000
0000
,
0010
0100
0001
0000
1000
0000
0100
0000
,
0010
0000
0001
1000
0000
0000
0010
0000
,
0000
0000
0100
1000
0000
0000
0100
0000
,
0000
0000
0001
1000
0000
0000
0100
0000
,
0000
0000
0010
0001
0000
0000
1000
0000
,
0000
0000
0010
0100
0000
0000
0001
0000
,
0000
0000
1000
0100
0000
0000
0010
0000
,
0000
0000
0001
1000
0000
0000
0100
0000
,
0000
0000
0010
0100
0000
0000
1000
0000
,
2002
0000
0000
3003
,
1001
0000
0000
0000
,
0000
0000
0000
0000
;

//---------------dance-single - ----------------
#NOTES:
     dance-single:
     :
     Hard:
     9:
     0.564,0.708,0.023,0.561,0.543:
0000
0000
0000
0000
,
0000
0000
0000
0000
,
0000
0000
0000
0000
,
0000
0000
0000
0000
,
0000
0000
0000
0100
0001
1000
0100
1000
,
0002
0000
0103
0010
0000
0000
0000
0000
,
1000
0000
2000
0000
3001
0100
0001
1000
,
0001
0000
0002
0000
0013
0100
0010
0001
,
1000
0000
2000
0000
3001
0010
0100
1000
,
0001
0000
0002
0000
1003
0100
0010
0001
,
1000
0000
1000
0000
0100
0010
0200
0000
,
1000
0000
1300
0000
0001
0100
0002
0000
,
0010
0000
0013
0000
0100
1000
0200
0000
,
1000
0000
1300
0000
0010
0100
0010
0000
,
1000
0000
0100
0000
1000
0001
0200
0000
,
0310
0000
1000
0000
0010
0100
0002
0000
,
0013
0000
0100
0000
1000
0100
0020
0000
,
0031
0000
1000
0000
0010
1000
0200
0000
,
0010
0010
0010
0310
,
0001
1000
0100
0000
0010
0001
2000
0000
,
0010
0010
0010
3010
,
0100
1000
0100
0000
0001
0010
0100
0000
,
1000
0010
0000
2000
0000
0000
3000
0000
0001
0010
0000
0002
0000
0000
0003
0000
,
1000
0010
0000
2000
0000
0000
3000
0000
0001
0010
0000
0002
0000
0000
0003
0000
,
1000
0001
0000
0200
0000
0000
0300
0000
0001
1000
0000
0200
0000
0000
0300
0000
,
1000
0001
0000
0200
0000
0000
0300
0000
0001
1000
0000
0200
0000
0000
0300
0000
,
1000
0010
0000
1000
0000
0001
1000
0001
1000
0010
0000
1000
0000
0001
1000
0001
,
0100
0001
0000
0100
0000
0010
0100
0010
0100
0001
0000
0100
0000
0010
0100
0010
,
1000
0010
0000
1000
0000
0001
0100
0001
1000
0010
0000
1000
0000
0001
0100
0001
,
1000
0100
0000
1000
0000
0001
0010
0001
1000
0100
0000
1000
0000
0001
0010
0001
,
2000
3000
0002
0003
,
1001
2002
0000
3003
,
0010
0000
1000
0001
0200
0000
0310
1000
,
0200
0000
0310
0001
2000
0000
3010
0100
,
0002
0000
1003
0100
0020
0000
0031
0100
,
2000
0000
3100
0001
2000
0000
3100
0001
,
0200
0000
1300
0001
0200
0000
0310
1000
,
0200
0000
0310
0001
2000
0000
3010
0100
,
0002
0000
1003
0100
0020
0000
0031
0100
,
2000
0000
3100
0001
2000
0000
3100
0000
,
1000
0010
0000
2000
0000
0000
3000
0000
0001
0010
0000
0002
0000
0000
0003
0000
,
1000
0010
0000
2000
0000
0000
3000
0000
0001
0010
0000
0002
0000
0000
0003
0000
,
1000
0001
0000
0200
0000
0000
0300
0000
0001
1000
0000
0200
0000
0000
0300
0000
,
1000
0001
0000
0200
0000
0000
0300
0000
0001
1000
0000
0200
0000
0000
0300
0000
,
1000
0010
0000
1000
0000
0001
1000
0001
1000
0010
0000
1000
0000
0001
1000
0001
,
0100
0001
0000
0100
0000
0010
0100
0010
0100
0001
0000
0100
0000
0010
0100
0010
,
1000
0010
0000
1000
0000
0001
0100
0001
1000
0010
0000
1000
0000
0001
0100
0001
,
1000
0100
0000
1000
0000
0001
0010
0001
1000
0100
0000
1000
0000
0001
0100
0000
,
0010
1000
0001
0010
0100
0000
1000
0001
,
0200
0000
0300
0000
,
0000
0000
0000
0000
;

//---------------dance-double - ----------------
#NOTES:
     dance-double:
     :
     Easy:
     3:
     0.160,0.196,0.057,0.080,0.000:
00000000
00000000
00000000
00000000
,
00000000
00000000
00000000
00000000
,
00000000
00000000
00000000
00000000
,
00000000
00000000
00000000
00000000
,
00000000
00000000
00000000
00000000
,
10010000
00000000
00000000
00000000
,
01000000
00000000
00001000
00010000
,
00001000
00000000
00000100
00001000
,
00000100
00000000
00000001
00001000
,
00000001
00000000
00001000
00000100
,
00001000
00000000
00001000
00000000
,
00001000
00000000
00001000
00000000
,
00010000
00000000
00010000
00000000
,
00010000
00000000
00010000
00000000
,
00100000
00000000
00100000
00000000
,
00010000
00000000
00010000
00000000
,
01000000
00000000
01000000
00000000
,
00001000
00000000
00001000
00000000
,
00000100
00000000
00000010
00000000
,
00001000
00000100
00001000
00000000
,
00000001
00000000
00000100
00000000
,
00000010
00001000
00000010
00000000
,
00011000
00000000
00000000
00000000
,
02000000
00000000
00000000
03000000
,
20000000
00000000
00000000
30000000
,
00020000
00000000
00000000
00030000
,
10010000
00000000
00000000
00000000
,
02000000
00000000
00000000
03000000
,
00002000
00000000
00000000
00003000
,
00020000
00000000
00000000
00030000
,
00011000
00000000
00000000
00000000
,
00000000
00000000
00000000
00000000
,
00000010
00000000
00000000
00000000
,
00001000
00000000
00000001
00000100
,
00000001
00000000
00000000
00000000
,
00001000
00000000
00000100
00001000
,
00000100
00000000
00000000
00000000
,
00010000
00000000
01000000
10000000
,
01000000
00000000
00000000
00000000
,
00100000
00000000
00001000
00010000
,
00001000
00000000
00000100
00000000
,
00000001
00000010
00000100
00000000
,
00010000
00000000
00001000
00000000
,
01000000
00100000
10000000
00000000
,
01000000
00000000
00100000
00000000
,
00001000
00010000
00000100
00000000
,
00001000
00000000
00000001
00000000
,
00000100
00001000
00000100
00000000
,
00000002
00000000
00000000
00000003
,
00001001
00000000
00000000
00000000
,
00000000
00000000
00000000
00000000
;

//---------------dance-double - ----------------
#NOTES:
     dance-double:
     :
     Medium:
     4:
     0.314,0.336,0.092,0.286,0.000:
00000000
00000000
00000000
00000000
,
00000000
00000000
00000000
00000000
,
00000000
00000000
00000000
00000000
,
00000000
00000000
00000000
00000000
,
00000000
00000000
00000010
00001000
,
00000100
00000000
00010000
00001000
00000000
00000000
00000000
00000000
,
00011000
00000000
01000000
00010000
,
10010000
00000000
01000000
00010000
,
00011000
00000000
00000010
00001000
,
00001001
00000000
00000100
00001000
,
00011000
00001000
00010000
00100000
,
01000000
10000000
01000000
00100000
,
00010000
00001000
00000100
00000010
,
00000001
00000010
00000100
00001000
,
00010000
00100000
01000000
10000000
,
01000000
00100000
00010000
00001000
,
00000100
00000010
00000001
00000010
,
00000100
00001000
00010000
00100000
,
02000000
03000000
00020000
00030000
,
00200000
00000000
00300000
00000000
00001000
00010000
00001000
00000000
,
00000020
00000030
00000200
00000300
,
00002000
00000000
00003000
00000000
00000001
00000100
00000001
00000000
,
00001000
00000000
00000100
00001000
00000100
00000000
00010000
00001000
,
00010000
00000000
01000000
00010000
01000000
00000000
00100000
00000000
,
00100000
00000000
00010000
10000000
00010000
00000000
01000000
00010000
,
01000000
00000000
00001000
00010000
00001000
00000000
00010000
00000000
,
00010000
00000000
00000010
00001000
00000010
00000000
00000100
00000001
,
00000100
00000000
00000010
00001000
00000010
00000000
00010000
00000000
,
00010000
00000000
01000000
00010000
01000000
00000000
00100000
00010000
,
00100000
00000000
00010000
10000000
00010000
00000000
01000000
00000000
,
02000000
00000000
00000000
03000000
,
10010000
00000000
01000000
00000000
,
00002000
00003000
00000200
00000300
,
00000020
00000030
00002000
00003000
,
00000002
00000003
00000020
00000030
,
00000200
00000300
00002000
00003000
,
00020000
00030000
00200000
00300000
,
02000000
03000000
20000000
30000000
,
00020000
00030000
02000000
03000000
,
00002000
00003000
00020000
00030000
,
00011000
00000100
00000010
00000001
,
00001000
00000010
00000100
00001000
,
00010000
00100000
01000000
00010000
,
10000000
01000000
00100000
00010000
,
00001000
00000100
00000010
00000001
,
00001000
00000010
00000100
00001000
,
01000000
00010000
10000000
01000000
,
00100000
00001000
00010000
00001000
,
00020000
00030000
00002000
00003000
,
00011000
00000000
00000000
00000000
,
00000000
00000000
00000000
00000000
;

//---------------dance-double - ----------------
#NOTES:
     dance-double:
     :
     Hard:
     7:
     0.551,0.566,0.126,0.583,0.069:
00000000
00000000
00000000
00000000
,
00000000
00000000
00000000
00000000
,
00000000
00000000
00000000
00000000
,
00000000
00000000
00000000
00000000
,
00000000
00000000
00000000
10000000
00010000
01000000
00010000
01000000
,
00002000
00000000
00013000
00010000
00000000
00000000
00000020
00000000
,
00001000
00000000
00001030
00000000
00000001
00000010
00000200
00000000
,
00010000
00000000
00010300
00000000
00001000
01000000
00020000
00000000
,
10000000
00000000
10030000
00000000
00100000
01000000
00020000
00000000
,
00100000
00000000
00130000
00000000
00001000
00010000
00000100
00000000
,
00000010
00000000
00000001
00000000
00000010
00000000
00000100
00000010
00000100
00000000
00001000
00000000
00010000
00000000
00100000
00010000
,
00100000
00000000
01000000
00000000
10000000
00000000
00010000
10000000
00010000
00000000
01000000
00000000
00001000
00000000
00010000
00000000
,
00000010
00000000
00001000
00000000
00000001
00000000
00000100
00000001
00001000
00000000
00000100
00000000
00010000
00000000
00001000
00010000
,
01000000
00000000
00100000
00000000
00010000
00000000
10000000
00010000
01000000
00000000
00001000
00000000
00010000
00000000
00001000
00000000
,
00000100
00000000
00000010
00000000
00001000
00000000
00000001
00000100
00000010
00000000
00001000
00000000
00010000
00000000
00100000
00010000
,
10000000
00000000
00100000
00000000
00010000
00000000
00001000
00010000
00000010
00000000
00000100
00000000
00000001
00000000
00001000
00000000
,
00000010
00000000
00010000
00000000
00001000
00000000
01000000
00010000
10000000
00000000
01000000
00000000
00100000
00000000
01000000
00010000
,
00000100
00000000
00001000
00000000
00000100
00000000
00001000
00000001
00001000
00000000
00000010
00000000
00010000
00000000
00001000
00000000
,
00010000
01000000
10000000
01000000
10000000
00100000
01000000
00100000
,
01000000
00010000
00001000
00000010
00000100
00000001
00000100
00000010
,
00001000
00010000
00100000
00010000
00100000
01000000
10000000
01000000
,
10000000
00010000
01000000
00001000
00010000
00001000
00000100
00001000
,
00000200
00000000
00000301
00002000
00000000
00003000
00000001
00002000
,
00000000
00003000
00000000
00000010
00010000
00001000
01000000
00100000
,
20000000
00000000
30010000
00200000
00000000
00302000
00000000
00023000
,
00000000
00030000
00000000
00000010
00001000
00000001
00000100
00001000
,
00000200
00000000
00000301
00002000
00000000
00003000
00000001
00002000
,
00000000
00003000
00000000
00000010
00010000
00001000
01000000
00100000
,
20000000
00000000
30010000
00200000
00000000
00302000
00000000
00023000
,
00000000
00030000
00000000
00000010
00001000
00000001
00000100
00001000
,
00000200
00000000
00000301
00002000
00000000
00003000
00000001
00002000
,
00000000
00003000
00000000
00011000
00001000
00001000
00010000
00010000
,
02000000
00000000
03100000
00020000
00000000
00030000
10000000
02000000
,
00000000
03000000
00000000
10010000
01000000
01000000
00001000
00001000
,
00010000
00000010
00001000
00000200
00000000
00000320
00000000
00000032
,
00000000
00000003
00000000
00001001
00000010
00000010
00010000
00010000
,
00002000
00000000
01003000
00020000
00000000
00030000
10000000
00200000
,
00000000
00300000
00000000
10010000
00100000
00100000
00001000
00001000
,
00000020
00000000
00000130
00002000
00000000
00003002
00000000
00000203
,
00000000
00000300
00000000
00011000
00100000
00100000
00010000
00010000
,
20000000
00000000
30100000
02000000
00000000
03000000
00010000
20000000
,
00000000
30000000
00000000
10010000
01000000
01000000
00001000
00001000
,
00020000
00000000
00030010
00002000
00000000
00003002
00000000
00000203
,
00000000
00000300
00000000
00000110
00000010
00000010
00001000
00001000
,
00020000
00000000
00130000
00020000
00000000
00030000
10000000
02000000
,
00000000
03000000
00000000
10010000
00100000
00100000
01000000
01000000
,
00002000
00000000
00013000
00002000
00000000
00003020
00000000
00000230
,
00000000
00000300
00000000
00001001
00000010
00000010
00001000
00001000
,
00011000
00000000
01000000
00010000
01000000
00000000
00001000
00010000
,
00022000
00000000
00033000
00000000
,
00000000
00000000
00000000
00000000
;
