#TITLE:Keep On Liftin';
#SUBTITLE:;
#ARTIST:dj nagureo;
#TITLETRANSLIT:;
#SUBTITLETRANSLIT:;
#ARTISTTRANSLIT:;
#CREDIT:;
#BANNER:Keep On Liftin'.png;
#BACKGROUND:Keep On Liftin'-bg.png;
#LYRICSPATH:;
#CDTITLE:./CDTITLES/BEATMANIA III.PNG;
#MUSIC:Keep On Liftin'.ogg;
#OFFSET:0.000;
#SAMPLESTART:55.220;
#SAMPLELENGTH:15.000;
#SELECTABLE:YES;
#DISPLAYBPM:100.000;
#BPMS:0.000=99.448,8.000=100.000;
#STOPS:;
#BGCHANGES:;

//---------------dance-single - ----------------
#NOTES:
     dance-single:
     :
     Beginner:
     1:
     0.124,0.142,0.052,0.000,0.000:
0000
0000
0000
0000
,
0000
0000
0000
0000
,
0000
0000
0000
0000
,
1000
0000
0000
0000
,
0100
0000
0000
0000
,
0001
0000
0100
0000
,
0001
0001
0001
0000
,
0010
0000
0100
0000
,
1000
0000
0001
0000
,
1001
0000
0000
0000
,
0010
0010
0010
0000
,
0000
0001
0000
0100
,
0000
1000
0000
0100
,
0000
0001
0000
0001
,
0000
1000
0000
1000
,
0000
0110
0000
0000
,
0000
1001
0000
0000
,
0000
0110
0000
0000
,
0001
0001
0001
0000
,
0000
1000
1000
1000
,
0000
0001
0001
0001
,
0000
0010
0010
0010
,
0010
0000
0100
0000
,
0000
0001
0001
0001
,
0000
1000
1000
1000
,
0000
0010
0010
0010
,
0010
0000
0010
0000
,
0001
0000
0100
0000
,
1000
0000
0001
0000
,
1000
1000
0000
0000
,
0001
0001
0000
0000
,
1000
0000
0100
0000
,
0001
0000
1000
0000
,
0001
0001
0000
0000
,
1000
1000
1000
1000
,
1000
0000
0001
0000
,
1000
0000
0001
0000
,
1000
0000
0001
0000
,
1000
0000
0001
0000
,
1001
0000
0000
0000
,
0000
0000
0000
0000
;

//---------------dance-single - ----------------
#NOTES:
     dance-single:
     :
     Easy:
     3:
     0.170,0.184,0.083,0.135,0.000:
0000
0000
0000
0000
,
0000
0000
0000
0000
,
0000
0000
0000
0000
,
1000
0000
0000
0000
,
0100
0000
0000
0000
,
0001
0000
0100
0000
,
0001
0001
1000
1000
,
0010
0000
0100
0000
,
1000
0000
0001
0000
,
1001
0000
0000
0100
,
0010
0010
0100
0100
,
0000
0001
0000
0100
,
0000
1000
0000
0100
,
0100
0001
0000
0001
,
0010
1000
0000
1000
,
0000
0101
0000
0000
,
0000
1001
0000
0000
,
0000
1010
0000
0000
,
0010
0100
0200
0300
,
1000
1000
1000
1000
,
0000
1000
0001
1000
,
0010
0010
0010
0010
,
0000
0100
0010
1000
,
0001
0001
0001
0001
,
0000
0001
1000
0001
,
0100
0100
0100
0100
,
0000
0010
1001
0000
,
0002
0003
0200
0300
,
2000
3000
0002
0003
,
1000
0001
0000
1001
,
0001
0001
0100
1000
,
2000
3000
0200
0300
,
0002
0003
0020
0030
,
0100
0010
0000
0110
,
1000
1000
0010
0001
,
2000
0000
3100
0000
,
0002
0000
0013
0000
,
0010
0010
0100
0000
,
0000
0001
0000
1000
,
2002
3003
0000
0000
,
0000
0000
0000
0000
;

//---------------dance-single - ----------------
#NOTES:
     dance-single:
     :
     Medium:
     5:
     0.284,0.284,0.073,0.292,0.000:
0000
0000
0000
0000
,
0000
0000
0000
0000
,
0000
0000
0000
0000
,
2000
0000
3100
0000
0001
0100
0010
0000
,
1000
0001
1000
0000
0001
0100
0001
1000
,
0100
0010
0002
1003
,
0011
1000
1010
0100
,
0000
0000
0100
0000
0001
1000
0010
0000
,
0001
0000
0000
0000
0001
0100
0010
1000
,
0200
0300
0000
1001
,
0010
0100
1000
0001
,
0000
0000
0100
0000
0001
0010
0100
0000
,
2000
3100
0002
0013
,
1000
0000
0001
0000
1000
0100
0010
0000
,
0001
0000
0001
0000
1000
0010
0100
0001
,
0010
0110
0000
0100
,
0001
0011
0000
0010
,
0100
0000
1100
0000
0001
0010
0100
0000
,
0001
1000
0200
0300
,
0000
0001
0002
0013
,
0200
0000
1300
0000
1000
0001
1000
0100
,
0010
0100
0200
1300
,
0020
0000
0031
0000
0001
1000
0001
0000
,
0000
2000
3100
0002
,
0013
0000
0100
0000
0001
0100
0010
1000
,
0001
0000
1000
0000
1000
0010
0100
0000
,
0002
0000
0103
0000
1000
1000
0100
0000
,
0000
0000
1000
0000
0001
0010
0100
0000
,
0000
1000
0001
0000
1000
0100
1000
0001
,
0100
0010
2000
3100
,
0002
1000
0100
1003
,
0020
0000
0130
0000
0010
1000
0100
0000
,
0001
0100
0001
0000
1000
0001
0100
0000
,
1000
0010
0001
0100
,
2000
0001
0100
3001
,
0002
0203
0320
2030
,
3002
0000
1003
0100
,
2000
3020
0230
0302
,
2003
0000
0002
3003
,
0101
0000
0000
0000
,
0000
0000
0000
0000
;

//---------------dance-single - ----------------
#NOTES:
     dance-single:
     :
     Hard:
     5:
     0.326,0.305,0.104,0.302,0.031:
0000
0000
0000
0000
,
0000
0000
0000
0000
,
0000
0000
0000
0000
,
0021
0000
0130
0000
0001
0100
0010
1000
,
0100
0010
0001
0000
0001
0100
0001
1000
,
0100
0010
0002
1003
,
0011
0100
1000
0000
1010
0001
0100
0000
,
0000
0000
0100
0000
0001
1000
0010
0100
,
0001
0000
1000
0000
0001
0100
0010
1000
,
0200
0000
0000
0300
0000
0000
1001
0000
,
0010
0000
0100
0001
1000
0100
0010
0000
,
0000
0000
0000
0000
0100
0000
0000
0000
0001
0000
0010
0000
0100
0000
0000
0100
,
2000
0000
3100
0000
0001
0010
0100
1000
,
0001
0000
0100
0000
0001
0000
0000
0000
1000
0000
0100
0000
0010
0000
0000
0010
,
0001
0000
1000
0000
1000
0010
0100
0001
,
0010
0000
0000
0000
0110
0000
0000
0000
0000
0000
0000
0000
0001
0000
0000
0001
,
1000
0010
1010
0000
0000
0000
0010
0000
,
0100
0001
0101
0000
1000
0010
0100
0000
,
0001
1000
0200
0320
,
0030
0000
0001
0000
0002
0000
0013
0001
,
0020
0000
0130
0000
1000
0001
1000
0100
,
0010
0000
0100
0000
0200
0000
1300
0100
,
0020
0000
0031
0100
0010
1000
0001
0000
,
0000
0000
0002
0000
0013
0100
2000
0000
,
3000
0000
0100
0000
0001
0100
0010
1000
,
0001
0000
1000
0000
1000
0010
0100
0000
,
0002
0000
0103
0000
1001
1001
0100
0000
,
0000
0000
1000
0000
0001
0010
0100
0000
,
0000
1000
0001
0000
1000
0100
0010
0001
,
0100
0000
0100
0000
0010
0000
0000
0000
2000
0000
0000
0000
3100
0000
0000
1000
,
0020
0100
0001
1030
,
0002
0000
0000
0000
0103
0000
0000
0000
0010
0000
1000
0000
0100
0000
0000
1000
,
0001
0100
0001
0000
1000
0001
0100
0000
,
2000
0000
0000
0000
3010
0000
0000
0000
0001
0000
0010
0000
0100
0000
0000
0001
,
0200
0010
1000
0301
,
2000
3200
0320
0032
,
2003
0000
3001
0100
,
0002
0023
0230
2300
,
3020
0000
0200
0330
,
1001
0000
0000
0000
,
0000
0000
0000
0000
;

//---------------dance-double - ----------------
#NOTES:
     dance-double:
     :
     Easy:
     3:
     0.186,0.204,0.083,0.104,0.000:
00000000
00000000
00000000
00000000
,
00000000
00000000
00000000
00000000
,
00000000
00000000
00000000
00000000
,
00020000
00000000
00000000
00030000
,
20000000
30000000
01000000
01000000
,
01000000
00000000
00010000
00001000
,
00000010
00000000
00000100
00000010
,
00001001
00000000
00000000
00000000
,
00000010
00000000
00000100
00000100
,
00001001
00000000
00000000
00000000
,
00000001
00000100
00001000
00010000
,
00011000
00000000
00000000
00000000
,
00010000
01000000
10000000
10000000
,
00010000
00000000
00010000
00010000
,
10000000
01000000
00010000
00001000
,
00011000
00000000
00001000
00000010
,
00000001
00000001
00000001
00000001
,
00001000
00000000
00001000
00001000
,
00000001
00000000
00000010
00000100
,
00001001
00000000
00000000
00000000
,
00000000
00000001
00000100
00001000
,
00010000
00010000
00100000
00100000
,
20000000
30000000
00020000
00030000
,
01100000
00000000
00010000
00100000
,
00000000
01000000
00100000
00100000
,
00020000
00030000
20000000
30000000
,
10010000
00010000
00100000
01000000
,
20020000
00000000
00000000
30030000
,
02000000
03000000
01000000
01000000
,
00010000
00010000
00001000
00001000
,
00000100
00000000
00000001
00000001
,
00001000
00000010
00000100
00000100
,
00000000
00000100
00000001
00001000
,
00000000
00001000
00000000
00000001
,
00000100
00001000
00010000
00010000
,
01000000
10000000
00100000
01000000
,
00010000
00010000
00010000
00010000
,
10000000
10000000
01000000
00010000
,
00001000
00000100
00000001
00000010
,
00000200
00000300
00000000
00000000
,
00000000
00000000
00000000
00000000
;

//---------------dance-double - ----------------
#NOTES:
     dance-double:
     :
     Medium:
     5:
     0.250,0.305,0.104,0.083,0.000:
00000000
00000000
00000000
00000000
,
00000000
00000000
00000000
00000000
,
00000000
00000000
00000000
00000000
,
00000001
00000000
00000000
00000000
,
00001000
00000000
00001000
00000000
,
00000001
00000100
00001000
00001000
,
00010000
00000000
01000000
00000000
10000000
00010000
10000000
00000000
,
00100000
00000000
00100000
00000000
,
01000000
00010000
00100000
01000000
,
20020000
00000000
00000000
30030000
,
01000000
00000000
01000000
00000000
00100000
00010000
01000000
00000000
,
10010000
00000000
00100000
00010000
,
00001000
00000010
00000001
00000001
,
00001000
00000010
00000100
00000001
,
00000010
00000000
00000100
00000000
00001000
00000001
00001000
00000000
,
00000100
00000010
00000001
00000100
,
00001000
00010000
00010000
01000000
,
10000000
00100000
01000000
00010000
,
00100000
01000000
00100000
00000000
00010000
10000000
00010000
00000000
,
01100000
00010000
00100000
00100000
,
11000000
00100000
00010000
00001000
,
00000010
00000010
00000010
00000010
,
00000001
00000000
00001000
00000000
00000010
00000100
00000100
00000000
,
00001001
00000000
00000010
00000000
00000010
00000100
00000010
00000000
,
00000001
00000000
00000001
00000000
00000001
00000100
00001000
00000000
,
00010000
01000000
10000000
10000000
,
00100000
00000000
01000000
00000000
00010000
10000000
01000000
00000000
,
20010000
01000000
01000000
31000000
,
00100000
00010000
10000000
01000000
,
00020000
00001000
00001000
00031000
,
00000100
00000000
00000001
00000000
00000010
00000100
00000010
00000000
,
00001002
00000100
00000100
00000103
,
00000010
00001000
00000001
00000010
,
00002000
00010000
00010000
00013000
,
00100000
10000000
01000000
00000000
00100000
00010000
01000000
00000000
,
20010000
00000000
31000000
00000000
00100000
00010000
01000000
00000000
,
10020000
00000000
01030000
00000000
00100000
10000000
01000000
00000000
,
00010000
00001000
00000100
00000001
,
00000010
00000001
00000100
00000000
00000010
00001000
00000100
00000000
,
00001001
00000000
00000000
00000000
,
00000000
00000000
00000000
00000000
;

//---------------dance-double - ----------------
#NOTES:
     dance-double:
     :
     Hard:
     6:
     0.310,0.305,0.125,0.083,0.016:
00000000
00000000
00000000
00000000
,
00000000
00000000
00000000
00000000
,
00000000
00000000
00000000
00000000
,
00000001
00001000
00000100
00000000
00001000
00000000
00001000
00000000
,
00000010
00000100
00000001
00000000
00000010
00000000
00000010
00000000
,
00000100
00001000
00000001
00000100
,
00001000
00010000
01000000
10000000
00100000
01000000
00010000
00000000
,
11000000
00000000
00010000
00000000
00100000
01000000
10000000
00000000
,
01010000
00000000
10000000
00000000
00100000
01000000
00010000
00000000
,
00202000
00000000
00000000
00303000
,
00010000
01000000
00100000
00010000
00001000
00000010
00000001
00000000
,
00001001
00000000
00000010
00000000
00000010
00000100
00000010
00000000
,
00001000
00000000
00000001
00000000
00000010
00000100
00000010
00000000
,
00000001
00000100
00000010
00001000
,
00000001
00000010
00001000
00010000
00100000
10000000
01000000
00000000
,
10010000
00000000
01000000
00000000
00100000
10000000
01000000
00000000
,
00100000
00000000
00010000
00000000
01000000
00100000
10000000
00000000
,
00010000
00100000
01000000
10000000
,
00100000
00010000
00100000
10000000
01000000
00010000
00001000
00000000
,
00002100
00000001
00000001
00003001
,
00000120
00001000
00001000
00001030
,
00001001
00000000
00000010
00000000
00000001
00000100
00001000
00000000
,
00001000
00100000
01000000
10000000
00100000
01000000
00010000
00000000
,
11000000
00000000
00010000
00000000
00100000
01000000
10000000
00000000
,
01010000
00000000
10000000
00000000
00100000
01000000
00010000
00000000
,
10000000
00100000
00010000
00000000
00100000
10000000
01000000
00000000
,
00010000
00001000
00000100
00000001
00000010
00001000
00000010
00000002
,
00002000
00000000
00000000
00003003
,
00000010
00000000
00000010
00000000
00000100
00000001
00000010
00000200
,
00001000
00001000
00001000
00001300
,
00000010
00000000
00000100
00000000
00000001
00000000
00000000
00000000
00001000
00000100
00000000
00000000
00000100
00000000
00000010
00000000
,
00000001
00000000
00000100
00000000
00001000
00010000
00000100
00000000
,
00001000
00000000
00010000
00000000
00100000
00010000
00100000
00000000
,
01000000
10000000
00010000
00000000
01000000
00000000
01000000
00000000
,
00100000
00000000
00000000
00000000
10000000
00000000
00000000
00000000
00010000
00100000
01000000
00000000
01000000
00000000
00000000
00000000
,
10010000
00000000
01000000
00000000
00100000
10000000
01000000
00000000
,
00010000
00000000
00001000
00000000
00000100
00000001
00000010
00000100
,
00002000
00000001
00000001
00003001
,
00000010
00000000
00000100
00000000
00000010
00000000
00000000
00000000
00001000
00000001
00001000
00000000
00000010
00000000
00000100
00000000
,
00001001
00000000
00000000
00000000
,
00000000
00000000
00000000
00000000
;