#TITLE:L'amour et la liberte(DDR Ver.);
#SUBTITLE:;
#ARTIST:NAOKI underground;
#TITLETRANSLIT:L'amour et la liberte(DDR Ver.);
#SUBTITLETRANSLIT:;
#ARTISTTRANSLIT:;
#CREDIT:;
#BANNER:L'amour et la liberte(DDR Ver.)-jacket.png;
#BACKGROUND:L'amour et la liberte(DDR Ver.)-bg.png;
#LYRICSPATH:;
#CDTITLE:./CDTITLES/DANCE DANCE REVOLUTION EXTREME.PNG;
#MUSIC:L'amour et la liberte(DDR Ver.).ogg;
#OFFSET:0.000;
#SAMPLESTART:68.389;
#SAMPLELENGTH:15.000;
#SELECTABLE:YES;
#DISPLAYBPM:145.000;
#BPMS:0.000=140.078,4.000=140.010,36.000=145.009;
#STOPS:;
#BGCHANGES:;

//---------------dance-single - ----------------
#NOTES:
     dance-single:
     :
     Beginner:
     3:
     0.155,0.171,0.050,0.000,0.000:
0000
0000
0000
0000
,
0000
0000
0000
0000
,
0000
0000
0000
0000
,
0000
0000
0000
0000
,
0000
0000
0000
0000
,
0100
0000
0000
0000
,
0010
0000
0000
0000
,
0100
0000
0001
0000
,
1000
0000
0010
0010
,
0000
1000
0000
0010
,
0000
1000
0000
0001
,
0000
1000
0000
0100
,
0000
1000
0000
0001
,
0001
0001
0000
0010
,
0000
0001
0000
1000
,
0000
0001
0000
0100
,
0000
0001
0000
1000
,
0000
0010
0000
0100
,
0100
0000
0100
0000
,
0001
0000
0001
0000
,
1000
0000
1000
1000
,
0000
0001
0000
0100
,
0000
0100
0000
1000
,
0000
0010
0000
1000
,
1000
0000
0010
0010
,
0000
1000
0000
0001
,
0000
0100
0000
1000
,
0000
0001
0000
1000
,
0000
0010
0000
0010
,
0010
0000
0100
0100
,
0000
1000
0000
0100
,
0000
0001
0000
1000
,
0000
1000
0000
0001
,
0000
0000
0000
1000
,
0000
0000
0000
0001
,
0000
0000
0000
0010
,
0000
0000
0000
0100
,
0000
0010
0000
1001
,
0000
0010
0000
1001
,
0000
1000
0000
1001
,
0000
0001
0000
1001
,
0000
1000
0000
0000
,
0001
0000
0010
0000
,
0100
0000
1000
0000
,
0001
0000
1000
0000
,
0010
0000
0001
0000
,
1000
0000
0010
0000
,
0100
0000
0001
0000
,
1000
0000
0001
0000
,
0000
0100
0000
0000
,
0010
0000
0001
0000
,
1000
0000
0100
0000
,
0010
0000
0100
0000
,
1000
1000
0000
0100
,
0000
0010
0000
0001
,
0000
0100
0000
0001
,
0001
0000
1000
0000
,
1001
0000
0000
0000
,
0000
0000
0000
0000
;

//---------------dance-single - ----------------
#NOTES:
     dance-single:
     :
     Easy:
     6:
     0.288,0.321,0.170,0.160,0.000:
0000
0000
0000
0000
,
0000
0000
0000
0000
,
0000
0000
0000
0000
,
0000
0000
0000
0000
,
0000
0000
0000
0000
,
0200
0000
0000
0300
,
0020
0000
0000
0030
,
0100
0000
0001
0000
,
1000
0000
0010
0010
,
1000
1000
0000
0010
,
1000
1000
0000
0001
,
1000
1000
0000
0100
,
1000
1000
0000
0001
,
0001
0001
0000
0010
,
0001
0001
0000
1000
,
0001
0001
0000
0100
,
0001
0001
0000
1000
,
0010
0000
0010
0011
,
0100
0000
0100
1100
,
0001
0000
0001
0011
,
1000
0000
1000
1100
,
0010
0000
0001
0011
,
0100
0000
1000
1100
,
0001
0000
0010
0011
,
1000
0000
0100
1100
,
0010
0001
1000
0010
,
0100
0001
1000
0100
,
0001
0010
1000
0010
,
0001
0100
1000
0100
,
0010
0001
0100
0100
,
0010
1000
0100
0100
,
0010
0001
0010
1000
,
0010
1000
0010
0001
,
0020
0000
0000
1030
,
0200
0000
0000
0301
,
2000
0000
0000
3010
,
0002
0000
0000
0103
,
1000
0010
1000
1001
,
0001
0010
0001
1001
,
0010
1000
0010
1001
,
0010
0001
0010
1001
,
0020
0000
1000
0130
,
0002
0000
0010
1003
,
0200
0000
1000
0310
,
0002
0000
1000
0103
,
0020
0000
0001
0130
,
2000
0000
0010
3001
,
0200
0000
0001
0310
,
2000
0000
0001
3100
,
0010
0001
0010
1100
,
0010
1000
0010
0101
,
0010
0001
0100
0110
,
0010
1000
0100
0110
,
1000
1000
0100
0100
,
0010
0010
0001
0001
,
1000
0100
0010
0001
,
0001
0010
0100
1000
,
2002
0000
0000
0000
,
0000
3003
0000
0000
,
0000
0000
0000
0000
;

//---------------dance-single - ----------------
#NOTES:
     dance-single:
     :
     Medium:
     9:
     0.371,0.350,0.000,0.150,0.000:
0000
0000
0000
0000
,
0000
0000
0000
0000
,
0000
0000
0000
0000
,
0000
0000
0000
0000
,
0000
0000
0000
0000
,
0200
0000
0002
0303
,
0020
0000
0000
0000
0000
0000
0030
0001
,
0200
0000
0000
0000
0020
0000
0330
1000
,
0100
0100
0010
0010
,
0001
0000
1000
0000
0000
0010
0100
0000
,
1000
0000
0001
0000
0000
0010
0100
0000
,
0001
0000
0001
0000
0000
1000
0100
0000
,
1000
0000
1000
0000
0000
0001
0100
0000
,
0010
0000
1000
0000
0000
1000
0100
0000
,
0010
0000
0001
0000
0000
0001
0100
0000
,
0010
1000
0100
0001
,
0001
0000
0100
0000
1000
0000
0010
0100
,
0001
0010
0010
0000
0100
0000
1000
0000
,
1000
0010
0010
0000
0100
0000
0001
0000
,
0100
0010
0010
0000
1000
0000
0001
0000
,
0100
0010
0010
0000
0001
0000
1000
0000
,
1000
0001
0001
0000
1000
0000
0100
0000
,
0001
1000
1000
0000
0001
0000
0100
0000
,
0010
0001
0001
0000
0010
0000
0100
0000
,
0100
1000
1000
0000
0100
0000
0010
0000
,
1000
0100
0000
0100
0010
0001
0001
0000
,
0000
1000
0000
1000
0100
0010
0010
0000
,
0000
0001
0000
0001
1000
0100
0100
0000
,
0000
0010
0000
0010
0001
0100
0100
0000
,
0000
0010
0000
1000
1000
0001
0001
0000
,
0000
0010
0000
0001
0001
1000
1000
0000
,
0000
0100
0000
0010
1000
0001
0001
0000
,
0000
0100
0000
0010
0001
1000
1000
0000
,
0020
0000
0000
1000
0000
0000
0130
0000
,
2000
0000
0000
0100
0000
0000
3001
0000
,
0002
0000
0000
0010
0000
0000
1003
0000
,
0200
0000
0000
0001
0000
0000
0310
1000
,
0002
0100
0000
0100
0000
0000
0013
0000
,
2000
0100
0000
0100
0000
0000
3010
0000
,
0002
0100
0000
1000
0000
0000
0013
0000
,
2000
0100
0000
0001
0000
0000
3010
0100
,
0001
1000
0000
1000
0100
0000
0010
0001
,
0000
0100
0000
0100
0010
0000
1000
0001
,
1000
0001
0000
0001
0100
0000
0010
1000
,
0000
0100
0000
0100
0010
0000
0001
1000
,
0010
0010
0000
1000
0100
0000
0001
0001
,
0000
0010
0000
0001
0100
0000
1000
1000
,
0100
0100
0000
0010
0001
0000
1000
1000
,
0000
0100
0000
0010
1000
0001
0001
0000
,
0100
0100
0000
0010
0010
0000
1000
1000
,
0000
0100
0000
0010
0010
0000
0001
0001
,
0010
0010
0000
0001
0001
0000
1000
1000
,
0000
0010
0000
1000
1000
0000
0001
0000
,
1000
0100
0000
0100
0010
0000
0001
0100
,
0000
0010
0000
1000
0100
0000
0001
0100
,
0010
1000
0000
0010
0100
0000
0001
0100
,
0000
0010
0000
1000
0100
0010
0001
0000
,
2000
0000
0000
0002
0000
0000
0000
0000
,
0000
3003
0000
0000
,
0000
0000
0000
0000
;

//---------------dance-single - ----------------
#NOTES:
     dance-single:
     :
     Hard:
     12:
     0.444,0.496,0.000,0.020,0.631:
0000
0000
0000
0000
,
0000
0000
0000
0000
,
0000
0000
0000
0000
,
0000
0000
0000
0000
,
0000
0000
0000
0000
,
0100
0000
0100
0000
,
0010
0000
0000
0000
0010
0000
0000
1000
,
0100
0000
0000
0000
0100
0000
0000
1000
,
0010
0000
0100
0000
0001
0000
0100
0010
,
1000
0000
0100
0000
0010
0001
0000
0010
0000
0000
0100
0000
0000
0000
1000
0000
,
0000
0000
0010
0000
0100
0001
0000
0010
0000
0000
0100
0000
0000
0000
1000
0000
,
0000
0000
0010
0000
0100
0001
0000
0010
0000
0000
0001
0000
0000
0000
0100
0000
,
0000
0000
0001
0000
0010
0100
0000
1000
0000
0000
0001
0000
0000
0000
0100
0000
,
0000
0000
0010
0000
1000
0001
0010
0000
0000
0000
0100
0000
0000
0000
0001
0000
,
0000
0000
0010
0000
0001
1000
0000
0010
0000
0000
0100
0000
0000
0000
1000
0000
,
0001
0000
0010
0000
0100
1000
0000
0001
0000
0000
0100
0000
0000
0000
0010
0000
,
1000
0000
0010
0000
0100
0001
0000
1000
0000
0000
0100
0000
0010
0000
0001
0000
,
0100
0000
0001
0000
0000
0010
0000
0000
0100
0000
0000
1000
0000
0001
0000
0000
,
0000
0000
1000
0000
0000
0010
0000
0000
0100
0000
0000
0001
0000
1000
0000
0000
,
0000
0000
0100
0000
0000
1000
0000
0000
0001
0000
0000
0010
0000
0100
0000
0000
,
0000
0000
0010
0000
0000
0001
0000
0000
1000
0000
0000
0010
0000
0100
0000
0000
,
0100
0000
0010
0000
0000
0010
0000
0000
1000
0000
0000
0001
0000
1000
0000
0000
,
0000
0000
0100
0000
0000
0100
0000
0000
0001
0000
0000
1000
0000
0001
0000
0000
,
0000
0000
1000
0000
0000
1000
0000
0000
0001
0000
0000
0010
0000
0100
0000
0000
,
0000
0000
0001
0000
0000
0001
0000
0000
1000
0000
0000
0010
0000
0100
0000
0001
,
1000
0000
0100
0000
0000
0010
0000
0000
0100
0000
0000
0001
0000
0001
0000
0000
,
0000
0000
0100
0000
0000
0010
0000
0000
0100
0000
0000
1000
0000
1000
0000
0000
,
0000
0000
0001
0000
0000
0010
0000
0000
0100
0000
0000
1000
0000
1000
0000
0000
,
0000
0000
1000
0000
0000
0010
0000
0000
0100
0000
0000
0001
0000
0001
0000
0100
,
0000
0000
0010
0000
0000
1000
0000
0000
0001
0000
0000
1000
0000
0010
0000
0000
,
0000
0000
0100
0000
0000
1000
0000
0000
0001
0000
0000
1000
0000
0100
0000
0000
,
0000
0000
0010
0000
0000
0001
0000
0000
1000
0000
0000
0001
0000
0010
0000
0000
,
0000
0000
0100
0000
0000
0001
0000
0000
1000
0000
0000
0001
0000
0100
0000
0100
,
0010
1000
0000
0001
,
0010
0000
0000
0000
0001
0000
0000
0000
0000
0000
0000
1000
0000
0000
1000
0000
,
0010
1000
0000
0001
,
0010
0000
0000
0000
0001
0000
0000
0000
0000
0000
0000
1000
0001
0000
1000
0000
,
0010
1000
0010
0000
0001
1000
0001
0000
,
0100
1000
0100
0000
0001
1000
0001
0000
,
0010
0001
0010
0000
1000
0001
1000
0000
,
0100
0000
0001
0000
0100
0000
0000
0100
0000
0010
0000
0100
0010
0000
1000
0000
,
0010
0000
1000
0000
0000
0100
0000
0000
0010
0000
0000
0001
0000
1000
0000
1000
,
0000
0000
0001
0000
0000
0100
0000
0000
0010
0000
0000
1000
0000
0001
0000
0001
,
0100
0000
0010
0000
0000
1000
0000
0000
0001
0000
0000
0010
0000
0100
0000
0100
,
0000
0000
0010
0000
0000
0001
0000
0000
1000
0000
0000
0001
0000
0100
0000
0100
,
0010
0000
1000
0000
0000
0001
0000
0000
0100
0000
0010
0000
0000
1000
0000
0100
,
0000
0000
0001
0000
0000
1000
0000
0000
0100
0000
0000
0010
0000
0001
0000
0100
,
0010
0000
1000
0000
0000
0100
0000
0000
0010
0000
0000
0100
0000
1000
0000
0001
,
0010
0000
0001
0000
0000
0100
0000
0000
0010
0100
0000
0001
0000
1000
0000
0100
,
0010
0000
0010
0000
0000
0001
0000
0000
1000
0000
0000
0010
0001
0100
0000
0100
,
0001
0000
0000
0010
0000
0000
0100
0000
1000
0000
0000
0010
0001
0000
0100
0000
,
0010
0000
0010
0000
0000
1000
0000
0000
0001
0000
0000
0010
1000
0100
0000
0100
,
1000
0000
0010
0000
0000
0000
0100
0000
0001
0000
0000
0010
1000
0000
0100
0000
,
0010
0000
0000
0001
0000
1000
0000
1000
0001
0000
0000
1000
0000
0100
0000
0100
,
0010
0000
0001
0000
0100
0000
0000
0000
0010
0000
1000
0000
0100
1000
0100
0000
,
0010
0001
0000
0001
0000
0000
0100
0000
0010
0000
0000
0010
1000
0000
0100
0000
,
0010
0000
0000
0001
0000
0000
0100
0000
1000
0000
0000
0001
0000
0000
1000
0000
,
0002
0000
0000
2000
0000
0000
0000
0000
,
0000
3003
0000
0000
,
0000
0000
0000
0000
;

//---------------dance-double - ----------------
#NOTES:
     dance-double:
     :
     Easy:
     6:
     0.243,0.263,0.010,0.060,0.000:
00000000
00000000
00000000
00000000
,
00000000
00000000
00000000
00000000
,
00000000
00000000
00000000
00000000
,
00000000
00000000
00000000
00000000
,
00000000
00000000
00000000
00000000
,
00100000
00000000
00000000
00000000
,
00010000
00000000
00000000
00000000
,
00001000
00000000
00000000
00000000
,
00000100
00000000
00000000
00000000
,
00000010
00000001
00000000
00001000
,
00000010
00010000
00000000
00001000
,
00100000
10000000
00000000
00010000
,
00100000
00001000
00000000
00010000
,
00000100
00000001
00000000
00001000
,
00000100
00010000
00000000
00001000
,
01000000
10000000
00000000
00010000
,
01000000
00001000
00001000
00010000
,
00001000
00000100
00001000
00000000
,
00010000
01000000
00010000
00000000
,
00001000
00000010
00001000
00000000
,
00010000
00100000
00010000
00000000
,
00001000
00000010
00000001
00000100
,
00000001
00000010
00000100
00010000
,
00010000
00100000
10000000
01000000
,
10000000
00100000
01000000
00001000
,
00000010
00000001
00001000
00000000
,
00000010
00000100
00000000
00010000
,
00100000
10000000
00010000
00000000
,
00100000
01000000
00000000
00001000
,
00000010
00000001
00000100
00000010
,
00010000
00001000
01000000
00100000
,
10000000
01000000
00100000
00001000
,
00010000
00000010
00000100
00000001
,
00000020
00000000
00000000
00000030
,
00000200
00000000
00000000
00000300
,
00020000
00000000
00000000
00030000
,
00002000
00000000
00000000
00003000
,
01000000
01000000
00000000
00100000
,
00001000
00001000
00000000
00010000
,
00000100
00000100
00000000
00000010
,
00000001
00000001
00001000
00001000
,
00000001
00000000
00001000
00000100
,
00000010
00000000
00010000
00001000
,
00100000
00000000
00010000
01000000
,
10000000
00000000
01000000
00100000
,
00001000
01000000
00100000
10000000
,
01000000
00100000
00001000
00010000
,
00000010
00000100
00000001
00001000
,
00000100
00010000
00001000
01000000
,
00100000
10000000
01000000
00010000
,
00001000
00000100
00000001
00000010
,
00000010
00000001
00000100
00001000
,
00010000
00100000
10000000
01000000
,
00100000
00001000
00010000
00000100
,
00000010
00000001
00000100
00000010
,
00010000
00001000
00100000
01000000
,
10000000
00100000
01000000
00001000
,
00022000
00000000
00000000
00000000
,
00000000
00033000
00000000
00000000
,
00000000
00000000
00000000
00000000
;

//---------------dance-double - ----------------
#NOTES:
     dance-double:
     :
     Medium:
     9:
     0.345,0.379,0.000,0.060,0.000:
00000000
00000000
00000000
00000000
,
00000000
00000000
00000000
00000000
,
00000000
00000000
00000000
00000000
,
00000000
00000000
00000000
00000000
,
00000000
00000000
00000000
00000000
,
00100000
00000000
01000000
00000000
,
00010000
00000000
00001000
00000000
,
00000010
00000000
00000100
00000000
,
00001000
00010000
00001000
00010000
,
00100000
10000000
01000000
10000000
,
00100000
00010000
00001000
00000100
,
00000010
00000001
00000100
00000001
,
00000100
00001000
00010000
00100000
,
10000000
01000000
00100000
00010000
,
00001000
00000100
00000010
00000001
,
00000001
00000010
00000100
00001000
,
00010000
00100000
01000000
10000000
,
00100000
01000000
00010000
00000000
00001000
00000000
00010000
00000000
,
00000010
00000100
00001000
00000000
00010000
00000000
00001000
00000000
,
01000000
00100000
00010000
00000000
00001000
00000000
00010000
00000000
,
00000100
00000010
00001000
00000000
00010000
00000000
00001000
00000000
,
00100000
10000000
00010000
00000000
01000000
00000000
00001000
00000000
,
00000010
00000001
00001000
00000000
00000100
00000000
00010000
00000000
,
01000000
10000000
00010000
00000000
00100000
00000000
00001000
00000000
,
00000100
00000001
00001000
00000000
00000010
00000000
00010000
00000000
,
00000100
00000010
00001000
00000000
00010000
00000000
00001000
00000000
,
01000000
00100000
00010000
00000000
00001000
00000000
00010000
00000000
,
00000010
00000100
00001000
00000000
00010000
00000000
00001000
00000000
,
00100000
01000000
00010000
00000000
00001000
00000000
00010000
00000000
,
00000100
00000001
00001000
00000000
00000010
00000000
00010000
00000000
,
01000000
10000000
00010000
00000000
00100000
00000000
00001000
00000000
,
00000010
00000001
00001000
00000000
00000100
00000000
00010000
00000000
,
00100000
10000000
00010000
00000000
01000000
00000000
00001000
00000000
,
00200000
00000000
00000000
00300000
,
00002000
00000000
00000000
00013000
,
00000020
00000000
00000000
00000030
,
00020000
00000000
00000000
00031000
,
00100000
00010000
00001000
00000000
00010000
00000000
00010000
00000000
,
00000010
00001000
00010000
00000000
00001000
00000000
00001000
00000000
,
01000000
00010000
00001000
00000000
00010000
00000000
00010000
00000000
,
00000100
00001000
00010000
00000000
00001000
00010000
00001000
00000000
,
00000010
00001000
00010000
01000000
,
00100000
00001000
00010000
00000100
,
00000010
00001000
00000010
00000000
00001000
00010000
00001000
00000000
,
00010000
01000000
00010000
00000000
00001000
00000010
00001000
00000000
,
00000010
00000001
00000010
00000000
00000100
00010000
00001000
00000000
,
00010000
00001000
01000000
00000000
00100000
10000000
00100000
00000000
,
01000000
10000000
01000000
00000000
00100000
00001000
00010000
00000000
,
00001000
00010000
00000010
00000000
00000100
00000001
00000100
00000000
,
00000001
00001000
00000010
00000000
00000100
00000000
00001000
00000000
,
00010000
00000000
00100000
00000000
01000000
00010000
10000000
00000000
,
10000000
00010000
01000000
00000000
00100000
00000000
00010000
00000000
,
00001000
00000000
00000100
00000000
00000010
00001000
00000001
00000000
,
00000001
00001000
00000000
00000010
00000100
00000000
00001000
00000000
,
00010000
00000000
00100000
00000000
01000000
00010000
10000000
00000000
,
00100000
01000000
00000000
00001000
00100000
00000000
00001000
00000000
,
00000010
00000100
00000000
00010000
00000010
00000000
00010000
00000000
,
00002000
00000000
00020000
00000000
,
00000000
00033000
00000000
00000000
,
00000000
00000000
00000000
00000000
;

//---------------dance-double - ----------------
#NOTES:
     dance-double:
     :
     Hard:
     12:
     0.421,0.496,0.000,0.040,0.245:
00000000
00000000
00000000
00000000
,
00000000
00000000
00000000
00000000
,
00000000
00000000
00000000
00000000
,
00000000
00000000
00000000
00000000
,
00000000
00000000
00000000
00000000
,
00000010
00000000
00001000
00000000
,
00100000
00000000
00010000
00000000
,
00000100
00000000
00001000
00000000
,
00100000
00010000
00001000
00000100
,
00000010
00000001
00001000
00000100
00000000
00000001
00000000
00000100
,
00000000
00001000
00010000
00001000
00000000
01000000
00000000
00100000
,
00000000
10000000
00010000
01000000
00000000
10000000
00000000
01000000
,
00000000
00010000
00001000
00010000
00000000
00000100
00000000
00000010
,
00000000
00001000
00000100
00000010
00000000
00000001
00000000
00000100
,
00000000
00001000
00010000
00001000
00000000
00100000
00000000
01000000
,
00000000
00010000
01000000
00100000
00000000
10000000
00000000
01000000
,
00000000
00100000
00001000
00010000
00000000
00000100
00000010
00000001
,
00000000
00001000
00000100
00000000
00000010
00000001
00001000
00000000
,
00000000
00000010
00010000
00000000
00001000
00100000
00010000
00000000
,
00000000
00010000
01000000
00000000
00100000
10000000
00010000
00000000
,
00000000
00100000
00001000
00000000
00010000
00000010
00001000
00000000
,
00010000
00000100
00000010
00000000
00000001
00001000
00000100
00000000
,
00000000
00010000
00001000
00000000
01000000
00100000
10000000
00000000
,
00000000
01000000
00100000
00000000
10000000
00010000
01000000
00000000
,
00000000
00001000
00010000
00000000
00000100
00000010
00000001
00000000
,
00001000
00000000
00000001
00000000
00000000
00000100
00000000
00000000
00000010
00000000
00000000
00010000
00000000
00001000
00000000
00000000
,
00000000
00000000
00000010
00000000
00000000
00000001
00000000
00000000
00000100
00000000
00000000
00000010
00000000
00010000
00000000
00000000
,
00000000
00000000
00001000
00000000
00000000
00100000
00000000
00000000
01000000
00000000
00000000
10000000
00000000
00010000
00000000
00000000
,
00000000
00000000
01000000
00000000
00000000
00001000
00000000
00000000
00100000
00000000
00000000
00001000
00000000
01000000
00000000
00000000
,
00010000
00000000
10000000
00000000
00000000
01000000
00000000
00000000
00100000
00000000
00000000
00001000
00000000
00010000
00000000
00000000
,
00000000
00000000
00100000
00000000
00000000
10000000
00000000
00000000
01000000
00000000
00000000
00100000
00000000
00001000
00000000
00000000
,
00000000
00000000
00010000
00000000
00000000
00000010
00000000
00000000
00000100
00000000
00000000
00000001
00000000
00001000
00000000
00000000
,
00000000
00000000
00000100
00000000
00000000
00010000
00000000
00000000
00000010
00000000
00000000
00010000
00000000
00000100
00000000
00000000
,
00000002
00001000
00000000
00000103
,
00001000
00000000
00000000
00000000
00010000
00000000
00000000
00000000
00000000
00000000
00000000
00100000
00000000
00000000
10000000
00000000
,
20000000
00010000
00000000
31000000
,
00010000
00000000
00000000
00000000
00001000
00000000
00000000
00000000
00000000
00000000
00000000
00001000
00000010
00000000
00000001
00000000
,
00001000
00000001
00000100
00000000
00000010
00010000
00001000
00000000
,
00100000
00010000
10000000
00000000
01000000
00100000
00001000
01000000
,
00010000
10000000
01000000
00000000
00100000
00001000
00010000
00000000
,
00000010
00000000
00001000
00000000
00000001
00000000
00000000
00000100
00000001
00000000
00001000
00000000
00000010
00000000
00000100
00000000
,
00000001
00000010
00000100
00001000
,
00010000
00100000
01000000
10000000
,
00010000
00000000
10000000
00000000
00000000
01000000
00000000
00000000
10000000
00000000
00000000
01000000
00000000
00010000
00000000
00001000
,
00000000
00000000
00000100
00000000
00000000
00000010
00000000
00000000
00001000
00000000
00000001
00000000
00000000
00000100
00000000
00000010
,
00001000
00000000
00000001
00000000
00000000
00000100
00000000
00000000
00000001
00000000
00000000
00000100
00000000
00001000
00000000
00010000
,
00000000
00000000
01000000
00000000
00000000
00100000
00000000
00000000
00010000
00000000
10000000
00000000
00000000
01000000
00000000
00100000
,
00010000
00000000
01000000
00000000
00000000
00001000
00000000
00000000
00010000
00000000
00000000
00000010
00000000
00000100
00000000
00000001
,
00001000
00000000
00000100
00000000
00000000
00010000
00000000
00000000
00001000
00000000
00000000
00100000
00000000
01000000
00000000
10000000
,
00010000
01000000
00100000
10000000
01000000
00100000
00001000
00010000
,
00000100
00000010
00000001
00000100
00000010
00010000
00001000
01000000
,
00100000
10000000
01000000
00010000
00001000
00010000
01000000
10000000
,
01000000
00010000
00001000
00000010
00001000
00010000
01000000
00010000
,
00001000
00000010
00000001
00001000
00000100
00000010
00000001
00000100
,
00000010
00010000
00001000
00000100
00000010
00001000
00000001
00000100
,
00000001
00000010
00000100
00001000
00000010
00000100
00001000
00010000
,
00100000
01000000
00010000
10000000
01000000
00100000
00001000
00000000
,
00020000
00000000
00000000
00002000
00000000
00000000
00000000
00000000
,
00000000
00033000
00000000
00000000
,
00000000
00000000
00000000
00000000
;
