#TITLE:LA COPA DE LA VIDA;
#SUBTITLE:;
#ARTIST:PATRICK VICTORIO;
#TITLETRANSLIT:;
#SUBTITLETRANSLIT:;
#ARTISTTRANSLIT:;
#CREDIT:;
#BANNER:LA COPA DE LA VIDA.png;
#BACKGROUND:LA COPA DE LA VIDA-bg.png;
#LYRICSPATH:;
#CDTITLE:./CDTITLES/Dancemania SPORTS.PNG;
#MUSIC:LA COPA DE LA VIDA.ogg;
#OFFSET:0.000;
#SAMPLESTART:55.529;
#SAMPLELENGTH:15.000;
#SELECTABLE:YES;
#DISPLAYBPM:134.000;
#BPMS:0.000=134.007;
#STOPS:;
#BGCHANGES:;

//---------------dance-single - ----------------
#NOTES:
     dance-single:
     :
     Beginner:
     1:
     0.158,0.187,0.057,0.000,0.000:
0000
0000
0000
0000
,
0000
0000
0000
0000
,
0000
0000
0000
0000
,
0000
0000
0000
0000
,
0000
0000
0000
0000
,
0010
0000
0100
0000
,
0001
0000
1000
0000
,
0010
0000
0100
0000
,
0010
0010
0010
0000
,
0001
0000
0001
0000
,
1000
0000
1000
0000
,
0010
0000
0010
0000
,
0100
0000
1001
0000
,
0010
0000
0001
0000
,
1000
0000
1000
0000
,
0010
0000
1000
0000
,
0001
0000
0001
0000
,
0100
0000
0100
0000
,
1000
0000
1000
0000
,
0100
0000
0100
0000
,
0001
0000
0001
0000
,
0100
0000
0100
0000
,
0010
0000
0010
0000
,
0001
0000
1000
0000
,
0001
0000
1000
0000
,
0010
0000
0100
0000
,
0010
0000
0100
0000
,
0001
0000
1000
0000
,
0001
0000
1001
0000
,
1000
0000
1001
0000
,
0100
0000
0100
0000
,
0010
0000
0010
0000
,
1000
1000
1000
0000
,
0100
0000
0100
0000
,
0001
0001
0001
0000
,
1000
0000
1000
0000
,
0010
0010
0010
0000
,
0001
0000
0001
0000
,
0100
0100
0100
0000
,
0001
0000
0100
0000
,
0100
0100
0100
0000
,
1000
0000
0010
0000
,
0010
0010
0010
0000
,
1000
0000
0100
0000
,
0001
0000
1001
0000
,
0001
0000
0100
0000
,
1000
0000
1001
0000
,
0100
0000
0000
0000
,
0000
0000
0000
0000
;

//---------------dance-single - ----------------
#NOTES:
     dance-single:
     :
     Easy:
     3:
     0.207,0.244,0.080,0.011,0.000:
0000
0000
0000
0000
,
0000
0000
0000
0000
,
0000
0000
0000
0000
,
0000
0000
0000
0000
,
0000
0000
0000
0000
,
0010
0000
0100
0000
,
0001
0000
1000
0000
,
0010
0010
0100
0100
,
0001
1000
1001
0000
,
0001
0000
0001
0000
,
1000
0000
1000
0000
,
0010
0000
0010
0000
,
0100
0000
1001
0000
,
0010
0000
0001
0000
,
1000
1000
1000
0000
,
0010
0000
1000
0000
,
0001
0001
0001
0000
,
0100
0001
0100
0000
,
1000
1000
1000
0000
,
0100
1000
0100
0000
,
0001
0001
0001
0000
,
0100
0000
0100
0000
,
0010
0000
0010
0000
,
0001
0001
1000
1000
,
0001
0001
1000
1000
,
0010
0000
0100
0000
,
0010
0000
0100
0000
,
0001
0001
1000
1000
,
0010
0000
1001
0000
,
0100
0000
1001
0000
,
0100
0000
0100
1001
,
0010
0010
0010
0000
,
1000
1000
1000
0000
,
0100
0100
0100
0000
,
0001
0001
0001
0000
,
0010
0010
1000
0000
,
0001
0001
0010
0000
,
0100
0100
0001
0000
,
1000
1000
0100
0000
,
0001
1000
0100
0000
,
0100
0100
0100
0000
,
1000
0001
0010
0000
,
0010
0010
0010
0000
,
1000
0001
0100
1000
,
0001
0100
1001
0000
,
0001
1000
0100
0001
,
1000
0100
1001
0000
,
0200
0000
0300
0000
,
0000
0000
0000
0000
;

//---------------dance-single - ----------------
#NOTES:
     dance-single:
     :
     Medium:
     5:
     0.327,0.326,0.444,0.046,0.023:
0000
0000
0000
0000
,
0000
0000
0000
0000
,
0000
0000
0000
0000
,
1000
1000
1000
0000
,
0001
0001
0001
0000
,
0010
0000
1001
0000
,
0100
0000
1001
0000
,
0001
0110
1000
0110
,
1001
0110
1001
0000
,
0001
0001
1000
1000
,
0001
0010
0001
1000
0100
0000
0100
0000
,
1000
1000
0001
0001
,
1000
0010
1000
0001
0100
0000
1001
0000
,
0010
1000
0010
0001
,
1000
0100
1001
0000
,
0100
0001
0100
1000
,
0001
0010
1001
0000
,
0001
1000
0010
0001
,
1000
0100
0101
0101
,
1000
0001
0010
1000
,
0001
0100
1100
1100
,
0001
0000
0000
0001
0000
0000
1000
0000
0000
0000
0000
0000
0010
0000
0000
0000
,
1000
0000
0000
1000
0000
0000
0001
0000
0000
0000
0000
0000
0010
0000
0000
0000
,
1000
0001
0100
1000
,
0010
0001
0100
1001
,
0010
0000
0000
0010
0000
0000
0001
0000
0000
0000
0000
0000
1000
0000
0000
0000
,
0100
0000
0000
0100
0000
0000
1000
0000
0000
0000
0000
0000
0001
0000
0000
0000
,
2000
0000
0002
3003
,
0010
0100
1001
0000
,
0001
1000
1001
0000
,
0001
1000
0010
1001
,
0010
0010
0010
0000
,
1100
1100
1100
0000
,
0010
0010
0010
0000
,
0101
0101
0101
0000
,
0100
0001
0100
1000
,
0100
0010
0001
1000
0100
0000
0000
0000
,
0010
0100
0010
0000
,
1001
0110
1001
0000
,
1000
0010
0001
0000
,
0101
1100
0101
0000
,
0001
0010
1000
0000
,
1100
0101
1100
0000
,
0100
0000
1001
0000
0100
0000
0000
0001
,
1000
0010
0100
0001
1000
0000
0000
0000
,
0001
0110
1000
0000
,
1001
0110
1001
0000
,
0220
0000
0000
0330
,
0000
0000
0000
0000
;

//---------------dance-single - ----------------
#NOTES:
     dance-single:
     :
     Hard:
     7:
     0.438,0.435,0.422,0.046,0.034:
0000
0000
0000
0000
,
0000
0000
0000
0000
,
0000
0000
0000
0000
0000
0000
0000
0100
,
1000
0100
1000
0100
1000
0000
0000
0010
,
0001
0010
0001
0010
0001
0000
0000
0000
,
1000
1000
0101
0100
,
0001
0001
1100
0100
,
0001
1010
1000
0011
,
0101
1001
1100
0000
,
0001
1000
0001
0000
0100
0010
0100
0000
,
0010
1000
0001
1000
0010
0100
0001
0000
,
1000
0001
1000
0000
0010
0100
0010
0000
,
0100
0001
1000
0001
0100
0000
1001
0000
,
0010
0100
0001
0100
0001
0000
1000
0000
,
0010
1000
0100
1000
,
0010
0100
1000
0100
1000
0000
0001
0000
,
0010
0001
0100
0001
,
1000
0100
1000
0001
0010
0000
0100
0000
,
1000
1010
0001
0001
,
0001
0100
0001
1000
0010
0000
0100
0000
,
0001
0101
1000
1000
,
1100
0000
0000
1100
0000
0000
1100
0000
0000
0000
1000
0000
0001
0000
0000
0000
,
0101
0000
0000
0101
0000
0000
0101
0000
0000
0000
0001
0000
1000
0000
0000
0000
,
0010
0100
0010
0000
1000
0001
1000
0000
,
0010
1000
0100
0010
0001
0000
1000
0000
,
1010
0000
0000
1010
0000
0000
1010
0000
0000
0000
0100
0000
0001
0000
0000
0000
,
0011
0000
0000
0011
0000
0000
0011
0000
0000
0000
0100
0000
1000
0000
0000
0000
,
0010
1000
0100
1000
0001
0100
0001
0000
,
1000
0010
0100
0000
0001
0010
0100
0000
,
2000
0000
3000
0001
0020
0000
0030
0100
,
0010
0100
0000
0010
0100
0000
1000
0000
0001
0000
0000
0000
1001
0000
0000
0000
,
0010
0000
0010
0000
0011
0000
0000
1000
,
0100
1000
0100
1000
0100
0000
0000
0000
,
0010
0000
0010
0000
1010
0000
0000
0001
,
0100
0001
0100
0001
0100
0000
0000
0000
,
0001
0000
1000
0000
1001
0000
0100
1000
,
0010
0100
0010
0100
0001
0000
0000
0000
,
0010
0000
0100
0000
0110
0000
0000
0001
,
1000
0001
1000
0001
1000
0000
0000
0000
,
1010
0000
0110
0000
0101
0000
0000
0010
,
0100
0001
1000
0010
0100
0000
0001
0000
,
0011
0000
0110
0000
1100
0000
0000
0010
,
0100
1000
0001
0010
0100
0000
1000
0000
,
0001
0100
1000
0000
0001
0100
1000
0100
,
0001
0100
0010
0100
0001
0000
0100
0000
,
1001
0000
0110
0000
1001
0000
0000
0010
,
0100
0010
0100
0010
0100
0000
0000
0000
,
2002
0000
0000
3003
,
0000
0000
0000
0000
;

//---------------dance-double - ----------------
#NOTES:
     dance-double:
     :
     Easy:
     3:
     0.207,0.217,0.114,0.011,0.000:
00000000
00000000
00000000
00000000
,
00000000
00000000
00000000
00000000
,
00000000
00000000
00000000
00000000
,
00000000
00000000
00000000
00000000
,
00000000
00000000
00000000
00000000
,
00100000
00000000
00011000
00000000
,
00000010
00000000
00011000
00000000
,
00100000
00010000
00100000
00001000
,
00010000
00001000
00011000
00000000
,
00000010
00000000
00001000
00000000
,
00000001
00000000
00000100
00000000
,
00000010
00000000
00010000
00000000
,
00001000
00010000
00011000
00000000
,
00100000
00000000
00010000
00000000
,
10000000
10000000
10000000
00000000
,
01000000
00000000
00100000
00000000
,
00001000
00010000
00001000
00000000
,
00000010
00000000
00001000
00000000
,
00000001
00000001
00000001
00000000
,
00000100
00000000
00000010
00000000
,
00010000
00001000
00010000
00000000
,
01000000
00000000
00010000
00000000
,
00100000
00000000
00010000
00000000
,
10000000
10000000
00010000
00010000
,
00100000
00100000
00001000
00011000
,
00000100
00000000
00001000
00000000
,
00000010
00000000
00001000
00000000
,
00000001
00000001
00001000
00001000
,
00000010
00000000
00000110
00000000
,
00001000
00000000
00011000
00000000
,
01000000
00000000
00100000
10010000
,
00100000
00100000
00100000
00000000
,
10000000
10000000
00010000
00000000
,
01000000
01000000
01000000
00000000
,
00001000
00010000
00011000
00000000
,
00000010
00000010
00000010
00000000
,
00000001
00000001
00001000
00000000
,
00000100
00000100
00000100
00000000
,
00010000
00001000
00011000
00000000
,
00100000
00010000
01000000
00000000
,
10000000
10000000
10000000
00000000
,
01000000
00010000
00100000
00000000
,
00001000
00001000
00001000
00000000
,
00000010
00001000
00000100
00000000
,
00000001
00000001
00000001
00000000
,
00000100
00001000
00000010
00000000
,
00010000
00010000
00010000
00000000
,
00002000
00000000
00003000
00000000
,
00000000
00000000
00000000
00000000
;

//---------------dance-double - ----------------
#NOTES:
     dance-double:
     :
     Medium:
     5:
     0.308,0.299,0.399,0.068,0.000:
00000000
00000000
00000000
00000000
,
00000000
00000000
00000000
00000000
,
00000000
00000000
00000000
00000000
,
00100000
00100000
00100000
00000000
,
01000000
01000000
01000000
00000000
,
10000000
00000000
01100000
00000000
,
00100000
00000000
10010000
00000000
,
00010000
00011000
00000010
00000110
,
00001001
00000110
00011000
00000000
,
00100000
00010000
00100000
00010000
,
10000000
00010000
10000000
00010000
,
10000000
01000000
10000000
01000000
,
00100000
00001000
00010000
00011000
,
00000010
00001000
00000100
00000001
,
00000010
00000100
00001001
00000000
,
00001000
00010000
10000000
00100000
,
01000000
00010000
10010000
00000000
,
00010000
00001000
00000001
00000010
,
00000100
00001000
00000100
00000100
,
00000001
00000100
00001000
00010000
,
00100000
01000000
10010000
00000000
,
10000000
00100000
10000000
01000000
,
00100000
00010000
00100000
01000000
,
00020000
00000000
00032000
00003000
,
00000010
00000001
00001001
00000000
,
00000001
00000010
00000001
00000100
,
00000010
00001000
00000010
00000100
,
00002000
00000000
00023000
00030000
,
00100000
01000000
10010000
00000000
,
00010000
10000000
01100000
00000000
,
01000000
00010000
00001000
00011000
,
00000010
00000010
00000010
00000000
,
00000101
00000101
00000101
00000000
,
00000010
00000010
00000010
00000000
,
00011000
00011000
00011000
00000000
,
01000000
00100000
01000000
00010000
,
10000000
01000000
10000000
00010000
01000000
00000000
00000000
00000000
,
00100000
01000000
00100000
00000000
,
00110000
00011000
00001010
00000000
,
00000010
00001000
00000001
00000000
,
00000101
00001100
00011000
00000000
,
00100000
00010000
10000000
00000000
,
11000000
01010000
00011000
00000000
,
00000010
00001000
00000001
00000100
,
00001000
00010000
01000000
00000000
,
10000000
00010000
10010000
00000000
,
01100000
00011000
00000110
00000000
,
00002002
00000000
00000000
00003003
,
00000000
00000000
00000000
00000000
;

//---------------dance-double - ----------------
#NOTES:
     dance-double:
     :
     Hard:
     7:
     0.389,0.381,0.308,0.023,0.023:
00000000
00000000
00000000
00000000
,
00000000
00000000
00000000
00000000
,
00000000
00000000
00000000
00000000
00000000
00000000
00000000
01000000
,
10000000
01000000
10000000
01000000
10000000
00000000
00000000
00100000
,
00010000
00100000
00010000
00100000
00010000
00000000
00000000
00000000
,
01000000
01000000
01010000
00000000
,
00001000
00001000
00011000
00000000
,
00000010
00000110
00001000
00001001
,
00001010
00011000
01010000
00000000
,
10000000
01000000
10000000
00000000
00010000
01000000
00010000
00000000
,
00100000
00010000
10000000
01000000
00010000
00000000
00011000
00000000
,
00000010
00000100
00000010
00000000
00001000
00000001
00001000
00000000
,
00000010
00001000
00000001
00000100
00001000
00000000
00011000
00000000
,
00100000
01000000
00010000
01000000
00010000
00000000
10000000
00000000
,
00010000
00001000
00000001
00000001
,
00000100
00000010
00001000
00000010
00001000
00000000
00000001
00000000
,
00001000
00010000
10000000
10000000
,
10000000
01000000
10000000
00010000
00100000
00000000
01000000
00000000
,
00010000
00000000
00001000
00000000
00000010
00000001
00000100
00000000
,
00000001
00000100
00000001
00001000
00000010
00000000
00000100
00000000
,
00001000
00000000
00010000
00000000
00100000
10000000
01000000
00000000
,
10000000
00000000
00000000
01000000
00000000
00000000
00010000
00000000
00000000
00000000
01000000
00000000
00010000
00000000
00000000
00000000
,
00001000
00000000
00000000
00000100
00000000
00000000
00000001
00000000
00000000
00000000
00000100
00000000
00000001
00000000
00000000
00000000
,
00000100
00001000
00010000
00100000
,
00010000
00001000
00000010
00000001
,
00000001
00000000
00000000
00000100
00000000
00000000
00001000
00000000
00000000
00000000
00000100
00000000
00001000
00000000
00000000
00000000
,
00010000
00000000
00000000
01000000
00000000
00000000
10000000
00000000
00000000
00000000
01000000
00000000
10000000
00000000
00000000
00000000
,
00100000
10000000
00010000
01000000
,
10000000
00100000
01000000
00000000
01010000
00000000
00000000
00000000
,
00100000
00001000
00010000
00000000
00011000
00000000
00000000
00000000
,
00000010
00001000
00000100
00001000
00000010
00000000
00001001
00000000
,
00000100
00000000
00000100
00000000
00000101
00000000
00000000
00001000
,
00000100
00001000
00000100
00001000
00000100
00000000
00000000
00000000
,
00010000
00000000
00010000
00000000
00011000
00000000
00000000
00100000
,
00001000
00100000
00001000
00100000
00001000
00000000
00000000
00000000
,
00010000
00000000
10000000
00000000
10010000
00000000
00000000
10000000
,
00010000
01000000
00100000
10000000
00010000
00000000
00000000
00000000
,
00100000
00000000
00001000
00000000
00011000
00000000
00000000
00000010
,
00001000
00000010
00010000
00000100
00001000
00000000
00000000
00000000
,
00001010
00000000
00001001
00000000
00000101
00000000
00000000
00000100
,
00001000
00010000
00100000
00010000
00001000
00000000
00000000
00000000
,
00110000
00000000
10010000
00000000
11000000
00000000
00000000
01000000
,
00010000
00001000
00000010
00001000
00010000
00000000
00000000
00000000
,
00000010
00000000
00000010
00000000
00001010
00000000
00000000
00000001
,
00001000
00000010
00000100
00001000
00010000
00000000
00000000
00000000
,
01010000
00000000
11000000
00000000
01010000
00000000
00000000
00001000
,
00010000
00001000
00010000
00001000
00010000
00000000
00000000
00000000
,
00022000
00000000
00000000
00033000
,
00000000
00000000
00000000
00000000
;
