#TITLE:LONG TRAIN RUNNIN';
#SUBTITLE:;
#ARTIST:X-TREME;
#TITLETRANSLIT:;
#SUBTITLETRANSLIT:;
#ARTISTTRANSLIT:;
#CREDIT:;
#BANNER:LONG TRAIN RUNNIN'.png;
#BACKGROUND:LONG TRAIN RUNNIN'-bg.png;
#LYRICSPATH:;
#CDTITLE:./CDTITLES/Dancemania EX2.png;
#MUSIC:LONG TRAIN RUNNIN'.ogg;
#OFFSET:0.000;
#SAMPLESTART:15.620;
#SAMPLELENGTH:15.000;
#SELECTABLE:YES;
#DISPLAYBPM:34.000:138.000;
#BPMS:0.000=138.462,4.000=137.979,136.000=69.231,138.000=34.439,139.500=34.615,140.000=138.046;
#STOPS:139.500=1.740
;
#BGCHANGES:;

//---------------dance-single - ----------------
#NOTES:
     dance-single:
     :
     Beginner:
     4:
     0.163,0.206,0.161,0.000,0.000:
0000
0000
0000
0000
,
0000
0000
0000
0000
,
0000
0000
0000
0000
,
0000
0000
0000
0000
,
0000
0000
0000
0000
,
0010
0000
0100
0100
,
0000
0001
0000
0100
,
0000
1000
0000
0100
,
0000
0001
0000
0100
,
0000
1000
0000
0010
,
0000
0001
0000
0001
,
0000
1000
0000
0001
,
0000
0100
0000
0110
,
0000
0010
0000
1000
,
0000
0010
0000
0001
,
0000
0100
0000
1000
,
0000
0100
0000
0001
,
0000
1001
0000
1001
,
0000
1001
0000
1001
,
0000
0000
0100
0000
,
0010
0000
0010
0000
,
1000
0000
1000
1000
,
0000
0100
0000
0001
,
0000
0100
0000
1000
,
0000
0100
0000
0001
,
0000
1000
0000
0010
,
0000
0001
0000
0001
,
0000
1000
0000
0001
,
0000
0100
0000
0110
,
0000
1001
0000
1001
,
0000
1001
0000
1001
,
0000
0100
0000
0001
,
0001
0000
1000
1000
,
0000
0000
0000
0000
,
0100
0100
0100
0000
,
0100
0100
0100
0100
,
0100
0100
0100
0100
,
0000
1000
0000
0001
,
0000
1000
0000
0110
,
0000
0001
0000
1000
,
0000
0001
0000
0110
,
0000
1000
0000
0001
,
0000
1000
0000
0110
,
0000
0001
0000
1000
,
0000
0001
0000
0110
,
0000
0000
0000
0000
;

//---------------dance-single - ----------------
#NOTES:
     dance-single:
     :
     Easy:
     6:
     0.283,0.309,0.207,0.023,0.000:
0000
0000
0000
0000
,
0000
0000
0000
0000
,
0000
0000
0000
0000
,
0000
0000
0000
0000
,
0000
0000
0000
0000
,
0010
1000
0100
0100
,
0010
0001
0100
0100
,
0010
1000
0100
0100
,
0010
0001
0100
0100
,
0010
1000
0010
1010
,
0100
0001
0100
0101
,
1000
1000
0001
0001
,
0100
0100
0010
0110
,
1000
0010
1000
1000
,
0001
0010
0001
0001
,
1000
0100
1000
1000
,
0001
0100
0001
0001
,
1000
1001
1000
1001
,
0001
1001
0001
1001
,
0100
0000
0100
0000
,
0010
0000
0010
0000
,
1000
0100
1000
1000
,
0001
0100
0001
0001
,
1000
0100
1000
1000
,
0001
0100
0001
0001
,
0010
1000
0010
1010
,
0100
0001
0100
0101
,
1000
1000
0001
0001
,
0100
0100
0010
0110
,
1000
1001
1000
1001
,
0001
1001
0001
1001
,
1000
0100
0001
0001
,
0001
0100
1000
1000
,
0020
0000
0000
0000
,
0100
0000
0100
0000
0200
0000
0000
0330
,
0100
0100
0100
0100
,
0100
0100
0100
0100
,
1000
1000
0001
0001
,
1000
1000
0100
0110
,
0001
0001
1000
1000
,
0001
0001
0100
0110
,
1000
1000
0001
0001
,
1000
1000
0010
0110
,
0001
0001
1000
1000
,
0001
0001
0010
0110
,
0000
0000
0000
0000
;

//---------------dance-single - ----------------
#NOTES:
     dance-single:
     :
     Medium:
     9:
     0.352,0.386,0.115,0.023,0.000:
0000
0000
0000
0000
,
0000
0000
0000
0000
,
0000
0000
0000
0000
,
0000
0000
0000
0000
,
0000
0000
0000
0000
,
0010
1000
0010
0000
0001
0000
0001
0000
,
0010
0001
0010
0000
1000
0000
1000
0000
,
0010
1000
0010
0000
0001
0000
0001
0000
,
0010
0001
0010
0000
1000
0000
1000
0000
,
0010
1000
0010
0000
0100
0000
1000
0100
,
0010
0001
0010
0000
0100
0000
0001
0100
,
0010
1000
0001
0000
0010
0001
1000
0000
,
0100
0100
0010
1001
,
0100
0000
0100
0000
0010
0000
0010
1000
,
0100
0000
0100
0000
0010
0000
0010
0001
,
1000
0000
1000
0010
0001
0000
0001
0000
,
1000
0000
1000
0100
0001
0000
0001
0000
,
0100
1000
0100
0000
0010
0001
0010
0000
,
0100
1000
0100
0000
0010
0001
0010
0000
,
1000
1000
1000
0010
,
0001
0001
0001
0010
,
1000
1010
0100
0100
,
0001
0011
0100
0100
,
1000
1010
0100
0100
,
0001
0011
0100
0100
,
0010
1000
0010
0000
0100
0000
1000
0100
,
0010
0001
0010
0000
0100
0000
0001
0100
,
0010
1000
0001
0000
0010
0001
1000
0000
,
0100
0100
0010
1001
,
0100
1000
0100
0000
0010
0001
0010
0000
,
0100
1000
0100
0000
0010
0001
0010
0000
,
0100
1000
0100
0010
0001
0100
0001
0010
,
0100
1000
0100
0010
0001
0100
0001
0010
,
0200
0000
0000
0000
,
0001
0000
0010
0000
2000
0000
0000
3300
,
0010
0010
0010
0010
,
0010
0010
0010
0010
,
0100
0010
0000
0100
1000
0000
0100
0001
,
0000
0100
0010
0000
0001
0000
1001
0000
,
0100
0010
0000
0100
0001
0000
0100
1000
,
0000
0100
0010
0000
1000
0000
1001
0000
,
0100
0010
0000
0100
1000
0000
0100
0001
,
0000
0100
0010
1000
0001
0000
1001
0000
,
0100
0010
0000
0100
0001
0000
0100
1000
,
0000
0100
0010
0001
1000
0000
1001
0000
,
0000
0000
0000
0000
;

//---------------dance-single - ----------------
#NOTES:
     dance-single:
     :
     Hard:
     12:
     0.432,0.515,0.253,0.034,0.195:
0000
0000
0000
0000
,
0000
0000
0000
0000
,
0000
0000
0000
0000
,
0000
0000
0000
0000
,
0000
0000
0000
0000
,
0010
1000
0010
0000
0001
0000
0001
0000
,
0010
0001
0010
0000
1000
0000
1000
0000
,
0010
1000
0010
0000
0001
0000
0001
0000
,
0010
0001
0010
0000
1000
0000
1000
0000
,
0010
0000
0100
0000
0010
0000
1000
0000
0000
0000
0000
0001
0010
0000
0001
0000
,
0010
0000
0100
0000
0010
0000
0001
0000
0000
0000
0000
1000
0010
0000
1000
0000
,
0010
0000
0100
0001
0000
0100
0000
0010
1000
0000
0100
1000
0000
0100
0000
0010
,
0001
0000
0100
0000
0010
1000
0000
0001
0000
0000
0000
0000
0010
0000
0100
0000
,
1000
0000
0001
0000
0100
0010
0000
0010
1000
0000
1000
0001
0000
0000
0000
0000
,
0001
0000
1000
0000
0100
0010
0000
0010
0001
0000
0001
1000
0000
0000
0000
0000
,
0010
0100
0001
0000
0010
0100
1100
0000
,
0010
0100
1000
0000
0010
0100
0101
0000
,
1010
1000
1001
0000
1100
1000
1001
0000
,
0101
0001
1001
0000
0011
0001
1001
0000
,
0200
0010
0000
0010
,
0000
0010
0000
0310
,
1000
0000
0000
0000
0100
0000
0000
0000
1000
0000
0000
0001
0100
0000
0010
0000
,
1000
0000
0000
0000
0001
0000
0000
0000
1000
0000
0000
0001
1000
0000
0010
0000
,
1000
0000
0000
0000
0010
0000
0000
0000
1000
0000
0000
0001
0010
0000
0100
0000
,
1000
0000
0000
0000
0001
0000
0000
0000
1000
0000
0000
0001
1000
0000
0100
0000
,
0010
0000
0001
0000
0010
0000
0100
0000
0000
0000
0000
0100
0010
0000
0001
0000
,
0100
0000
0010
0000
0100
0000
0001
0000
1000
0000
0000
1000
0001
0000
0010
0000
,
0100
0000
0010
0000
0100
1000
0000
0000
0001
0000
1000
0000
0001
0000
0000
0000
,
0100
0000
0010
0000
0100
0001
0000
1000
0000
0000
0001
0000
0000
1000
0010
0000
,
1010
1000
1001
0000
1100
1000
1001
0000
,
0101
0001
1001
0000
0011
0001
1001
0000
,
0010
0000
1000
0000
0001
0100
0000
0100
0001
0000
1000
0100
0000
0010
0000
0000
,
0100
0000
0001
0000
1000
0010
0000
0010
1000
0000
0001
0010
0000
0100
0000
0000
,
0020
0000
0000
0000
,
1000
0000
0100
0000
0002
0000
0000
0033
,
0100
0100
0100
0100
,
0100
0100
0100
0100
,
0100
0010
0000
0100
1000
0000
0100
0001
,
0000
0100
0010
0000
1000
0001
1001
0000
,
0100
0010
0000
0100
0001
0000
0100
1000
,
0000
0100
0010
0000
0001
1000
1001
0000
,
0100
0010
0000
0100
1000
0000
0100
0001
,
0000
0100
0010
0100
0001
1000
1001
0000
,
0100
0010
0000
0100
0001
0000
0100
1000
,
0000
0100
0010
0100
1000
0001
1001
0000
,
0000
0000
0000
0000
;

//---------------dance-double - ----------------
#NOTES:
     dance-double:
     :
     Easy:
     5:
     0.283,0.309,0.207,0.023,0.000:
00000000
00000000
00000000
00000000
,
00000000
00000000
00000000
00000000
,
00000000
00000000
00000000
00000000
,
00000000
00000000
00000000
00000000
,
00000000
00000000
00000000
00000000
,
10000000
01000000
00010000
00010000
,
00001000
00000010
00000001
00000001
,
00000001
00000100
00001000
00001000
,
00010000
00100000
10000000
10000000
,
10000000
01000000
00010000
01100000
,
00010000
00001000
00000010
00000110
,
00000001
00000001
00001000
00001000
,
00000100
00000100
00010000
00011000
,
01000000
10000000
00010000
00010000
,
01000000
00001000
00010000
00010000
,
00000100
00000010
00000001
00000001
,
00000100
00000010
00010000
00010000
,
00001000
00011000
01000000
01100000
,
00001000
00011000
00000100
00000110
,
00000001
00000000
00000001
00000000
,
00001000
00000000
00001000
00000000
,
00000001
00000100
00001000
00001000
,
00010000
00100000
10000000
10000000
,
10000000
01000000
00010000
00010000
,
00001000
00000010
00000001
00000001
,
00000001
00000100
00001000
00000110
,
00001000
00010000
00100000
01100000
,
10000000
10000000
00010000
00010000
,
01000000
01000000
00001000
00011000
,
00010000
00011000
00000100
00000110
,
00010000
00011000
01000000
01100000
,
10000000
01000000
00010000
00010000
,
00001000
00000100
00000001
00000001
,
00000020
00000000
00000000
00000000
,
00000100
00000000
00000100
00000000
00000200
00000000
00000000
00000330
,
00000001
00000001
00000001
00000001
,
00000100
00000100
00000100
00000100
,
00001000
00001000
00010000
00010000
,
00100000
00100000
01000000
01100000
,
10000000
10000000
01000000
01000000
,
00010000
00010000
00001000
00011000
,
00000010
00000010
00000001
00000001
,
00000100
00000100
00001000
00011000
,
00100000
00100000
10000000
10000000
,
01000000
01000000
00010000
00011000
,
00000000
00000000
00000000
00000000
;

//---------------dance-double - ----------------
#NOTES:
     dance-double:
     :
     Medium:
     8:
     0.342,0.334,0.115,0.023,0.000:
00000000
00000000
00000000
00000000
,
00000000
00000000
00000000
00000000
,
00000000
00000000
00000000
00000000
,
00000000
00000000
00000000
00000000
,
00000000
00000000
00000000
00000000
,
00100000
10000000
00100000
00000000
01000000
00000000
01000000
00000000
,
00010000
01000000
00010000
00000000
00001000
00000000
00001000
00000000
,
00000010
00000001
00000010
00000000
00000100
00000000
00000100
00000000
,
00001000
00000100
00001000
00000000
00010000
00000000
00010000
00000000
,
00100000
10000000
00100000
00000000
01000000
00000000
00100000
10000000
,
01000000
00010000
01000000
00000000
00010000
00000000
00001000
00010000
,
00000010
00000100
00000001
00000000
00000010
00000100
00010000
00000000
,
00001000
00001000
00010000
00011000
,
01000000
00000000
01000000
00000000
00100000
00000000
00100000
00010000
,
00001000
00000000
00001000
00000000
00000100
00000000
00000100
00000001
,
00000010
00000000
00000010
00001000
00010000
00000000
00010000
00000000
,
00001000
00000000
00001000
00000100
00000001
00000000
00000001
00000000
,
00000100
00001000
00000100
00000000
00001000
00010000
00001000
00000000
,
00010000
00100000
00010000
00000000
00100000
10000000
00100000
00000000
,
10000000
10000000
10000000
01000000
,
00010000
00010000
00010000
00001000
,
00000010
00000001
00000100
00000101
,
00000100
00001000
00010000
00011000
,
00010000
01000000
10000000
11000000
,
10000000
00100000
01000000
10010000
,
01000000
10000000
01000000
00000000
00100000
00000000
01000000
10000000
,
00100000
00010000
00100000
00000000
00010000
00000000
00001000
00010000
,
00000100
00000010
00000001
00000000
00000100
00000010
00010000
00000000
,
00001000
00001000
00010000
00011000
,
00010000
01000000
00010000
00000000
00001000
00000010
00001000
00000000
,
00010000
01000000
00010000
00000000
00001000
00000010
00001000
00000000
,
00010000
01000000
00010000
00000000
00001000
00000100
00001000
00000000
,
00010000
00100000
00010000
00000000
00001000
00000010
00001000
00000000
,
00020000
00000000
00000000
00000000
,
00001000
00000000
00000010
00000000
00000200
00000000
00000000
00030300
,
00000010
00000010
00000010
00000010
,
00000001
00000001
00000001
00000001
,
00000100
00001000
00000000
00001000
00010000
00000000
00010000
00100000
,
00000000
00100000
10000000
00000000
00010000
00000000
10010000
00000000
,
01000000
00010000
00000000
00010000
00001000
00000000
00001000
00000010
,
00000000
00000010
00000001
00000000
00001000
00000000
00001001
00000000
,
00000010
00001000
00000000
00001000
00010000
00000000
00010000
01000000
,
00000000
01000000
10000000
00000000
00010000
00000000
10010000
00000000
,
00100000
00010000
00000000
00010000
00001000
00000000
00001000
00000100
,
00000000
00000100
00000001
00000000
00001000
00000000
00001001
00000000
,
00000000
00000000
00000000
00000000
;

//---------------dance-double - ----------------
#NOTES:
     dance-double:
     :
     Hard:
     11:
     0.411,0.463,0.103,0.034,0.195:
00000000
00000000
00000000
00000000
,
00000000
00000000
00000000
00000000
,
00000000
00000000
00000000
00000000
,
00000000
00000000
00000000
00000000
,
00000000
00000000
00000000
00000000
,
00100000
10000000
00100000
00000000
10000000
00000000
10000000
00000000
,
01000000
00010000
01000000
00000000
00010000
00000000
00010000
00000000
,
00001000
00000010
00001000
00000000
00000010
00000000
00000010
00000000
,
00000001
00000100
00000001
00000000
00000100
00000000
00000100
00000000
,
00001000
00000000
00010000
00000000
00001000
00000000
01000000
00000000
00000000
00000000
00000000
01000000
00100000
00000000
10000000
00000000
,
01000000
00000000
00010000
00000000
00001000
00000000
00000010
00000000
00000000
00000000
00000000
00000100
00000010
00000000
00000001
00000000
,
00000100
00000000
00000010
00001000
00000000
00000100
00000000
00010000
00001000
00000000
00100000
01000000
00000000
10000000
00000000
00010000
,
10000000
00000000
01000000
00000000
00100000
01000000
00000000
00010000
00000000
00000000
00000000
00000000
00001000
00000000
00010000
00000000
,
00000010
00000000
00000100
00000000
00000001
00000100
00000000
00000100
00000001
00000000
00000001
00001000
00000000
00000000
00000000
00000000
,
00000001
00000000
00000100
00000000
00001000
00010000
00000000
00010000
00001000
00000000
00001000
01000000
00000000
00000000
00000000
00000000
,
00100000
10000000
00100000
00000000
10000000
01000000
10000000
00000000
,
01000000
00010000
01000000
00000000
00010000
00001000
00011000
00000000
,
00000010
00000001
00000011
00000000
00000001
00000100
00000101
00000000
,
00000100
00001000
00001100
00000000
00001000
00010000
00011000
00000000
,
02000000
00100000
00000000
10000000
,
00000000
00100000
00000000
13000000
,
10000000
00000000
00000000
00000000
01000000
00000000
00000000
00000000
00010000
00000000
00000000
01000000
00100000
00000000
00001000
00000000
,
00010000
00000000
00000000
00000000
00001000
00000000
00000000
00000000
00000100
00000000
00000000
00000001
00001000
00000000
00000100
00000000
,
00010000
00000000
00000000
00000000
00001000
00000000
00000000
00000000
01000000
00000000
00000000
00010000
10000000
00000000
01000000
00000000
,
10000000
00000000
00000000
00000000
01000000
00000000
00000000
00000000
00010000
00000000
00000000
00001000
00010000
00000000
00000100
00000000
,
00000010
00000000
00000001
00000000
00000100
00000000
00000001
00000000
00000000
00000000
00000000
00000001
00000010
00000000
00000100
00000000
,
00010000
00000000
00001000
00000000
00010000
00000000
00100000
00000000
10000000
00000000
00000000
00010000
10000000
00000000
01000000
00000000
,
00100000
00000000
00010000
00000000
10000000
01000000
00000000
00000000
00100000
00000000
00001000
00000000
00010000
00000000
00000000
00000000
,
00000100
00000000
00000010
00000000
00000001
00001000
00000000
00000001
00000000
00000000
00000100
00000000
00000000
00000010
00010000
00000000
,
00001000
00010000
00001000
00000000
00010000
00100000
00010000
00000000
,
00100000
10000000
00100000
00000000
10000000
01000000
10000000
00000000
,
01000000
00000000
00100000
00000000
00001000
00010000
00000000
00010000
00001000
00000000
00010000
00000100
00000000
00000010
00000000
00000000
,
00000001
00000000
00001000
00000000
00000010
00000100
00000000
00000100
00000010
00000000
00010000
00001000
00000000
01000000
00000000
00000000
,
00200000
00000000
00000000
00000000
,
10000000
00000000
01000000
00000000
20000000
00000000
00000000
30300000
,
01000000
01000000
01000000
01000000
,
00010000
00010000
00010000
00010000
,
00001000
00000010
00000000
00000010
00000001
00000000
00000001
00000100
,
00000000
00000100
00001000
00000000
00010000
00001000
00011000
00000000
,
00010000
00100000
00000000
00100000
10000000
00000000
10000000
01000000
,
00000000
01000000
00010000
00000000
00001000
00010000
00011000
00000000
,
00001000
00000100
00000000
00000100
00000001
00000000
00000001
00000010
,
00000000
00000010
00001000
00010000
00001000
00010000
00011000
00000000
,
00010000
01000000
00000000
01000000
10000000
00000000
10000000
00100000
,
00000000
00100000
00010000
00001000
00010000
00001000
00011000
00000000
,
00000000
00000000
00000000
00000000
;
