#TITLE:LOVE;
#SUBTITLE:;
#ARTIST:SONIC DREAM;
#TITLETRANSLIT:;
#SUBTITLETRANSLIT:;
#ARTISTTRANSLIT:;
#CREDIT:;
#BANNER:LOVE.png;
#BACKGROUND:LOVE-bg.png;
#LYRICSPATH:;
#CDTITLE:./CDTITLES/DANCEMANIA 11.PNG;
#MUSIC:LOVE.ogg;
#OFFSET:0.000;
#SAMPLESTART:50.214;
#SAMPLELENGTH:15.000;
#SELECTABLE:YES;
#DISPLAYBPM:129.000;
#BPMS:0.000=129.020;
#STOPS:;
#BGCHANGES:;

//---------------dance-single - ----------------
#NOTES:
     dance-single:
     :
     Easy:
     3:
     0.203,0.283,0.179,0.000,0.000:
0000
0000
0000
0000
,
0000
0000
0000
0000
,
0000
0000
0000
0000
,
0000
0000
0000
0000
,
0000
0000
0000
0000
,
0000
0000
0000
0000
,
1000
0000
1000
0000
,
0001
0000
0001
0000
,
1001
0000
1001
0000
,
0010
0000
0100
0000
,
0010
0000
0000
0000
,
1000
0000
0000
0000
,
0100
0000
0000
0000
,
0001
0000
0000
0000
,
0010
0000
0000
0000
,
1000
0000
0000
0000
,
0100
0000
0000
0000
,
0001
0000
0000
0000
,
0010
1000
0100
0001
,
1000
0100
0001
0100
,
0010
1000
0100
0001
,
1000
0100
0001
0100
,
0010
1000
0100
0001
,
1001
0000
1001
0000
,
0001
0100
1000
0100
,
0001
0001
0001
0000
,
0010
0000
0100
0000
,
1001
0000
0000
0000
,
1000
0100
1000
0100
,
0001
0100
0001
0100
,
0010
1001
0010
1001
,
0010
1000
0100
0001
,
1000
0010
0100
0001
,
0010
1001
0010
1001
,
0001
0001
0001
0000
,
1001
0000
0000
0000
,
1000
0100
1000
0100
,
0001
0100
0001
0100
,
0010
1001
0010
1001
,
0010
1000
0100
0001
,
1000
0010
0100
0001
,
0010
1001
0010
1001
,
0001
0001
0001
0000
,
1001
0000
0000
0000
;

//---------------dance-single - ----------------
#NOTES:
     dance-single:
     :
     Medium:
     5:
     0.276,0.334,0.406,0.000,0.000:
0000
0000
0000
0000
,
0000
0000
0000
0000
,
0000
0000
0000
0000
,
0000
0000
0000
0000
,
0000
0000
0000
0000
,
0000
0000
0000
0000
,
1000
0001
1000
0000
0000
0000
1001
0000
,
0010
1000
0100
0001
,
1000
0001
1000
0000
0000
0000
1001
0000
,
0000
0010
0000
0100
,
0010
0010
0000
0000
,
1000
1000
0000
0000
,
0100
0100
0000
0000
,
0001
1000
0010
0100
,
0010
0010
0000
0000
,
1000
1000
0000
0000
,
0100
0100
0000
0000
,
0001
1000
0010
0100
,
0010
1000
0100
0001
,
1001
0110
1001
0000
,
0010
1000
0100
0001
,
1001
0110
1001
0000
,
0010
1000
0100
0001
,
1001
1100
1001
0101
,
0001
0100
1000
0100
,
0001
0001
1001
0000
,
0010
0000
0100
0000
,
1000
0001
1000
0000
0000
0000
1001
0000
,
0010
1000
0100
0001
,
1000
0100
0001
0100
,
1001
1100
1001
0101
,
0010
1000
0100
0001
,
1000
0010
0100
0001
,
1001
1100
1001
0101
,
0001
0001
1001
0000
,
1000
0001
1000
0000
0000
0000
1001
0000
,
0010
1000
0100
0001
,
1000
0100
0001
0100
,
1001
1100
1001
0101
,
0010
1000
0100
0001
,
1000
0010
0100
0001
,
1001
1100
1001
0101
,
0001
0001
1001
0000
,
1001
0000
0000
0000
;

//---------------dance-single - ----------------
#NOTES:
     dance-single:
     :
     Hard:
     7:
     0.311,0.334,0.239,0.000,0.108:
0000
0000
0000
0000
,
0000
0000
0000
0000
,
0000
0000
0000
0000
,
0000
0000
0000
0000
,
0000
0000
0000
0000
,
0000
0000
0000
0000
,
1000
0001
1000
0000
0000
0001
0000
1000
,
0000
0001
0000
1000
0000
0001
0000
0000
,
0000
0000
1001
0000
0000
0010
0000
0100
,
0000
0001
1000
0000
0010
0000
0100
0000
,
0010
0000
0000
0000
0010
0000
0000
0010
0000
0000
0000
0000
0000
0000
0000
0000
,
1000
0000
0000
0000
1000
0000
0000
1000
0000
0000
0000
0000
0000
0000
0000
0000
,
0100
0000
0000
0000
0100
0000
0000
0100
0000
0000
0000
0000
0000
0000
0000
0000
,
0001
0000
0000
0000
0001
0000
0000
0001
0000
0000
1000
0000
0010
0000
0100
0000
,
0010
0000
0000
0000
0010
0000
0000
0010
0000
0000
0000
0000
0000
0000
0000
0000
,
1000
0000
0000
0000
1000
0000
0000
1000
0000
0000
0000
0000
0000
0000
0000
0000
,
0100
0000
0000
0000
0100
0000
0000
0100
0000
0000
0000
0000
0000
0000
0000
0000
,
0001
0000
0000
0000
0001
0000
0000
0001
0000
0000
1000
0000
0100
0000
0010
0000
,
1000
0100
0001
0010
,
1100
0011
1100
0011
,
1000
0100
0001
0010
,
1100
0011
1100
0011
,
1000
0100
0001
0010
,
1001
0110
1001
0110
,
0001
0100
1000
0100
,
0001
0001
0001
0000
,
0010
0000
1000
1000
0001
0001
0100
0100
,
1001
0000
0000
0000
0000
1000
0001
1000
,
0000
0000
0010
0000
0010
0000
0000
0000
1000
0000
0000
1000
0000
0000
1000
0000
,
0000
0000
0001
0000
0001
0000
0000
0000
0100
0000
0000
0100
0000
0000
0100
0000
,
0000
0000
1000
0000
1000
0000
0000
0000
0010
0000
0000
0010
0000
0000
0010
0000
,
0000
0100
0100
0000
0001
1000
0001
1000
,
0000
0000
0001
0000
0001
0000
0000
0000
0010
0000
0000
0010
0000
0000
0010
0000
,
0000
0000
1000
0000
1000
0000
0000
0000
0100
0000
0000
0100
0000
0000
0100
0000
,
0000
0010
0010
0000
1001
0000
0110
0000
,
1001
0000
0000
0000
0000
1000
0001
1000
,
0000
0000
0010
0000
0010
0000
0000
0000
1000
0000
0000
1000
0000
0000
1000
0000
,
0000
0000
0001
0000
0001
0000
0000
0000
0100
0000
0000
0100
0000
0000
0100
0000
,
0000
0000
1000
0000
1000
0000
0000
0000
0010
0000
0000
0010
0000
0000
0010
0000
,
0000
0100
0100
0000
0001
1000
0001
1000
,
0000
0000
0001
0000
0001
0000
0000
0000
0010
0000
0000
0010
0000
0000
0010
0000
,
0000
0000
1000
0000
1000
0000
0000
0000
0100
0000
0000
0100
0000
0000
0100
0000
,
0000
0010
0010
0000
1001
0000
0110
0000
,
1001
0000
0000
0000
;

//---------------dance-single - ----------------
#NOTES:
     dance-single:
     :
     Challenge:
     9:
     0.567,0.552,0.049,0.000,0.373:
0000
0000
0000
0000
,
0000
0000
0000
0000
,
0000
0000
0000
0000
,
0000
0000
0000
0000
,
0000
0000
0000
0000
,
0001
0000
0000
0000
1000
0100
0000
0000
0001
0000
0000
0000
1000
0100
0000
0000
,
0001
0000
0000
0000
0001
0000
0000
0010
0100
0000
1000
0000
0010
0000
0100
0000
,
0000
0000
0001
0000
0001
0000
0000
0000
1000
0000
0000
0100
0000
0000
0010
0000
,
0001
0000
0000
0000
1000
0000
0000
0100
0010
0000
0001
0000
0100
0000
0010
0000
,
0000
0010
1001
0000
1100
0000
0101
0000
,
0010
0000
0100
0000
0010
0000
0001
0100
0000
0000
0010
0000
1000
0000
0000
0000
,
0001
0000
0010
0000
0010
0000
0100
1000
0000
0000
0001
0000
0100
0000
0010
0000
,
1000
0000
1000
0000
0100
0000
0010
0001
0000
0000
1000
0000
0100
0000
0000
0000
,
0010
0000
0001
0000
0010
0000
0100
0001
0000
0000
0100
0000
0010
0000
0001
0000
,
0100
0000
0100
0000
0100
0000
0010
1000
0000
0000
0001
0000
0001
0000
0000
0000
,
0010
0000
0100
0000
1000
0000
0010
0100
0000
0000
0100
0000
0001
0000
0010
0000
,
0100
0000
1000
0000
0001
0000
0001
0100
0000
0000
0010
0000
1000
0000
0000
0000
,
0001
0100
0001
0000
1000
0100
1000
0000
0001
0000
0100
0000
0010
0000
1000
0000
,
0100
0000
0010
0000
0001
0010
0000
0000
0100
0000
1000
0000
0001
0000
0100
0000
,
0010
1000
0010
0000
0100
0000
0100
0000
0001
0010
0001
0000
1000
0000
1000
0000
,
0100
0000
0010
0000
0001
0010
0000
0000
0100
0000
1000
0000
0001
0000
0100
0000
,
0010
1000
0010
0000
0100
0000
0001
0000
0010
0100
0010
0000
0001
0000
0100
0000
,
0010
0000
1000
0000
0001
0100
0000
0000
0010
0000
1000
0000
0100
0000
0010
0000
,
0001
0100
0001
0000
0010
0000
1000
0000
0001
0100
0001
0000
0010
0000
0100
0000
,
1000
0001
1000
0000
0010
0000
0100
0000
0001
0000
0100
0000
0010
0000
1000
0000
,
0100
0010
0100
0000
1000
0000
0010
0000
0100
0001
0100
0000
0010
0000
1000
0000
,
0100
0000
0010
0010
0001
0001
0100
0100
,
0010
0000
1000
0100
1000
0000
1000
0000
0001
0000
0100
0010
0100
0000
0000
0000
,
0001
0000
1000
0100
1000
0000
0001
0000
0100
0000
0010
1000
0010
0000
0000
0000
,
0100
0000
0001
0010
0001
0000
1000
0000
0100
0000
0010
0001
0010
0000
0000
0000
,
1000
0000
0100
0010
0100
0000
1000
0000
0001
0100
0001
0000
1000
0000
0100
0000
,
0010
0000
0001
1000
0001
0000
0100
0000
0010
0000
1000
0001
0100
0000
0000
0000
,
0010
0000
1000
0100
1000
0000
0010
0000
0100
0000
0001
1000
0100
0000
0000
0000
,
0010
0000
0001
0100
0001
0000
0010
0000
0100
0000
1000
0001
0100
0000
0000
0000
,
0010
0000
1000
0001
0100
0000
0010
1000
0001
0000
0010
0000
0100
1000
0001
0000
,
0100
0000
0010
0000
1000
0100
0010
0000
0001
0000
1000
0100
0001
0000
0000
0000
,
0100
0000
1000
0000
0010
0100
0001
0000
1000
0000
0100
0010
0001
0000
0000
0000
,
0100
0000
0010
0000
1000
0001
0010
0000
0100
0000
1000
0001
0100
0000
0000
0000
,
0010
1000
0001
0000
0100
0000
0010
1000
0001
0000
0100
0000
0010
1000
0001
0000
,
0010
0000
0100
0000
1000
0010
1000
0000
0001
0100
0001
0000
1000
0000
0000
0000
,
0100
0000
0010
0000
0001
1000
0001
0000
0100
0010
1000
0000
0001
0000
0000
0000
,
0010
0000
0100
0000
1000
0010
0100
0000
0001
0010
0100
0000
1000
0000
0000
0000
,
0001
0100
0001
0000
0000
0000
1000
0100
1000
0000
0000
0000
0010
0100
0001
0000
,
1100
0000
0000
0000
;

//---------------dance-double - ----------------
#NOTES:
     dance-double:
     :
     Easy:
     3:
     0.207,0.283,0.203,0.000,0.000:
00000000
00000000
00000000
00000000
,
00000000
00000000
00000000
00000000
,
00000000
00000000
00000000
00000000
,
00000000
00000000
00000000
00000000
,
00000000
00000000
00000000
00000000
,
00000000
00000000
00000000
00000000
,
00010000
00000000
10000000
00000000
,
00001000
00000000
00000001
00000000
,
00000110
00000000
00011000
00000000
,
01100000
00000000
00011000
00000000
,
00100000
00000000
00000000
00000000
,
10000000
00000000
00000000
00000000
,
01000000
00000000
00000000
00000000
,
00010000
00000000
00000000
00000000
,
00001000
00000000
00000000
00000000
,
00000100
00000000
00000000
00000000
,
00000001
00000000
00000000
00000000
,
00000010
00000000
00000000
00000000
,
00001000
00010000
01000000
10000000
,
00100000
10000000
01000000
10000000
,
00010000
00001000
00000100
00000001
,
00000010
00000001
00000100
00000001
,
00001000
00010000
01000000
10000000
,
10010000
00000000
01100000
00000000
,
00010000
00001000
00000100
00000001
,
00001000
00001000
00001000
00000000
,
00100000
00000000
00000100
00000000
,
00011000
00000000
00000000
00000000
,
00010000
00001000
00000100
00000001
,
00000010
00000001
00000100
00000001
,
00001000
00000110
00001000
00000110
,
00001000
00010000
01000000
10000000
,
00100000
10000000
01000000
10000000
,
00010000
01100000
00010000
01100000
,
00010000
00001000
00000100
00000000
,
00011000
00000000
00000000
00000000
,
00001000
00010000
01000000
10000000
,
00100000
10000000
01000000
10000000
,
00010000
01100000
00010000
01100000
,
00010000
00001000
00000100
00000001
,
00000010
00000001
00000100
00000001
,
00001000
00000110
00001000
00000110
,
00001000
00010000
01000000
00000000
,
00010100
00000000
00000000
00000000
;

//---------------dance-double - ----------------
#NOTES:
     dance-double:
     :
     Medium:
     5:
     0.278,0.334,0.418,0.000,0.000:
00000000
00000000
00000000
00000000
,
00000000
00000000
00000000
00000000
,
00000000
00000000
00000000
00000000
,
00000000
00000000
00000000
00000000
,
00000000
00000000
00000000
00000000
,
00000000
00000000
00000000
00000000
,
00001000
00010000
00001000
00000000
00000000
00000000
00011000
00000000
,
00100000
10000000
01000000
00010000
,
00001000
00010000
00001000
00000000
00000000
00000000
00011000
00000000
,
00000000
00000010
00000000
00000100
,
00001000
00001000
00000000
00000000
,
00010000
00010000
00000000
00000000
,
01000000
01000000
00000000
00000000
,
00010000
00001000
00000010
00000100
,
00001000
00001000
00000000
00000000
,
00010000
00010000
00000000
00000000
,
01000000
01000000
00000000
00000000
,
00010000
00001000
00000010
00000100
,
00000010
00001000
00000100
00000001
,
00001001
00011000
10010000
00000000
,
00100000
10000000
01000000
00010000
,
10010000
00011000
00001001
00000000
,
00000010
00001000
00000100
00000001
,
00001001
00001100
00011000
01010000
,
00010000
01000000
10000000
01000000
,
00010000
00011000
00001001
00000000
,
00000010
00000000
00000100
00000000
,
00001000
00010000
00001000
00000000
00000000
00000000
00011000
00000000
,
00100000
00001000
00000100
00000001
,
00001000
00000100
00010000
01000000
,
10010000
01010000
00011000
00001100
,
00000010
00001000
01000000
10000000
,
00010000
01000000
00001000
00000100
,
00001001
00001100
00011000
01010000
,
10000000
00010000
00001010
00000000
,
00001000
00010000
00001000
00000000
00000000
00000000
00011000
00000000
,
00000010
00001000
01000000
10000000
,
00010000
01000000
10000000
01000000
,
10010000
01010000
00011000
00001100
,
00000010
00001000
01000000
10000000
,
00100000
00010000
00001000
00000001
,
00001100
00101000
10010000
01001000
,
00010000
00001000
00001001
00000000
,
00101000
00000000
00000000
00000000
;

//---------------dance-double - ----------------
#NOTES:
     dance-double:
     :
     Hard:
     7:
     0.278,0.334,0.418,0.000,0.000:
00000000
00000000
00000000
00000000
,
00000000
00000000
00000000
00000000
,
00000000
00000000
00000000
00000000
,
00000000
00000000
00000000
00000000
,
00000000
00000000
00000000
00000000
,
00000000
00000000
00000000
00000000
,
00001000
00010000
00001000
00000000
00000000
00000000
00011000
00000000
,
00100000
10000000
01000000
00010000
,
00001000
00010000
00001000
00000000
00000000
00000000
00011000
00000000
,
00000000
00000010
00000000
00000100
,
00001000
00001000
00000000
00000000
,
00010000
00010000
00000000
00000000
,
01000000
01000000
00000000
00000000
,
00010000
00001000
00000010
00000100
,
00001000
00001000
00000000
00000000
,
00010000
00010000
00000000
00000000
,
01000000
01000000
00000000
00000000
,
00010000
00001000
00000010
00000100
,
00000010
00001000
00000100
00000001
,
00001001
00011000
10010000
00000000
,
00100000
10000000
01000000
00010000
,
10010000
00011000
00001001
00000000
,
00000010
00001000
00000100
00000001
,
00001001
00001100
00011000
01010000
,
00010000
01000000
10000000
01000000
,
00010000
00011000
00001001
00000000
,
00000010
00000000
00000100
00000000
,
00001000
00010000
00001000
00000000
00000000
00000000
00011000
00000000
,
00100000
00001000
00000100
00000001
,
00001000
00000100
00010000
01000000
,
10010000
01010000
00011000
00001100
,
00000010
00001000
01000000
10000000
,
00010000
01000000
00001000
00000100
,
00001001
00001100
00011000
01010000
,
10000000
00010000
00001010
00000000
,
00001000
00010000
00001000
00000000
00000000
00000000
00011000
00000000
,
00000010
00001000
01000000
10000000
,
00010000
01000000
10000000
01000000
,
10010000
01010000
00011000
00001100
,
00000010
00001000
01000000
10000000
,
00100000
00010000
00001000
00000001
,
00001100
00101000
10010000
01001000
,
00010000
00001000
00001001
00000000
,
00101000
00000000
00000000
00000000
;

//---------------dance-couple - ----------------
#NOTES:
     dance-couple:
     :
     Easy:
     3:
     0.314,0.437,0.884,0.000,0.000:
00000000
00000000
00000000
00000000
,
00000000
00000000
00000000
00000000
,
00000000
00000000
00000000
00000000
,
00000000
00000000
00000000
00000000
,
00000000
00000000
00000000
00000000
,
00000000
00000000
00000000
00000000
,
10000000
00000000
00001000
00000000
,
00010000
00000000
00000001
00000000
,
10010000
00000000
00001001
00000000
,
00100000
00000000
00000100
00000000
,
00100010
00000000
00000000
00000000
,
10001000
00000000
00000000
00000000
,
01000100
00000000
00000000
00000000
,
00010001
00000000
00000000
00000000
,
00100010
00000000
00000000
00000000
,
10001000
00000000
00000000
00000000
,
01000100
00000000
00000000
00000000
,
00010001
00000000
00000000
00000000
,
00100000
10000000
01000000
00010000
,
00000010
00001000
00000100
00000001
,
10000000
01000000
00010000
01000000
,
00001000
00000100
00000001
00000100
,
00100010
10001000
01000100
00010001
,
10010000
00000000
00001001
00000000
,
00010001
01000100
10001000
01000100
,
00011000
00011000
00011000
00000000
,
00100010
00000000
01000100
00000000
,
10011001
00000000
00000000
00000000
,
10000001
01000100
10000001
01000100
,
00011000
01000100
00011000
01000100
,
00100000
10010000
00000010
00001001
,
00100010
10000001
01000100
00011000
,
10000001
00100010
01000100
00011000
,
00100000
10010000
00000010
00001001
,
00011000
00011000
00011000
00000000
,
10011001
00000000
00000000
00000000
,
10000001
01000100
10000001
01000100
,
00011000
01000100
00011000
01000100
,
00100000
10010000
00000010
00001001
,
00100010
10000001
01000100
00011000
,
10000001
00100010
01000100
00011000
,
00100000
10010000
00000010
00001001
,
00011000
00011000
00011000
00000000
,
10011001
00000000
00000000
00000000
;

//---------------dance-couple - ----------------
#NOTES:
     dance-couple:
     :
     Medium:
     5:
     0.464,0.514,1.000,0.000,0.000:
00000000
00000000
00000000
00000000
,
00000000
00000000
00000000
00000000
,
00000000
00000000
00000000
00000000
,
00000000
00000000
00000000
00000000
,
00000000
00000000
00000000
00000000
,
00000000
00000000
00000000
00000000
,
10000001
00011000
10000001
00000000
00000000
00000000
10011001
00000000
,
00100010
10000001
01000100
00011000
,
10000001
00011000
10000001
00000000
00000000
00000000
10011001
00000000
,
00000000
00100010
00000000
01000100
,
00100010
00100010
00000000
00000000
,
10000001
10000001
00000000
00000000
,
01000100
01000100
00000000
00000000
,
00011000
10000001
00100010
01000100
,
00100010
00100010
00000000
00000000
,
10000001
10000001
00000000
00000000
,
01000100
01000100
00000000
00000000
,
00011000
10000001
00100010
01000100
,
00100010
10000001
01000100
00011000
,
10010000
00000110
10010000
00000000
,
00100010
10000001
01000100
00011000
,
00001001
01100000
00001001
00000000
,
00100010
10000001
01000100
00011000
,
11000000
00000101
01010000
00001100
,
00011000
01000100
10000001
01000100
,
10000001
10000001
00111100
00000000
,
00100010
00000000
01000100
00000000
,
10000001
00011000
10000001
00000000
00000000
00000000
10011001
00000000
,
00100010
10000001
01000100
00011000
,
10000001
01000100
00011000
01000100
,
11000000
00000101
01010000
00001100
,
00100010
10000001
01000100
00011000
,
10000001
00100010
01000100
00011000
,
11000000
00000101
01010000
00001100
,
10000001
10000001
01011010
00000000
,
10000001
00011000
10000001
00000000
00000000
00000000
10011001
00000000
,
00100010
10000001
01000100
00011000
,
10000001
01000100
00011000
01000100
,
11000000
00000101
01010000
00001100
,
00100010
10000001
01000100
00011000
,
10000001
00100010
01000100
00011000
,
11000000
00000101
01010000
00001100
,
00011000
00011000
11000101
00000000
,
00111010
00000000
00000000
00000000
;

//---------------dance-couple - ----------------
#NOTES:
     dance-couple:
     :
     Hard:
     7:
     0.529,0.565,1.000,0.000,0.108:
00000000
00000000
00000000
00000000
,
00000000
00000000
00000000
00000000
,
00000000
00000000
00000000
00000000
,
00000000
00000000
00000000
00000000
,
00000000
00000000
00000000
00000000
,
00000000
00000000
00000000
00000000
,
10000001
00011000
10000001
00000000
00000000
00011000
00000000
10000001
,
00000000
00011000
00000000
10000001
00000000
00011000
00000000
00000000
,
00000000
00000000
10011001
00000000
00000000
00100010
00000000
01000100
,
00000000
00011000
10000001
00000000
00100010
00000000
01000100
00000000
,
00100000
00000000
00000000
00000000
00100000
00000000
00000000
00100000
00000000
00000000
00000000
00000000
00000000
00000000
00000000
00000000
,
00000001
00000000
00000000
00000000
00000001
00000000
00000000
00000001
00000000
00000000
00000000
00000000
00000000
00000000
00000000
00000000
,
01000000
00000000
00000000
00000000
01000000
00000000
00000000
01000000
00000000
00000000
00000000
00000000
00000000
00000000
00000000
00000000
,
00001000
00000000
00000000
00000000
00001000
00000000
00000000
00001000
00000000
00000000
10000001
00000000
00100010
00000000
01000100
00000000
,
00000010
00000000
00000000
00000000
00000010
00000000
00000000
00000010
00000000
00000000
00000000
00000000
00000000
00000000
00000000
00000000
,
10000000
00000000
00000000
00000000
10000000
00000000
00000000
10000000
00000000
00000000
00000000
00000000
00000000
00000000
00000000
00000000
,
00000100
00000000
00000000
00000000
00000100
00000000
00000000
00000100
00000000
00000000
00000000
00000000
00000000
00000000
00000000
00000000
,
00010000
00000000
00000000
00000000
00010000
00000000
00000000
00010000
00000000
00000000
10000001
00000000
01000100
00000000
00100010
00000000
,
10000001
01000100
00011000
00100010
,
00110000
00001010
11000000
00000101
,
10000001
01000100
00011000
00100010
,
11000000
00000101
00110000
00001010
,
10000001
01000100
00011000
00100010
,
10010000
00001001
01100000
00000110
,
00011000
01000100
10000001
01000100
,
00011000
10000001
00011000
00000000
,
00100010
00000000
10000000
00000001
00010000
00001000
01000000
00000100
,
10011001
00000000
00000000
00000000
00000000
10000001
00011000
10000001
,
00000000
00000000
00100010
00000000
00100010
00000000
00000000
00000000
10000001
00000000
00000000
10000001
00000000
00000000
10000001
00000000
,
00000000
00000000
00011000
00000000
00011000
00000000
00000000
00000000
01000100
00000000
00000000
01000100
00000000
00000000
01000100
00000000
,
00000000
00000000
10000001
00000000
10000001
00000000
00000000
00000000
00100010
00000000
00000000
00100010
00000000
00000000
00100010
00000000
,
00000000
01000100
01000100
00000000
00011000
10000001
00011000
10000001
,
00000000
00000000
00011000
00000000
00011000
00000000
00000000
00000000
00100010
00000000
00000000
00100010
00000000
00000000
00100010
00000000
,
00000000
00000000
10000001
00000000
10000001
00000000
00000000
00000000
01000100
00000000
00000000
01000100
00000000
00000000
01000100
00000000
,
00000000
00100010
00100010
00000000
01101001
00000000
10010110
00000000
,
01101001
00000000
00000000
00000000
00000000
10000001
00011000
10000001
,
00000000
00000000
00100010
00000000
00100010
00000000
00000000
00000000
10000001
00000000
00000000
10000001
00000000
00000000
10000001
00000000
,
00000000
00000000
00011000
00000000
00011000
00000000
00000000
00000000
01000100
00000000
00000000
01000100
00000000
00000000
01000100
00000000
,
00000000
00000000
10000001
00000000
10000001
00000000
00000000
00000000
00100010
00000000
00000000
00100010
00000000
00000000
00100010
00000000
,
00000000
01000100
01000100
00000000
00011000
10000001
00011000
10000001
,
00000000
00000000
00011000
00000000
00011000
00000000
00000000
00000000
00100010
00000000
00000000
00100010
00000000
00000000
00100010
00000000
,
00000000
00000000
10000001
00000000
10000001
00000000
00000000
00000000
01000100
00000000
00000000
01000100
00000000
00000000
01000100
00000000
,
00000000
00100010
00100010
00000000
10011001
00000000
11000101
00000000
,
00111010
00000000
00000000
00000000
;

//---------------dance-solo - ----------------
#NOTES:
     dance-solo:
     :
     Easy:
     3:
     0.203,0.283,0.179,0.000,0.000:
000000
000000
000000
000000
,
000000
000000
000000
000000
,
000000
000000
000000
000000
,
000000
000000
000000
000000
,
000000
000000
000000
000000
,
000000
000000
000000
000000
,
100000
000000
100000
000000
,
000001
000000
000001
000000
,
010010
000000
100001
000000
,
000100
000000
001000
000000
,
000100
000000
000000
000000
,
100000
000000
000000
000000
,
001000
000000
000000
000000
,
000001
000000
000000
000000
,
010000
000000
000000
000000
,
000010
000000
000000
000000
,
001000
000000
000000
000000
,
000001
000000
000000
000000
,
000100
100000
001000
000001
,
010000
001000
000010
001000
,
000100
100000
001000
000001
,
010000
000100
000010
000100
,
001000
100000
001000
000001
,
100001
000000
010010
000000
,
000001
001000
100000
001000
,
000001
000001
000001
000000
,
000100
000000
001000
000000
,
100001
000000
000000
000000
,
010000
001000
100000
001000
,
000001
001000
000010
001000
,
000100
100001
000100
100001
,
000010
010000
001000
000001
,
100000
000100
001000
000001
,
000100
100001
000100
100001
,
000010
000010
000010
000000
,
100001
000000
000000
000000
,
010000
001000
100000
001000
,
000001
001000
000010
001000
,
000100
100001
000100
100001
,
000010
010000
001000
000001
,
100000
000100
001000
000010
,
010000
100001
000100
100001
,
000010
000010
000010
000000
,
100001
000000
000000
000000
;

//---------------dance-solo - ----------------
#NOTES:
     dance-solo:
     :
     Medium:
     5:
     0.276,0.334,0.406,0.000,0.000:
000000
000000
000000
000000
,
000000
000000
000000
000000
,
000000
000000
000000
000000
,
000000
000000
000000
000000
,
000000
000000
000000
000000
,
000000
000000
000000
000000
,
100000
000001
100000
000000
000000
000000
010010
000000
,
000100
100000
001000
000001
,
010000
000010
010000
000000
000000
000000
100001
000000
,
000000
000100
000000
001000
,
000010
000010
000000
000000
,
100000
100000
000000
000000
,
001000
001000
000000
000000
,
000001
010000
000100
001000
,
000010
000010
000000
000000
,
100000
100000
000000
000000
,
001000
001000
000000
000000
,
010000
000001
100000
001000
,
000100
010000
001000
000001
,
100010
010100
100001
000000
,
000100
010000
001000
000001
,
100010
010100
100001
000000
,
000100
010000
001000
000001
,
100010
010001
001100
100001
,
000010
001000
000100
100000
,
000001
000001
010010
000000
,
000100
000000
001000
000000
,
100000
000001
100000
000000
000000
000000
010010
000000
,
000100
100000
001000
000001
,
100000
001000
000001
001000
,
100010
011000
001010
000101
,
000010
100000
001000
000001
,
010000
000100
001000
000010
,
100001
011000
000101
101000
,
000001
000001
010010
000000
,
100000
000001
100000
000000
000000
000000
010010
000000
,
000100
100000
001000
000001
,
010000
001000
000001
001000
,
100010
010100
000110
001001
,
000100
100000
001000
000001
,
010000
000100
001000
000010
,
100001
011000
100001
001010
,
000001
000001
010010
000000
,
100001
000000
000000
000000
;

//---------------dance-solo - ----------------
#NOTES:
     dance-solo:
     :
     Hard:
     7:
     0.311,0.334,0.239,0.000,0.108:
000000
000000
000000
000000
,
000000
000000
000000
000000
,
000000
000000
000000
000000
,
000000
000000
000000
000000
,
000000
000000
000000
000000
,
000000
000000
000000
000000
,
100000
000001
100000
000000
000000
000100
000000
010000
,
000000
000010
000000
000100
000000
010000
000000
000000
,
000000
000000
100001
000000
000000
000100
000000
001000
,
000000
000010
100000
000000
000100
000000
001000
000000
,
000100
000000
000000
000000
000100
000000
000000
000100
000000
000000
000000
000000
000000
000000
000000
000000
,
100000
000000
000000
000000
100000
000000
000000
100000
000000
000000
000000
000000
000000
000000
000000
000000
,
001000
000000
000000
000000
001000
000000
000000
001000
000000
000000
000000
000000
000000
000000
000000
000000
,
000001
000000
000000
000000
000001
000000
000000
000001
000000
000000
010000
000000
000100
000000
001000
000000
,
000010
000000
000000
000000
000010
000000
000000
000010
000000
000000
000000
000000
000000
000000
000000
000000
,
100000
000000
000000
000000
100000
000000
000000
100000
000000
000000
000000
000000
000000
000000
000000
000000
,
001000
000000
000000
000000
001000
000000
000000
001000
000000
000000
000000
000000
000000
000000
000000
000000
,
000001
000000
000000
000000
000001
000000
000000
000001
000000
000000
010000
000000
001000
000000
000100
000000
,
000001
001000
000010
000100
,
011000
000101
011000
000101
,
100000
001000
000001
010000
,
101000
010001
101000
010001
,
100000
001000
000001
010000
,
100010
001100
100010
001100
,
000010
100000
000100
001000
,
000001
000001
000001
000000
,
000100
000000
100000
100000
000010
000010
001000
001000
,
100001
000000
000000
000000
000000
010000
000010
010000
,
000000
000000
000100
000000
000100
000000
000000
000000
100000
000000
000000
100000
000000
000000
100000
000000
,
000000
000000
000001
000000
000001
000000
000000
000000
001000
000000
000000
001000
000000
000000
001000
000000
,
000000
000000
100000
000000
100000
000000
000000
000000
000100
000000
000000
000100
000000
000000
000100
000000
,
000000
001000
001000
000000
000001
100000
000001
010000
,
000000
000000
000010
000000
000010
000000
000000
000000
000100
000000
000000
000100
000000
000000
000100
000000
,
000000
000000
010000
000000
010000
000000
000000
000000
001000
000000
000000
001000
000000
000000
001000
000000
,
000000
000010
000010
000000
100001
000000
001100
000000
,
100001
000000
000000
000000
000000
010000
000010
010000
,
000000
000000
000100
000000
000100
000000
000000
000000
100000
000000
000000
100000
000000
000000
100000
000000
,
000000
000000
000010
000000
000010
000000
000000
000000
001000
000000
000000
001000
000000
000000
001000
000000
,
000000
000000
100000
000000
100000
000000
000000
000000
000100
000000
000000
000100
000000
000000
000100
000000
,
000000
001000
001000
000000
000010
100000
000001
010000
,
000000
000000
000010
000000
000010
000000
000000
000000
000100
000000
000000
000100
000000
000000
000100
000000
,
000000
000000
010000
000000
010000
000000
000000
000000
001000
000000
000000
001000
000000
000000
001000
000000
,
000000
000100
000100
000000
100001
000000
001100
000000
,
100001
000000
000000
000000
;
