#TITLE:LOVE SO GROOVY;
#SUBTITLE:;
#ARTIST:LOVEMINTS;
#TITLETRANSLIT:;
#SUBTITLETRANSLIT:;
#ARTISTTRANSLIT:;
#CREDIT:;
#BANNER:LOVE SO GROOVY.png;
#BACKGROUND:LOVE SO GROOVY-bg.png;
#LYRICSPATH:;
#CDTITLE:./CDTITLES/BEATMANIA CLASSICS.PNG;
#MUSIC:LOVE SO GROOVY.mp3;
#OFFSET:-0.078;
#SAMPLESTART:54.400;
#SAMPLELENGTH:12.000;
#SELECTABLE:YES;
#DISPLAYBPM:141.000;
#BPMS:0.000=141.120;
#STOPS:;
#BGCHANGES:;

//---------------dance-single - ----------------
#NOTES:
     dance-single:
     :
     Easy:
     3:
     0.204,0.249,0.000,0.000,0.000:
0000
0000
0000
0000
,
0000
0000
0000
0000
,
0000
0000
0000
0000
,
0000
0000
0000
0000
,
0000
0000
0000
0000
,
0000
0000
0000
0000
,
0010
0000
0000
0010
,
0000
0000
0010
0100
,
1000
0100
0001
0100
,
1000
0100
0001
0010
,
1000
0100
0001
0100
,
1000
0010
0001
0100
,
1000
0100
0001
0100
,
1000
0100
0001
0010
,
1000
0100
0001
0100
,
1000
0010
0001
0100
,
0010
1000
0000
0000
,
0001
0010
0000
0000
,
0100
1000
0000
0000
,
0001
0100
0000
0000
,
1000
0100
0001
0010
,
1000
0100
0001
0010
,
1000
0100
0001
0010
,
1000
0100
0001
0010
,
0010
0000
0000
0000
,
1000
0000
0000
0000
,
0100
0000
0000
0000
,
0001
0000
0000
0000
,
1000
0010
0100
0001
,
0001
0010
0100
1000
,
1000
0010
0100
0001
,
0001
0010
0100
1000
,
1000
0010
0100
0001
,
0001
0010
0100
1000
,
1000
0010
0100
0001
,
0001
0010
0100
1000
,
0010
0001
0000
0000
,
1000
0010
0000
0000
,
0100
0001
0000
0000
,
1000
0100
0000
0000
,
0010
0001
0000
0000
,
1000
0010
0000
0000
,
0100
0001
0000
0000
,
1000
0100
0000
0000
;

//---------------dance-single - ----------------
#NOTES:
     dance-single:
     :
     Medium:
     4:
     0.286,0.336,0.281,0.000,0.000:
0000
0000
0000
0000
,
0000
0000
0000
0000
,
0000
0000
0000
0000
,
0000
0000
0000
0000
,
0000
0000
0000
0000
,
0000
0000
0000
0000
,
0010
0000
0000
0010
0000
0000
0010
0000
,
0000
0000
0010
0100
,
1000
0100
0001
0100
,
1000
0100
0001
0010
,
1000
0100
0001
0100
,
1000
0000
0100
0000
0010
0001
0100
0000
,
0001
0100
1000
0100
,
0001
0100
1000
0010
,
0001
0100
1000
0100
,
0001
0000
0100
0000
0010
1000
0100
0000
,
0000
0000
0000
0001
0010
0100
1000
0000
,
0000
0000
0000
0000
0000
1001
0000
0110
,
0000
0000
0000
1000
0100
0010
0001
0000
,
0000
0000
0000
0000
0000
0110
0000
1001
,
0000
0100
1000
0010
,
0001
0100
1000
0010
,
0001
0100
1000
0010
,
0001
0100
1000
0010
,
1000
0000
0000
0001
0001
0001
0000
1000
,
0000
0001
0000
0001
,
0001
0000
0000
1000
1000
1000
0000
0000
,
0011
0000
1100
0000
,
1001
0010
0010
0010
,
0011
1000
1000
1000
,
1001
0100
0100
0100
,
1100
0001
0001
0001
,
1001
0010
0010
0010
,
0011
1000
1000
1000
,
1001
0100
0100
0100
,
1100
0001
0001
0001
,
0000
0000
0000
0010
1000
0100
0001
0000
,
0000
0000
0000
0000
0000
1100
0000
0011
,
0000
0000
0000
0010
0001
0100
1000
0000
,
0000
0000
0000
0000
0000
1010
0000
0101
,
0000
0000
0000
1000
0100
0001
0010
0000
,
0000
0000
0000
0000
0000
0011
0000
1100
,
0000
0000
0000
0100
1000
0010
0001
0000
,
0000
0000
0000
0000
0000
0110
0000
1001
;

//---------------dance-single - ----------------
#NOTES:
     dance-single:
     :
     Hard:
     7:
     0.376,0.504,0.255,0.000,0.026:  // measure 1
0000
0000
0000
0000
,  // measure 2
0000
0000
0000
0000
,  // measure 3
0000
0000
0000
0000
,  // measure 4
0000
0000
0000
0000
,  // measure 5
0000
0000
0000
0000
,  // measure 6
0000
0000
0000
0000
,  // measure 7
0010
0000
0000
0010
0000
0000
0010
0000
,  // measure 8
0000
0010
0000
0000
0010
0100
0001
0000
,  // measure 9
1000
0100
0001
0100
,  // measure 10
1000
0000
0100
0000
0001
1000
0010
0000
,  // measure 11
1000
0100
0001
0100
,  // measure 12
1000
0000
0100
0000
0010
0001
0100
0000
,  // measure 13
0001
0100
1000
0100
,  // measure 14
0001
0000
0100
0000
1000
0001
0010
0000
,  // measure 15
0001
0100
1000
0100
,  // measure 16
0001
0000
0100
0000
0010
1000
0100
0000
,  // measure 17
0001
0000
0000
0001
0010
0100
1000
0000
,  // measure 18
0001
0000
0100
0000
0000
1001
0000
0110
,  // measure 19
0000
0000
0000
1000
0100
0010
0001
0000
,  // measure 20
1000
0000
0100
0000
0000
0110
0000
1001
,  // measure 21
0000
0100
1000
0010
,  // measure 22
0001
0000
0100
0000
1000
0001
0010
0000
,  // measure 23
0001
0100
1000
0010
,  // measure 24
0001
0000
0100
0000
1000
0001
0010
0000
,  // measure 25
1000
0000
0000
0001
0001
0001
0000
1000
,  // measure 26
0000
0001
0000
0001
,  // measure 27
0001
0000
0000
1000
1000
1000
0000
0000
,  // measure 28
1000
0001
1000
0001
1000
0000
0001
1000
0000
0001
1000
0000
0000
0000
0000
0000
,  // measure 29
1001
0000
0010
0100
0010
0100
0010
0100
,  // measure 30
0011
0000
1000
0100
1000
0100
1000
0100
,  // measure 31
1001
0000
0100
0010
0100
0010
0100
0010
,  // measure 32
1100
0000
0001
0100
0001
0100
0001
0100
,  // measure 33
1001
0000
0010
1000
0010
0001
0010
0100
,  // measure 34
0011
0000
1000
0001
1000
0100
1000
0010
,  // measure 35
1001
0000
0100
0010
0100
1000
0100
0001
,  // measure 36
1100
0000
0001
1000
0001
0010
0001
0100
,  // measure 37
0001
0000
0000
0010
1000
0100
0001
0000
,  // measure 38
1000
0000
0100
0000
0000
1100
0000
0011
,  // measure 39
0000
0000
0000
0010
0001
0100
1000
0000
,  // measure 40
0001
0000
0100
0000
0000
1010
0000
0101
,  // measure 41
0000
0000
0000
1000
0100
0001
0010
0000
,  // measure 42
1000
0000
0100
0000
0000
0011
0000
1100
,  // measure 43
0000
0000
0000
0100
1000
0010
0001
0000
,  // measure 44
1000
0000
0100
0000
0000
0110
0000
1001
;

//---------------dance-double - ----------------
#NOTES:
     dance-double:
     :
     Easy:
     4:
     0.288,0.336,0.281,0.000,0.000:
00000000
00000000
00000000
00000000
,
00000000
00000000
00000000
00000000
,
00000000
00000000
00000000
00000000
,
00000000
00000000
00000000
00000000
,
00000000
00000000
00000000
00000000
,
00000000
00000000
00000000
00000000
,
00010000
00000000
00000000
00001000
00000000
00000000
00010000
00000000
,
00000000
00000000
00001000
00010000
,
01000000
00100000
00010000
01000000
,
10000000
01000000
00010000
00100000
,
10000000
01000000
00010000
01000000
,
10000000
00000000
01000000
00000000
00010000
00001000
00000100
00000000
,
00001000
00000100
00000001
00000100
,
00001000
00000100
00000001
00000010
,
00001000
00000100
00000001
00000100
,
00001000
00000000
00000100
00000000
00010000
00001000
01000000
00000000
,
00000000
00000000
00000000
10000000
01000000
00100000
00010000
00000000
,
00000000
00000000
00000000
00000000
00000000
00011000
00000000
00001100
,
00000000
00000000
00000000
00000001
00000010
00000100
00001000
00000000
,
00000000
00000000
00000000
00000000
00000000
00011000
00000000
01010000
,
00001000
00100000
00010000
00000100
,
00001000
01000000
00010000
00000100
,
00001000
00100000
00010000
00000010
,
00001000
01000000
00010000
00000100
,
00000010
00000000
00000000
00000001
00000100
00001000
00000000
00010000
,
00000000
00100000
00000000
10000000
,
01000000
00000000
00000000
00010000
00001000
00010000
00000000
00000000
,
00000011
00000000
00001100
00000000
,
00011000
00100000
01000000
10000000
,
00110000
10000000
01000000
00100000
,
00011000
00000010
00000100
00000001
,
00001010
00000001
00000100
00000010
,
00011000
00100000
01000000
10000000
,
00110000
10000000
01000000
00100000
,
00011000
00000010
00000100
00000001
,
00001010
00000001
00000100
00000010
,
00000000
00000000
00000000
00000001
00000010
00000100
00001000
00000000
,
00000000
00000000
00000000
00000000
00000000
00011000
00000000
01010000
,
00000000
00000000
00000000
10000000
01000000
00100000
00010000
00000000
,
00000000
00000000
00000000
00000000
00000000
00011000
00000000
00001100
,
00000000
00000000
00000000
00000001
00000010
00000100
00001000
00000000
,
00000000
00000000
00000000
00000000
00000000
00011000
00000000
01010000
,
00000000
00000000
00000000
10000000
01000000
00100000
00010000
00000000
,
00000000
00000000
00000000
00000000
00000000
00011000
00000000
00011000
;

//---------------dance-double - ----------------
#NOTES:
     dance-double:
     :
     Medium:
     7:
     0.378,0.504,0.255,0.000,0.026:
00000000
00000000
00000000
00000000
,
00000000
00000000
00000000
00000000
,
00000000
00000000
00000000
00000000
,
00000000
00000000
00000000
00000000
,
00000000
00000000
00000000
00000000
,
00000000
00000000
00000000
00000000
,
00010000
00000000
00000000
00001000
00000000
00000000
00010000
00000000
,
00000000
00001000
00000000
00000000
00010000
00001000
00010000
00000000
,
00001000
00000010
00000001
00000100
,
00001000
00000000
00010000
00000000
00100000
10000000
01000000
00000000
,
00010000
00100000
10000000
01000000
,
00010000
00000000
00001000
00000000
00000010
00000001
00000100
00000000
,
00001000
00000010
00000001
00000100
,
00001000
00000000
00010000
00000000
00100000
10000000
01000000
00000000
,
00010000
00100000
10000000
01000000
,
00010000
00000000
00001000
00000000
00000010
00000001
00000100
00000000
,
00001000
00000000
00000000
00000001
00000010
00000100
00001000
00000000
,
00010000
00000000
00100000
00000000
00000000
11000000
00000000
01010000
,
00000000
00000000
00000000
10000000
00100000
01000000
00010000
00000000
,
00001000
00000000
00000010
00000000
00000000
00000101
00000000
00001100
,
00001000
00000010
00000001
00000100
,
00001000
00000000
00010000
00000000
00100000
10000000
01000000
00000000
,
00010000
00100000
10000000
01000000
,
00010000
00000000
00001000
00000000
00000010
00000001
00000100
00000000
,
00001000
00000000
00000000
00010000
00001000
00010000
00000000
00100000
,
00000000
10000000
00000000
01000000
,
00010000
00000000
00000000
00001000
00010000
00001000
00000000
00000000
,
00010000
00001000
00010000
00001000
00010000
00000000
00001000
00010000
00000000
00001000
00010000
00000000
00000000
00000000
00000000
00000000
,
00001100
00000000
00010000
00001000
00010000
00001000
00010000
00001000
,
01010000
00000000
00010000
00001000
00010000
00001000
00010000
00001000
,
00001100
00000000
00001000
00010000
00001000
00010000
00001000
00010000
,
01010000
00000000
00010000
00001000
00010000
00001000
00010000
00001000
,
00001010
00000000
00001000
00010000
00001000
00100000
00001000
01000000
,
00110000
00000000
00010000
00001000
00010000
00000010
00010000
00000100
,
00001100
00000000
00001000
00010000
00001000
01000000
00001000
00100000
,
01010000
00000000
00010000
00001000
00010000
00000100
00010000
00000010
,
00001000
00000000
00000000
00000001
00000010
00000100
00001000
00000000
,
00010000
00000000
00100000
00000000
00000000
11000000
00000000
01010000
,
00000000
00000000
00000000
10000000
00100000
01000000
00010000
00000000
,
00001000
00000000
00000010
00000000
00000000
00000101
00000000
00001100
,
00000000
00000000
00000000
00000001
00000010
00000100
00001000
00000000
,
00010000
00000000
00100000
00000000
00000000
11000000
00000000
01010000
,
00000000
00000000
00000000
10000000
00100000
01000000
00010000
00000000
,
00001000
00000000
00000010
00000000
00000000
00001100
00000000
00011000
;
