#TITLE:Lupin the 3rd '78;
#SUBTITLE:;
#ARTIST:VENTURA;
#TITLETRANSLIT:;
#SUBTITLETRANSLIT:;
#ARTISTTRANSLIT:;
#CREDIT:;
#BANNER:Lupin the 3rd '78.png;
#BACKGROUND:Lupin the 3rd '78-bg.png;
#LYRICSPATH:;
#CDTITLE:./CDTITLES/DANCEMANIA J-PARADISE.PNG;
#MUSIC:Lupin the 3rd '78.ogg;
#OFFSET:0.000;
#SAMPLESTART:17.000;
#SAMPLELENGTH:15.000;
#SELECTABLE:YES;
#DISPLAYBPM:150.000;
#BPMS:0.000=149.998;
#STOPS:;
#BGCHANGES:;

//---------------dance-single - ----------------
#NOTES:
     dance-single:
     :
     Easy:
     3:
     0.218,0.334,0.117,0.000,0.000:
0000
0000
0000
0000
,
0000
0000
0000
0000
,
0000
0000
0000
0000
,
1000
1000
1000
1000
,
0001
0100
0001
0100
,
1000
1000
1000
1000
,
0010
0001
0100
1000
,
0010
0010
0010
1001
,
0100
0100
0100
1001
,
0010
0100
1000
0001
,
0110
0000
0000
0000
,
0001
0001
0000
0000
,
1000
1000
0000
0000
,
0001
0001
0000
0000
,
1000
1000
0000
0000
,
0001
0100
0100
0000
,
1000
0010
0010
0100
,
0001
0010
0010
0000
,
0100
1000
0001
0100
,
0010
1000
0100
0000
,
1000
1000
0000
0000
,
0001
0001
0000
0000
,
1000
1000
0000
0000
,
0001
0001
0000
0000
,
1000
0010
0010
0000
,
0001
0100
0010
1000
,
0100
0010
0010
0000
,
1001
0110
1001
0000
,
0001
0100
0000
0000
,
1000
0100
0000
0000
,
0001
0010
0000
0000
,
0100
0000
1000
0000
,
0001
0001
0000
0000
,
1000
1000
0000
0000
,
0010
0000
0100
0000
,
1001
0000
0000
0000
,
0110
0000
0000
0000
,
1000
1000
0000
0000
,
0001
0001
0000
0000
,
1000
1000
0000
0000
,
0001
0001
0000
0000
,
0100
0010
1000
0000
,
0001
0100
0010
1000
,
0001
0010
0100
0000
,
1001
0000
0000
0000
,
0010
0100
1000
0001
,
0110
0000
0000
0000
,
0001
1000
0100
0010
,
0001
0001
1000
1000
,
0100
0010
0001
0000
,
1000
0000
0000
0000
,
0000
0000
0000
0000
,
1000
0000
0000
0000
,
0000
0000
0000
0000
,
1000
0000
0000
0000
,
0100
0000
0000
0000
,
0010
0000
0000
0000
,
1001
0000
0000
0000
;

//---------------dance-single - ----------------
#NOTES:
     dance-single:
     :
     Medium:
     6:
     0.415,0.455,0.149,0.000,0.000:
0000
0000
0000
0000
,
0000
0000
0000
0000
,
0000
0000
0000
0000
,
1000
0100
1000
0000
0001
0000
0001
0000
,
0100
0010
0000
0100
0000
0100
0000
0100
,
0001
0010
0001
0000
1000
0000
1000
0000
,
0010
0100
0000
0010
0000
0010
0000
0010
,
1000
0100
0010
0000
0001
0000
0001
0000
,
1000
0010
0100
0000
0001
0000
0001
0000
,
1000
0100
0000
0010
0000
0010
0000
0001
,
0001
0000
0000
0000
,
1000
0010
0100
0001
0000
0001
0000
0001
,
1000
0100
0010
0001
0000
0001
0000
0001
,
0100
0010
1000
0100
0000
0100
0000
0100
,
0010
0001
1000
0100
0000
0010
0001
1000
,
0100
0000
1001
0000
0100
0010
1000
0100
,
0010
0000
1001
0000
0100
0010
1000
0001
,
0100
1001
0100
0010
,
0100
0100
0100
0100
,
0010
0000
0001
1000
0100
0000
0000
0000
,
0010
0001
0100
0010
0000
0010
0000
0010
,
1000
0100
0010
0001
0000
0001
0000
0001
,
1000
0010
0100
0001
0000
0001
0000
0001
,
0010
0100
1000
0001
0000
0100
0010
1000
,
0100
0000
1001
0000
0100
0010
1000
0001
,
0100
0000
1001
0000
0010
0100
0001
0010
,
0100
1001
0100
0010
,
1000
0000
0100
0010
0001
0000
0000
0000
,
1000
0000
1000
0000
1000
0000
0010
0100
,
0001
0000
0001
0000
0001
0000
1000
0100
,
0010
0000
0010
0000
0010
0000
0001
0100
,
0010
0010
0010
1001
,
0100
0010
0100
0000
0000
0000
1001
0000
,
0010
0100
0010
0000
0000
0000
1001
0000
,
0100
0010
1000
0100
,
0010
0001
0100
0000
0010
0000
1000
0001
,
0010
0000
0000
0000
,
0100
1000
0001
0000
0100
0000
0010
1000
,
0100
0000
0010
0000
0001
0000
1000
0100
,
0010
0000
0001
0000
1000
0000
0100
0010
,
1000
0000
0001
0010
0100
0000
1000
0000
,
1000
0000
0001
0000
0001
0000
0010
0100
,
1000
0000
0001
0000
0100
0000
0010
1000
,
0001
0010
0100
1000
,
1001
0000
0000
0000
,
1000
0100
0010
0000
0001
0100
0010
0000
,
1001
0000
0000
0000
,
0100
0010
0001
0000
0100
0010
1000
0000
,
0001
0100
1000
0100
,
0010
0000
0001
0100
0010
0000
0000
0000
,
1000
0000
1000
0000
0001
0100
0010
0000
,
0001
0100
0010
0000
1000
0000
1000
0000
,
0001
0000
0010
0000
0100
1000
0100
0000
,
0010
0001
0010
0000
0100
0000
0100
0000
,
0010
1000
0001
0000
0110
0000
0000
0000
,
1000
0010
0100
0000
1001
0000
0000
0000
,
0010
0000
0100
0000
1000
0100
0001
0000
,
1001
0000
0000
0000
;

//---------------dance-single - ----------------
#NOTES:
     dance-single:
     :
     Hard:
     9:
     0.607,0.607,0.117,0.000,0.405:
0000
0000
0000
0000
,
0000
0000
0000
0000
,
0000
0000
0000
0000
,
1000
0100
1000
0100
1000
0000
0000
0000
0001
0000
0010
0000
0100
0000
0000
0000
,
1000
0010
1000
0010
1000
0000
0000
0000
0100
0000
0010
0000
0001
0000
0000
0000
,
0100
0010
0100
0010
0100
0000
0000
0000
0001
0000
1000
0000
0100
0000
0000
0000
,
0010
0001
0010
0001
0010
0000
0000
0000
0100
1000
0100
1000
0100
0000
0000
0000
,
0001
0100
0001
0100
0001
0000
0000
0000
0010
0000
1000
0000
0100
0000
0000
0000
,
0010
0001
0010
0001
0010
0000
0000
0000
0100
0000
1000
0000
0001
0000
0000
0000
,
0010
0100
0000
1000
0001
0000
0010
0100
0000
1000
0001
0000
0010
0000
0100
0000
,
1001
0000
0000
0000
,
1000
0100
0000
0010
0100
0000
1000
0000
0001
0000
0100
0000
0010
0000
0000
0000
,
1000
0100
0000
0010
0001
0000
1000
0000
0010
0000
0100
0000
0001
0000
0000
0000
,
0010
0100
0000
1000
0010
0000
0100
0000
0001
0000
1000
0000
0100
0000
0000
0000
,
0010
0001
0000
1000
0100
0000
0010
0000
0001
0000
1000
0000
0010
0000
0000
0000
,
0100
0001
0000
1000
0100
0000
0000
0000
0010
0000
0001
0000
1000
0000
0000
0000
,
0010
0100
0000
0001
1000
0000
0000
0000
0100
0000
0010
0000
0001
0000
0000
0000
,
1000
0010
0000
0100
0001
0000
0010
0000
0100
0000
1000
0000
0001
0000
0000
0000
,
0010
0100
0000
0000
1000
0010
0000
0000
0100
0000
0001
0000
0010
0000
0000
0000
,
0100
1000
0000
0000
0001
0100
0000
0000
0010
0000
0000
0000
0000
0000
0000
0000
,
1000
0000
0100
0000
0010
0001
0010
0000
0100
0000
1000
0000
0001
0000
0000
0000
,
0100
0000
0010
0000
1000
0100
1000
0000
0001
0000
0010
0000
0100
0000
0000
0000
,
1000
0000
0001
0000
0100
0010
0100
0000
0001
0000
1000
0000
0100
0000
0000
0000
,
0010
0000
0001
0000
1000
0100
1000
0000
0010
0000
0100
0000
0001
0000
0000
0000
,
1000
0000
0100
0000
0010
0001
0010
0000
0100
0000
0000
0000
1001
0000
0000
0000
,
0100
0000
0010
0000
1000
0100
1000
0000
0001
0000
0000
0000
0110
0000
0000
0000
,
1000
0000
0001
0000
0010
0100
0010
0000
0001
0000
0000
0000
0101
0000
0000
0000
,
1100
0000
0000
1010
0000
0000
0101
0000
0000
0000
0000
0000
0000
0000
0000
0000
,
1000
0100
0010
0001
0000
0001
0100
0010
,
1000
0100
0010
0001
0000
0001
0100
1000
,
0100
0001
0010
0100
0000
0100
1000
0001
,
0100
0010
1000
0100
0010
0001
0001
0100
,
0010
1000
0100
0010
0001
0100
0010
0100
,
0001
0010
0001
0100
0010
1000
0100
0010
,
0001
1000
0010
0100
0001
1000
0100
0010
,
0001
0100
0000
0000
0000
0000
1000
0100
0000
0000
0000
0000
0001
0100
0000
0001
,
0010
0000
0000
0000
,
1000
0000
0100
0000
0010
0001
0000
0001
0100
0000
0010
0000
1000
0000
0001
0000
,
0010
0000
0100
0000
1000
0010
0000
0010
0100
0000
0001
0000
1000
0000
0000
0000
,
0100
0000
0100
0000
0010
0001
0000
0001
1000
0000
0010
0000
0100
0000
0001
0000
,
0010
0000
0100
0000
1000
0001
0000
0001
0100
0000
0010
0000
1000
0000
0000
0000
,
0001
0000
0001
0000
0001
0100
0000
0001
0100
0000
0000
0000
0010
0000
0000
0000
,
1000
0000
1000
0000
0100
1000
0000
0100
1000
0000
0000
0000
0001
0000
0000
0000
,
0100
0010
1000
0100
0010
0001
1000
0010
,
0100
0000
0100
0000
0100
0001
0010
0100
,
1000
0001
0000
0000
0100
0000
0000
0000
1000
0001
0000
0000
0100
0000
0000
0000
,
0010
0000
0010
0000
0010
1000
0100
0010
,
0001
1000
0000
0000
0100
0000
0000
0000
0001
1000
0000
0000
0100
0000
0000
0000
,
0010
0000
0001
0000
0100
0010
0000
0000
1000
0000
0100
0000
0010
0001
0000
0000
,
1000
0010
0100
0001
1100
0000
0000
0000
,
0001
0000
0001
0000
0100
0010
0000
0000
1000
0000
0100
0000
0010
0000
0000
0000
,
0001
0000
0001
0000
1000
0100
0000
0000
0010
0000
0001
0000
0100
0000
0010
0000
,
1000
0000
1000
0000
0100
0010
0000
0000
0001
0000
0100
0000
0010
0000
0000
0000
,
1000
0000
1000
0000
0001
0100
0000
0000
0010
0000
1000
0000
0100
0000
0010
0000
,
0001
0000
0001
0000
1000
0100
0000
0000
1001
0000
0000
0000
0000
0000
0000
0000
,
0100
0000
0100
0000
0001
0010
0000
0000
1100
0000
0000
0000
0000
0000
0000
0000
,
0001
0100
0000
0001
1000
0000
0001
0100
0000
0001
1000
0000
0100
0000
0010
0000
,
1001
0000
0000
0000
;

//---------------dance-couple - ----------------
#NOTES:
     dance-couple:
     :
     Medium:
     9:
     0.603,0.911,1.000,0.000,0.144:
00000000
00000000
00000000
00000000
,
00000000
00000000
00000000
00000000
,
00000000
00000000
00000000
00000000
,
10000001
10000000
10000000
10000000
,
00010001
01000000
00010000
01000000
,
10001000
00001000
00001000
00001000
,
10000001
00000100
00000001
00000100
,
00100000
00100000
00100000
10010000
,
00000010
00000010
00000010
00001001
,
00100010
01000100
10001000
00010001
,
01100110
00000000
00000000
00000000
,
10000001
00100000
01000000
00010000
00000000
00010000
00000000
00010000
,
10000001
01000000
00100000
00010000
00000000
00010000
00000000
00010000
,
01000001
00100000
10000000
01000000
00000000
01000000
00000000
01000000
,
00100001
00010000
10000000
01000000
00000000
00100000
00010000
10000000
,
01000100
00000000
10010000
00000000
01000000
00100000
10000000
01000000
,
00100100
00000000
10010000
00000000
01000000
00100000
10000000
00010000
,
01000001
10010000
01000000
00100000
,
01000100
01000100
01000100
01000100
,
00100010
00000000
00010001
10001000
01000100
00000000
00000000
00000000
,
10001000
00000010
00000100
00000001
00000000
00000001
00000000
00000001
,
10001000
00000100
00000010
00000001
00000000
00000001
00000000
00000001
,
10000100
00000010
00001000
00000100
00000000
00000100
00000000
00000100
,
10000010
00000001
00001000
00000100
00000000
00000010
00000001
00001000
,
01000100
00000000
00001001
00000000
00000100
00000010
00001000
00000100
,
01000010
00000000
00001001
00000000
00000100
00000010
00001000
00000001
,
10000100
00001001
00000100
00000010
,
10011001
00000000
00000000
10101010
00000000
00000000
01010101
00000000
00000000
00000000
00000000
00000000
00000000
00000000
00000000
00000000
,
00000010
00001000
00100000
10000000
,
00000001
00000100
00010000
01000000
,
00001000
00000100
10000000
01000000
,
00000010
00100000
00000001
00010000
,
10000000
10000000
00001000
00001000
,
01000000
01000000
00000100
00000100
,
00100000
00000010
00010000
00000001
,
10001000
01000100
00000000
00000000
00000000
00000000
00010001
01000100
00000000
00000000
00000000
00000000
10001000
01000100
00000000
10001000
,
00100010
00000000
00000000
00000000
,
00010001
00000000
01000000
00000000
00100000
10000000
00000000
10000000
01000000
00000000
00100000
00000000
00010000
00000000
10000000
00000000
,
00100001
00000000
01000000
00000000
00010000
00100000
00000000
00100000
01000000
00000000
10000000
00000000
00010000
00000000
00000000
00000000
,
10001000
00000000
00000100
00000000
00000010
00000001
00000000
00000001
00000100
00000000
00000010
00000000
00001000
00000000
00000001
00000000
,
10000010
00000000
00000100
00000000
00001000
00000010
00000000
00000010
00000100
00000000
00000001
00000000
00001000
00000000
00000000
00000000
,
00010000
00000000
00010000
00000000
00010000
01000000
00000000
00010000
01000000
00000000
00000000
00000000
00100000
00000000
00000000
00000000
,
00001000
00000000
00001000
00000000
00001000
00000100
00000000
00001000
00000100
00000000
00000000
00000000
00000010
00000000
00000000
00000000
,
01000100
00100010
10000001
01000100
00100010
00011000
10000001
00100010
,
01000000
00000000
01000000
00000000
01000000
00010000
00100000
01000000
,
10000001
00010000
00000000
00000000
01000000
00000000
00000000
00000000
10000000
00010000
00000000
00000000
01000000
00000000
00000000
00000000
,
00000100
00000000
00000100
00000000
00000100
00001000
00000010
00000100
,
10000001
00001000
00000000
00000000
00000100
00000000
00000000
00000000
00000001
00001000
00000000
00000000
00000100
00000000
00000000
00000000
,
00100010
00000000
00011000
00000000
01000100
00100010
00000000
00000000
10000001
00000000
01000100
00000000
00100010
00011000
00000000
00000000
,
10000001
00100010
01000100
00011000
11000101
00000000
00000000
00000000
,
10000001
00000000
10000000
00000000
00010000
01000000
00100000
00000000
,
00010001
01000000
00100000
00000000
10000000
00000000
10000000
00000000
,
10000001
00000000
00000001
00000000
00001000
00000100
00000010
00000000
,
10001000
00000100
00000010
00000000
00000001
00000000
00000001
00000000
,
00100000
10000000
00010000
00000000
01100000
00000000
00000000
00000000
,
00001000
00000010
00000100
00000000
00001001
00000000
00000000
00000000
,
00010001
01000100
00000000
00010001
10001000
00000000
00010001
01000100
00000000
00010001
10001000
00000000
01000100
00000000
00100010
00000000
,
10011001
00000000
00000000
00000000
;

//---------------dance-double - ----------------
#NOTES:
     dance-double:
     :
     Easy:
     4:
     0.231,0.274,0.021,0.000,0.000:
00000000
00000000
00000000
00000000
,
00000000
00000000
00000000
00000000
,
00000000
00000000
00000000
00000000
,
10000000
00000000
00010000
00000000
,
01000000
10000000
00010000
00000000
,
00001000
00000000
00000001
00000000
,
00000100
00000000
00000100
00000100
,
00010000
00001000
00100000
00000000
,
00010000
00000100
00000001
00000000
,
00000100
00000000
00010000
00001000
,
00000100
00001001
00000000
00000000
,
00000100
00010000
01000000
00001000
,
00000100
00000010
00000001
00001000
,
00000010
00010000
00100000
00001000
,
00000010
00000100
00000001
00001000
,
00000100
00010000
00010000
00000000
,
00001000
01000000
01000000
00000000
,
00100000
10000000
01000000
00100000
,
00001000
00001000
00001000
00001000
,
00010000
00010000
00010000
00000000
,
00000010
00000001
00000000
00001000
,
01000000
10000000
00100000
00000000
,
00010000
00001000
00000000
00000010
,
00000001
00001000
00000100
00000000
,
00010000
00100000
00100000
00001000
,
00000100
00000100
00000010
00000000
,
00000001
00001000
00000100
00010000
,
01000000
10000000
00010000
00000000
,
01000000
00001000
00000000
00000000
,
00000010
00010000
00000000
00000000
,
00100000
00001000
00000000
00000000
,
00000100
00000000
00000001
00001000
,
00000100
00010000
00000000
00000000
,
00100000
00001000
00000000
00000000
,
00000001
00000000
00001000
00000000
,
00000100
00000100
00000100
00010000
,
00100000
00000000
00000000
00000000
,
10000000
10000000
00010000
00010000
,
01000000
00001000
00000010
00000000
,
00000001
00000001
00001000
00001000
,
00000010
00010000
01000000
00000000
,
10000000
00100000
01000000
00000000
,
00010000
00100000
01000000
00000000
,
00010000
00000000
00001000
00000000
,
00000100
00000000
00000000
00000000
,
00000001
00000001
00001000
00001000
,
00000100
00000000
00000000
00000000
,
00010000
00010000
00001000
00001000
,
00100000
00000000
01000000
00000000
,
10000000
00010000
01000000
00000000
,
00001000
00000000
00000000
00000000
,
00000000
00000000
00010000
01000000
,
10000000
00000000
00000000
00000000
,
00000000
00000000
00100000
00010000
,
00001000
00000000
00000000
00000000
,
00000010
00000000
00000000
00000000
,
00000001
00000000
00001000
00100000
,
01000000
10010000
00000000
00000000
;

//---------------dance-double - ----------------
#NOTES:
     dance-double:
     :
     Medium:
     5:
     0.361,0.396,0.075,0.000,0.000:
00000000
00000000
00000000
00000000
,
00000000
00000000
00000000
00000000
,
00000000
00000000
00000000
00000000
,
10000000
01000000
00010000
00000000
00010000
00001000
00000100
00000000
,
00000010
00000000
00000010
00000000
00001000
00000100
00010000
00000000
,
00001000
00000010
00000001
00000000
00000001
00000100
00001000
00000000
,
00001000
00000000
00010000
00000000
01000000
10000000
00010000
00000000
,
01000000
00001000
00010000
00000000
00000010
00000000
00000000
00000000
,
00000100
00000000
00010000
00001000
00100000
00000000
00000000
00000000
,
00010000
00000000
10000000
00000000
00100000
00000000
00010000
00001000
,
00000010
00001001
00000000
00000000
,
00000100
00000000
00010000
00001000
00000000
00001000
00000000
00000000
,
00100000
00000000
00010000
01000000
00000000
01000000
00000000
00000000
,
00100000
00000000
10000000
01000000
00000000
01000000
00000000
00000000
,
00100000
00010000
00000000
10000000
00000000
00100000
01000000
00001000
,
00010000
00000000
00011000
00000000
00000000
00000100
00000010
00000001
,
00001000
00000000
00001001
00000000
00000000
00000000
00000100
00001000
,
00010000
00000000
00011000
00000000
00000000
00000000
00100000
01000000
,
10000000
10000000
10000000
10000000
,
00010000
00010000
00010000
00000000
,
00100000
00001000
00010000
00000100
00000000
00000000
00000010
00000000
,
00000001
00000100
00000010
00001000
,
00000100
00010000
00001000
00100000
00000000
00000000
00010000
00000000
,
10000000
01000000
01000000
00100000
,
00001000
00000000
00010000
00000010
00010000
00000000
00001000
00000000
,
00010000
00000000
00001000
01000000
00001000
00000000
00010000
00000000
,
00001000
00000000
00100000
00010000
00100000
00000000
00001000
00000000
,
00010000
00010000
00010000
00000000
,
00000000
00000000
00000010
00000000
00000000
00000001
00000000
00000001
,
00000000
00000000
00000010
00000000
00000000
00001000
00000000
00001000
,
00000000
00000000
00000100
00000000
00000000
00010000
00000000
00010000
,
00000000
00001000
00000000
00000010
00000000
00000001
00000000
00001000
,
00000000
00000100
00000000
00000100
00000000
00010000
00000000
00010000
,
00000000
00000010
00000000
00000010
00000000
00000001
00000000
00000001
,
00000000
00000010
00000000
00001000
00000000
00100000
00000000
10000000
,
01000000
01000000
01000000
00100000
,
10010000
00000000
00000000
00000000
,
00100000
00000000
00001000
00000010
00000000
00000010
00000000
00000000
,
00000001
00001000
00000100
00010000
00000000
00010000
00000000
00000000
,
00000010
00000000
00001000
00000100
00000000
00000100
00000000
00000000
,
00010000
00001000
00010000
00100000
00000000
00100000
00000000
00000000
,
10000000
00000000
01000000
00100000
01000000
00000000
00010000
00000000
,
00001000
00010000
00001000
00000000
00000100
00000000
00000001
00000000
,
00000001
00000010
00000100
00000000
00001000
00000010
00000100
00000000
,
00000001
00000000
00001000
00000000
00000100
00000000
00010000
00001000
,
00000000
00100000
00000000
00100000
00000000
00100000
00000000
00100000
,
00001000
00000000
00000010
00000000
00000001
00000000
00001000
00000100
,
00000000
00010000
00000000
00010000
00000000
00010000
00000000
00010000
,
00010000
00000000
01000000
00000000
,
10000000
00100000
01010000
00000000
,
00001000
00001000
00001000
00001000
,
00010000
00000000
00001000
00000000
00000010
00000001
00000100
00000000
,
00000010
00000010
00000010
00000010
,
00001000
00000100
00010000
00000000
00000010
00000100
00001000
00000000
,
00010000
01000000
10000000
00000000
,
00100000
00010000
00001000
00000000
,
00000010
00000000
00001000
00000000
00010000
00000000
00100000
10000000
,
00010000
01100000
00000000
00000000
;

//---------------dance-double - ----------------
#NOTES:
     dance-double:
     :
     Hard:
     8:
     0.534,0.518,0.085,0.000,0.080:
00000000
00000000
00000000
00000000
,
00000000
00000000
00000000
00000000
,
00000000
00000000
00000000
00000000
,
10000000
01000000
00100000
00010000
01000000
00001000
00010000
01000000
,
10000000
00010000
01000000
00100000
10000000
00010000
01000000
00001000
,
00010000
00000010
00001000
00000100
00000010
00000001
00001000
00000010
,
00000100
00000001
00000010
00000100
00000001
00000100
00010000
00001000
,
00100000
00001000
00010000
00000100
00001000
00000000
00000000
00000000
,
00000010
00010000
00001000
01000000
00010000
00000000
00000000
00000000
,
10000000
01000000
00000000
00010000
01000000
00000000
00001000
00010000
00000000
00000010
00001000
00000000
00000001
00000000
00000010
00000000
,
00000100
00001001
00000000
00000000
,
00000010
00000100
00010000
00001000
00000010
00000001
00000100
00000010
,
00001000
00000100
00010000
00001000
00100000
10000000
00100000
00010000
,
01000000
00100000
10000000
01000000
00100000
00001000
00000010
00000001
,
00001000
00000010
00000100
00000001
00000010
00000100
00001000
00000000
,
00000000
00010000
00010000
00010000
00010000
00000000
00000000
00000000
,
00000000
01000000
01000000
01000000
01000000
00000000
00000000
00000000
,
00000000
10000000
10000000
10000000
10000000
00000000
00100000
00000000
,
01000000
00010000
00000010
00001000
00010000
00100000
10000000
00010000
,
00100000
00001000
00000010
00000001
00001000
00000000
00000000
00000000
,
00000100
00010000
00001000
00100000
01000000
00010000
00001000
00000100
,
00000001
00001000
00000100
00010000
00001000
00100000
00010000
01000000
,
00001000
00010000
00000010
00001000
00000100
00010000
00001000
00100000
,
00010000
01000000
00100000
10000000
01000000
00100000
00010000
00000000
,
00000000
01000000
01000000
01000000
01000000
00000000
00000000
00000000
,
00000000
00001000
00001000
00001000
00001000
00000000
00000000
00000000
,
00000000
00000100
00000100
00000100
00000100
00000000
00000010
00000000
,
00001001
00000000
00000000
00000110
00000000
00000000
00001001
00000000
00000000
00000000
00000000
00000000
00000000
00000000
00000000
00000000
,
00000100
00000100
00010000
00000000
00000000
00100000
10000000
01000000
,
00010000
00010000
00001000
00000000
00000000
00000010
00000001
00000100
,
00001000
00001000
00010000
00000000
00000000
00000010
00000001
00000010
,
00001000
00000100
00010000
00001000
00000010
00000001
00001000
00000100
,
00010000
00010000
00010000
00000000
00000000
00001000
00000000
00010000
,
00100000
00100000
10000000
00000000
00000000
01000000
00000000
00010000
,
00001000
00000000
00000100
00000000
00000001
00000000
00000010
00000100
,
00001000
00000001
00000000
00000000
00000000
00000000
00000100
00010000
00000000
00000000
00000000
00000000
00001000
01000000
00000000
00100000
,
00010000
00000000
00000000
00000000
,
10000000
01000000
00100000
00001000
00010000
00100000
10000000
00010000
,
01000000
00001000
00000100
00000001
00000010
00000100
00001000
00000010
,
00010000
00001000
01000000
00100000
10000000
00010000
00100000
01000000
,
00010000
00001000
00000100
00000001
00000010
00000100
00001000
00000000
,
00000000
01000000
01000000
01000000
01000000
00000000
00000000
00000000
,
00000000
10000000
10000000
10000000
10000000
00000000
00000000
00000000
,
00000000
00010000
00010000
00010000
00010000
00000000
00000100
00000000
,
00000001
00000010
00000100
00001000
00000010
00000100
00000001
00001000
,
00000100
00010000
00001000
00100000
10000000
00100000
00010000
00000000
,
01000000
00001000
00010000
00000010
00000001
00000010
00001000
00000100
,
00010000
00001000
00000010
00000001
00000100
00000010
00001000
00000000
,
00010000
00001000
00000000
00000000
00000000
00000000
00000000
00000000
10000000
00010000
00000000
00000000
00000000
00000000
00000000
00000000
,
11000000
01010000
00011000
00000000
,
00000010
00000001
00000010
00001000
00000100
00010000
00001000
00000010
,
00000001
00000100
00001000
00010000
01000000
10000000
00010000
01000000
,
00100000
10000000
00100000
00010000
00001000
00000010
00000001
00000100
,
00000010
00001000
00000100
00000010
00000001
00001000
00000100
00000000
,
00010000
00001000
00100000
00010000
00000010
00000000
00000001
00000000
,
00000100
00001000
00010000
01000000
10000000
00000000
00010000
00000000
,
01000000
00001000
00000000
00010000
00000010
00000000
00001000
00100000
00000000
00010000
00000100
00000000
00001000
00000000
00000010
00000000
,
00000100
00001001
00000000
00000000
;

//---------------dance-solo - ----------------
#NOTES:
     dance-solo:
     :
     Easy:
     3:
     0.289,0.273,0.000,0.000,0.000:
000000
000000
000000
000000
,
000000
000000
000000
000000
,
000000
000000
000000
000000
,
000010
000010
000010
001000
,
100000
001000
010000
001000
,
000100
000100
000100
000100
,
000001
010000
000010
001000
,
000100
100000
001000
000000
,
000100
000001
001000
000000
,
000010
100000
000100
010000
,
000010
000000
000000
000000
,
000100
000100
000001
001000
,
000010
100000
000100
010000
,
000010
000010
000100
000100
,
000001
001000
000010
000100
,
001000
100000
000001
000000
,
001000
000100
100000
000000
,
000010
010000
001000
000000
,
000100
000100
000001
000001
,
010000
010000
000010
000000
,
100000
100000
001000
000100
,
000001
001000
100000
001000
,
010000
010000
000001
000100
,
000010
010000
000100
100000
,
001000
000100
000001
000000
,
001000
000100
100000
000000
,
000001
000100
001000
100000
,
000001
010000
000010
000000
,
000100
001000
000000
010000
,
000100
001000
000000
000010
,
000100
001000
000000
010000
,
000001
100000
001000
000100
,
000001
001000
000000
000010
,
100000
001000
000000
010000
,
000001
000100
000010
010000
,
000100
000100
001000
001000
,
000100
000000
000000
000000
,
100000
000001
000100
001000
,
010000
000001
000100
001000
,
000010
000001
000100
001000
,
010000
000100
100000
001000
,
000100
000001
001000
000000
,
000100
100000
001000
000000
,
000100
000001
010000
000010
,
001000
001000
000100
100000
,
000001
001000
100000
001000
,
000100
000100
000001
010000
,
000010
000100
000001
001000
,
000100
000000
100000
000000
,
000010
010000
001000
000000
,
000100
000100
000001
000001
,
010000
001000
000100
000001
,
001000
001000
000100
000100
,
100000
000010
010000
000100
,
100000
001000
000100
000000
,
000001
001000
000100
000000
,
100000
000010
010000
001000
,
000100
000000
000000
000000
;

//---------------dance-solo - ----------------
#NOTES:
     dance-solo:
     :
     Medium:
     5:
     0.418,0.425,0.128,0.000,0.000:
000000
000000
000000
000000
,
000000
000000
000000
000000
,
000000
000000
000000
000000
,
010000
000000
000010
000000
000100
000001
001000
000000
,
000010
000100
000001
000000
100000
000000
001000
000000
,
010000
000000
000001
000000
100000
000100
001000
000000
,
000010
100000
000001
000000
000100
000000
001000
000000
,
010000
000001
100000
000000
000100
000000
001000
000000
,
000001
000100
001000
000000
100000
000000
000001
000000
,
010000
000000
000010
000000
001000
000000
000100
100000
,
001000
000000
000000
000000
000100
000001
010000
000000
,
000010
000000
001000
000000
000100
100000
001000
000000
,
010000
000000
000001
000000
001000
000100
100000
000000
,
000001
000000
000100
000000
001000
010000
000001
000000
,
001000
000100
001000
100001
,
001000
010000
000001
000000
001000
000000
100001
000000
,
001000
000100
000001
000000
001000
000000
100001
000000
,
000010
001000
000100
000000
100000
001000
000100
000000
,
000001
001000
100000
001000
,
010000
000000
000100
000000
100001
000000
000100
001000
,
000010
000000
001000
000000
010000
000000
000001
001000
,
000100
000000
100000
000000
000010
000000
010000
000001
,
000010
000000
001000
000000
010000
000000
000001
001000
,
000100
100000
001000
000100
,
100001
000000
010000
000010
000100
000000
001000
000000
,
100001
000000
001000
000100
100000
000000
001000
000000
,
100001
000000
000100
000010
001000
000000
000100
000000
,
100001
000000
001000
000000
000100
000000
100000
001000
,
010000
000000
000001
000000
001000
000000
000100
100000
,
001000
000000
010000
000000
000001
000000
000100
000010
,
010000
000000
001000
000000
000100
000000
000001
001000
,
000100
000000
100000
001000
000100
000000
000001
010000
,
001000
000000
000100
000000
000001
000000
100000
000010
,
001000
000000
000100
000000
100000
000000
001000
000100
,
000001
000000
001000
000100
100000
000000
001000
000000
,
000010
000000
001000
000000
010000
000000
000001
001000
,
000100
000000
000000
000000
100000
000001
000100
000000
,
001000
000000
010000
000000
000001
001000
000100
000000
,
100000
000000
000010
000000
000100
001000
100000
000000
,
000001
000000
001000
000000
000010
100000
000001
000000
,
000100
001000
100000
100001
,
001000
000100
100000
000000
000010
000000
010001
000000
,
000100
001000
010000
000000
000001
000000
100010
000000
,
001000
000100
100000
000000
001000
000100
000001
000000
,
010000
000000
010000
000000
000010
000100
000001
000000
,
001000
000100
100000
000001
,
010000
000000
010000
000000
001000
000100
000001
000000
,
010000
000010
001000
000100
,
100000
100000
000001
000001
,
010000
001000
000100
000000
100001
000000
000000
000000
,
000100
000000
001000
000000
010000
000001
100000
000000
,
000010
001000
000100
000000
100000
000000
001000
000000
,
000100
000000
000001
000000
010000
001000
000100
000000
,
000001
001000
000100
000000
100000
000000
000010
000000
,
001000
000000
000100
100000
001000
000000
010000
000000
,
000001
000000
000100
000010
001000
000000
000100
000000
,
100000
000001
010000
001000
,
000100
000000
000000
000000
;

//---------------dance-solo - ----------------
#NOTES:
     dance-solo:
     :
     Hard:
     8:
     0.618,0.637,0.043,0.000,0.394:
000000
000000
000000
000000
,
000000
000000
000000
000000
,
000000
000000
000000
000000
,
010000
000000
000100
000000
100000
001000
000000
000000
000100
000000
000001
000000
001000
000000
000000
000000
,
000010
000000
100000
000000
001000
010000
000000
000000
000001
000000
001000
000000
000010
000000
000100
000000
,
000001
000000
010000
000000
001000
100000
000000
000000
000001
000000
001000
000000
000100
000000
000000
000000
,
100000
001000
100000
000000
000100
010000
000100
000000
100000
000010
100000
000000
001000
000001
001000
000000
,
000010
000000
100000
000000
001000
010000
000000
000000
000001
000000
000100
000000
000010
000000
000000
000000
,
010000
000000
000100
000000
100000
001000
000000
000000
000100
000000
000001
000000
010000
000000
000000
000000
,
000010
100000
000000
000100
001000
000000
010000
100000
000000
000010
010000
000000
000001
000000
000100
000000
,
001000
000000
000000
000000
000000
000000
000000
000000
000000
000000
010000
000000
000001
100000
000000
000000
,
000100
000000
001000
000000
000010
000000
100000
000000
000100
001000
000010
000000
100000
000000
000001
000000
,
000100
000000
001000
000000
010000
000000
000001
000000
000100
001000
010000
000000
000001
000000
100000
000000
,
000010
000000
001000
000000
000100
000000
100000
000000
001000
010000
000001
000000
000100
000000
000010
000000
,
010000
000100
100000
001000
000100
000001
000001
010000
,
000010
000000
000000
000000
000000
100000
100000
000100
,
001000
000000
100001
000000
000000
000000
010000
001000
,
000100
000000
000000
000000
000000
000001
000000
100000
,
000010
001000
000010
001000
000010
000000
000000
000000
100000
000100
100000
000100
100000
000000
000000
000000
,
000001
010000
000001
010000
000001
000000
000000
000000
100010
000000
000001
000000
010000
001000
000000
000000
,
000100
000001
010000
000010
000000
000000
000000
000000
,
100000
000100
100000
000100
100000
000000
000010
000000
000000
000000
000100
000000
000001
010000
000000
000000
,
000010
100000
000100
001000
000000
000000
000000
000000
,
000010
100000
000010
100000
000010
000000
010000
000000
000000
000000
000001
000000
000001
000000
000100
000000
,
001000
000000
000000
000000
100000
000100
100000
000100
100000
000000
000001
000000
000001
000000
000100
000000
,
001000
000000
000000
000000
010000
000001
010000
000001
010000
000000
000010
000000
000010
000000
100000
000000
,
000100
000000
000000
000000
001000
000001
001000
000001
001000
000000
000010
000000
000000
000000
100000
000000
,
001000
000000
000000
000100
000000
000000
000001
000000
000000
000000
000000
000000
000000
000000
000000
000000
,
010000
000010
010000
000010
010000
000000
000000
000000
000000
000000
000100
000000
100000
000000
001000
000000
,
010000
000001
010000
000001
010000
000000
000000
000000
000000
000000
000010
000000
000100
000000
000001
000000
,
001000
000010
001000
000100
100000
000000
000000
000000
000000
000000
000001
000000
000100
000000
001000
000000
,
010000
000001
100000
000100
001000
000010
100000
000001
,
010000
001000
001000
000000
000000
000100
000001
100000
,
000010
001000
001000
000000
000000
000100
100000
000001
,
010000
000010
000100
000001
001000
000010
100000
000001
,
000100
001000
000000
000000
000000
000000
010000
000001
000000
000000
000000
000000
100000
000100
000000
001000
,
000001
000000
000000
000000
000000
000000
000000
000000
000000
000000
010000
000000
000100
100000
000000
000000
,
000001
000000
000001
000000
000100
001000
010000
000001
000000
000000
000001
000000
001000
000000
000100
000000
,
100000
000000
100000
000000
000010
001000
000001
000100
000000
000000
001000
000000
100000
000000
000001
000000
,
001000
000000
001000
000000
000010
000100
000001
001000
000000
000000
000010
000000
100000
000000
001000
000000
,
000100
000000
000100
000000
000001
001000
000010
100000
000000
000000
000100
000000
001000
000000
000010
000000
,
000000
100000
100000
001000
000100
000000
000000
000000
,
000000
000001
000001
010000
000010
000000
000100
000000
,
000001
001000
000001
000000
000100
000010
000100
000000
000001
010000
000001
000000
001000
100000
001000
000000
,
000100
000001
001000
000100
100000
000001
000100
001000
,
010000
000001
000010
001000
010000
000001
001000
000100
,
100000
001000
000100
000001
010000
000010
000100
001000
,
100000
000100
001000
000001
100000
001000
000100
000000
,
000001
001000
000001
000000
000000
000000
000000
000000
100000
001000
100000
000000
000000
000000
000000
000000
,
000100
001000
000001
000100
001000
000000
000000
000000
,
100000
000000
100000
000000
000001
001000
000000
000000
000100
000000
100000
000000
001000
000000
000000
000000
,
010000
000000
000001
000000
000100
000010
000000
000000
001000
000000
000100
000000
100000
000000
010000
000000
,
001000
000000
000001
000000
000010
001000
000000
000000
000100
000000
000001
000000
100000
000000
000100
000000
,
010000
000010
010000
000000
000001
000100
000001
000000
100000
001000
100000
000000
000001
001000
000001
000000
,
100000
000000
000010
000000
001000
000100
000000
000000
100001
000000
000000
000000
001000
000000
000000
000000
,
000100
000000
100000
000000
000010
010000
000000
000000
000101
000000
000000
000000
001000
000000
000000
000000
,
000100
100000
000000
000010
010000
000000
000001
000100
000000
001000
000010
000000
000001
000000
010000
000000
,
000010
000000
000000
000000
;
