#TITLE:MAKE IT BETTER (So-REAL Mix);
#SUBTITLE:;
#ARTIST:mitsu-O!SUMMER;
#TITLETRANSLIT:;
#SUBTITLETRANSLIT:;
#ARTISTTRANSLIT:;
#CREDIT:;
#BANNER:MAKE IT BETTER (So-REAL Mix).png;
#BACKGROUND:MAKE IT BETTER (So-REAL Mix)-bg.png;
#LYRICSPATH:;
#CDTITLE:../CDTitles/DanceDanceRevolution 2ndMIX.png;
#MUSIC:MAKE IT BETTER (So-REAL Mix).ogg;
#OFFSET:0.000;
#SAMPLESTART:56.979;
#SAMPLELENGTH:15.000;
#SELECTABLE:YES;
#DISPLAYBPM:118.000;
#BPMS:0.000=29.412,4.000=118.014;
#STOPS:;
#BGCHANGES:0.000=MAKE IT BETTER (So-REAL Mix).avi=1.000=0=0=0;

//---------------dance-single - ----------------
#NOTES:
     dance-single:
     :
     Beginner:
     2:
     0.151,0.157,0.066,0.000,0.000:
0000
0000
0000
0000
,
0000
0000
0000
0000
,
0000
0000
0000
0000
,
0000
0000
0000
0000
,
0001
0001
0001
0000
,
0001
0000
0100
0100
,
0100
0100
0000
0000
,
0000
1000
1000
1000
,
0000
1000
0000
0100
,
0000
0010
0010
0010
,
0010
0010
0000
0000
,
0000
1000
1000
1000
,
1000
0000
0010
0000
,
0001
0000
0010
0010
,
0010
0010
0000
0100
,
0000
0100
0000
0000
,
0000
0001
0001
0001
,
0000
0010
0000
0001
,
0001
0001
0001
0000
,
0100
0000
0110
0000
,
0100
0100
0100
0100
,
0000
0010
0000
0001
,
0001
0001
0001
0000
,
0100
0000
0110
0000
,
0000
0001
0000
0001
,
0001
0000
0010
0010
,
0000
0100
0000
0100
,
0000
0001
0001
0001
,
0001
0000
0100
0000
,
0001
0000
0010
0010
,
0000
0100
0000
0100
,
0000
0010
0000
1000
,
0000
0100
0100
0100
,
0000
1001
0000
0100
,
0000
0001
0000
1000
,
0000
1001
0000
0010
,
0000
1000
0000
1000
,
0000
1001
0000
0100
,
0000
0001
0000
1000
,
0000
1001
0000
0010
,
0000
0100
0100
0100
,
0000
0000
0000
0000
;

//---------------dance-single - ----------------
#NOTES:
     dance-single:
     :
     Easy:
     7:
     0.296,0.336,0.319,0.000,0.000:
0000
0000
0000
0000
,
0000
0000
0000
0000
,
0000
0000
0000
0000
,
0000
0000
0000
0000
,
0001
1000
0100
0000
,
0001
1000
0100
0000
0100
1000
0100
0000
,
0100
0000
0100
0000
0000
1000
0100
0000
,
0000
1010
1001
1100
,
0001
1000
0100
0100
,
1000
0001
0010
0000
0010
0001
0010
0000
,
0010
0010
0000
0100
,
0000
0010
0100
0000
,
1000
0000
0001
0010
0010
0000
0000
0000
,
1000
0001
0010
0000
0010
0001
0010
0000
,
0010
0000
0010
0000
0000
0001
0100
0000
,
0000
0011
1001
0101
,
1000
0000
0001
0000
0010
0010
0010
0000
,
0000
1010
0110
0101
,
0001
0000
0001
0000
0001
0100
1000
0000
,
0100
0101
0110
1010
,
0100
0000
0100
0000
0100
0000
0100
1000
,
0010
1010
0110
0101
,
0001
0000
0001
0000
0001
0100
1000
0000
,
0100
0101
0110
1010
,
0000
0001
0000
0001
,
0001
1000
0100
0000
0010
1000
0010
0000
,
0100
0100
0000
0100
,
0000
0010
0100
0000
,
0001
0000
1000
0100
0100
0000
0000
0000
,
0001
1000
0100
0000
0010
1000
0010
0000
,
0100
0000
0100
0000
0000
1000
0100
0000
,
0000
1010
1001
1100
,
0001
0000
1000
0000
0100
0100
0100
0000
,
0010
0000
1001
0000
0010
1000
0100
0000
,
0001
0000
0001
0001
0100
1000
1000
0000
,
0100
0000
1001
0000
0100
0001
0010
0000
,
1100
1100
1001
1100
,
0010
0000
1001
0000
0010
1000
0100
0000
,
0001
0000
0001
0001
0100
1000
1000
0000
,
0100
0000
1001
0000
0100
0001
0010
0000
,
0100
0000
0100
0000
0100
0100
0100
0000
,
0000
0000
0000
0000
;

//---------------dance-single - ----------------
#NOTES:
     dance-single:
     :
     Medium:
     8:
     0.324,0.292,0.165,0.000,0.000:
0000
0000
0000
0000
,
0000
0000
0000
0000
,
0000
0000
0000
0000
,
0000
0000
0000
0000
,
0010
0000
0001
1000
0010
0000
0000
0000
,
1010
0000
0010
0100
0001
1000
0100
0000
,
0001
1000
0100
0000
0000
1000
0100
0000
,
1001
1010
1100
1000
,
0010
0000
0100
0000
0001
1000
0100
0000
,
0101
0000
0100
0010
1000
0001
0010
0000
,
1000
0001
0010
0000
0000
0000
0100
0000
,
0000
0000
0010
0010
0100
0100
0100
0000
,
0100
0010
1000
0001
0010
0000
0000
0000
,
0101
0000
0100
0010
1000
0001
0010
0000
,
1000
0001
0010
0000
0000
0001
0100
0000
,
1001
0101
0011
0001
,
0100
0000
0010
0000
1000
0001
0010
0000
,
0000
0000
1000
0010
0100
0010
0100
0001
,
0000
0000
1001
0000
0100
0100
1001
0000
,
0100
0000
0001
0100
0010
0100
0010
1000
,
0000
0000
1001
0000
0010
0010
1001
0000
,
0010
0000
1000
0010
0100
0010
0100
0001
,
0000
0000
1001
0000
0100
0100
1001
0000
,
0100
0000
0001
0100
0010
0100
0010
1000
,
0000
0000
0001
0001
0000
0000
0001
0001
,
0000
1000
0000
0001
0000
1000
0001
0100
,
0000
0100
0000
0100
0000
0000
0000
0010
,
0100
0010
0100
0010
,
0000
1000
0000
0001
0000
1000
0100
0100
,
0000
0001
0000
1000
0000
0001
1000
0100
,
0000
0100
0000
0100
0000
1000
0100
0000
,
1000
0001
1000
0010
1000
0100
1000
0000
,
0000
0001
0000
1000
0000
0001
0100
0000
,
0000
0000
1000
0010
0100
0001
0001
0100
,
0000
0001
0000
0100
0000
1000
1000
0100
,
0100
0000
0001
0100
0010
1000
1000
0010
,
0000
1000
0000
0001
0000
1000
0001
0100
,
0100
0000
1000
0010
0100
0001
0001
0100
,
0000
0001
0000
0100
0000
1000
1000
0100
,
0100
0000
0001
0100
0010
1000
1000
0010
,
0100
0000
0100
0000
1000
0100
1000
0000
,
0000
0000
0000
0000
;

//---------------dance-single - ----------------
#NOTES:
     dance-single:
     :
     Hard:
     10:
     0.406,0.404,0.550,0.000,0.000:
0000
0000
0000
0000
,
0000
0000
0000
0000
,
0000
0000
0000
0000
,
0000
0000
0000
0000
,
0010
0001
1000
0010
0001
0000
0000
0000
,
0100
0101
1100
0000
0000
0010
0000
0100
,
0000
0001
0100
1001
0000
1000
0100
0000
,
1000
1100
1010
1001
,
0100
0001
0100
1000
1000
0100
0100
0000
,
0010
1010
0011
0000
0000
0100
0000
0010
,
0000
1000
0010
1000
0000
0000
0100
0000
,
0010
0010
0010
0010
0100
0100
0100
0000
,
0100
1000
0001
1000
0100
0000
0000
0000
,
0010
0011
1010
0000
0000
0100
0000
0010
,
0000
0001
0010
1001
0000
0001
0100
0000
,
0001
0011
0101
1001
,
0100
0001
0100
1000
0001
0001
0100
0000
,
1000
0010
1000
0001
1000
0100
1000
0000
,
0000
0001
0000
0100
0000
1000
0000
0010
,
0001
0100
0001
1000
0001
0010
0001
0000
,
0000
0010
0000
1001
0000
0100
0000
1001
,
1000
0010
1000
0001
1000
0100
1000
0000
,
0000
0001
0000
0100
0000
1000
0000
0010
,
0001
0100
0001
1000
0001
0010
0001
0000
,
0000
0001
0000
0001
0000
0001
0000
0001
,
0010
0010
1001
1000
1010
1000
1100
0101
,
0001
1000
0100
0000
0000
0000
0100
0000
,
0010
0001
0001
0010
0100
1000
1000
0000
,
0100
0001
0001
1000
0100
0000
0000
0000
,
0010
0010
1001
1000
1010
1000
1100
0101
,
0001
1000
0100
0000
0000
1000
0100
0000
,
1000
1100
1010
1001
,
0100
0100
0001
0001
1000
1000
0100
0000
,
1001
0001
0101
0100
0110
0010
1010
0000
,
0000
0001
0000
1000
0000
0001
1000
0100
,
1001
0000
1010
0010
0110
0100
0101
0000
,
0000
1000
0000
0001
0000
1000
0001
0100
,
1001
0000
0101
0100
0110
0010
1010
0000
,
0000
0010
0000
0100
0000
0001
1000
0100
,
1001
1000
1010
0010
0110
0100
0101
0000
,
1010
1100
1010
1100
0011
0101
1001
0000
;

//---------------dance-single - ----------------
#NOTES:
     dance-single:
     :
     Challenge:
     12:
     0.388,0.449,0.000,0.110,0.380:
0000
0000
0000
0000
,
0000
0000
0000
0000
,
0000
0000
0000
0000
,
0000
0000
0000
0000
,
0001
1000
0000
0010
0000
0100
0000
0001
0000
0000
0000
0000
0000
0000
0000
0000
,
MMMM
0001
0000
1000
0000
0100
0000
0010
,
MMMM
1000
0000
0001
0000
0100
0000
0010
,
MMMM
0001
0000
1000
0000
0001
0000
0100
,
0010
0100
0000
0001
0000
1000
0000
0100
0010
0000
0001
0000
1000
0000
0001
0000
,
MMMM
0010
1000
0100
0000
0010
0001
1000
,
MMMM
0010
0001
1000
0000
0001
1000
0100
,
MMMM
0001
0100
1000
0000
0100
0010
0100
,
MMMM
1000
0100
0010
0000
0001
0100
0010
,
MMMM
0001
0010
1000
0000
0010
0100
0010
,
MMMM
1000
0100
0001
0000
0100
0001
0100
,
MMMM
0001
1000
0010
0000
0100
0001
1000
,
0001
0010
0000
0100
0000
0010
0000
0001
0000
1000
0100
1000
0100
1000
0000
0000
,
0000
0000
0200
0000
0000
0000
0000
0000
0310
0001
0010
0001
0010
0001
0000
0000
,
0000
0010
MMMM
0100
MMMM
0010
0001
1000
,
0000
0000
0000
0000
0020
0000
0000
0000
1030
0100
1000
0100
1000
0100
0000
0000
,
0010
0100
0000
0010
0000
0001
0000
0010
0000
0100
0000
1000
0001
0010
0001
0020
,
0000
0000
0000
0000
0230
0000
0000
0000
1300
0001
1000
0001
1000
0001
0000
0000
,
0000
1000
MMMM
0100
MMMM
1000
0001
0100
,
0000
0000
0000
0000
0020
0000
0000
0000
0130
0001
0100
0001
0100
0001
0000
0000
,
MMMM
MMMM
MMMM
MMMM
,
MMMM
0100
0001
0010
0000
0100
1000
0001
,
MMMM
0100
1000
0001
0000
1000
0001
0010
,
MMMM
1000
0010
0001
0000
0010
0100
0010
,
MMMM
0001
0010
0100
0000
1000
0010
0100
,
MMMM
1000
0100
0001
0000
0100
0010
0100
,
MMMM
0001
0010
1000
0000
0010
1000
0010
,
MMMM
1000
0001
0100
0000
0010
1000
0001
,
1000
0100
0000
0010
0000
0100
0000
1000
0000
0001
0010
0001
0010
0001
0000
0000
,
0000
0000
0020
0000
0000
0000
0000
0000
0130
1000
0100
1000
0100
1000
0000
0000
,
0000
0100
MMMM
0010
MMMM
0100
1000
0001
,
0000
0000
0000
0000
0200
0000
0000
0000
0301
0010
0001
0010
0001
0010
0000
0000
,
0100
0010
0000
0100
0000
1000
0000
0100
0000
0010
0000
0001
1000
0100
1000
0200
,
0000
0000
0000
0000
0320
0000
0000
0000
0031
1000
0001
1000
0001
1000
0000
0000
,
0000
0001
MMMM
0010
MMMM
0001
1000
0010
,
0000
0000
0000
0000
0200
0000
0000
0000
0310
1000
0010
1000
0010
1000
0000
0000
,
0001
1000
0000
0100
0000
0010
0000
0001
0000
1000
0000
0010
0100
0010
0000
0000
;

//---------------dance-double - ----------------
#NOTES:
     dance-double:
     :
     Easy:
     7:
     0.296,0.314,0.584,0.000,0.000:
00000000
00000000
00000000
00000000
,
00000000
00000000
00000000
00000000
,
00000000
00000000
00000000
00000000
,
00000000
00000000
00000000
00000000
,
00010000
00010000
00010000
00000000
,
00110000
00100000
00100000
00100000
,
01100000
00000000
01000000
00000000
00000000
10000000
01000000
00000000
,
00000000
10010000
00011000
00001001
,
00000100
00000100
00000100
00000100
,
00001100
00000100
00000100
00000100
,
00000110
00000010
00000000
00000100
,
00000000
00000010
00000100
00000000
,
00000100
00000000
00001000
00001000
00001000
00000000
00000000
00000000
,
00001100
00000100
00000100
00000100
,
00000110
00000000
00000010
00000000
00000000
00000001
00000100
00000000
,
00000000
00001001
00011000
10010000
,
00100000
00000000
00100000
00000000
00010000
00010000
00010000
00000000
,
10100000
00110000
00101000
00110000
,
00000000
01000000
00000000
01000000
,
10100000
00110000
00101000
00110000
,
00001000
00000100
00000001
00000100
,
00000011
00001010
00010010
00001010
,
00000000
00000100
00000000
00000100
,
00000011
00001010
00010010
00001010
,
00000000
00000001
00000000
00000001
,
00001100
00000100
00000110
00000010
,
00000011
00000010
00000000
00000100
,
00000000
00000010
00000100
00000000
,
00000100
00000000
00001000
00001000
00001000
00000000
00000000
00000000
,
00001100
00000100
00000110
00000010
,
00000011
00000000
00000010
00000000
00000000
00000001
00000100
00000000
,
00000000
00001001
00011000
10010000
,
00100000
00000000
00100000
00000000
00010000
00010000
00010000
00000000
,
00110000
01010000
01001000
01010000
,
00100000
00010000
00001000
00000100
,
00001010
00001100
00010100
00001100
,
00000010
00000100
00000001
00000100
,
00001010
00001100
00010100
00001100
,
00000010
00001000
00010000
01000000
,
00110000
01010000
01001000
01010000
,
00010000
00000000
00010000
00000000
00010000
00010000
00010000
00000000
,
00000000
00000000
00000000
00000000
;

//---------------dance-double - ----------------
#NOTES:
     dance-double:
     :
     Medium:
     9:
     0.335,0.381,0.308,0.000,0.000:
00000000
00000000
00000000
00000000
,
00000000
00000000
00000000
00000000
,
00000000
00000000
00000000
00000000
,
00000000
00000000
00000000
00000000
,
00010000
00000000
00010000
00010000
00010000
00000000
00000000
00000000
,
01000000
00010000
01000000
01000000
10000000
01000000
01000000
00100000
,
01000000
00100000
00100000
00000000
00000000
10000000
01000000
00000000
,
00000000
10010000
00011000
00001001
,
00000100
00000000
00000100
00000000
00001000
00001000
00000100
00000000
,
00000010
00001000
00000010
00000010
00000001
00000010
00000010
00000100
,
00000010
00000100
00000100
00000000
00000000
00000000
00000100
00000000
,
00000000
00000010
00000100
00000000
,
00000100
00001000
00000001
00000001
00000001
00000000
00000000
00000000
,
00000100
00001000
00000100
00000100
00000001
00000100
00000100
00000010
,
00000100
00000010
00000010
00000000
00000000
00000001
00000100
00000000
,
00000000
00001001
00011000
10010000
,
00100000
00000000
00100000
00000000
00010000
00010000
01000000
00000000
,
10000000
00100000
00010000
00100000
00010000
00001000
00010000
00100000
,
00000000
01000000
00000000
01000000
,
10000000
00100000
00010000
00100000
00010000
00001000
00010000
00001000
,
00000100
00000001
00000100
00001000
,
00000001
00000010
00001000
00000010
00001000
00010000
00001000
00000010
,
00000000
00000100
00000000
00000100
,
00000001
00000010
00001000
00000010
00001000
00010000
00001000
00000010
,
00000000
00000001
00000000
00000001
,
00000000
00001000
00000000
00000001
00000000
00001000
00010000
10000000
,
00000000
01010000
00000000
10010000
00000000
00000000
00000000
00100000
,
01000000
00100000
01000000
00000000
,
00000000
00100000
00000000
00010000
00000000
00001000
00000100
00000000
,
00000000
00000010
00000000
00000100
00000000
00001000
00010000
01000000
,
00000000
00001000
00000000
00000010
00000000
00000100
00000001
00000000
,
00000110
00001001
00011000
10010000
,
00000000
00010000
00000000
10000000
00000000
00100000
01000000
00000000
,
00110000
00010000
10010000
00000000
01001000
00000000
00010100
00000000
,
00001000
00001000
00000001
00001000
00000010
00000010
00000100
00000000
,
00001010
00001000
00001100
00000000
00010100
00000000
01001000
00000000
,
00100000
00100000
00100000
00100000
01000000
01000000
01000000
00000000
,
00110000
00010000
10010000
00000000
01001000
00000000
00010100
00000000
,
00001000
00001000
00000001
00001000
00000010
00000010
00000100
00000000
,
00001010
00001000
00001100
00000000
00010100
00000000
01001000
00000000
,
00010000
00000000
00010000
00000000
00010000
00010000
00010000
00000000
,
00000000
00000000
00000000
00000000
;

//---------------dance-double - ----------------
#NOTES:
     dance-double:
     :
     Hard:
     11:
     0.414,0.404,0.286,0.000,0.380:
00000000
00000000
00000000
00000000
,
00000000
00000000
00000000
00000000
,
00000000
00000000
00000000
00000000
,
00000000
00000000
00000000
00000000
,
10000000
00000000
01000000
00000000
00100000
00010000
00000000
01000000
00010000
00000000
00000000
00000000
00000000
00000000
00000000
00000000
,
00001000
00000000
00010000
00000000
00000100
00001000
00000000
00000000
00000001
00000000
00000100
00000000
00000010
00001000
00000000
00000000
,
00000100
00010000
00001000
00100000
00010000
00000000
11000000
00000000
,
00000000
00100000
00010000
01000000
00001000
00010000
00000100
00000000
,
00000010
00000001
00000000
00001000
00000000
00000100
00000000
00010000
00001000
00000000
00100000
00000000
00010000
00000000
10000000
00000000
,
01000000
00000000
00100000
00000000
00010000
00100000
00000000
00000000
00001000
00000000
00010000
00000000
00000100
00001000
00000000
00000000
,
00000001
00000100
00000010
00001000
,
00000100
00000000
00010000
00000000
00001000
00010000
00000000
00000000
00000010
00000000
00001000
00000000
00000100
00010000
00000000
00000000
,
00001000
00000000
00100000
00000000
00010000
00100000
00000000
01000000
10000000
00000000
00000000
00000000
00000000
00000000
00000000
00000000
,
00100000
00000000
00010000
00000000
01000000
00001000
00000000
00000000
00010000
00000000
00000100
00000000
00000010
00000001
00000000
00000000
,
00000100
00000010
00001000
00000100
,
00010000
00000000
00001000
00000000
00100000
00010000
00000000
00000000
10000000
00000000
01000000
00000000
00100000
00010000
00000000
00000000
,
10000000
00010000
00000000
01000000
00000000
00001000
00000000
00000000
00000000
00000000
00010000
00000000
00000100
00000000
00000010
00000000
,
00000000
00000000
00001001
00000000
00000000
00000000
00000000
00000000
00000010
00010000
00000010
00010000
00000010
00010000
00000000
00000000
,
00000000
01001000
00000000
00110000
00000000
00011000
00000000
00001010
,
00000000
00000000
00000000
00000000
00000101
00000000
00000000
00000000
00001000
00000100
00001000
00000100
00001000
00000100
00000000
00000000
,
00010000
00000000
00000000
00001000
00000000
00100000
00000000
00010000
00000000
10000000
00000000
01000000
00000000
00000000
00000000
00000000
,
00000000
00000000
00000000
00000000
01010000
00000000
00000000
00000000
10000000
00100000
10000000
00100000
10000000
00100000
00000000
00000000
,
00000000
01010000
00000000
00011000
00000000
00001010
00000000
00000101
,
00000000
00000000
00000000
00000000
00001100
00000000
00000000
00000000
00010000
00001000
00010000
00001000
00010000
00001000
00000000
00000000
,
00100000
00010000
10000000
01000000
00100000
00010000
01000000
00001000
,
00010000
00000100
00000100
00000000
00000010
00000001
00000001
00000000
,
00001000
00000100
00010000
01000000
10000000
00100000
01000000
00000000
,
00001000
00100000
00000000
01010000
00000000
00000000
00000000
00000000
00001000
00000000
00000000
00000000
00001000
00000000
00000000
00000000
,
00010000
00000000
00000100
00000000
00001000
00000001
00000000
00000100
00000010
00000000
00000000
00000000
00000000
00000000
00000000
00000000
,
00001000
00000100
00000100
00000000
00010000
00001000
00001000
00000000
,
00100000
01000000
10000000
00010000
01000000
00001000
00010000
00000000
,
00000000
00000001
00000000
00000100
00000000
00000010
00000000
00001000
,
00000100
00010000
00000000
00001000
00000000
00100000
00000000
00000000
00000000
00000000
01000000
00000000
10000000
00000000
00010000
00000000
,
00000000
00000000
00011000
00000000
00000000
00000000
00000000
00000000
00000100
00000010
00000100
00000010
00000100
00000010
00000000
00000000
,
00000000
00001001
00000000
00010100
00000000
00101000
00000000
10010000
,
00000000
00000000
00000000
00000000
01100000
00000000
00000000
00000000
00010000
01000000
00010000
01000000
00010000
01000000
00000000
00000000
,
00001000
00000000
00000000
00010000
00000000
00000100
00000000
00000010
00000000
00000001
00000000
00000100
00000000
00000000
00000000
00000000
,
00000000
00000000
00000000
00000000
00001100
00000000
00000000
00000000
00010000
00001000
00010000
00001000
00010000
00001000
00000000
00000000
,
00000000
00110000
00000000
11000000
00000000
01010000
00000000
00011000
,
00000000
00000000
00000000
00000000
00001001
00000000
00000000
00000000
00000010
00000100
00000010
00000100
00000010
00000100
00000000
00000000
,
00010000
00001000
00000000
00100000
00000000
00010000
00000000
10000000
00000000
01000000
00000000
00100000
00010000
00100000
00000000
00000000
,
00000000
00000000
00000000
00000000
;

//---------------dance-double - ----------------
#NOTES:
     dance-double:
     :
     Challenge:
     12:
     0.373,0.359,0.253,0.242,0.187:
00000000
00000000
00000000
00000000
,
00000000
00000000
00000000
00000000
,
00000000
00000000
00000000
00000000
,
00000000
00000000
00000000
00000000
,
00001000
00010000
00000000
00000010
00000000
00010000
00000000
00001000
00000000
00000000
00000000
00000000
MMMMMMMM
00000000
00000000
00000000
,
00010000
00001000
00000000
00010000
00000000
00000010
00000000
00000100
,
00001000
00010000
00000000
00001000
00000000
00010000
00000000
00100000
,
10000000
01000000
00000000
00010000
00000000
00001000
00000000
00000010
,
00001001
MMMMMMMM
00000110
00000000
00001100
MMMMMMMM
00011000
00000000
,
00002000
00100000
00000000
00100000
00000000
00010000
00003000
00010000
,
00000200
00000010
00000000
00000010
00000000
00010000
00000300
00010000
,
00002000
01000000
00000000
01000000
00000000
00100000
00003000
00100000
,
00020000
00001000
00000000
00001000
00000000
00100000
00030000
00100000
,
00002000
01000000
00000000
01000000
00000000
00010000
00003000
00010000
,
00000020
00000100
00000000
00000100
00000000
00010000
00000030
00010000
,
00002000
01000000
00000000
01000000
00000000
00100000
00003000
00100000
,
00110000
MMMMMMMM
01100000
00000000
01010000
MMMMMMMM
00011000
00000000
,
00000000
00000000
00002000
00000000
00000000
00000000
00000000
00000000
00003010
00000001
00000010
00000001
00000010
00000001
00000000
00000000
,
MMMMMMMM
00000010
MMMMMMMM
00100000
MMMMMMMM
00000010
00010000
00001000
,
00000000
00000000
00000000
00000000
20000000
00000000
00000000
00000000
30100000
01000000
00100000
01000000
00100000
01000000
00000000
00000000
,
01010000
MMMMMMMM
00011000
00000000
00001100
MMMMMMMM
00011000
00000000
,
00000000
00000000
00000000
00000000
02000000
00000000
00000000
00000000
03010000
00100000
00010000
00100000
00010000
00100000
00000000
00000000
,
MMMMMMMM
00000000
00100000
00000000
MMMMMMMM
00000000
00000010
00000000
MMMMMMMM
00000000
00100000
00001000
00000000
00010000
00000000
00000000
,
00000000
00000000
00000000
00000000
00000020
00000000
00000000
00000000
00000130
00000001
00000100
00000001
00000100
00000001
00000000
00000000
,
MMMMMMMM
MMMMMMMM
MMMMMMMM
MMMMMMMM
,
00020000
00000010
00000000
00000010
00000000
00001000
00030000
00001000
,
02000000
00100000
00000000
00100000
00000000
00001000
03000000
00001000
,
00020000
00000100
00000000
00000100
00000000
00000010
00030000
00000010
,
00002000
00010000
00000000
00010000
00000000
00000010
00003000
00000010
,
00020000
00000100
00000000
00000100
00000000
00001000
00030000
00001000
,
00200000
01000000
00000000
01000000
00000000
00001000
00300000
00001000
,
00020000
00000100
00000000
00000100
00000000
00000010
00030000
00000010
,
00001010
MMMMMMMM
00000110
00000000
00001100
MMMMMMMM
00011000
00000000
,
00000000
00000000
00020000
00000000
00000000
00000000
00000000
00000000
00130000
10000000
00100000
10000000
00100000
10000000
00000000
00000000
,
MMMMMMMM
00100000
MMMMMMMM
00000010
MMMMMMMM
00100000
00001000
00010000
,
00000000
00000000
00000000
00000000
00000002
00000000
00000000
00000000
00000013
00000100
00000010
00000100
00000010
00000100
00000000
00000000
,
00001100
MMMMMMMM
00011000
00000000
01010000
MMMMMMMM
00011000
00000000
,
00000000
00000000
00000000
00000000
00000200
00000000
00000000
00000000
00001300
00000010
00001000
00000010
00001000
00000010
00000000
00000000
,
MMMMMMMM
00000000
00000010
00000000
MMMMMMMM
00000000
00100000
00000000
MMMMMMMM
00000000
00000010
00010000
00000000
00001000
00000000
00000000
,
00000000
00000000
00000000
00000000
00200000
00000000
00000000
00000000
01300000
10000000
01000000
10000000
01000000
10000000
00000000
00000000
,
01100000
00000000
MMMMMMMM
00000000
00110000
00000000
MMMMMMMM
00000000
00011000
00000000
00000000
00001000
00010000
00001000
00000000
00000000
,
00000000
00000000
00000000
00000000
;

//---------------dance-couple - ----------------
#NOTES:
     dance-couple:
     :
     Easy:
     5:
     0.532,0.673,1.000,0.000,0.000:
00000000
00000000
00000000
00000000
,
00000000
00000000
00000000
00000000
,
00000000
00000000
00000000
00000000
,
00000000
00000000
00000000
00000000
,
10000001
00011000
01000100
00000000
,
10000000
00010000
01000000
00000000
00000100
00001000
00000100
00000000
,
01000100
00000000
01000100
00000000
00000000
00011000
01000100
00000000
,
00000000
00111010
10011001
01011100
,
10000001
00011000
01000100
01000100
,
10000000
00010000
00100000
00000000
00000010
00001000
00000010
00000000
,
00100010
00100010
00000000
01000100
,
00000000
00100000
01000000
00000000
,
10000001
00000000
00011000
00100010
00100010
00000000
00000000
00000000
,
00001000
00000001
00000010
00000000
00100000
10000000
00100000
00000000
,
00100010
00000000
00100010
00000000
00000000
00000001
00000100
00000000
,
00000000
10100011
10011001
11000101
,
00011000
00000000
10000001
00000000
00100010
00100010
00100010
00000000
,
00000000
10100011
01100110
01011100
,
00011000
00000000
00011000
00000000
00011000
01000100
10000001
00000000
,
01000100
01011100
01100110
10100011
,
01000100
00000000
01000100
00000000
01000100
00000000
01000100
10000001
,
00100010
10100011
01100110
01011100
,
00011000
00000000
00011000
00000000
00011000
01000100
10000001
00000000
,
01000100
01011100
01100110
10100011
,
00000000
00011000
00000000
00011000
,
00000001
00001000
00000100
00000000
00100000
10000000
00100000
00000000
,
01000100
01000100
00000000
01000100
,
00000000
00000010
00000100
00000000
,
00010001
00000000
10001000
01000100
01000100
00000000
00000000
00000000
,
00010000
10000000
01000000
00000000
00000010
00001000
00000010
00000000
,
01000100
00000000
01000100
00000000
00000000
10000000
01000000
00000000
,
00000000
10101010
10011001
11001100
,
00010001
00000000
10001000
00000000
01000100
01000100
01000100
00000000
,
00100010
00000000
10011001
00000000
00100010
00011000
01000100
00000000
,
10000001
00000000
10000001
10000001
01000100
00011000
00011000
00000000
,
01000100
00000000
10011001
00000000
01000100
10000001
00100010
00000000
,
01011100
01011100
10011001
01011100
,
00100010
00000000
10011001
00000000
00100010
00011000
01000100
00000000
,
10000001
00000000
10000001
10000001
01000100
00011000
00011000
00000000
,
01000100
00000000
10011001
00000000
01000100
10000001
00100010
00000000
,
01000100
00000000
01000100
00000000
01000100
01000100
01000100
00000000
,
00000000
00000000
00000000
00000000
;

//---------------dance-couple - ----------------
#NOTES:
     dance-couple:
     :
     Medium:
     6:
     0.595,0.583,1.000,0.000,0.000:
00000000
00000000
00000000
00000000
,
00000000
00000000
00000000
00000000
,
00000000
00000000
00000000
00000000
,
00000000
00000000
00000000
00000000
,
00100010
00000000
00011000
10000001
00100010
00000000
00000000
00000000
,
10100011
00000000
00100010
01000100
00011000
10000001
01000100
00000000
,
00011000
10000001
01000100
00000000
00000000
10000001
01000100
00000000
,
10011001
10100011
11000101
10000001
,
00100010
00000000
01000100
00000000
00011000
10000001
01000100
00000000
,
01010000
00000000
00000100
00000010
00001000
00000001
00000010
00000000
,
10000000
00010000
00100000
00000000
00000000
00000000
01000100
00000000
,
00000000
00000000
00100010
00100010
01000100
01000100
01000100
00000000
,
01000100
00100010
10001000
00010001
00100010
00000000
00000000
00000000
,
00000101
00000000
01000000
00100000
10000000
00010000
00100000
00000000
,
00001000
00000001
00000010
00000000
00000000
00010001
01000100
00000000
,
10011001
01010101
00110011
00010001
,
01000100
00000000
00100010
00000000
10001000
00010001
00100010
00000000
,
00000000
00000000
10000001
00100010
01000100
00100010
01000100
00011000
,
00000000
00000000
10011001
00000000
01000100
01000100
10011001
00000000
,
01000100
00000000
00011000
01000100
00100010
01000100
00100010
10000001
,
00000000
00000000
10011001
00000000
00100010
00100010
10011001
00000000
,
00100010
00000000
00011000
00100010
01000100
00100010
01000100
10000001
,
00000000
00000000
10011001
00000000
01000100
01000100
10011001
00000000
,
01000100
00000000
10000001
01000100
00100010
01000100
00100010
00011000
,
00000000
00000000
10000001
10000001
00000000
00000000
10000001
10000001
,
00000000
10000000
00000000
00010000
00000000
00001000
00000001
00000100
,
00000000
01000000
00000000
01000000
00000000
00000000
00000000
00100010
,
01000100
00100010
01000100
00100010
,
00000000
10001000
00000000
00010001
00000000
10001000
01000100
01000100
,
00000000
00000001
00000000
00001000
00000000
00010000
10000000
01000000
,
00000000
00000100
00000000
00000100
00000000
10001000
01000100
00000000
,
10001000
00010001
10001000
00100010
10001000
01000100
10001000
00000000
,
00000000
00010001
00000000
10001000
00000000
00010001
01000100
00000000
,
00000000
00000000
10000001
00100010
01000100
00011000
00011000
01000100
,
00000000
00011000
00000000
01000100
00000000
10000001
10000001
01000100
,
01000100
00000000
00011000
01000100
00100010
10000001
10000001
00100010
,
00000000
10000001
00000000
00011000
00000000
10000001
00011000
01000100
,
01000100
00000000
10000001
00100010
01000100
00011000
00011000
01000100
,
00000000
00011000
00000000
01000100
00000000
10000001
10000001
01000100
,
01000100
00000000
00011000
01000100
00100010
10000001
10000001
00100010
,
01000100
00000000
01000100
00000000
10000001
01000100
10000001
00000000
,
00000000
00000000
00000000
00000000
;

//---------------dance-couple - ----------------
#NOTES:
     dance-couple:
     :
     Hard:
     8:
     0.755,0.808,1.000,0.000,0.000:
00000000
00000000
00000000
00000000
,
00000000
00000000
00000000
00000000
,
00000000
00000000
00000000
00000000
,
00000000
00000000
00000000
00000000
,
00100010
00011000
10000001
00100010
00011000
00000000
00000000
00000000
,
01000100
01011100
11000101
00000000
00000000
00100010
00000000
01000100
,
00000000
00011000
01000100
10011001
00000000
10000001
01000100
00000000
,
10000001
11000101
10100011
10011001
,
01000100
00011000
01000100
10000001
10000001
01000100
01000100
00000000
,
00100000
10100000
00110000
00000000
00000000
00000100
00000000
00000010
,
00000000
10000000
00100000
10010000
00000000
00000000
01000100
00000000
,
00100010
00100010
00100010
00100010
01000100
01000100
01000100
00000000
,
01000100
10001000
00010001
10001000
01000100
00000000
00000000
00000000
,
00000010
00000011
00001010
00000000
00000000
01000000
00000000
00100000
,
00000000
00000001
00000010
00001001
00000000
00010001
01000100
00000000
,
00010001
00110011
01010101
10011001
,
01000100
00010001
01000100
10001000
00010001
00010001
01000100
00000000
,
10000001
00100010
10000001
00011000
10000001
01000100
10000001
00000000
,
00000000
00011000
00000000
01000100
00000000
10000001
00000000
00100010
,
00011000
01000100
00011000
10000001
00011000
00100010
00011000
00000000
,
00000000
00100010
00000000
10011001
00000000
01000100
00000000
10011001
,
10000001
00100010
10000001
00011000
10000001
01000100
10000001
00000000
,
00000000
00011000
00000000
01000100
00000000
10000001
00000000
00100010
,
00011000
01000100
00011000
10000001
00011000
00100010
00011000
00000000
,
00000000
00011000
00000000
00011000
00000000
00011000
00000000
00011000
,
00100000
00100010
10010000
10001000
10100000
10001000
11000000
01010101
,
00010000
10001000
01000100
00000000
00000000
00000000
01000100
00000000
,
00100010
00010001
00010001
00100010
01000100
10001000
10001000
00000000
,
01000100
00010001
00010001
10001000
01000100
00000000
00000000
00000000
,
00000010
00100010
00001001
10001000
00001010
10001000
00001100
01010101
,
00000001
10001000
01000100
00000000
00000000
10001000
01000100
00000000
,
10001000
11001100
10101010
10011001
,
01000100
01000100
00010001
00010001
10001000
10001000
01000100
00000000
,
10011001
10000001
11000101
01000100
01100110
00100010
00111010
00000000
,
00000000
10000001
00000000
00011000
00000000
10000001
00011000
01000100
,
10011001
00000000
00111010
00100010
01100110
01000100
11000101
00000000
,
00000000
00011000
00000000
10000001
00000000
00011000
10000001
01000100
,
10011001
00000000
11000101
01000100
01100110
00100010
00111010
00000000
,
00000000
00100010
00000000
01000100
00000000
10000001
00011000
01000100
,
10011001
00011000
00111010
00100010
01100110
01000100
11000101
00000000
,
00111010
01011100
00111010
01011100
10100011
11000101
10011001
00000000
,
00000000
00000000
00000000
00000000
;

//---------------dance-solo - ----------------
#NOTES:
     dance-solo:
     :
     Easy:
     5:
     0.296,0.336,0.319,0.000,0.000:
000000
000000
000000
000000
,
000000
000000
000000
000000
,
000000
000000
000000
000000
,
000000
000000
000000
000000
,
000001
010000
001000
000000
,
000001
100000
001000
000000
001000
010000
001000
000000
,
001000
000000
001000
000000
000000
100000
001000
000000
,
000000
100010
100001
101000
,
000001
010000
001000
001000
,
100000
000001
000100
000000
010000
000001
010000
000000
,
000010
000010
000000
001000
,
000000
000100
001000
000000
,
010000
000000
000010
000100
000100
000000
000000
000000
,
100000
000001
000100
000000
010000
000001
010000
000000
,
000100
000000
000100
000000
000000
000001
001000
000000
,
000000
010001
100001
001001
,
100000
000000
000010
000000
010000
010000
010000
000000
,
000000
100100
001010
000101
,
000010
000000
000010
000000
000010
001000
100000
000000
,
001000
001010
001100
100100
,
001000
000000
001000
000000
001000
000000
001000
100000
,
000100
100010
001100
001001
,
000001
000000
000001
000000
000001
001000
010000
000000
,
001000
001001
001100
100010
,
000000
000001
000000
000010
,
000001
100000
001000
000000
000010
100000
000010
000000
,
001000
001000
000000
001000
,
000000
000010
001000
000000
,
000001
000000
010000
001000
001000
000000
000000
000000
,
000001
100000
001000
000000
000010
100000
000010
000000
,
001000
000000
001000
000000
000000
100000
001000
000000
,
000000
010100
100001
101000
,
000001
000000
010000
000000
001000
001000
001000
000000
,
000100
000000
100001
000000
000100
100000
001000
000000
,
000010
000000
000001
000001
001000
010000
010000
000000
,
001000
000000
100001
000000
001000
000001
000100
000000
,
101000
101000
010001
000110
,
001000
000000
100001
000000
000100
100000
001000
000000
,
000010
000000
000001
000001
001000
010000
010000
000000
,
001000
000000
100001
000000
001000
000001
000100
000000
,
001000
000000
001000
000000
001000
001000
001000
000000
;

//---------------dance-solo - ----------------
#NOTES:
     dance-solo:
     :
     Medium:
     6:
     0.324,0.292,0.165,0.000,0.000:
000000
000000
000000
000000
,
000000
000000
000000
000000
,
000000
000000
000000
000000
,
000000
000000
000000
000000
,
000100
000000
000001
100000
000010
000000
000000
000000
,
010100
000000
000100
001000
000001
100000
001000
000000
,
000001
010000
001000
000000
000000
100000
001000
000000
,
100001
010100
000110
100000
,
000100
000000
001000
000000
000001
100000
001000
000000
,
001010
000000
001000
000100
100000
000001
000100
000000
,
010000
000010
000100
000000
000000
000000
001000
000000
,
000000
000000
000100
000100
001000
001000
001000
000000
,
001000
000100
100000
000001
010000
000000
000000
000000
,
001010
000000
001000
000100
100000
000001
000100
000000
,
010000
000001
000100
000000
000000
000010
001000
000000
,
100001
001010
100100
000001
,
001000
000000
000010
000000
100000
000001
000100
000000
,
000000
000000
010000
000100
001000
000100
001000
000001
,
000000
000000
100010
000000
001000
001000
011000
000000
,
001000
000000
000010
001000
000100
001000
000100
100000
,
000000
000000
100001
000000
000100
000100
100001
000000
,
000100
000000
100000
000100
001000
000100
001000
000010
,
000000
000000
100001
000000
001000
001000
100001
000000
,
001000
000000
000001
001000
000100
001000
000100
010000
,
000000
000000
000001
000001
000000
000000
000001
000001
,
000000
010000
000000
000001
000000
100000
000001
001000
,
000000
001000
000000
001000
000000
000000
000000
000100
,
001000
000010
001000
000010
,
000000
100000
000000
000001
000000
100000
001000
001000
,
000000
000010
000000
100000
000000
000010
100000
001000
,
000000
001000
000000
001000
000000
100000
001000
000000
,
100000
000001
100000
000010
100000
000100
100000
000000
,
000000
000001
000000
100000
000000
000001
001000
000000
,
000000
000000
100000
000100
001000
000010
000001
001000
,
000000
000001
000000
001000
000000
100000
100000
001000
,
001000
000000
000010
001000
000100
100000
100000
000100
,
000000
100000
000000
000001
000000
100000
000001
001000
,
001000
000000
100000
000100
001000
000001
000001
001000
,
000000
000010
000000
001000
000000
100000
100000
001000
,
001000
000000
000001
001000
000100
100000
100000
000100
,
001000
000000
001000
000000
010000
001000
010000
000000
;

//---------------dance-solo - ----------------
#NOTES:
     dance-solo:
     :
     Hard:
     8:
     0.406,0.404,0.550,0.000,0.000:
000000
000000
000000
000000
,
000000
000000
000000
000000
,
000000
000000
000000
000000
,
000000
000000
000000
000000
,
000100
000010
100000
000100
000001
000000
000000
000000
,
001000
001001
101000
000000
000000
000100
000000
001000
,
000000
000001
001000
100010
000000
100000
001000
000000
,
100000
101000
100100
010001
,
001000
000001
001000
100000
100000
001000
001000
000000
,
000010
100100
010001
000000
000000
001000
000000
000100
,
000000
100000
000010
100000
000000
000000
001000
000000
,
000100
000100
000100
000100
001000
001000
001000
000000
,
001000
100000
000001
010000
001000
000000
000000
000000
,
010000
000101
100100
000000
000000
001000
000000
000100
,
000000
000001
000100
100001
000000
000010
001000
000000
,
000001
000101
011000
100001
,
001000
000001
001000
010000
000001
000001
001000
000000
,
100000
000100
100000
000010
100000
000001
100000
000000
,
000000
000001
000000
001000
000000
100000
000000
000100
,
000001
001000
000010
100000
000001
010000
000001
000000
,
000000
000100
000000
100001
000000
001000
000000
100001
,
010000
000100
100000
000010
100000
000001
100000
000000
,
000000
000001
000000
001000
000000
100000
000000
000100
,
000001
001000
000010
100000
000001
010000
000001
000000
,
000000
000010
000000
000010
000000
000010
000000
000010
,
000100
000100
100001
100000
100100
100000
101000
001001
,
000010
100000
001000
000000
000000
000000
001000
000000
,
000100
000001
000001
000100
001000
010000
010000
000000
,
001000
000001
000001
100000
001000
000000
000000
000000
,
000100
000100
100001
100000
010100
100000
100010
001001
,
000001
100000
001000
000000
000000
010000
001000
000000
,
100000
101000
100100
001010
,
001000
001000
000001
000001
100000
100000
001000
000000
,
100001
000001
001001
001000
001100
000100
100010
000000
,
000000
000001
000000
100000
000000
000001
100000
001000
,
100001
000000
010100
000100
001100
001000
001001
000000
,
000000
100000
000000
000001
000000
100000
000010
001000
,
100001
000000
001001
001000
001010
000100
100100
000000
,
000000
000100
000000
001000
000000
000001
100000
001000
,
100001
100000
100100
000100
001010
001000
001001
000000
,
100100
101000
100100
110000
000110
001001
100001
000000
;
