#TITLE:MAKE A JAM!;
#ARTIST:U1;
#BANNER:MAKE A JAM!.png;
#BACKGROUND:MAKE A JAM!-bg.png;
#CDTITLE:./CDTitles/DANCE DANCE REVOLUTION 2ndMIX.png;
#MUSIC:MAKE A JAM!.ogg;
#SAMPLESTART:32.901;
#SAMPLELENGTH:15.000;
#DISPLAYBPM:124.000;
#BPMS:0.000=124.433,4.000=124.000;

//---------------dance-single - ----------------
#NOTES:
     dance-single:
     :
     Beginner:
     2:
     0.093,0.123,0.010,0.000,0.000:

0000
0000
0000
0000
,
0000
0000
0000
0000
,
0000
0000
0000
0000
,
0000
0000
0000
0000
,
0000
0000
0000
0000
,
0010
0000
0000
0000
,
0010
0000
0000
0000
,
0100
0000
0000
0000
,
0100
0000
0000
0000
,
1000
0000
0000
0000
,
0001
0000
0000
0000
,
1000
0000
0000
0000
,
0001
0000
0000
0000
,
0010
0000
0000
0000
,
0010
0000
0000
0000
,
0100
0000
0000
0000
,
0100
0000
0000
0000
,
1000
0000
0000
0000
,
0001
0000
0000
0000
,
1000
0000
0000
0000
,
0001
0000
0000
0000
,
0010
0000
0010
0000
,
0100
0000
0100
0000
,
1000
0000
0000
0000
,
0001
0000
0000
0000
,
1000
0000
0000
0000
,
0001
0000
0000
0000
,
0010
0000
0010
0000
,
0100
0000
0100
0000
,
1000
0000
0001
0000
,
1000
0000
0001
0000
,
0010
0000
0010
0000
,
0100
0000
0100
0000
,
1000
0000
0000
0000
,
0001
0000
0000
0000
,
1000
0000
0000
0000
,
0001
0000
0000
0000
,
0010
0000
0010
0000
,
0100
0000
0100
0000
,
1000
0000
0001
0000
,
1000
0000
0001
0000
,
0010
0000
0010
0000
,
0100
0000
0100
0000
,
1000
0000
0001
0000
,
1000
0000
0001
0000
,
0010
0000
0010
0000
,
0100
0000
0100
0000
,
1000
0000
0001
0000
,
0000
0000
1001
0000
;

//---------------dance-single - ----------------
#NOTES:
     dance-single:
     :
     Easy:
     5:
     0.234,0.221,0.071,0.000,0.000:
0000
0000
0000
0000
,
0000
0000
0000
0000
,
0000
0000
0000
0000
,
0000
0000
0000
0000
,
0000
0000
0000
0000
,
0010
0010
0100
0100
,
0010
0010
0100
0100
,
0010
0010
0100
0100
,
1000
0001
1000
0001
0000
0000
0000
0000
,
0010
0000
0000
0000
0001
0001
0001
0000
,
0100
0000
0000
0000
1000
1000
1000
0000
,
1000
0000
1000
0000
,
0001
0000
0001
0000
,
0010
0000
0010
0000
,
0100
0000
0100
0000
,
0000
0010
0000
0100
,
0000
0010
0001
0100
,
0010
0010
0100
0100
,
0010
0010
0100
0100
,
0010
0010
0100
0100
,
1000
0001
1000
0001
0000
0000
0000
0000
,
0010
0010
0100
0100
,
0010
0010
0100
0100
,
0010
0010
0100
0100
,
1000
0001
1000
0001
0000
0000
0000
0000
,
0010
0000
0000
0000
0001
0001
0001
0000
,
0100
0000
0000
0000
1000
1000
1000
0000
,
1000
0001
1001
0000
,
0001
1000
1001
0000
,
0010
0100
0110
0000
,
0100
0010
0110
0000
,
0001
1000
1001
0000
,
1000
0001
1001
0000
,
1000
1000
0001
0001
,
1000
0001
1000
0001
,
0000
0010
0000
0100
,
0000
0010
0001
0100
,
0010
0010
0100
0100
,
0010
0010
0100
0100
,
0010
0010
0100
0100
,
1000
0001
1000
0001
0000
0000
0000
0000
,
0010
0010
0100
0100
,
0010
0010
0100
0100
,
0010
0010
0100
0100
,
1000
0001
1000
0001
0000
0000
0000
0000
,
1000
1000
0001
0001
,
1000
0001
1000
0001
,
1000
1000
0001
1000
,
0010
0001
1001
0000
;

//---------------dance-single - ----------------
#NOTES:
     dance-single:
     :
     Medium:
     7:
     0.334,0.369,0.385,0.000,0.000:
0000
0000
0000
0000
,
0000
0000
0000
0000
,
0000
0000
0000
0000
,
0000
0000
0000
0000
,
0000
0000
0000
0000
,
0010
0000
0011
0000
0100
0100
1000
0000
,
0010
0000
1010
0000
0100
0100
0001
0000
,
0010
0010
0001
0000
0100
0000
1100
0000
,
1000
0001
1000
0001
0000
0000
0000
0000
,
1010
0000
0000
0000
0001
0001
0001
0000
,
0101
0000
0000
0000
1000
1000
1000
0000
,
1010
0011
0101
1001
,
0011
1010
1100
0110
,
0010
0100
0010
0100
,
0001
0100
1000
0010
,
0000
0010
0100
1000
,
0010
0000
0010
0000
1000
1000
0000
0000
,
0010
0010
1000
0000
0100
0000
0101
0000
,
0010
0010
0001
0000
0100
0100
1000
0000
,
0010
0011
0100
1100
,
1000
0001
1000
0001
0000
0000
0000
0000
,
0010
0010
0001
0000
0100
0000
1100
0000
,
0010
0010
1000
0000
0100
0100
0001
0000
,
0010
0010
0001
0000
0100
0100
1000
0000
,
1000
0001
1000
0001
0000
0000
0000
0000
,
1010
0000
0100
0000
0001
0001
0001
0000
,
0101
0000
0010
0000
1000
1000
1000
0000
,
1010
0101
1001
0000
,
1100
0101
1100
0000
,
1010
1001
1100
0000
,
0100
0000
0100
0000
1000
0001
1000
0001
,
0000
0100
1000
0010
,
1010
1001
0110
0000
,
1000
0000
1000
0010
0010
0000
0000
0000
,
0001
0000
0001
0100
0100
0000
0000
0000
,
0010
0001
0100
1000
,
0010
0100
0001
0100
,
0010
0010
1000
0000
0100
0100
0001
0000
,
0010
0010
0001
0000
0100
0100
1000
0000
,
0010
0011
0100
1100
,
1000
0001
1000
0001
0000
0000
0000
0000
,
0010
0000
0011
0000
0100
0100
1000
0000
,
0010
1010
0100
0101
,
0010
0010
0001
0000
0100
0100
1000
0000
,
1000
0001
1000
0001
0000
0000
0000
0000
,
1000
0001
1000
0000
0010
0000
0010
0000
,
0001
0000
0100
0000
1000
0001
0010
0000
,
1000
0010
0001
0100
,
0010
1001
0110
0000
;

//---------------dance-single - ----------------
#NOTES:
     dance-single:
     :
     Hard:
     9:
     0.410,0.418,0.436,0.000,0.000:
0000
0000
0000
0000
,
0000
0000
0000
0000
,
0000
0000
0000
0000
,
0000
0000
0000
0000
,
0000
0000
0000
0000
,
0010
1000
0001
0000
0100
0100
1000
0000
,
0010
1000
0010
0000
0100
0100
0001
0000
,
0010
0001
0010
0000
0100
0000
1100
0000
,
1000
0001
1000
0001
1000
1000
0010
0000
,
1010
0000
0110
0000
0001
0001
0001
0000
,
0001
0100
0010
0000
1000
1000
1000
0000
,
1000
0010
0011
0000
0101
0000
1001
0000
,
0001
0010
1010
0000
1100
0000
0110
0000
,
0010
0001
1100
0000
1001
0000
0110
0000
,
0100
0001
0100
0000
1000
1000
1000
0000
,
0010
1000
0010
0000
0001
0001
0001
0000
,
0010
0001
0100
0000
1000
1000
1000
0000
,
0010
1000
0010
0000
0100
0000
0101
0000
,
0010
0000
0011
0000
0100
0100
1000
0000
,
0010
0001
1000
0000
0100
0100
1000
0000
,
1000
0001
1000
0001
1000
1000
0001
0000
,
0010
0010
0001
0000
0100
1000
0001
0000
,
0010
0000
1010
0000
0100
0100
0001
0000
,
0010
0001
0010
0000
0100
0000
1100
0000
,
1000
0001
1000
0001
0001
0001
1000
0000
,
1001
0000
0110
0000
0001
0001
0001
0000
,
0101
0000
1000
0010
1000
1000
1000
0000
,
1010
0101
1001
0001
,
1100
0101
1100
0110
,
1010
1001
1100
0101
,
0100
0010
0010
0000
1000
0001
1000
0001
,
0000
1100
0101
0010
,
1010
1001
0110
0101
,
1000
0001
1000
0010
0010
0000
0000
0000
,
0001
1000
0001
0100
0100
0000
0000
0000
,
0010
0010
0001
0000
0100
0001
1000
0000
,
0010
1000
0100
0000
0001
0001
0100
0000
,
0010
0001
1000
0000
0100
0100
1000
0000
,
0010
0001
1000
0000
0100
0000
1100
0000
,
0010
0001
1000
0000
0100
0100
0001
0000
,
1000
0001
1000
0001
0001
0001
1000
0000
,
0010
0001
1000
0000
0100
0100
1000
0000
,
0010
1000
0010
0000
0100
0100
0001
0000
,
0010
0010
0001
0000
0100
0000
1100
0000
,
1000
0001
1000
0001
1000
1000
0001
0000
,
1000
0010
1001
0000
0110
0000
0010
0000
,
0001
1000
0100
0000
1000
0000
0110
0000
,
1000
0001
0100
0000
1000
0001
0010
0000
,
0010
1001
0110
0000
;

//---------------dance-double - ----------------
#NOTES:
     dance-double:
     :
     Easy:
     6:
     0.236,0.221,0.081,0.000,0.000:
00000000
00000000
00000000
00000000
,
00000000
00000000
00000000
00000000
,
00000000
00000000
00000000
00000000
,
00000000
00000000
00000000
00000000
,
00000000
00000000
00000000
00000000
,
10000000
10000000
00010000
00010000
,
00001000
00001000
00000001
00000001
,
00000010
00000010
00000100
00000100
,
00010000
00001000
00010000
00001000
00000000
00000000
00000000
00000000
,
00100000
00000000
00000000
00000000
00001000
00001000
00001000
00000000
,
01000000
00000000
00000000
00000000
00010000
00010000
00010000
00000000
,
10000000
00000000
00010000
00000000
,
00001000
00000000
00000001
00000000
,
00000001
00001000
00001001
00000000
,
00000000
00010000
10000000
10010000
,
00000000
00000010
00000000
00000100
,
00000000
00000010
00000001
00000100
,
00000001
00000001
00001000
00001000
,
00010000
00010000
10000000
10000000
,
00100000
00100000
01000000
01000000
,
00010000
00001000
00010000
00001000
00000000
00000000
00000000
00000000
,
00010000
00010000
00001000
00001000
,
00000001
00000001
00001000
00001000
,
00000010
00000010
00000100
00000100
,
00010000
00001000
00010000
00001000
00000000
00000000
00000000
00000000
,
01000000
00000000
00000000
00000000
00001000
00001000
00001000
00000000
,
00000010
00000000
00000000
00000000
00010000
00010000
00010000
00000000
,
00001000
00010000
00011000
00000000
,
00010000
00001000
00011000
00000000
,
00100000
01000000
01100000
00000000
,
01000000
00100000
01100000
00000000
,
10000000
00000000
00010000
00000000
,
00001000
00000000
00000001
00000000
,
00001000
00001000
00000001
00000001
,
00001000
00000001
00001000
00000001
,
00000000
00100000
00000000
01000000
,
00000000
00100000
00010000
01000000
,
10000000
10000000
00010000
00010000
,
00001000
00001000
00000001
00000001
,
00000010
00000010
00000100
00000100
,
00010000
00001000
00010000
00001000
00000000
00000000
00000000
00000000
,
00000001
00000001
00001000
00001000
,
00010000
00010000
10000000
10000000
,
00100000
00100000
01000000
01000000
,
00010000
00001000
00010000
00001000
00000000
00000000
00000000
00000000
,
00010000
00010000
00001000
00001000
,
00010000
10000000
00010000
10000000
,
00001000
00001000
00010000
00010000
,
10000000
00110000
10010000
00000000
;

//---------------dance-double - ----------------
#NOTES:
     dance-double:
     :
     Medium:
     8:
     0.326,0.344,0.253,0.000,0.000:
00000000
00000000
00000000
00000000
,
00000000
00000000
00000000
00000000
,
00000000
00000000
00000000
00000000
,
00000000
00000000
00000000
00000000
,
00000000
00000000
00000000
00000000
,
00100000
01000000
00010000
00000000
00001000
00001000
00000100
00000000
,
00000010
00000001
00000010
00000000
00000100
00000000
00001000
00000000
,
00010000
00100000
00010000
00000000
01000000
00000000
11000000
00000000
,
10000000
00010000
10000000
00010000
00000000
00000000
01000000
00000000
,
00001000
00000000
00000010
00000000
00001000
00001000
00001000
00000000
,
00001000
00000000
00000010
00000000
00000001
00000001
00000001
00000000
,
00000010
00000001
00000100
00001000
,
00010000
00100000
01000000
00010000
,
00001000
00000001
00000100
00001000
,
00010000
00000000
01000000
00000000
00010000
00010000
00010000
00000000
,
00001000
00000000
00000010
00000000
00000001
00000001
00000001
00000000
,
00000001
00000010
00000100
00000000
00001000
00001000
00001000
00000000
,
00010000
00100000
00010000
00000000
01000000
10000000
01000000
00000000
,
00010000
00000000
00010000
00000000
00001000
00001000
00010000
00000000
,
00001000
00010000
00001000
00000000
01000000
01000000
00010000
00000000
,
00001000
00010000
00001000
00010000
00000000
00000000
00000000
00000000
,
00001000
00000100
00010000
00100000
,
00110000
00000000
00001000
00000000
00000100
00000100
00000001
00000000
,
00000010
00001000
00000010
00000000
00001000
00000000
00010000
00000000
,
00001000
00010000
00001000
00010000
00000000
00000000
00000000
00000000
,
00000010
00001000
00000100
00000000
00010000
00010000
00010000
00000000
,
01000000
00010000
00001000
00000000
00000100
00000100
00000100
00000000
,
00000010
00001010
00011000
00000000
,
00110000
10100000
01100000
00000000
,
00010000
00001010
00000011
00000000
,
00000100
00000000
00000100
00000000
00001000
00000001
00001000
00000001
,
00000000
00000011
00000110
00011000
,
00110000
10100000
01100000
00010000
,
00001000
00000000
00010000
00000010
00000010
00000000
00000000
00000000
,
00001000
00010000
00001000
00100000
00100000
00000000
00000000
00000000
,
00001000
00001000
00000010
00000000
00000100
00000000
00010000
00000000
,
00010000
00000000
01100000
00000000
10000000
10000000
00010000
00000000
,
00001000
00000001
00001100
00011000
,
00100000
10000000
01100000
00001000
,
00000010
00000001
00000100
00001000
,
00010000
00001000
00010000
00001000
00000000
00000000
00000000
00000000
,
00100000
00000000
10000000
00000000
01000000
01000000
00010000
00000000
,
00001000
00000000
00010000
00000000
00000100
00000001
00000100
00000000
,
00001000
00010000
01010000
10100000
,
10000000
00010000
10000000
00010000
00000000
00000000
00000000
00000000
,
00001000
00000010
00000110
00000100
,
00001000
01000000
10000000
01100000
,
00010000
00001000
00000100
00000010
,
00000010
00001001
00000110
00000000
;

//---------------dance-double - ----------------
#NOTES:
     dance-double:
     :
     Hard:
     11:
     0.465,0.516,0.253,0.000,0.000:
00000000
00000000
00000000
00000000
,
00000000
00000000
00000000
00000000
,
00000000
00000000
00000000
00000000
,
00000000
00000000
00000000
00000000
,
00000000
00000000
00000000
00000000
,
00100000
10000000
00010000
01000000
00001000
00010000
00000010
00000100
,
00000001
00001000
00000010
00000100
00000010
00001000
00000001
00000100
,
00000010
00000001
00001000
00000100
00010000
00001000
00100000
01000000
,
10000000
00010000
00100000
01000000
00100000
00010000
10000000
01000000
,
00001000
00010000
00000010
00001000
00001001
00001001
00001001
00000000
,
00000000
00000000
00000010
00000000
00000001
00000001
00000001
00000000
,
00000000
00000010
00000000
00001000
00000000
00000100
00001000
00000000
,
00000000
00001000
00000000
00010000
00000000
10000000
00100000
00000000
,
00000000
00010000
00000000
00000010
00000000
00001000
00000001
00000000
,
00001000
00010000
00100000
01000000
00000000
00001000
00011000
00000000
,
00001000
00000001
00001000
00000001
00001000
00000001
00001000
00000001
,
00000010
00000100
00000010
00000100
00000001
00001000
00000001
00001000
,
00000100
00000001
00001000
00000010
00010000
00001000
01000000
00100000
,
10000000
00010000
01000000
00100000
01000000
00010000
10000000
00100000
,
01000000
10000000
00010000
00100000
00001000
00010000
00000100
00000010
,
00000001
00001000
00000100
00000001
00001001
00001001
00001001
00000000
,
00000010
00000001
00001000
00000100
00010000
00001000
00100000
01000000
,
10000000
00010000
00100000
01000000
00100000
00010000
10000000
01000000
,
00100000
10000000
00010000
01000000
00001000
00010000
00000010
00000100
,
00000001
00001000
00000010
00000001
00001001
00001001
00001001
00000000
,
00000000
00001000
00000001
00000100
00000000
00000010
00001000
00000001
,
00000100
00000010
00001000
00000100
00010000
00010000
00010000
00000000
,
00000000
10000000
10000000
10000000
00000000
00100000
00100000
00100000
,
01000000
00010000
10000000
00100000
01000000
01000000
00010000
10000000
,
01000000
00000000
00000010
00000000
,
00100000
00000000
00000100
00000000
,
00010010
00011000
01001000
00011000
,
00010010
00011000
01001000
00011000
,
00000000
00000010
00000000
00001000
00000100
00000100
00000100
00000000
,
00000001
00001000
00000001
00001000
00000010
00000010
00000010
00000000
,
00001000
00001000
00000010
00000000
00000001
00000001
00000010
00000000
,
00001000
00010000
00000010
00000100
00001000
00100000
00010000
00000100
,
00000001
00001000
00000010
00000100
00000010
00001000
00000001
00000100
,
00000010
00000001
00001000
00000100
00010000
00001000
00100000
01000000
,
10000000
00010000
00100000
01000000
00100000
00010000
10000000
01000000
,
00001000
00010000
00000010
00001000
00001001
00001001
00001001
00000000
,
00000100
00000001
00001000
00000010
00010000
00001000
01000000
00100000
,
10000000
00010000
01000000
00100000
01000000
00010000
10000000
00100000
,
01000000
10000000
00010000
00100000
00001000
00010000
00000100
00000010
,
00000001
00001000
00000100
00000010
00000100
00001000
00000001
00000010
,
00001000
00010000
00000100
00010000
00001000
00010000
00100000
00010000
,
01000000
10000000
00100000
01100000
01000000
00010000
10000000
00010000
,
01000000
10000000
00010000
01000000
10010000
10010000
10010000
01000000
,
00100000
00010000
00001000
00000100
00000001
00000000
00000000
00000000
;

//---------------dance-couple - ----------------
#NOTES:
     dance-couple:
     :
     Easy:
     3:
     0.368,0.442,0.942,0.000,0.000:
00000000
00000000
00000000
00000000
,
00000000
00000000
00000000
00000000
,
00000000
00000000
00000000
00000000
,
00000000
00000000
00000000
00000000
,
00000000
00000000
00000000
00000000
,
00100010
00100010
01000100
01000100
,
00100010
00100010
01000100
01000100
,
00100010
00100010
01000100
01000100
,
10001000
00010001
10001000
00010001
00000000
00000000
00000000
00000000
,
00100001
00000000
00000000
00000000
00010010
00010010
00010010
00000000
,
01001000
00000000
00000000
00000000
10000100
10000100
10000100
00000000
,
00011000
00000000
00011000
00000000
,
10000001
00000000
10000001
00000000
,
00100010
00000000
00100010
00000000
,
01000100
00000000
01000100
00000000
,
00000000
00100010
00000000
01000100
,
00000000
00100010
10000001
01000100
,
00010010
00000010
01000100
00000100
,
10000010
00000010
00100100
00000100
,
00000010
00000010
00000100
00000100
,
10001000
00010001
10001000
00010001
00000000
00000000
00000000
00000000
,
00100001
00100000
01000100
01000000
,
00101000
00100000
01000010
01000000
,
00100000
00100000
01000000
01000000
,
10001000
00010001
10001000
00010001
00000000
00000000
00000000
00000000
,
10000010
00000000
00000000
00000000
00101000
00101000
00101000
00000000
,
00010100
00000000
00000000
00000000
01000001
01000001
01000001
00000000
,
10000000
00010000
10010000
00000000
,
00001000
00000001
00001001
00000000
,
00100000
01000000
01100110
00000000
,
00000100
00000010
01100110
00000000
,
00010000
10000000
10010000
00000000
,
00000001
00001000
00001001
00000000
,
10000000
10000000
00010000
00010000
,
00000001
00001000
00000001
00001000
,
00000000
00100010
00000000
01000100
,
00000000
00100010
10000001
01000100
,
00010010
00000010
01000100
00000100
,
10000010
00000010
00100100
00000100
,
00000010
00000010
00000100
00000100
,
10001000
00010001
10001000
00010001
00000000
00000000
00000000
00000000
,
00100001
00100000
01000100
01000000
,
00101000
00100000
01000010
01000000
,
00100000
00100000
01000000
01000000
,
10001000
00010001
10001000
00010001
00000000
00000000
00000000
00000000
,
00001000
00001000
00000001
00000001
,
00010000
10000000
00010000
10000000
,
00011000
00011000
10000001
00011000
,
00000010
00001000
01101001
00000000
;

//---------------dance-couple - ----------------
#NOTES:
     dance-couple:
     :
     Medium:
     5:
     0.533,0.639,1.000,0.000,0.000:
00000000
00000000
00000000
00000000
,
00000000
00000000
00000000
00000000
,
00000000
00000000
00000000
00000000
,
00000000
00000000
00000000
00000000
,
00000000
00000000
00000000
00000000
,
00100010
00000000
00110011
00000000
01000100
01000100
10001000
00000000
,
00100010
00000000
10101010
00000000
01000100
01000100
00010001
00000000
,
00100010
00100010
00010001
00000000
01000100
00000000
11001100
00000000
,
10001000
00010001
10001000
00010001
00000000
00000000
00000000
00000000
,
10001010
00000000
00100000
00000000
00010001
00000001
01000001
00000000
,
11000001
00000000
00000100
00000000
10001000
10000000
10000010
00000000
,
00011010
00000011
00010101
00001001
,
00111000
10100000
11001000
01100000
,
00100010
01000100
00100010
01000100
,
00010001
01000100
10001000
00100010
,
00000000
00100010
01000100
10001000
,
00100010
00000000
00100010
00000000
10001000
10001000
00000000
00000000
,
10000010
00000010
00001000
00000000
01000100
00000000
00000101
00000000
,
00010010
00000010
00000001
00000000
00100100
00000100
00001000
00000000
,
10000010
00000011
01000100
00001100
,
10001000
00010001
10001000
00010001
00000000
00000000
00000000
00000000
,
00101000
00100000
00010000
00000000
01000100
00000000
11000000
00000000
,
00100001
00100000
10000000
00000000
01000010
01000000
00010000
00000000
,
00101000
00100000
00010000
00000000
01000100
01000000
10000000
00000000
,
10001000
00010001
10001000
00010001
00000000
00000000
00000000
00000000
,
00001010
00000000
00000100
00000000
00000001
00000001
00000001
00000000
,
01010000
00000000
00100000
00000000
10000000
10000000
10000000
00000000
,
00001010
00000101
00001001
00000000
,
11000000
01010000
11000000
00000000
,
10101010
10011001
11001100
00000000
,
01000100
00000000
01000100
00000000
10001000
00010001
10001000
00010001
,
00000000
01000100
10001000
00100010
,
10101010
10011001
01100110
00000000
,
00001000
00000000
00001000
00000010
00000010
00000000
00000000
00000000
,
00010000
00000000
00010000
01000000
01000000
00000000
00000000
00000000
,
00100010
00010001
01000100
10001000
,
00100010
01000100
00010001
01000100
,
10000010
00000010
00001000
00000000
01000100
00000100
00000001
00000000
,
00010010
00000010
00000001
00000000
00100100
00000100
00001000
00000000
,
10000010
00000011
01000100
00001100
,
10001000
00010001
10001000
00010001
00000000
00000000
00000000
00000000
,
00101000
00000000
00110000
00000000
01000100
01000000
10000000
00000000
,
00100001
10100000
01000010
01010000
,
00101000
00100000
00010000
00000000
01000100
01000000
10000000
00000000
,
10001000
00010001
10001000
00010001
00000000
00000000
00000000
00000000
,
10000001
00011000
10000001
00000000
00100100
00000000
00100100
00000000
,
00011000
00000000
01000100
00000000
10000001
00011000
00100010
00000000
,
00011000
00100010
10000001
01000100
,
00100010
01101001
10010110
00000000
;

//---------------dance-couple - ----------------
#NOTES:
     dance-couple:
     :
     Hard:
     7:
     0.737,0.737,1.000,0.000,0.000:
00000000
00000000
00000000
00000000
,
00000000
00000000
00000000
00000000
,
00000000
00000000
00000000
00000000
,
00000000
00000000
00000000
00000000
,
00000000
00000000
00000000
00000000
,
00100010
10001000
00010001
00000000
01000100
01000100
10001000
00000000
,
00100010
10001000
00100010
00000000
01000100
01000100
00010001
00000000
,
00100010
00010001
00100010
00000000
01000100
00000000
11001100
00000000
,
10001000
00010001
10001000
00010001
10001000
10001000
00100010
00000000
,
10100010
00000000
01100001
00000000
00010100
00010000
00011000
00000000
,
00100001
00000100
10000010
00000000
01001000
00001000
00011000
00000000
,
10001000
00100000
00110100
00000000
01010001
00000000
10010010
00000000
,
00100001
00000010
00011010
00000000
01001100
00000000
10000110
00000000
,
00100010
00010001
11001100
00000000
10011001
00000000
01100110
00000000
,
00100010
10000001
01000100
00000000
00011000
00011000
00011000
00000000
,
00100010
10000001
00100010
00000000
00011000
00011000
00011000
00000000
,
00100010
10000001
01000100
00000000
00011000
00011000
00011000
00000000
,
00100010
10000001
00100000
00000000
01001000
00000100
01010000
00000000
,
00100010
00010000
00000011
00000000
10000100
01000100
00001000
00000000
,
00100010
00010001
10001000
00000000
01000100
01000100
10001000
00000000
,
10001000
00010001
10001000
00010001
10001000
10001000
00010001
00000000
,
00100010
00100000
00011000
00000000
01000100
10000000
00010001
00000000
,
00100010
00000000
10001010
00000000
01000100
00000100
00010001
00000000
,
00100010
00010001
00100010
00000000
01000100
00000000
11001100
00000000
,
10001000
00010001
10001000
00010001
00010001
00010001
10001000
00000000
,
10010010
00000000
01100010
00000000
00010001
00000001
00010001
00000000
,
00100101
00000000
00101010
00000000
10000000
10000000
10000000
00000000
,
10101000
01010100
10010001
00010010
,
00011100
01000101
10001100
00100110
,
10101010
10011001
11001100
01010101
,
01000100
00100010
00100010
00000000
10001000
00010001
10001000
00010001
,
00000000
11001100
01010101
00100010
,
10101010
10011001
01100110
01010101
,
10001000
00010000
10001000
00100000
00100001
00000000
00000001
00000000
,
00010001
00001000
00010001
00000100
10000100
00000000
10000000
00000000
,
00100010
00100010
00010001
00000000
01000100
00010001
10001000
00000000
,
00100010
10001000
01000100
00000000
00010001
00010001
01000100
00000000
,
00100010
00010001
10001000
00000000
01000100
01000100
10001000
00000000
,
00100010
00010001
10000000
00000000
01000001
00000100
11000000
00000000
,
10000010
01000001
00001000
00000000
00010100
01000100
00000001
00000000
,
10001000
00010001
10001000
00010001
00010000
00010000
10000000
00000000
,
00100010
00010001
00001000
00000000
10000100
01000100
00001000
00000000
,
00100010
10001000
00100010
00000000
01000100
01000100
00010001
00000000
,
00100010
00100001
00010000
00000000
01000100
00001000
11000000
00000000
,
10001000
00010001
10001000
00010001
00001000
00001000
00000001
00000000
,
10001000
01000010
00001001
00000000
01000110
00010000
00000010
00000000
,
00010001
10000010
01000000
00000000
10001000
00000100
01100000
00000000
,
10001000
00010001
01000100
00000000
10001000
00010001
00100010
00000000
,
00100010
10011001
01100110
00000000
;

//---------------dance-solo - ----------------
#NOTES:
     dance-solo:
     :
     Easy:
     3:
     0.174,0.220,0.000,0.000,0.000:
000000
000000
000000
000000
,
000000
000000
000000
000000
,
000000
000000
000000
000000
,
000000
000000
000000
000000
,
000000
000000
000000
000000
,
000000
000000
000000
000000
,
000001
000001
100000
100000
,
000010
000010
000100
000100
,
010000
010000
001000
001000
,
100000
000001
000000
000000
,
000100
000000
000010
000000
,
010000
000000
000100
000000
,
000001
000000
100000
000000
,
001000
000100
001000
000000
,
010000
000000
000100
000000
,
000001
000000
000010
000000
,
010000
000000
100000
000000
,
000100
001000
000100
000000
,
000010
000001
000100
001000
,
010000
100000
000100
001000
,
000010
000001
000100
001000
,
100000
000001
000000
000000
,
010000
000100
100000
001000
,
000100
000010
001000
000001
,
010000
000100
100000
001000
,
000100
001000
000000
000000
,
000010
000000
100000
000000
,
000001
000000
010000
000000
,
001000
000000
000100
000000
,
000001
001000
000001
000000
,
100000
000000
000010
000000
,
001000
000000
000001
000000
,
000100
000000
001000
000000
,
010000
100000
010000
000000
,
000001
000000
000000
000000
,
000001
000000
000000
000000
,
100000
000000
000000
000000
,
100000
000000
000000
000000
,
000100
001000
000001
100000
,
000010
010000
001000
000100
,
000001
100000
000010
001000
,
000001
100000
000000
000000
,
000010
000100
000001
100000
,
000100
010000
000001
100000
,
001000
010000
000001
000100
,
000010
010000
000000
000000
,
001000
001000
000100
000100
,
000001
000001
100000
100000
,
000010
010000
000000
000000
;

//---------------dance-solo - ----------------
#NOTES:
     dance-solo:
     :
     Medium:
     6:
     0.246,0.319,0.000,0.000,0.000:
000000
000000
000000
000000
,
000000
000000
000000
000000
,
000000
000000
000000
000000
,
000000
000000
000000
000000
,
000000
000000
000000
000000
,
000000
000000
000000
000000
,
000010
001000
000010
000000
010000
001000
010000
000000
,
000001
001000
000001
000000
100000
001000
100000
000000
,
000001
000100
000001
000000
100000
000100
100000
000000
,
000010
010000
000100
001000
000000
000000
000000
000000
,
000001
000000
000000
100000
000000
000000
000000
000000
,
000010
000000
000000
001000
000000
000000
000100
000000
,
100000
000000
000000
000010
000000
000000
000000
000000
,
000100
000000
000000
000001
000000
000000
000000
000000
,
000010
000000
000000
001000
000000
000000
000000
000000
,
000100
000000
000000
001000
000000
000000
010000
000000
,
000001
000000
000000
100000
000000
000000
000000
000000
,
001000
000000
000000
000010
000000
000000
000000
000000
,
000001
100000
000001
000000
010000
001000
010000
000000
,
000100
000001
000100
000000
000010
001000
000010
000000
,
000100
100000
000100
000000
000010
010000
000010
000000
,
001000
000100
100000
001000
000000
000000
000000
000000
,
000001
000100
000001
000000
001000
100000
001000
000000
,
010000
000100
010000
000000
000010
000100
000010
000000
,
001000
000001
001000
000000
000100
100000
000100
000000
,
000010
001000
000100
100000
000000
000000
000000
000000
,
001000
000000
000000
010000
000000
000000
000000
000000
,
000001
000000
000000
000100
000000
000000
000010
000000
,
010000
000000
000000
001000
000000
000000
000000
000000
,
000100
000000
000000
000001
000000
000000
000000
000000
,
001000
000000
000000
000010
000000
000000
000000
000000
,
100000
000000
000000
000100
000000
000000
010000
000000
,
001000
000000
000000
000100
000000
000000
000000
000000
,
000001
000000
000000
000010
000000
000000
000000
000000
,
001000
000000
000000
000000
,
000100
000000
000000
000000
,
000001
000000
000001
000000
,
100000
100000
100000
100000
,
000010
001000
000010
000000
000100
100000
000100
000000
,
010000
001000
010000
000000
000100
000001
000100
000000
,
100000
001000
100000
000000
000001
001000
000001
000000
,
000010
100000
001000
000100
000000
000000
000000
000000
,
010000
000001
010000
000000
000010
100000
000010
000000
,
000001
000100
000001
000000
100000
000100
100000
000000
,
000001
001000
000001
000000
100000
001000
100000
000000
,
000100
000001
010000
000010
000000
000000
000000
000000
,
001000
000100
001000
000000
000001
100000
000001
000000
,
010000
001000
010000
000000
000100
000001
000100
000000
,
100000
000100
001000
000010
000000
000000
000000
000000
;

//---------------dance-solo - ----------------
#NOTES:
     dance-solo:
     :
     Hard:
     7:
     0.372,0.418,0.000,0.000,0.162:
000000
000000
000000
000000
,
000000
000000
000000
000000
,
000000
000000
000000
000000
,
000000
000000
000000
000000
,
000000
000000
000000
000000
,
000000
000000
000000
000000
,
000001
001000
000001
000100
001000
100000
001000
010000
,
000100
001000
000100
100000
000010
000100
000010
001000
,
000001
000100
000001
001000
000100
100000
000100
010000
,
001000
000100
000001
001000
000010
000000
000000
000000
,
100000
001000
000000
000000
000000
000000
000100
000001
000000
000000
000000
000000
000000
000000
000000
000000
,
000010
100000
000000
000000
000000
000000
000100
001000
000000
000000
000000
000000
000001
000000
000000
000000
,
100000
000001
000000
000000
000000
000000
010000
000100
000000
000000
000000
000000
000000
000000
000000
000000
,
000001
100000
000000
000000
000000
000000
001000
010000
000000
000000
000001
000000
000100
000000
000000
000000
,
000010
100000
000000
000000
000000
000000
001000
010000
000000
000000
000000
000000
000000
000000
000000
000000
,
000001
001000
000000
000000
000000
000000
000100
100000
000000
000000
000000
000000
001000
000000
000000
000000
,
000100
000001
000000
000000
000000
000000
001000
000100
000000
000000
000000
000000
000000
000000
000000
000000
,
100000
000010
000000
000000
000000
000000
010000
000001
000000
000000
000100
000000
001000
000000
000000
000000
,
010000
000001
010000
000100
100000
010000
100000
000100
,
010000
000010
010000
000001
000100
001000
000100
000001
,
010000
000010
010000
000100
100000
001000
100000
000100
,
001000
000010
100000
001000
000100
000000
000000
000000
,
000001
100000
000001
000100
000010
001000
000010
100000
,
000100
001000
000100
100000
000010
000100
000010
001000
,
000100
100000
000100
010000
001000
000100
001000
010000
,
000001
001000
000100
100000
000010
000000
000000
000000
,
000100
000001
000000
000000
000000
000000
010000
000100
000000
000000
000000
000000
000000
000000
000000
000000
,
100000
001000
000000
000000
000000
000000
010000
000001
000000
000000
000000
000000
001000
000000
000000
000000
,
000010
100000
000000
000000
000000
000000
000100
010000
000000
000000
000000
000000
000000
000000
000000
000000
,
000010
000100
000000
000000
000000
000000
000001
001000
000000
000000
000100
000000
100000
000000
000000
000000
,
001000
010000
000000
000000
000000
000000
000001
000100
000000
000000
000000
000000
000000
000000
000000
000000
,
000010
010000
000000
000000
000000
000000
000100
001000
000000
000000
000000
000000
000001
000000
000000
000000
,
000100
001000
000000
000000
000000
000000
010000
000001
000000
000000
000000
000000
000000
000000
000000
000000
,
100000
000010
000000
000000
000000
000000
001000
000100
000000
000000
100000
000000
000001
000000
000000
000000
,
010000
010000
010000
010000
,
001000
001000
001000
001000
,
000100
000100
000001
000001
,
001000
000100
100000
000010
,
000100
000001
000100
001000
100000
000001
100000
000010
,
001000
000100
001000
000001
100000
001000
100000
000100
,
001000
000010
001000
000001
010000
001000
010000
000010
,
000000
001000
000100
100000
001000
000000
000000
000000
,
000100
000001
000100
000010
010000
000100
010000
001000
,
000100
000001
000100
000010
100000
001000
100000
000001
,
001000
000100
001000
010000
100000
000010
100000
000001
,
000100
001000
010000
000001
001000
000000
000000
000000
,
000010
000100
000010
001000
000100
100000
000100
010000
,
001000
000100
001000
100000
000001
000100
000001
001000
,
000010
100000
001000
000100
000001
000000
000000
000000
;
