#TITLE:MAX 300;
#SUBTITLE:;
#ARTIST:Ω;
#TITLETRANSLIT:;
#SUBTITLETRANSLIT:;
#ARTISTTRANSLIT:OMEGA;
#CREDIT:;
#BANNER:MAX 300.png;
#BACKGROUND:MAX 300-bg.png;
#LYRICSPATH:;
#CDTITLE:./CDTITLES/DDRMAX -Dance Dance Revolution 6thMIX-.PNG;
#MUSIC:MAX 300.mp3;
#OFFSET:-0.061;
#SAMPLESTART:12.810;
#SAMPLELENGTH:15.500;
#SELECTABLE:YES;
#DISPLAYBPM:300.000;
#BPMS:0.000=300.100,286.000=214.290,287.000=145.160,288.000=104.650,289.000=64.290,290.000=300.130;
#STOPS:290.000=1.200
;
#BGCHANGES:;

//---------------dance-single - ----------------
#NOTES:
     dance-single:
     :
     Easy:
     6:
     0.445,0.472,0.176,0.044,0.000:





0000
0000
0000
0000
,
0000
0000
0000
0000
,
0000
0000
0000
0000
,
0000
0000
0000
0000
,
1000
0000
1000
0000
,
0001
0000
0001
0000
,
1000
0000
0100
0000
,
0010
0001
1000
0000
,
0001
0000
0100
0000
,
0001
0000
0010
0000
,
0100
0000
1000
0000
,
0001
1000
0001
0000
,
1000
0100
1000
0000
,
0001
0010
0001
0000
,
1000
0100
1000
0100
,
0010
0001
0010
0000
,
0001
0000
0010
0000
,
0100
0000
1000
0000
,
0001
0010
0001
0000
,
1000
0100
1000
0100
,
0001
0000
0010
0000
,
0100
0000
1000
0000
,
0001
0010
0001
0000
,
1000
0100
1000
0100
,
0001
0000
0100
0000
,
0010
0000
1000
0000
,
0001
0100
0001
0000
,
1000
0010
1000
0010
,
1000
0000
1000
0000
,
0001
1000
0001
0000
,
1000
0000
0000
0001
0000
0000
1000
0000
,
0010
0100
0010
0000
,
1000
0100
0010
0000
,
0001
0000
1000
0000
,
0001
0100
0010
0000
,
1000
0000
0001
0000
,
1000
0100
0010
0000
,
0001
0000
0100
0000
,
0010
0000
1000
0000
,
0001
0100
1000
0000
,
0100
0000
0001
0000
,
1000
0100
0001
0000
,
0100
0000
1000
0000
,
0001
0100
0001
0000
,
1000
0100
1000
0000
,
0001
0100
0001
0000
,
1000
0010
1000
0000
,
0001
0010
0001
0000
,
1000
0100
1000
0000
,
0001
0100
0001
0000
,
1000
0010
1000
0000
,
0001
0010
0001
0000
,
1000
0100
0001
0000
,
0100
0000
1000
0000
,
0001
0100
1000
0000
,
0100
0000
0001
0000
,
1000
0100
1000
0000
,
0001
0010
0001
0000
,
1000
0100
0010
0001
,
1000
0100
1000
0000
,
0010
0001
0010
0000
,
0100
1000
0100
0000
,
0010
0001
1000
0100
,
0010
0001
0010
0000
,
0001
1000
0100
0000
,
1000
0001
0100
0000
,
0001
1000
0010
0100
,
0010
1000
0001
0000
,
1000
0001
0010
0000
,
0001
1000
0010
0000
,
1100
0000
0011
0000
,
0101
0000
2002
0000
,
0000
0000
3003
0001
,
0000
0001
0000
0000
,
1000
0001
0000
1000
,
0000
1000
0001
0000
,
0001
1000
0000
0001
,
0100
0010
1000
0000
,
0100
1000
0000
0001
,
0100
0010
1000
0000
,
0100
1000
0001
0010
,
0000
0010
0000
0000
,
0100
0010
0000
0100
,
0000
0100
0000
0000
,
0010
0100
0000
1000
,
1000
1000
1000
0000
,
0001
0001
0000
0010
,
0010
0010
0010
0000
,
0100
0100
0100
1000
,
0000
0001
0000
0000
1000
0000
1001
0000
,
0000
0000
0000
1000
,
0000
0100
0000
0000
1000
0000
1100
0000
,
0000
0000
0000
0001
,
0000
0100
0000
0000
0001
0000
0101
0000
,
0000
0000
0000
0010
,
0000
0100
0000
0000
0010
0000
0110
0000
,
0000
0000
0000
1000
,
0000
0100
0000
0000
0010
0000
0011
0000
,
0000
0000
0000
0001
,
0000
0100
0000
0000
0010
0000
1010
0000
,
0000
0000
0000
1000
,
0000
0001
0000
0000
0100
0000
0110
0000
,
0000
0000
0000
1001
,
0000
0000
0000
0110
,
0000
0000
0000
1100
,
0000
0101
0000
2002
,
0000
0000
0000
0000
,
0000
0000
3003
0000
;

//---------------dance-single - ----------------
#NOTES:
     dance-single:
     :
     Medium:
     8:
     0.663,0.826,0.143,0.406,0.033:





0000
0000
0000
0000
,
0000
0000
0000
0000
,
0000
0000
0000
0000
,
0000
0000
0000
0000
,
0001
0100
0020
0030
,
1000
0100
0020
0030
,
0001
1000
0001
1000
,
0001
1000
2000
3000
,
0001
0010
0200
0300
,
1000
0010
0200
0300
,
0001
1000
0001
1000
,
0001
1000
2000
3000
,
0010
1000
0001
0100
,
0010
1000
0001
0100
,
0001
0100
0010
1000
,
0001
0100
0010
1000
0001
0100
0010
1000
,
0010
1000
0010
1000
,
0001
0100
0001
0100
,
0010
1000
0100
0010
,
0001
1000
0100
0010
,
0001
1000
0002
0003
,
1000
0001
2000
3000
,
0001
1000
0001
1000
,
0110
0000
1001
0000
,
0010
0100
0020
0030
,
0100
0010
0200
0300
,
0010
0100
0020
0030
,
1001
0000
0110
0000
,
0001
1000
0002
0003
,
0010
0100
0020
0030
,
1000
0000
0000
0101
0000
0000
1100
0000
,
0010
0001
1000
0100
0010
0001
1000
0100
,
0010
0100
1000
0001
,
0100
0010
0100
0001
,
1000
0100
1000
0010
,
0100
0001
0100
0010
,
0100
0100
0010
0010
,
1000
1000
0001
0001
,
2000
3000
0100
0010
,
0001
0010
0200
0300
,
2000
3000
0100
0010
,
0001
1000
0200
0300
,
1000
0010
0100
0020
,
0000
0030
1000
0001
,
1000
0010
1000
0010
,
1000
0010
1000
0010
,
0100
0001
0100
0001
,
0100
0001
0100
0001
,
1000
0010
0100
0001
,
1000
0100
0010
0001
,
1000
0100
0001
0010
,
1000
0100
0001
0010
,
1000
0100
0010
0001
,
1000
0100
0010
0001
,
1000
0010
0200
0300
,
1010
0000
0101
0000
,
1000
0000
0010
0000
1000
0010
0000
0000
,
1000
0000
0100
0000
1000
0100
0000
0000
,
1000
0100
0010
0001
,
1000
0001
2000
3000
,
0001
0000
0010
0000
0001
0010
0000
0000
,
0001
0000
0100
0000
0001
0100
0000
0000
,
0001
0100
0010
1000
,
0001
1000
0002
0003
,
0010
0000
0100
0000
0010
0100
0000
0000
,
0001
0000
1000
0000
0001
1000
0000
0000
,
1000
0100
0010
0100
,
1000
0010
0200
0300
,
0001
1000
0200
0300
,
1000
0001
0200
0300
,
1000
0000
0000
0000
0000
0100
0000
0000
0000
0000
1000
0000
0000
0000
0000
0000
0001
0000
0000
0000
0000
0100
0000
0000
0000
0000
0001
0000
0000
0000
0000
0000
,
0100
0000
2002
0000
,
0000
0000
3003
0001
,
0010
0100
1000
0001
,
0100
0020
0030
1000
,
0100
0010
0001
1000
,
0100
0020
0030
0001
,
0100
0001
0100
0010
,
1000
0010
0000
1000
,
0100
1000
0100
0010
,
0001
0010
0001
1000
,
0001
1000
0001
1000
,
0001
0100
0010
0100
,
0010
0100
0000
0001
,
0001
0002
1003
1000
,
2000
3100
0100
0200
,
0310
0010
0020
0031
,
0100
0001
1000
0100
,
1000
0001
1000
0001
,
0000
0010
0000
0000
0010
0000
0001
0000
,
0000
1000
0000
0000
1000
0000
0001
0000
,
0000
0100
0000
0000
0100
0000
0001
0000
,
0000
0101
0000
0001
,
0000
0100
0000
0001
0100
0000
0001
0000
,
0000
1000
0000
0001
1000
0000
0001
0000
,
0000
0010
0000
0100
0010
0000
0002
0000
,
0000
0000
0003
1000
,
0000
0001
0000
0100
0010
0000
1000
0000
,
0000
0001
0000
0100
0010
0000
1000
0000
,
0000
0001
0000
0100
0010
0000
1000
0000
,
0000
0001
0000
0100
0010
0000
1000
0001
,
0100
0010
1000
0100
0010
0001
1000
0100
,
0010
0000
0001
0000
1000
0000
0001
0000
0100
0000
0010
0000
1000
0000
0000
0001
,
0000
0000
2000
0000
0000
0000
0000
0000
3000
0000
0000
0000
0001
0000
0000
1000
,
0000
0002
0000
0000
0003
0000
1100
0000
,
0000
0101
0000
2002
,
0000
0000
0000
0000
,
0000
0000
3003
0000
;

//---------------dance-single - ----------------
#NOTES:
     dance-single:
     :
     Hard:
     10:
     0.905,1.000,0.198,0.044,0.077:  // measure 1
0000
0000
0000
0000
,  // measure 2
0000
0000
0000
0000
,  // measure 3
0000
0000
0000
0000
,  // measure 4
0000
0000
0000
0000
,  // measure 5
0001
0000
0100
0000
0010
1000
0000
0010
,  // measure 6
1000
0000
0100
0000
0010
0001
0000
0010
,  // measure 7
0001
0000
1000
0000
0001
0100
0000
0010
,  // measure 8
1000
0001
0001
0000
,  // measure 9
1000
0000
0100
0000
0010
0001
0000
0010
,  // measure 10
0001
0000
0100
0000
0010
1000
0000
0010
,  // measure 11
1000
0000
0001
0000
1000
0100
0000
0010
,  // measure 12
0001
1000
1000
0000
,  // measure 13
0001
0000
1000
0100
1000
0100
1000
0100
,  // measure 14
1000
0000
0001
0100
0001
0100
0001
0100
,  // measure 15
0010
1000
0010
0000
0100
0001
0100
0000
,  // measure 16
0001
0010
0100
1000
0010
0100
0001
1000
,  // measure 17
0010
1000
0010
1000
,  // measure 18
0001
0100
0001
0100
,  // measure 19
0010
1000
0100
0010
,  // measure 20
0001
1000
0100
0010
,  // measure 21
0001
0010
0001
0010
0001
0010
0001
0010
,  // measure 22
0100
1000
0100
1000
0100
1000
0100
1000
,  // measure 23
0001
0010
0100
1000
0010
0100
0001
1000
,  // measure 24
0100
0010
0001
0100
0010
1000
0001
0100
,  // measure 25
0010
0100
0010
1000
,  // measure 26
0100
0010
0001
0100
,  // measure 27
0001
1000
0010
0100
,  // measure 28
0010
1000
0100
0010
,  // measure 29
0001
0100
0001
0100
0001
1000
0001
1000
,  // measure 30
0001
0010
0001
0010
0001
1000
0001
1000
,  // measure 31
0001
0000
0000
0000
0000
0000
0000
0000
0000
0000
0000
0101
0000
0000
0000
0000
0000
0000
0000
0000
0000
0000
1100
0000
0000
0000
0000
0000
0000
0000
0000
0000
,  // measure 32
0010
0001
1000
0100
,  // measure 33
0010
0001
0010
0000
0001
0100
0001
0000
,  // measure 34
0100
0010
1000
0001
,  // measure 35
1000
0010
1000
0000
0010
0100
0010
0000
,  // measure 36
0100
0001
1000
0010
,  // measure 37
1000
0001
1000
0000
0001
1000
0001
0000
,  // measure 38
1000
1000
0001
0001
,  // measure 39
0010
0000
0001
0100
0001
0000
0100
0010
,  // measure 40
0100
0001
1000
0010
,  // measure 41
1000
0000
0100
0010
0100
0000
0010
0001
,  // measure 42
0010
0100
1000
0001
,  // measure 43
1000
0000
0001
0100
0010
1000
0001
0100
,  // measure 44
0010
0010
0100
0100
,  // measure 45
0001
1000
0001
0000
1000
0001
1000
0000
,  // measure 46
0001
0100
0001
0000
0100
0010
0100
0000
,  // measure 47
0010
1000
0010
0000
1000
0100
1000
0000
,  // measure 48
0100
0010
0100
0000
0010
0001
0010
0000
,  // measure 49
0001
0100
0001
0000
1000
0100
1000
0000
,  // measure 50
0001
0010
0001
0000
1000
0100
1000
0000
,  // measure 51
0001
1000
0100
0000
0010
0001
0100
0000
,  // measure 52
0001
1000
0010
0000
0100
0001
1000
0000
,  // measure 53
0100
1000
0001
0000
0010
0001
1000
0000
,  // measure 54
0010
0100
0001
0000
1000
0100
0010
0000
,  // measure 55
0001
1000
0001
0000
1000
0000
0000
0000
,  // measure 56
1100
0000
0101
0000
,  // measure 57
1000
0000
0100
1000
0000
0001
0100
0001
,  // measure 58
1000
0000
0010
1000
0000
0001
0010
0001
,  // measure 59
0010
0000
0100
0000
1000
0001
1000
0001
,  // measure 60
1000
1100
0011
0000
,  // measure 61
0001
0000
0100
0001
0000
1000
0100
1000
,  // measure 62
0001
0000
0010
0001
0000
1000
0010
1000
,  // measure 63
0010
0000
0100
0000
0001
1000
0001
1000
,  // measure 64
0001
0101
1010
0000
,  // measure 65
0010
0000
1000
0001
1000
0100
1000
0001
,  // measure 66
0010
0000
0001
1000
0001
0100
0001
1000
,  // measure 67
0010
0000
1000
0100
0010
0001
0100
0010
,  // measure 68
1000
1100
0101
0000
,  // measure 69
1000
0000
0001
0100
0001
0100
0001
0100
,  // measure 70
0001
0000
1000
0100
1000
0100
1000
0100
,  // measure 71
1000
0000
0000
0000
0000
0001
0000
0000
0000
0000
1000
0000
0000
0000
0000
0000
0001
0000
0000
0000
0000
1000
0000
0000
0000
0000
0001
0000
0000
0000
0000
0000
,  // measure 72
0100
0000
2002
0000
,  // measure 73
0000
0000
3003
1000
,  // measure 74
0001
0000
0010
0100
1000
0001
1000
0100
,  // measure 75
0010
0001
1000
0001
0100
0000
0010
0000
,  // measure 76
1000
0100
1000
0001
1000
0000
0010
1000
,  // measure 77
0001
0100
0001
0000
0010
0100
1000
0100
,  // measure 78
1000
0001
1000
0010
1000
0001
0100
0000
,  // measure 79
0010
1000
0100
0010
0001
0000
0100
0001
,  // measure 80
0000
0000
1000
0000
0001
0100
0010
1000
,  // measure 81
0010
1000
0001
0000
1000
0000
0001
0100
,  // measure 82
0001
0100
0001
0000
1000
0100
1000
0100
,  // measure 83
1000
0000
0010
0100
0010
0100
0010
0000
,  // measure 84
1000
0001
1000
0001
1000
0000
0001
0100
,  // measure 85
0001
0010
0001
0000
1000
0100
1000
0010
,  // measure 86
1000
0000
0010
0100
0010
1000
0001
0000
,  // measure 87
1000
0001
1000
0010
0100
0000
0001
0010
,  // measure 88
0100
1000
0001
0000
1000
0100
1000
0010
,  // measure 89
1000
0001
1000
0010
1000
0100
0010
0000
,  // measure 90
0001
1000
0000
1000
0001
0000
0010
0000
,  // measure 91
0011
0000
0000
1100
0000
0000
0100
0000
,  // measure 92
1000
0001
0000
0001
1000
0000
0100
0000
,  // measure 93
1100
0000
0000
0011
0000
0000
0001
0000
,  // measure 94
0010
0100
0000
0100
0010
0000
0001
0000
,  // measure 95
0100
0010
0000
0010
0100
0000
0010
0000
,  // measure 96
1000
0001
0000
0001
1000
0000
0001
0000
,  // measure 97
1001
0000
0000
1001
0000
0000
0010
0000
,  // measure 98
0001
1000
0001
0000
0100
0000
0001
0000
,  // measure 99
0010
0100
0010
0000
0001
0000
0100
0000
,  // measure 100
0001
1000
0001
0000
0010
0000
1000
0000
,  // measure 101
0100
0010
0100
0000
1000
0000
0010
0100
,  // measure 102
0010
1000
0001
0100
0010
1000
0001
0010
,  // measure 103
0100
0000
0000
0000
1000
0000
0000
0000
0010
0000
0000
0000
0100
0000
0000
0000
0001
0000
0000
0000
1000
0000
0000
0000
0001
0000
0000
0000
0000
0001
0000
0000
,  // measure 104
0000
0000
0001
0000
0000
0000
0000
0000
0000
0000
0000
0000
0000
0000
0000
0000
0000
0000
0000
0000
0000
0000
0000
0000
1000
0000
0000
0000
0000
1000
0000
0000
,  // measure 105
0000
0000
1000
0000
0000
0000
0000
0000
0000
0000
0000
0000
0000
0000
0000
0000
0000
0000
0000
0000
0000
0000
0000
0000
0010
0000
0000
0000
0000
0010
0000
0000
,  // measure 106
0000
0000
0010
0000
0000
0000
0000
0000
0100
0000
0000
0000
0000
0100
0000
0000
0000
0000
0100
0000
0000
0000
0000
0000
2002
0000
0000
0000
0000
0000
0000
0000
,  // measure 107
0000
0000
0000
0000
,  // measure 108
0000
0000
3003
0000
;

//---------------dance-double - ----------------
#NOTES:
     dance-double:
     :
     Easy:
     6:
     0.442,0.472,0.099,0.110,0.000:





00000000
00000000
00000000
00000000
,
00000000
00000000
00000000
00000000
,
00000000
00000000
00000000
00000000
,
00000000
00000000
00000000
00000000
,
00100000
00000000
10000000
00000000
,
00100000
00000000
01000000
00000000
,
00001000
00000000
00010000
00000000
,
00001000
00010000
00010000
00000000
,
00000010
00000000
00001000
00000000
,
00000010
00000000
00000100
00000000
,
00000001
00000000
00000100
00000000
,
00000010
00000100
00000100
00000000
,
00001000
00010000
00001000
00000000
,
00100000
01000000
01000000
00000000
,
10000000
01000000
00010000
00001000
,
00000010
00000001
00000100
00000000
,
00001000
00000000
00010000
00000000
,
00100000
00000000
10000000
00000000
,
01000000
10000000
01000000
00000000
,
10000000
01000000
00010000
00001000
,
00010000
00000000
00000010
00000000
,
00010000
00000000
00000100
00000000
,
00001000
00000010
00000100
00000000
,
00001000
00010000
00100000
10000000
,
00010000
00000000
01000000
00000000
,
00001000
00000000
00010000
00000000
,
00000010
00001000
00000001
00000000
,
00000100
00001000
00010000
00100000
,
10000000
00000000
10000000
00000000
,
00010000
01000000
00010000
00000000
,
00100000
00000000
00000000
00001000
00000000
00000000
00010000
00000000
,
00000010
00001000
00000010
00000000
,
00001000
00000100
00001000
00000000
,
00000001
00000000
00000001
00000000
,
00000001
00000100
00000001
00000000
,
00001000
00000000
00001000
00000000
,
00000010
00001000
00000001
00000000
,
00000001
00000000
00000001
00000000
,
00000001
00000100
00000000
00000000
,
00001000
00010000
00100000
00000000
,
10000000
00000000
01000000
00000000
,
00010000
00001000
00000010
00000000
,
00000001
00000000
00000100
00000000
,
00001000
00010000
00100000
00000000
,
10000000
01000000
10000000
00000000
,
10000000
01000000
00010000
00000000
,
00010000
01000000
00010000
00000000
,
00010000
00001000
00010000
00000000
,
00001000
00000010
00001000
00000000
,
00001000
00000010
00000001
00000000
,
00000010
00000001
00000100
00000000
,
00000001
00000100
00001000
00000000
,
00000100
00001000
00010000
00000000
,
00001000
00000000
00010000
00000000
,
00001000
00010000
00100000
00000000
,
10000000
00000000
01000000
00000000
,
00100000
00010000
00100000
00000000
,
00001000
00010000
00001000
00000000
,
00010000
00001000
00000010
00000001
,
00000100
00001000
00010000
00000000
,
00000010
00001000
00000010
00000000
,
00010000
00001000
00010000
00000000
,
00001000
00010000
00100000
10000000
,
01000000
00010000
00001000
00000000
,
00100000
00010000
00100000
00000000
,
00001000
00010000
00001000
00000000
,
00010000
00001000
00000010
00000001
,
00000100
00001000
00010000
00000000
,
00001000
00010000
00100000
00000000
,
00010000
00000100
00001000
00000000
,
00001100
00000000
00011000
00000000
,
00110000
00000000
00022000
00000000
,
00000000
00000000
00033000
00100000
,
00000000
00001000
00000000
00000000
,
00010000
00000010
00000000
00001000
,
00000000
00000010
00000100
00000000
,
00001000
00010000
00000000
00100000
,
10000000
01000000
00010000
00000000
,
00001000
00000010
00000000
00000100
,
00001000
00010000
00100000
00000000
,
10000000
01000000
00010000
00001000
,
00000000
00010000
00000000
00000000
,
00100000
10000000
00000000
01000000
,
00000000
00010000
00000000
00000000
,
00001000
00000010
00000000
00000001
,
00000100
00001000
00010000
00000000
,
00100000
10000000
00000000
10000000
,
01000000
00010000
00001000
00000000
,
00000010
00000001
00000000
00000001
,
00000000
00001000
00000000
00000000
00000100
00000000
00020000
00000000
,
00000000
00000000
00030000
00001000
,
00000000
00100000
00000000
00000000
01000000
00000000
20000000
00000000
,
00000000
00000000
30000000
00010000
,
00000000
01000000
00000000
00000000
00001000
00000000
00020000
00000000
,
00000000
00000000
00030000
00000010
,
00000000
00001000
00000000
00000000
00000001
00000000
00000200
00000000
,
00000000
00000000
00000300
00001000
,
00000000
00010000
00000000
00000000
00001000
00000000
00000020
00000000
,
00000000
00000000
00000030
00000001
,
00000000
00000100
00000000
00000000
00001000
00000000
00020000
00000000
,
00000000
00000000
00030000
00001000
,
00000000
00000010
00000000
00000000
00000001
00000000
00000100
00000000
,
00000000
00000000
00000000
00001010
,
00000000
00000000
00000000
00011000
,
00000000
00000000
00000000
00110000
,
00000000
11000000
00000000
02002000
,
00000000
00000000
00000000
00000000
,
00000000
00000000
03003000
00000000
;

//---------------dance-double - ----------------
#NOTES:
     dance-double:
     :
     Medium:
     8:
     0.588,0.649,0.219,0.088,0.000:





00000000
00000000
00000000
00000000
,
00000000
00000000
00000000
00000000
,
00000000
00000000
00000000
00000000
,
00000000
00000000
00000000
00000000
,
00100000
01000000
00010000
00000000
,
00100000
00001000
00010000
00000000
,
00000010
00000100
00000001
00000000
,
00001000
00000010
00010000
00000000
,
01010000
00000000
00001100
00000000
,
00000010
00000001
00000100
00000001
,
00001000
00000000
00001000
00000000
,
00000001
00000100
00000001
00000000
,
00000001
00000100
00001000
00000100
,
00000001
00000100
00001000
00010000
,
00100000
10000000
00100000
00010000
,
00100000
10000000
00100000
00010000
,
00100000
00000000
00100000
00000000
00000000
10000000
00000000
10000000
,
01000000
00000000
01000000
00000000
00000000
00010000
00000000
00010000
,
00001000
00000000
00001000
00000000
00000000
00000010
00000000
00000010
,
00000001
00000100
00001000
00010000
,
00100000
00000000
00100000
00000000
00000000
10000000
00000000
10000000
,
01000000
00000000
01000000
00000000
00000000
00010000
00000000
00010000
,
00001000
00000000
00001000
00000000
00000000
00000010
00000000
00000010
,
00000001
00000100
00001000
00010000
,
00000010
00000000
00000010
00000000
00000000
00001000
00000000
00001000
,
00000001
00000000
00000001
00000000
00000000
00000100
00000000
00000100
,
00001000
00000000
00001000
00000000
00000000
00010000
00000000
00010000
,
00001000
00010000
00100000
10000000
,
01000000
00000000
01000000
00000000
00000000
00010000
00000000
00010000
,
00001000
00000000
00001000
00000000
00000000
00000010
00000000
00000100
,
00001100
00000000
00000000
00011000
00000000
00000000
01010000
00000000
,
10000000
00010000
10000000
00010000
,
01000000
00010000
01000000
00010000
,
00100000
00001000
00100000
00001000
,
00010000
00001000
00010000
00001000
,
00010000
00000100
00010000
00000100
,
00000010
00000001
00000010
00000001
,
00001000
00000001
00001000
00000001
,
00001010
00000000
00000101
00000000
,
00000001
00000100
00001000
00010000
,
10100000
00000000
01010000
00000000
,
00001000
00010000
00001000
00010000
,
00001010
00000000
00001001
00000000
,
00000001
00000100
00001000
00010000
,
00000010
00010000
00000010
00010000
,
00000010
00000001
00000010
00000000
,
00001000
00000100
00000010
00000001
,
00001000
00000001
00001000
00000000
,
00000001
00000100
00001000
00010000
,
00100000
10000000
01000000
00000000
,
10000000
01000000
00100000
00010000
,
10000000
00010000
01000000
00100000
,
10000000
01000000
00100000
00010000
,
01010000
00000000
10100000
00000000
,
10000000
01000000
00010000
00001000
,
00000011
00000000
00000101
00000000
,
00000001
00000000
00000001
00000000
00001000
00000001
00000000
00000000
,
00001000
00000000
00001000
00000000
00000100
00001000
00000000
00000000
,
00010000
00000000
00010000
00000000
00001000
00010000
00000000
00001000
,
00010000
01000000
10000000
00000000
,
10000000
00000000
10000000
00000000
00010000
10000000
00000000
00000000
,
00010000
00000000
00010000
00000000
01000000
00010000
00000000
00000000
,
00001000
00000000
00001000
00000000
00010000
00001000
00000000
00010000
,
00001000
00000010
00000001
00000000
,
00000001
00000000
00000001
00000000
00001000
00000001
00000000
00000000
,
00001000
00000000
00001000
00000000
00000100
00001000
00000000
00000000
,
00010000
00000000
00010000
00000000
00001000
00010000
00000000
00001000
,
00010000
01000000
10000000
00000000
,
10000000
00000000
10000000
00000000
00010000
10000000
00000000
00000000
,
00010000
00000000
00010000
00000000
01000000
00010000
00000000
00000000
,
00100000
00000000
00000000
00001000
00100000
00000000
00000000
00000100
,
00010000
00000000
00022000
00000000
,
00000000
00000000
00033000
00000001
,
00001000
00000100
00001000
00000000
,
00000001
00000100
00000000
00000001
,
00000100
00001000
00010000
00000000
,
01000000
10000000
00000000
00010000
,
10000000
01000000
10000000
00000000
,
00001000
01000000
00000000
00001000
,
00010000
00000100
00001000
00000000
,
00000001
00000000
00000100
00000000
00000001
00000000
00001000
00000010
,
00001000
00000010
00001000
00000000
00000100
00000000
00000000
00000000
,
00001000
00000000
00010000
00000000
00000000
00000000
00100000
00010000
,
00100000
00010000
00100000
00000000
00001000
00000000
00000000
00000000
,
00000100
00000000
00000001
00000000
00000000
00000000
00001000
00000010
,
00001000
00000010
00001000
00000000
00000100
00000000
00000000
00000000
,
00001000
00000000
00010000
00000000
00000000
00000000
00100000
00010000
,
00100000
00010000
00100000
00000000
00001000
00000000
00000000
00000000
,
00010000
00001000
00010000
00000010
,
00000000
00000001
00000000
00000000
00000100
00000000
00001000
00000000
,
00000000
00100000
00000000
01000000
,
00000000
00100000
00000000
00000000
00001000
00000000
00010000
00000000
,
00000000
00000100
00000000
00000010
,
00000000
00000001
00000000
00000000
00000100
00000000
00001000
00000000
,
00000000
00100000
00000000
01000000
,
00000000
00100000
00000000
00000000
00001000
00000000
00020200
00000000
,
00000000
00000000
00030300
00000010
,
00000000
00000001
00000000
00000000
00000100
00000000
00000010
00000000
,
00000000
00010000
00000000
00000000
00000100
00000000
00010000
00000000
,
00000000
00000010
00000000
00000000
00000100
00000000
00001000
00000000
,
00000000
00010000
00000000
00000000
00100000
00000000
10000000
00000000
,
00000000
01000000
00000000
00000000
00010000
00000000
00001000
00000000
,
00000000
00000010
00000000
00000000
00000001
00000000
00000200
00000000
,
00000000
00000000
00000300
00000002
,
00000000
00000000
00000003
00001010
,
00000000
00011000
00000000
02020000
,
00000000
00000000
00000000
00000000
,
00000000
00000000
03030000
00000000
;

//---------------dance-double - ----------------
#NOTES:
     dance-double:
     :
     Hard:
     10:
     0.785,1.000,0.132,0.044,0.044:





00000000
00000000
00000000
00000000
,
00000000
00000000
00000000
00000000
,
00000000
00000000
00000000
00000000
,
00000000
00000000
00000000
00000000
,
00100000
00000000
00100000
00000000
10000000
01000000
10000000
00000000
,
00010000
00000000
00010000
00000000
01000000
00010000
01000000
00000000
,
00010000
00000000
00010000
00000000
00100000
00001000
00100000
00000000
,
00001000
00010000
00000100
00000000
,
00001000
00000000
00001000
00000000
00000001
00000100
00000001
00000000
,
00000100
00000000
00000100
00000000
00000010
00010000
00000010
00000000
,
00010000
00000000
00010000
00000000
00001000
00010000
01000000
00000000
,
10000000
00100000
01000000
00000000
,
00010000
00000000
01000000
00010000
01000000
00010000
00000000
01000000
,
00001000
00000000
00010000
00001000
00010000
00001000
00000000
00010000
,
00000100
00001000
00000100
00000000
00001000
00000001
00001000
00000000
,
00000001
00000100
00000010
00001000
00000100
00000010
00000001
00001000
,
00000001
00000100
00001000
00010000
,
00100000
10000000
01000000
00010000
,
00001000
00000010
00000001
00000100
,
00001000
00010000
00100000
10000000
,
01000000
00000000
10000000
00000000
01000000
10000000
00000000
01000000
,
00100000
00000000
00010000
00000000
00100000
00010000
00000000
00100000
,
00001000
00000000
00010000
00000000
00001000
00010000
00000000
00001000
,
00010000
00000100
00001000
00000001
,
00000100
00001000
00000100
00000001
,
00000100
00001000
00000100
00000001
,
00000100
00001000
00010000
00100000
,
10000000
00100000
00010000
00100000
,
10000000
00100000
00010000
00100000
,
00010000
00100000
10000000
00100000
,
01100000
00000000
00000000
00011000
00000000
00000000
00010010
00000000
,
00001000
00000100
00010000
00000100
00001000
00000010
00010000
00000010
,
00001000
00000100
00001000
00000010
,
00001000
00000100
00000000
00000010
,
00001000
00000100
00000010
00000001
,
00000100
00001000
00010000
00100000
,
10000000
01000000
00010000
00001000
,
00000100
00000001
00000010
00000100
,
00011000
00000000
00010000
00000100
,
00001000
00000001
00000100
00000000
,
00001010
00000000
00011000
00000000
,
01000000
10000000
01000000
00000000
,
00100000
00000000
00001000
00010000
00001000
00010000
00001000
00000000
,
00010000
00000100
00000010
00000000
,
00000001
00000100
00000001
00000100
,
00000010
00000100
00000010
00000100
,
00000010
00001000
00000010
00001000
,
00000100
00010000
00000100
00010000
,
00001000
00010000
00001000
00010000
,
00001000
01000000
00001000
01000000
,
00010000
10000000
00010000
10000000
,
01000000
10000000
01000000
10000000
,
00010000
00100000
00010000
00100000
,
00001000
00010000
00001000
00010000
,
00000010
00010000
00001000
00000000
,
00101000
00000000
00010100
00000000
,
00001000
00000000
00010000
00000000
00001000
00010000
00000000
00010000
,
00000100
00000000
00010000
00000000
00000100
00010000
00000000
00010000
,
00001000
00000000
01000000
00000000
00001000
01000000
00000000
01000000
,
00010000
00010000
00010000
00000000
,
00100000
00000000
00001000
00000000
00100000
00001000
00000000
00001000
,
00010000
00000000
00000010
00000000
00010000
00000010
00000000
00001000
,
00000100
00010000
00001000
00010000
00000100
00010000
00001000
00010000
,
00001000
00001000
00001000
00000000
,
00000010
00000000
00010000
00000000
00000010
00010000
00000000
00010000
,
00001000
00000000
00100000
00000000
00001000
00100000
00000000
00100000
,
00001000
00000000
00010000
00000000
00001000
00010000
00001000
00010000
,
00001000
00001000
00001000
00000000
,
00100000
00000000
10000000
00000000
01000000
00010000
00000000
00001000
,
00000010
00000000
00000001
00000000
00000100
00001000
00000000
00010000
,
00001000
00010000
00100000
00000000
00010000
00001000
00010000
00000000
,
00000100
00000000
00022000
00000000
,
00000000
00000000
00000000
00000000
00033000
00000000
10000000
01000000
,
10000000
01000000
10000000
00000000
00010000
01000000
00000000
00010000
,
01000000
00000000
00001000
00000000
00010000
00000000
00001000
00000100
,
00001000
00000100
00001000
00000000
00000010
00001000
00000000
00000001
,
00000010
00000000
00000100
00000000
00010000
00000000
00001000
00010000
,
00001000
00010000
00001000
00010000
00001000
00010000
00000000
00000010
,
00001000
00000000
00000001
00000000
00000100
00000000
00000010
00001000
,
00000010
00001000
00000010
00001000
00000010
00001000
00000010
00000000
,
00010000
00000000
00001000
00000000
00100000
00000000
00100000
00010000
,
00100000
00010000
00100000
00000000
00001000
00010000
00001000
00010000
,
00001000
00000000
00010000
00000000
00000100
00010000
00000100
00000000
,
00000010
00000001
00000010
00000001
00000010
00000000
00000001
00000100
,
00000001
00000100
00000001
00000000
00000100
00000010
00000100
00000010
,
00000100
00000000
00001000
00010000
00001000
00010000
00001000
00000000
,
00100000
00010000
00100000
00010000
00100000
00000000
00010000
10000000
,
00010000
10000000
00010000
00000000
10000000
01000000
00100000
00010000
,
10000000
00010000
01000000
00100000
10000000
00010000
01000000
00000000
,
00000000
00001000
00000000
00010000
00001000
00000000
00010000
00000000
,
00001000
00000000
00000000
00010000
00000000
00000000
00000100
00000000
,
00000000
00010000
00000000
00001000
00010000
00000000
00001000
00000000
,
00010000
00000000
00000000
00001000
00000000
00000000
00100000
00000000
,
00000000
00010000
00000000
10000000
01000000
00000000
00010000
00000000
,
00000000
00001000
00000000
00000010
00000001
00000000
00000100
00000000
,
00000000
00001000
00000000
00010000
00100000
00000000
10000000
00000000
,
11000000
00000000
00000000
00110000
00000000
00000000
00100000
00010000
,
00100000
00001000
00010000
00000100
00001000
00000100
00000010
00000001
,
00000010
00000001
00000100
00000010
00001000
00000010
00010000
00001000
,
00010000
00001000
01000000
00010000
10000000
00100000
10000000
00100000
,
01000000
00010000
01000000
00010000
01000000
00001000
00010000
00001000
,
00010000
00000010
00001000
00000001
00000100
00001000
00000100
00000001
,
00001000
00000000
00000000
00000000
00000010
00000000
00000000
00000000
00000100
00000000
00000000
00000000
00000001
00000000
00000000
00000000
00001000
00000000
00000000
00000000
00000000
00000000
00000000
00000000
00000001
00000000
00000000
00000000
00000000
00000100
00000000
00000000
,
00000000
00000000
00000010
00000000
00000000
00000000
00000000
00000000
00000000
00000000
00000000
00000000
00000000
00000000
00000000
00000000
00000000
00000000
00000000
00000000
00000000
00000000
00000000
00000000
00010000
00000000
00000000
00000000
00000000
00001000
00000000
00000000
,
00000000
00000000
01000000
00000000
00000000
00000000
00000000
00000000
00000000
00000000
00000000
00000000
00000000
00000000
00000000
00000000
00000000
00000000
00000000
00000000
00000000
00000000
00000000
00000000
00010000
00000000
00000000
00000000
00000000
00100000
00000000
00000000
,
00000000
00000000
00001000
00000000
00000000
00000000
00000000
00000000
00010000
00000000
00000000
00000000
00000000
00000010
00000000
00000000
00000000
00000000
00000100
00000000
00000000
00000000
00000000
00000000
00002020
00000000
00000000
00000000
00000000
00000000
00000000
00000000
,
00000000
00000000
00000000
00000000
,
00000000
00000000
00003030
00000000
;

//---------------dance-single - ----------------
#NOTES:
     dance-single:
     :
     Beginner:
     3:
     0.135,0.174,0.011,0.000,0.000:





0000
0000
0000
0000
,
0000
0000
0000
0000
,
0000
0000
0000
0000
,
0000
0000
0000
0000
,
0001
0000
0000
0000
,
0000
0000
0000
0000
,
0001
0000
0000
0000
,
0000
0000
0000
0000
,
1000
0000
0000
0000
,
0000
0000
0000
0000
,
1000
0000
0000
0000
,
0000
0000
0000
0000
,
0010
0000
0000
0000
,
0000
0000
0000
0000
,
0010
0000
0000
0000
,
0010
0000
0000
0000
,
0010
0000
0000
0000
,
0001
0000
0000
0000
,
1000
0000
0000
0000
,
0001
0000
0000
0000
,
1000
0000
0000
0000
,
0001
0000
0000
0000
,
1000
0000
0000
0000
,
0001
0000
0000
0000
,
0010
0000
0000
0000
,
0100
0000
0000
0000
,
0010
0000
0000
0000
,
0100
0000
0000
0000
,
1000
0000
0000
0000
,
0001
0000
0000
0000
,
1000
0000
0000
0000
,
1000
0000
0000
0000
,
1000
0000
0000
0000
,
0000
0000
0000
0000
,
0001
0000
0000
0000
,
0000
0000
0000
0000
,
0010
0000
0000
0000
,
0000
0000
0000
0000
,
0100
0000
0000
0000
,
0000
0000
0000
0000
,
0001
0000
0000
0000
,
0000
0000
0000
0000
,
0100
0000
0000
0000
,
0000
0000
0000
0000
,
1000
0000
0000
0000
,
0001
0000
0000
0000
,
1000
0000
0000
0000
,
0001
0000
0000
0000
,
1000
0000
0000
0000
,
0001
0000
0000
0000
,
1000
0000
0000
0000
,
0001
0000
0000
0000
,
0001
0000
0000
0000
,
1000
0000
0000
0000
,
0001
0000
0000
0000
,
1000
0000
0000
0000
,
0001
0000
0000
0000
,
0001
0000
0000
0000
,
0001
0000
0000
0000
,
0001
0000
0000
0000
,
1000
0000
0000
0000
,
1000
0000
0000
0000
,
1000
0000
0000
0000
,
1000
0000
0000
0000
,
0010
0000
0000
0000
,
0100
0000
0000
0000
,
0010
0000
0000
0000
,
0100
0000
0000
0000
,
0001
0000
0000
0000
,
1000
0000
0000
0000
,
0001
0000
0000
0000
,
1000
0000
0000
0000
,
0000
0000
0000
0001
,
0000
0000
0000
0000
,
0000
0000
0000
1000
,
0000
0000
0000
0000
,
0000
0000
0000
0001
,
0000
0000
0000
0000
,
0000
0000
0000
0001
,
0000
0000
0000
0000
,
0000
0000
0000
0010
,
0000
0000
0000
0000
,
0000
0000
0000
0100
,
0000
0000
0000
0000
,
0000
0000
0000
1000
,
0000
0000
0000
1000
,
0000
0000
0000
1000
,
0000
0000
0000
0001
,
0000
0000
0000
0100
,
0000
0000
0000
1000
,
0000
0000
0000
0010
,
0000
0000
0000
0001
,
0000
0000
0000
1000
,
0000
0000
0000
0100
,
0000
0000
0000
0001
,
0000
0000
0000
0010
,
0000
0000
0000
0100
,
0000
0000
0000
1000
,
0000
0000
0000
0010
,
0000
0000
0000
0001
,
0000
0000
0000
1000
,
0000
0000
0000
0100
,
0000
0000
0000
0001
,
0000
0000
0000
0010
,
0000
0000
0000
1000
,
0000
0000
0000
1001
;
