#TITLE:Midnite Blaze;
#SUBTITLE:;
#ARTIST:U1 Jewel Style;
#TITLETRANSLIT:;
#SUBTITLETRANSLIT:;
#ARTISTTRANSLIT:;
#CREDIT:;
#BANNER:Midnite Blaze.png;
#BACKGROUND:Midnite Blaze-bg.png;
#LYRICSPATH:;
#CDTITLE:./CDTITLES/DANCE DANCE REVOLUTION HOME VERSION.PNG;
#MUSIC:Midnite Blaze.ogg;
#OFFSET:0.000;
#SAMPLESTART:26.580;
#SAMPLELENGTH:15.000;
#SELECTABLE:YES;
#DISPLAYBPM:150.000;
#BPMS:0.000=149.943,4.000=150.144;
#STOPS:;
#BGCHANGES:;

//---------------dance-single - ----------------
#NOTES:
     dance-single:
     :
     Beginner:
     1:
     0.173,0.209,0.157,0.000,0.000:
0000
0000
0000
0000
,
0000
0000
0000
0000
,
0000
0000
0000
0000
,
0000
0000
0000
0000
,
0000
0000
0010
0000
,
0001
0000
0010
0000
,
0010
0000
1000
0000
,
0001
0000
0010
0000
,
0010
0000
1000
0000
,
0001
0000
1000
0000
,
1000
0000
0001
0000
,
0001
0000
1000
0000
,
1000
0000
0001
0000
,
0010
0000
0010
0000
,
0001
0000
1001
0000
,
0010
0000
0010
0000
,
1000
0000
1001
0000
,
0010
0000
0100
0000
,
0010
0010
0010
0000
,
0010
0000
0010
0000
,
0110
0000
0110
0000
,
1000
0000
1000
0000
,
0001
0000
0001
0000
,
0010
0010
0010
0000
,
0010
0010
0010
0000
,
1001
0000
0000
0000
,
0000
0000
0000
0000
,
0110
0000
0000
0000
,
0000
0000
0000
0000
,
0010
0000
0010
0000
,
0010
0000
0010
0000
,
0100
0000
0100
0000
,
0100
0000
0100
0000
,
0001
0000
1000
0000
,
1000
0000
0001
0000
,
0001
0000
1000
0000
,
1000
0000
0001
0000
,
1001
0000
0000
0000
,
0110
0000
1001
0000
,
0010
0000
0010
0000
,
0010
0000
1001
0000
,
0010
0000
0100
0000
,
0010
0010
0010
0000
,
0010
0000
0010
0000
,
0110
0000
0110
0000
,
1000
0000
1000
0000
,
0001
0000
0001
0000
,
0010
0010
0010
0000
,
0010
0010
0010
0000
,
1001
0000
0000
0000
,
0000
0000
0000
0000
,
1001
0000
0000
0000
,
0010
0000
0100
0000
,
0010
0000
0010
0000
,
0010
0000
0010
0000
,
0100
0000
0100
0000
,
0100
0000
0100
0000
,
1001
0000
0000
0000
,
0000
0000
0000
0000
;

//---------------dance-single - ----------------
#NOTES:
     dance-single:
     :
     Easy:
     4:
     0.287,0.388,0.167,0.000,0.000:
0000
0000
0000
0000
,
0000
0000
0000
0000
,
0000
0000
0000
0000
,
0000
0000
0000
0000
,
0000
0000
0010
1000
,
0001
0000
0010
0000
,
0010
0001
0100
1000
,
0010
0000
0010
0000
,
0010
0000
0100
0100
,
0010
0001
0100
1000
,
0010
1000
0100
0001
,
0010
0010
1000
1000
,
0001
0001
0100
0100
,
0010
1000
0100
0001
,
0010
0001
0100
1001
,
0010
1000
0100
1000
,
0110
0000
0000
0000
,
0010
0001
0100
0000
,
0010
0001
1000
0100
,
0010
0001
0010
1000
,
0110
1001
0110
1001
,
1000
1000
0100
0000
,
0001
0001
0100
0000
,
1000
1000
0001
0001
,
0010
0010
0110
1001
,
0010
0000
0010
0000
,
0010
0001
1000
0100
,
1000
0000
1000
0000
,
0010
1000
0100
0001
,
0010
0000
0010
0000
,
0010
1000
0010
0001
,
0100
0000
0100
0000
,
0010
0010
0010
0100
,
0010
0001
0100
1001
,
0010
0001
1000
0000
,
1000
1000
0100
0100
,
0001
0001
1000
0001
,
1000
0001
0000
0000
0000
0000
0000
0000
,
0010
1000
0001
0100
,
0010
1000
0100
0001
,
0110
0000
0000
0000
,
0010
0001
0100
0000
,
0010
0001
1000
0100
,
0010
0001
0010
1000
,
0110
1001
0110
1001
,
0001
0000
0001
0000
0100
0100
0000
0000
,
1000
1000
0100
0000
,
1000
1000
0001
0001
,
0010
0010
0110
1001
,
0010
0000
0010
0000
,
0010
0001
1000
0100
,
1000
0000
1000
0000
,
0010
0001
0100
1000
,
0010
0000
0010
0000
,
0010
1000
0100
0001
,
0100
0000
0100
0000
,
0001
1000
0001
1000
,
0100
0000
0000
0000
,
0000
0000
0000
0000
;

//---------------dance-single - ----------------
#NOTES:
     dance-single:
     :
     Medium:
     5:
     0.333,0.358,0.282,0.000,0.000:
0000
0000
0000
0000
,
0000
0000
0000
0000
,
0000
0000
0000
0000
,
0000
0000
0000
0000
,
0000
0000
0000
0000
0010
0001
1000
0000
,
0010
0000
0010
0000
,
0010
0001
0100
1000
,
0010
1000
0100
0001
,
0100
0010
1000
0000
0001
0000
1000
0000
,
0010
0001
0100
1100
,
0010
0001
0100
0101
,
1000
1000
0100
0100
,
0001
0000
0001
0000
1000
0001
0100
0000
,
0010
1000
0100
0101
,
0010
0001
0100
1100
,
0010
0010
0100
1000
,
0110
0000
0000
0000
,
0010
0101
1100
0000
,
0010
0000
0001
0000
0100
0010
1000
0000
,
0010
0001
0100
0000
0011
0000
1000
0000
,
0100
0001
1000
0001
,
0010
0100
0001
0000
1000
1000
0000
0000
,
0010
0010
0100
0000
,
0010
1100
0010
0101
,
0110
1001
0110
0100
,
0010
0000
0010
0000
,
0010
0001
1000
0100
,
1000
0000
1000
0000
,
0010
1000
0100
0001
,
0010
0000
0010
0000
,
0010
1000
0100
0001
,
0100
0000
0100
0000
,
0010
0100
0010
0000
0001
0000
1000
0000
,
0010
0001
0100
1100
,
0010
0001
0100
0101
,
1000
1000
0100
0100
,
0001
0000
0001
0000
1000
0001
0100
0000
,
1000
0001
0000
0000
0000
1001
0000
0000
,
0000
0110
0000
1010
0000
1001
0000
0000
,
0010
0001
0100
1000
,
0110
0000
0000
0000
,
0010
1100
0101
0000
,
0010
0000
1000
0000
0100
0010
0001
0000
,
0010
0100
1001
0100
,
0010
0001
0100
1000
,
0010
1000
0100
0000
0001
0001
0000
0000
,
0001
0000
1000
0000
0010
0100
0001
0000
,
1000
1000
0001
0001
,
0110
1001
0110
0100
,
0010
0000
0010
0000
,
0010
1000
0100
0001
,
0010
0000
0010
0000
,
0010
0001
0100
1000
,
0010
1000
0100
0001
,
0010
0001
0100
1100
,
0100
0000
0100
0000
,
0100
0000
0000
1000
0000
0100
1000
0001
,
0100
0000
0000
0000
,
0000
0000
0000
0000
;

//---------------dance-single - ----------------
#NOTES:
     dance-single:
     :
     Hard:
     7:
     0.523,0.477,0.178,0.000,0.152:
0000
0000
0000
0000
,
0000
0000
0000
0000
,
0000
0000
0000
0000
,
0000
0000
0000
0000
,
0000
0000
0000
0000
0010
0001
1000
0001
,
1000
0000
0010
0000
1000
0010
0000
1000
0010
0000
0000
0100
0000
0000
0010
0000
,
0000
1000
0000
0000
0010
0000
0000
1000
0000
0000
0001
0000
1000
0000
0010
0000
,
0100
0000
0010
0000
0100
0000
0000
0000
0001
0000
0000
0100
0000
0000
0001
0000
,
1000
0100
1000
0010
0100
0010
1000
0001
,
0010
0100
0001
0000
0010
1000
0100
0000
,
0010
0001
0100
0010
1000
0100
1000
0000
,
0010
0001
0100
0000
0010
1000
0100
0010
,
0000
0010
0000
0010
0100
0010
0001
1000
,
0001
0100
0001
0100
0010
0100
0001
1000
,
0010
1000
0001
0000
0100
0001
0010
0000
,
0100
1000
0010
0100
0001
0010
0001
1000
,
0000
1000
0000
1000
0010
0100
0001
1000
,
0010
0000
0101
0000
1100
0000
0000
0010
,
0000
1000
0001
0100
0010
1000
1000
0000
,
1000
0010
0100
0000
1100
0000
0101
0000
,
0010
0100
0001
1000
0010
1000
0100
0001
,
1000
0001
1000
0001
0100
0100
0000
0010
,
0000
1000
0001
0100
1000
0001
0001
0000
,
0010
0100
0001
0100
0010
1000
0001
1000
,
0010
0000
0001
0100
0000
1000
0001
1000
,
0010
0000
1000
0000
0010
1000
0000
0010
1000
0000
0010
0000
0000
0000
0100
0000
,
0000
0001
0000
0000
0010
0000
0000
0100
0000
0000
0001
0000
1000
0000
0010
0000
,
0100
0000
0001
0000
0100
0000
0000
0000
0010
0000
0000
0100
0000
0000
0001
0000
,
1000
0100
1000
0001
0100
0010
1000
0100
,
0001
0000
0010
0000
0001
0010
0000
0001
0010
0000
0000
0100
0000
0000
0010
0000
,
0000
1000
0000
0000
0010
0000
0000
0100
0000
0000
1000
0000
0001
0000
0100
0000
,
0010
0000
1000
0000
0010
0000
0000
0000
1000
0000
0000
0100
0000
0000
1000
0000
,
0001
0100
0001
1000
0010
0100
0001
0100
,
0010
1000
0001
0000
1000
0100
1000
0000
,
0010
1000
0001
0100
0001
1000
0100
0000
,
1000
1000
0100
0100
,
0001
0000
0001
0000
0001
0001
1000
1000
,
0101
1100
0000
0000
0000
1001
0000
0000
,
0000
0110
0000
1010
0000
1001
0000
0000
,
0010
0001
0100
1000
,
0110
0000
0000
0000
0010
0100
0001
1000
,
0010
0000
0101
0000
1100
0000
0000
0010
,
0000
0001
1000
0001
0010
0001
1000
0000
,
1100
0101
0011
1010
,
0010
0100
0001
1000
0010
1000
0100
0001
,
1000
0001
1000
0001
0100
0100
0000
0010
,
0000
1000
0001
0100
1000
0010
0010
0000
,
1000
1000
0010
0100
0001
0001
0100
0010
,
0100
0000
0000
0010
0000
0001
1000
0100
,
1000
0000
0010
0000
1000
0010
0000
1000
0010
0000
0000
0100
0000
0000
0010
0000
,
0000
0001
0000
0000
0010
0000
0000
0100
0000
0000
0001
0000
1000
0000
0001
0000
,
1000
0000
0010
0000
0100
0000
0000
0000
0001
0000
0000
0100
0000
0000
0001
0000
,
1000
0100
1000
0001
0100
0010
1000
0100
,
0001
0000
0010
0000
0001
0010
0000
0001
0010
0000
0000
0100
0000
0000
0001
0000
,
0000
1000
0000
0000
0010
0000
0000
0100
0000
0000
1000
0000
0001
0000
1000
0000
,
0010
0000
0100
0000
0010
0000
0000
0000
1000
0000
0000
0001
0000
0000
0100
0000
,
0001
0100
0000
1000
0000
0100
1000
0001
,
0100
0000
0000
0000
,
0000
0000
0000
0000
;

//---------------dance-double - ----------------
#NOTES:
     dance-double:
     :
     Easy:
     4:
     0.290,0.388,0.167,0.000,0.000:
00000000
00000000
00000000
00000000
,
00000000
00000000
00000000
00000000
,
00000000
00000000
00000000
00000000
,
00000000
00000000
00000000
00000000
,
00000000
00000000
00100000
01000000
,
00001000
00000000
00000100
00000000
,
00000001
00000100
00010000
01000000
,
00010000
00000000
00010000
00000000
,
00010000
00000000
00100000
00100000
,
10000000
00010000
00001000
00000100
,
00000010
00000001
00000100
00010000
,
00100000
00100000
01000000
01000000
,
10000000
10000000
00010000
00010000
,
01000000
00010000
00001000
00000100
,
00000001
00001000
00000010
00011000
,
01000000
00010000
10000000
01000000
,
01100000
00000000
00000000
00000000
,
00100000
01000000
00010000
00000000
,
00001000
00000100
00000001
00001000
,
00000010
00000100
00001000
00010000
,
01100000
10010000
01100000
10010000
,
00100000
00100000
01000000
00000000
,
00010000
00010000
00000100
00000000
,
00000010
00000100
00000001
00001000
,
00000010
00000100
00001000
00011000
,
01000000
00000000
00010000
00000000
,
10000000
01000000
00010000
00001000
,
00000100
00000000
00000010
00000000
,
00000001
00000100
00010000
01000000
,
00100000
00000000
00100000
00000000
,
00100000
01000000
00001000
00000100
,
00000010
00000000
00000010
00000000
,
00000010
00001000
00000001
00000100
,
00000010
00010000
00100000
10010000
,
01000000
00010000
00001000
00000110
,
00000001
00000001
00000100
00000100
,
00000001
00001000
00000010
00001000
,
00000100
00001000
00000000
00000000
00000000
00000000
00000000
00000000
,
00010000
10000000
00100000
10000000
,
00010000
01000000
00100000
01000000
,
00011000
00000000
00000000
00000000
,
00000010
00000100
00000001
00000000
,
00001000
00010000
01000000
00100000
,
10000000
01000000
00010000
00001000
,
00000110
00001001
00000110
00001001
,
00000100
00000000
00000100
00000000
00000010
00001000
00000000
00000000
,
00000010
00000100
00000010
00001000
,
00010000
01000000
00100000
10000000
,
01000000
00001000
00000110
00001001
,
00000100
00000000
00000010
00000000
,
00000010
00001000
00010000
01000000
,
00100000
00000000
00100000
00000000
,
00100000
00010000
00001000
00000100
,
00000010
00000000
00000010
00000000
,
00000010
00000001
00000100
00001000
,
00010000
00000000
00010000
00000000
,
00100000
10000000
00010000
10000000
,
01000000
00000000
00000000
00000000
,
00000000
00000000
00000000
00000000
;

//---------------dance-double - ----------------
#NOTES:
     dance-double:
     :
     Medium:
     5:
     0.375,0.447,0.282,0.000,0.000:
00000000
00000000
00000000
00000000
,
00000000
00000000
00000000
00000000
,
00000000
00000000
00000000
00000000
,
00000000
00000000
00000000
00000000
,
00000000
00000000
00000000
00000000
00100000
00010000
01000000
00010000
,
01000000
00000000
01000000
00000000
,
00010000
00001000
00000100
00000010
,
00000001
00001000
00010000
01000000
,
00100000
01000000
00010000
01000000
00001000
00010000
00000010
00000000
,
00001000
00000001
00000100
00000110
,
00000010
00001000
00010000
01010000
,
00100000
10000000
00010000
00010000
,
01000000
00000000
01000000
00000000
00010000
10000000
01000000
00000000
,
00100000
00010000
00001000
00001100
,
00000010
00000001
00000100
00001010
,
00010000
00010000
00100000
01000000
,
01100000
00000000
00000000
00000000
01000000
00100000
01000000
00000000
,
00010000
00011000
00001100
00000000
,
00000010
00000000
00001000
00000000
00000001
00000100
00000010
00000000
,
00010000
01000000
00100000
00000000
00010000
00000000
01000000
00000000
,
00100000
10000000
00010000
01000000
00001000
00010000
00000010
00000100
,
00000010
00001000
00000001
00000100
00000010
00000010
00000000
00000000
,
00000010
00000000
00000001
00000000
00001000
00000010
00000100
00000000
,
00001000
00011000
01000000
00110000
,
01100000
10010000
01100000
00100000
,
01000000
00000000
01000000
00000000
,
01000000
00010000
00001000
00000100
,
00000010
00000000
00000010
00000000
,
00000001
00000100
00001000
00010000
,
01000000
00000000
01000000
00000000
,
01000000
00100000
00010000
00001000
,
00000100
00000010
00000001
00001000
,
00000010
00001000
00000010
00010000
00001000
01000000
00010000
00000000
,
00100000
00010000
01000000
11000000
,
00100000
01000000
00010000
00011000
,
00000010
00000010
00000100
00000100
,
00000001
00000000
00000001
00000000
00001000
00010000
01000000
00000000
,
00100000
00100000
00000000
00000000
00000000
01100000
00000000
00000000
,
00000000
00110000
00000000
00011000
00000000
00001010
00000000
00000000
,
00000010
00000100
00001000
00011000
,
01100000
00000000
00000000
00000000
00010000
10000000
00010000
00000000
,
00100000
00110000
00011000
00000000
,
00000100
00000000
00000010
00000000
00001000
00000001
00000100
00000000
,
00000010
00001000
00000100
00000000
00011000
00000000
01000000
00000000
,
00100000
10000000
00010000
01000000
00001000
00010000
00000010
00001000
,
00000010
00000100
00000010
00000100
00000001
00000001
00000000
00000000
,
00000010
00000000
00010000
00000000
00001000
01000000
00100000
00000000
,
01000000
11000000
00100000
01010000
,
00100000
00011000
00000010
00001010
,
00000010
00000000
00000010
00000000
,
00000010
00000100
00001000
00010000
,
01000000
00000000
01000000
00000000
,
01000000
00010000
00001000
00000100
,
00000001
00000010
00001000
01000000
,
00100000
00000000
10000000
00000000
00100000
01000000
00001000
00010000
,
00000100
00000000
00000100
00000000
,
00000100
00000000
00000000
00000010
00000000
00001000
00000001
00001000
,
00000100
00000000
00000000
00000000
,
00000000
00000000
00000000
00000000
;

//---------------dance-double - ----------------
#NOTES:
     dance-double:
     :
     Hard:
     8:
     0.523,0.477,0.167,0.000,0.146:
00000000
00000000
00000000
00000000
,
00000000
00000000
00000000
00000000
,
00000000
00000000
00000000
00000000
,
00000000
00000000
00000000
00000000
,
00000000
00000000
00000000
00000000
00100000
01000000
00100000
01000000
,
00001000
00000000
00010000
00000000
00000010
00000100
00000000
00000001
00001000
00000000
00000000
00000010
00001000
00000000
00000100
00000000
,
00000000
00000010
00000000
00000000
00000100
00000000
00001000
00000000
00000000
00010000
00000000
00000000
01000000
00000000
00100000
00000000
,
01000000
00000000
00100000
00000000
01000000
00000000
00000000
00000000
00100000
00000000
00000000
00010000
10000000
00000000
00000000
00000000
,
00100000
10000000
00100000
01000000
00001000
00010000
00001000
00000100
,
00000010
00001000
00000100
00000000
00000001
00000100
00001000
00000000
,
00010000
00001000
01000000
00100000
10000000
00100000
01000000
00000000
,
00100000
01000000
00010000
00000000
01000000
00000100
00001000
00000010
,
00000000
00000010
00000000
00000010
00000100
00000010
00000001
00001000
,
00000010
00000100
00000010
00000100
00000001
00001000
00000010
00001000
,
00000010
00010000
00001000
00000000
01000000
00010000
10000000
00000000
,
00010000
10000000
00100000
01000000
00010000
00100000
00010000
01000000
,
00000000
01000000
00000000
01000000
00100000
10000000
00010000
01000000
,
00001000
00000000
00011000
00000000
00001100
00000000
00000000
00000010
,
00000000
00001000
00000001
00000100
00000010
00001000
00001000
00000000
,
00000010
00000100
00001000
00000000
00010000
00000000
01010000
00000000
,
00100000
01000000
00010000
10000000
00100000
01000000
00001000
01000000
,
00000010
00000100
00000010
00001000
00000100
00000100
00000000
00000010
,
00000000
00000001
00001000
00000100
00000010
00000100
00000100
00000000
,
00000010
00000001
00001000
00000100
00010000
00001000
00100000
00010000
,
01000000
00000000
00010000
10000000
00000000
00100000
10000000
01000000
,
10000000
00000000
01000000
00000000
10000000
01000000
00000000
10000000
01000000
00000000
00000000
00100000
00000000
00000000
00010000
00000000
,
00000000
01000000
00000000
00000000
00001000
00000000
00000000
00000100
00000000
00000000
00000001
00000000
00001000
00000000
00000010
00000000
,
00000100
00000010
00000100
00000000
00000010
00000100
00000000
00000001
,
00000100
00001000
00010000
01000000
10000000
00100000
00010000
01000000
,
00010000
00000000
01000000
00000000
00010000
01000000
00000000
00010000
01000000
00000000
00000000
00100000
00000000
00000000
01000000
00000000
,
00000000
00001000
00000000
00000000
00010000
00000000
00000000
00000010
00000000
00000000
00000100
00000000
00000010
00000000
00001000
00000000
,
00000001
00000000
00000100
00000000
00001000
00000000
00000000
00000000
00010000
00000000
00000000
01000000
00000000
00000000
00100000
00000000
,
00010000
10000000
00010000
01000000
00001000
00010000
00000010
00000100
,
00000001
00001000
00000010
00000000
00000100
00000010
00000100
00000000
,
00000010
00001000
01000000
00100000
00010000
10000000
01000000
00000000
,
10000000
10000000
00100000
00100000
,
00010000
00000000
00010000
00000000
10000000
10000000
00010000
00010000
,
10010000
00110000
00000000
00000000
00000000
00011000
00000000
00000000
,
00000000
00001100
00000000
00000110
00000000
00001001
00000000
00000000
,
00000010
00000001
00000100
00001000
,
01100000
00000000
10000000
00000000
00100000
01000000
00010000
10000000
,
00100000
00000000
00011000
00000000
00001100
00000000
00000000
00000010
,
00000000
00001000
00000001
00000100
00000010
00000100
00000001
00000000
,
00000110
00011000
01010000
10010000
,
00100000
01000000
00010000
01000000
00000010
00010000
00000010
00000100
,
00000010
00000100
00000010
00000000
00001000
00001000
00000000
00010000
,
00000000
01000000
00100000
01000000
00100000
10000000
10000000
00000000
,
00100000
01000000
00010000
10000000
00100000
01000000
00010000
00000100
,
00000010
00000000
00000000
00001000
00000000
00000001
00001000
00000100
,
00001000
00000000
00000100
00000000
00001000
00000100
00000000
00001000
00000100
00000000
00000000
00010000
00000000
00000000
01000000
00000000
,
00000000
00100000
00000000
00000000
00010000
00000000
10000000
00000000
00000000
00000000
00100000
00000000
10000000
00000000
00010000
00000000
,
01000000
00000000
00010000
00000000
00000100
00000000
00000000
00000000
00000010
00000000
00000000
00001000
00000000
00000000
00000010
00000000
,
00000100
00000010
00001000
00000100
00010000
01000000
00100000
00010000
,
10000000
00000000
00100000
00000000
01000000
00100000
00000000
01000000
00100000
00000000
00000000
10000000
00000000
00000000
01000000
00000000
,
00000000
00010000
00000000
00000000
00000100
00000000
00000000
00000010
00000000
00000000
00001000
00000000
00000001
00000000
00000100
00000000
,
00000010
00000000
00001000
00000000
00000001
00000000
00000000
00000000
00000100
00000000
00000000
00001000
00000000
00000000
01000000
00000000
,
00100000
10000000
00000000
00010000
00000000
01000000
00010000
10000000
,
01000000
00000000
00000000
00000000
,
00000000
00000000
00000000
00000000
;
