#TITLE:MIDNIGHT SPECIAL;
#SUBTITLE:;
#ARTIST:Love machineguns;
#TITLETRANSLIT:;
#SUBTITLETRANSLIT:;
#ARTISTTRANSLIT:;
#CREDIT:;
#BANNER:MIDNIGHT SPECIAL.png;
#BACKGROUND:MIDNIGHT SPECIAL-bg.png;
#LYRICSPATH:;
#CDTITLE:./CDTITLES/GUITAR FREAKS & DRUMMANIA.PNG;
#MUSIC:MIDNIGHT SPECIAL.ogg;
#OFFSET:0.000;
#SAMPLESTART:41.067;
#SAMPLELENGTH:15.000;
#SELECTABLE:YES;
#DISPLAYBPM:182.000;
#BPMS:0.000=182.278,8.000=181.981,155.000=183.673,156.000=183.673,157.000=187.067,184.000=182.002;
#STOPS:;
#BGCHANGES:0.000=MIDNIGHT SPECIAL.avi=1.000=0=0=0;

//---------------dance-single - ----------------
#NOTES:
     dance-single:
     :
     Beginner:
     3:
     0.201,0.250,0.012,0.159,0.000:
0000
0000
0000
0000
,
0000
0000
0000
0000
,
0000
0000
0000
0000
,
0000
0000
0000
0000
,
0010
0000
0000
1000
,
0000
0000
1000
0000
,
0000
0000
0000
0000
,
0001
0000
0100
0000
,
0100
0000
1000
0000
,
0100
0000
0001
0000
,
0001
0000
0010
0000
,
1000
0000
0010
0000
,
0010
0000
0001
0000
,
0010
0000
1000
0000
,
0100
0100
0100
0000
,
0000
0010
0000
1000
,
0000
0001
0000
0001
,
0000
0100
0000
1000
,
0000
0010
0000
0010
,
0000
0100
0000
0001
,
0000
1000
0000
1000
,
0000
0010
0000
0001
,
0000
0100
0100
0100
,
0200
0000
0300
0000
,
0020
0000
0030
0000
,
0002
0000
0003
0000
,
1000
1000
1000
1000
,
2000
0000
3000
0000
,
0002
0000
0003
0000
,
0200
0000
0300
0000
,
0010
0010
0010
0010
,
0020
0000
0000
0030
,
0000
1000
0000
1000
,
0000
0100
0000
0001
,
0000
0100
0000
0100
,
0000
0010
0000
1000
,
0000
0001
0000
0001
,
0000
0100
0000
1000
,
0000
0010
0000
0010
,
0000
0001
0000
1000
,
0000
1000
1000
0000
,
0000
0010
0010
0000
,
0000
0100
0100
0000
,
0000
0001
0001
0000
,
0000
0100
0100
0000
,
0000
0010
0010
0000
,
2002
0000
0000
0000
,
0000
0000
0000
3003
,
0000
1000
0000
0010
,
0000
0001
0000
0100
,
0000
0001
0000
0010
,
0000
1000
0000
0100
,
0000
0010
0000
1000
,
0000
0100
0000
0001
,
0000
0100
0000
1000
,
2000
3000
0000
0002
,
0003
0000
0020
0030
,
0000
0200
0300
0000
,
0001
0001
0000
0000
,
0000
0000
0000
0000
;

//---------------dance-single - ----------------
#NOTES:
     dance-single:
     :
     Easy:
     7:
     0.369,0.499,0.514,0.306,0.000:
0000
0000
0000
0000
,
0000
0000
0000
0000
,
0000
0000
0000
0000
,
0000
0000
0000
0000
,
1000
0000
0000
0100
0000
0000
0001
0000
,
0000
0100
0000
0000
2002
0000
0000
0000
,
0000
0000
0000
3003
,
0010
0001
0100
0000
,
0010
1000
0100
0000
,
0001
1000
0001
0000
,
1000
0001
0100
0100
,
1100
0000
0101
0000
,
1001
0000
0110
0000
,
1100
0000
0101
0000
,
1001
0110
1001
0000
,
0000
1000
0000
1000
,
0000
0001
0000
0001
,
0000
0010
0000
1000
,
0000
0002
0000
2003
,
0000
3001
0000
1000
,
0000
0100
0000
0001
,
0000
0010
0000
1000
,
0000
0002
0000
0003
,
2000
0000
3200
0000
,
0320
0000
0032
0000
,
2003
0000
3020
0000
,
0032
0000
2003
0000
,
3002
0000
0023
0000
,
0230
0000
0302
0000
,
2003
0000
3200
0000
,
0300
1001
0110
0000
,
2002
0000
0000
3003
,
0010
0010
1000
1000
,
0100
0100
0001
0001
,
0100
1000
0100
1000
,
0101
0101
1100
1100
,
0010
0010
0001
0001
,
0100
0100
1000
1000
,
0100
0001
0100
0001
,
1100
1100
0101
0101
,
0010
0101
0010
1100
,
0001
1001
1000
1001
,
0010
1001
0100
2002
,
3003
0001
0100
1000
,
1000
1100
0001
0101
,
0010
1100
0010
0101
,
2002
0000
0000
0000
,
0000
0000
0000
3003
,
0100
1000
0010
0000
,
0100
0001
0010
0000
,
1000
0001
1000
0000
,
0001
1000
0010
0010
,
0011
0000
1010
0000
,
1001
0000
0110
0000
,
0011
0000
1010
0000
,
1000
0000
0000
0001
0000
0000
0100
0000
,
0000
0010
0000
0000
1000
0000
0000
0001
,
0000
0000
0101
0000
0000
1010
0000
0000
,
1001
1001
0000
0000
,
0000
0000
0000
0000
;

//---------------dance-single - ----------------
#NOTES:
     dance-single:
     :
     Medium:
     9:
     0.516,0.572,0.526,0.196,0.018:
0000
0000
0000
0000
,
0000
0000
0000
0000
,
0000
0000
0000
0000
,
0000
0000
0000
0000
,
0100
0000
0000
0010
0000
0000
0100
0000
,
0000
0010
0000
0000
1000
0001
1000
0001
,
0000
0001
1000
1000
,
0001
0010
1000
0000
2200
0000
0000
3300
,
0000
1100
0000
0100
0010
0001
1000
0000
,
1000
0100
0001
0000
2000
0000
0000
3000
,
0000
1000
0000
1000
0100
0001
0100
0000
,
1000
0010
0001
0000
0202
0000
0000
0303
,
0000
0101
0000
0100
0010
1000
0001
0000
,
0001
0100
1000
0000
2000
0000
3000
0000
,
0001
1000
0002
0003
,
0000
1000
0000
0010
0000
0001
0000
0100
,
0000
1000
0000
0010
0000
0001
0000
0010
,
0000
1000
0000
0100
0000
0001
0000
0100
,
0000
1000
0100
0001
0000
0001
0100
1000
,
0000
1000
0000
0100
0000
0001
0000
0100
,
0000
1000
0000
0010
0000
0001
0000
0010
,
0000
1000
0000
0010
0000
0001
0000
0010
,
0000
0000
0000
0000
1001
0000
0000
0000
0001
0000
0000
0100
0000
0000
0001
0000
,
1000
0000
1000
0000
1010
0000
1000
0001
,
1000
0100
1000
0000
1001
0000
0100
0000
,
0101
0001
1001
1000
,
1100
0000
0000
1000
0000
0000
1000
0000
0001
0000
1000
0000
,
1001
0000
1000
0000
1100
0000
1000
0001
,
1000
0010
1000
0000
1001
0000
1000
0000
,
1010
1001
1100
1001
,
0001
1000
1000
0001
1000
1000
0001
1000
,
0000
0010
0001
0100
1000
0100
0001
0010
,
0001
0000
1000
0100
0001
0000
0100
0000
,
1001
0000
1000
0100
0001
0000
0100
0000
,
1001
0000
0001
0100
1000
0000
1001
0000
,
1000
1001
0001
1001
,
1000
0000
0001
0010
1000
0000
0010
0000
,
1001
0000
1000
0010
0001
0000
0010
0000
,
1001
0000
1000
0010
0001
0000
0010
0000
,
1001
0110
1001
0110
,
0000
1000
0000
1001
0000
0001
0000
0101
,
0000
0100
0000
1100
0000
1000
0010
1000
,
0000
1000
0000
1001
0000
0001
0000
0101
,
0000
0100
0000
1100
0000
1000
0100
1000
,
0000
1000
0000
1001
0000
0001
0000
0101
,
0000
0100
0000
1100
0000
1000
0000
1000
,
0002
0000
0000
0000
,
0003
0020
0000
0000
0000
0000
0030
0000
,
0001
0010
1000
0000
2200
0000
0000
3300
,
0000
1100
0000
0100
0010
0001
1000
0000
,
1000
0100
0001
0000
2000
0000
0000
3000
,
0000
1000
0000
1000
0100
0001
0100
0000
,
1000
0010
0001
0000
0202
0000
0000
0303
,
0000
0101
0000
0100
0010
1000
0001
0000
,
0001
0100
1000
0000
2002
0000
3003
0000
,
0010
0000
0000
0001
0000
0000
0100
0000
,
0000
0001
0000
0000
1000
0000
0000
0010
,
0000
0000
1000
0000
0000
0100
0000
0000
,
1000
0001
1000
1001
0000
0000
0000
0000
,
0000
0000
0000
0000
;

//---------------dance-single - ----------------
#NOTES:
     dance-single:
     :
     Hard:
     10:
     0.577,0.643,0.575,0.196,0.012:
0000
0000
0000
0000
,
0000
0000
0000
0000
,
0000
0000
0000
0000
,
0000
0000
0000
0000
,
0101
0000
0000
0110
0000
0000
0011
0000
,
0000
1100
0000
0000
0010
0001
0010
0001
,
0010
0001
1100
0000
,
0010
1000
0010
1000
0002
0000
0003
0000
,
0000
0110
0000
0001
0100
0001
0100
0000
,
1000
0001
1000
0001
0020
0000
0030
0000
,
0000
1100
0000
0010
0100
0010
0100
0000
,
0010
1000
0001
0100
0002
0000
0003
0000
,
0000
1010
0000
0010
0100
0010
0100
0000
,
1000
0001
1000
0100
1000
0000
0000
0000
,
0001
1000
1000
0001
0100
0000
0000
0000
,
0100
0001
0010
0000
0100
0000
1000
0000
,
0100
1000
0010
0000
0100
0000
0001
0000
,
1000
0010
1000
0000
0001
0000
0001
0000
,
0000
0010
0010
0100
0000
0100
0010
0010
,
1000
0001
1000
0010
,
1000
0100
0001
0000
1000
0000
0010
0000
,
0001
0100
1000
0000
0001
0000
1000
0000
,
0000
0000
0001
0000
0100
0000
0010
0000
0100
0000
0000
0001
0000
0000
0100
0000
,
0010
0110
0100
0101
,
0001
0000
1001
0000
0001
1000
0001
0000
,
1000
1010
0010
0110
,
0001
0100
0000
0010
0000
1000
0010
0100
,
0010
1010
1000
1100
,
0100
0101
0001
1001
,
0100
0101
0100
0110
,
1000
0010
0100
0001
1000
0001
0010
0100
,
0000
0001
0010
0100
1000
0001
0010
0100
,
1100
0000
0101
0000
0010
1000
0100
0000
,
0110
0000
1001
0000
0010
1000
0100
0000
,
0001
0100
0001
0000
1000
0100
1000
0000
,
0101
1010
1100
0011
,
2100
3001
0102
0013
,
2001
3100
0120
0031
,
1020
0130
0210
1300
,
0110
1001
0110
1001
,
0000
0010
0000
0100
0000
0001
0000
1000
,
0000
0100
0000
0010
0000
0001
0010
0001
,
0000
1000
0000
0001
0000
0001
0000
1000
,
0000
0000
0100
0000
0000
0000
0010
0000
0000
0000
0001
0000
1000
0100
1000
0000
,
0000
0010
0000
0100
0000
0001
0000
0100
,
0000
0010
0000
1000
0000
0100
0000
0010
,
0022
0000
0000
0033
,
0000
2200
0000
0000
3300
0000
0101
0000
,
1000
0010
0100
0001
2000
0000
3000
0000
,
0000
0110
0000
1000
0100
1000
0100
0000
,
0001
0001
0010
0100
2000
0000
3000
0000
,
0000
0101
0000
0010
0010
0100
0010
0000
,
1000
0010
0100
0010
2000
0000
3000
0000
,
0000
1010
0000
0001
1000
0001
1000
0000
,
1000
0100
1000
0001
0010
0000
0000
0000
,
0001
0100
0010
1000
0001
0100
0010
1000
,
0001
0100
0010
1000
0001
0010
0001
1000
,
0100
1000
0010
0100
0001
1000
0010
0100
,
1001
1001
0110
1001
0000
0000
0000
0000
,
0000
0000
0000
0000
;

//---------------dance-double - ----------------
#NOTES:
     dance-double:
     :
     Easy:
     7:
     0.418,0.500,0.563,0.037,0.012:
00000000
00000000
00000000
00000000
,
00000000
00000000
00000000
00000000
,
00000000
00000000
00000000
00000000
,
00000000
00000000
00000000
00000000
,
00001000
00000000
00000000
00000010
00000000
00000000
00000100
00000000
,
00000000
00000001
00000000
00000000
00000200
00000000
00000000
00000000
,
00000301
00000001
00000001
00001001
,
00000000
00000101
00000000
00001100
,
00000000
00000101
00000000
00001100
,
00000000
00001100
00000000
00011000
,
00000000
00011000
00000000
01010000
,
00000000
01010000
00000000
11000000
,
00000000
01010000
00000000
11000000
,
10000000
01000000
00010000
00001000
,
00010000
00001000
00010000
00001000
00010000
00000000
00000000
00000000
,
00011000
00001000
00000100
00000001
,
00000100
00000001
00001000
00000010
,
00000100
00001000
00010000
00001000
,
00000000
00001000
00010000
00001000
00000000
00010000
00001000
00010000
,
00011000
00010000
01000000
10000000
,
01000000
10000000
00010000
00100000
,
01000000
00010000
00001000
00010000
,
00000000
00000000
00010000
00000000
00001000
00000000
00010000
00000000
00001000
00000000
00000000
00010000
00000000
00000000
00001000
00000000
,
00010000
00100000
00110000
00100000
,
10000000
01000000
11000000
01000000
,
00010000
00001000
00011000
00001000
,
00010000
00001000
00001000
00010000
,
00001000
00000010
00001010
00000010
,
00000001
00000100
00000101
00000100
,
00001001
00001001
00001001
00001001
,
00000100
00000000
00000000
00000010
00000000
00000000
00000100
00000000
,
00000000
00000001
00001000
00000001
00001000
00000001
00001000
00000001
,
00001000
00000001
00000100
00001000
,
00010000
00001000
00010000
01000000
,
00100000
00010000
01000000
00010000
,
10010000
10010000
10010000
10010000
,
00010000
10000000
01000000
00010000
,
00001000
00010000
00001000
00000100
,
00000010
00001000
00000100
00001000
,
00001001
00001001
00001001
00001001
,
00000001
00000010
00001000
00010000
,
00001000
00010000
01000000
10000000
,
10000000
00100000
00010000
00001000
,
00010000
00001000
00000100
00000001
,
00000001
00001000
00000001
00001001
,
00001000
00000001
00001000
00001001
,
00000002
00000000
00000000
00000000
,
00000000
00002000
00000000
00000000
00000000
00000000
00000000
00000000
00000000
00000000
00000000
00000000
00003003
00000000
00000000
00000000
,
00000000
00000101
00000000
00001100
,
00000000
00000101
00000000
00001100
,
00000000
00001100
00000000
00011000
,
00000000
00011000
00000000
01010000
,
00000000
01010000
00000000
11000000
,
00000000
01010000
00000000
11000000
,
10000000
01000000
00010000
00001000
,
00010000
00000000
00000000
01000000
00000000
00000000
10000000
00000000
,
00000000
01000000
00000000
00000000
00010000
00000000
00000000
00001000
,
00000000
00000000
00000100
00000000
00000000
00000001
00000000
00000000
,
00000100
00000010
00000100
00000010
00000000
00000000
00000000
00000000
,
00000000
00000000
00000000
00000000
;

//---------------dance-double - ----------------
#NOTES:
     dance-double:
     :
     Medium:
     10:
     0.542,0.572,0.563,0.245,0.031:
00000000
00000000
00000000
00000000
,
00000000
00000000
00000000
00000000
,
00000000
00000000
00000000
00000000
,
00000000
00000000
00000000
00000000
,
01000000
00000000
00000000
00100000
00000000
00000000
01000000
00000000
,
00000000
00100000
00000000
00000000
10000000
00010000
10000000
00010000
,
00000000
00010000
10000000
10000000
,
00010000
00100000
10000000
00000000
22000000
00000000
00000000
33000000
,
00000000
11000000
00000000
01000000
00100000
00010000
10000000
00000000
,
10000000
01000000
00010000
00000000
00022000
00000000
00000000
00033000
,
00000000
00011000
00000000
00001000
00000100
00000001
00000100
00000000
,
00001000
00000010
00000001
00000000
00000202
00000000
00000000
00000303
,
00000000
00000101
00000000
00000100
00000010
00001000
00000001
00000000
,
00000001
00000100
00001000
00000000
00022000
00000000
00033000
00000000
,
00010000
00000000
00001000
00000000
00010000
00000000
00001000
00000000
00022000
00000000
00000000
00033000
00000000
00000000
00000000
00000000
,
00000000
00001000
00000000
00010000
00000000
00100000
00000000
10000000
,
00000000
00100000
00000000
00010000
00000000
00100000
00000000
10000000
,
00000000
01000000
00000000
00010000
00000000
01000000
00000000
10000000
,
00000000
10000000
01000000
00010000
00000000
00001000
00000100
00000001
,
00000000
00000001
00000000
00000100
00000000
00001000
00000000
00000100
,
00000000
00000001
00000000
00000010
00000000
00001000
00000000
00000010
,
00000000
00000001
00000000
00000010
00000000
00001000
00000000
00010000
,
00000000
00000000
00001000
00000000
00010000
00000000
00001000
00000000
00010000
00000000
00000000
01000000
00000000
00000000
10000000
00000000
,
10000000
00000000
10000000
00000000
10100000
00000000
10000000
00010000
,
10000000
01000000
10000000
00000000
10010000
00000000
01000000
00000000
,
00010000
00010000
00011000
00010000
,
00010000
00000000
00000000
00001000
00000000
00000000
00010000
00000000
00000000
00000000
00000000
00000000
00010000
00000000
00001000
00000000
00010000
00000000
00001000
00000000
00010000
00000000
00001000
00000000
,
00010000
00000000
00001000
00000000
00001100
00000000
00001000
00000001
,
00001000
00000010
00001000
00000000
00001001
00000000
00001000
00000000
,
00001010
00001001
00001100
00001001
,
00000001
00001000
00001000
00000001
00001000
00001000
00000001
00001000
,
00000000
00000010
00000001
00000100
00001000
00010000
01000000
10000000
,
00100000
00000000
10010000
00000000
10000000
01000000
00010000
00000000
,
00010000
00000000
00011000
00000000
00001000
00000100
00000001
00000000
,
00000001
00000000
00001001
00000000
00000001
00000100
00001000
00000000
,
00001000
00011000
00010000
00011000
,
00001000
00000000
00011000
00000000
00010000
00100000
10000000
00000000
,
10000000
00000000
10010000
00000000
10000000
00100000
00010000
00000000
,
00010000
00000000
00011000
00000000
00001000
00000010
00000001
00000000
,
00001001
00000110
00001001
00000110
,
00000000
00001000
00000000
00001001
00000000
00000001
00000000
00000101
,
00000000
00000100
00000000
00001100
00000000
00001000
00010000
00001000
,
00000000
00001000
00000000
00011000
00000000
00010000
00000000
01010000
,
00000000
01000000
00000000
11000000
00000000
10000000
01000000
10000000
,
00000000
10000000
00000000
10010000
00000000
00010000
00000000
01010000
,
00000000
01000000
00000000
11000000
00000000
10000000
00000000
10000000
,
00020000
00000000
00000000
00000000
,
00030000
00200000
00000000
00000000
00000000
00000000
00300000
00000000
,
00010000
00100000
10000000
00000000
22000000
00000000
00000000
33000000
,
00000000
11000000
00000000
01000000
00100000
00010000
10000000
00000000
,
10000000
01000000
00010000
00000000
00022000
00000000
00000000
00033000
,
00000000
00011000
00000000
00001000
00000100
00000001
00000100
00000000
,
00001000
00000010
00000001
00000000
00000202
00000000
00000000
00000303
,
00000000
00000101
00000000
00000100
00000010
00001000
00000001
00000000
,
00000001
00000100
00001000
00000000
00022000
00000000
00033000
00000000
,
00001000
00000000
00000000
00010000
00000000
00000000
01000000
00000000
,
00000000
00010000
00000000
00000000
00001000
00000000
00000000
00000100
,
00000000
00000000
00001000
00000000
00000000
00010000
00000000
00000000
,
00001000
00010000
00001000
00011000
00000000
00000000
00000000
00000000
,
00000000
00000000
00000000
00000000
;

//---------------dance-double - ----------------
#NOTES:
     dance-double:
     :
     Hard:
     12:
     0.628,0.607,0.869,0.171,0.031:
00000000
00000000
00000000
00000000
,
00000000
00000000
00000000
00000000
,
00000000
00000000
00000000
00000000
,
00000000
00000000
00000000
00000000
,
10100000
00000000
00000000
01010000
00000000
00000000
01100000
00000000
,
00000000
10010000
00000000
00000000
10000000
00010000
10000000
00010000
,
10000000
00010000
00010000
01100000
,
00100000
01000000
00010000
10000000
22000000
00000000
33000000
00000000
,
00000000
10100000
00000000
00100000
00010000
00001000
00010000
00000000
,
00010000
00001000
00000100
00000010
00002020
00000000
00003030
00000000
,
00000000
00000101
00000000
00000100
00001000
00010000
00001000
00000000
,
00000100
00000010
00001000
00000001
00000202
00000000
00000303
00000000
,
00000000
00000011
00000000
00000010
00001000
00010000
00001000
00000000
,
00001000
00010000
01000000
00100000
00110000
00000000
00000000
00000000
,
00100000
00010000
01000000
00001000
00010000
00000000
00011000
00000000
,
00000000
00011000
00000000
00110000
00000000
10100000
00000000
11000000
,
00000000
01010000
00000000
10010000
00000000
01100000
00000000
00110000
,
00000000
11000000
00000000
10100000
00000000
01010000
00000000
10010000
,
00000000
10000000
01000000
00010000
00000000
01000000
00010000
00001000
,
00000000
00011000
00000000
00001010
00000000
00000011
00000000
00000101
,
00000000
00001100
00000000
00001001
00000000
00000110
00000000
00001010
,
00000000
00000101
00000000
00000011
00000000
00001100
00000000
00001001
,
00000000
00000000
00000001
00000000
00000100
00000000
00001000
00000000
00010000
00000000
00000000
01000000
00000000
00000000
10000000
00000000
,
00100000
00000000
01000000
00000000
01100000
00000000
10000000
00100000
,
10000000
00010000
10000000
00000000
10010000
00000000
01000000
00000000
,
00010000
00000000
00001000
00000000
00011000
00000000
00001000
00100000
,
00001000
00000000
00000000
00010000
00000000
00000000
00001000
00000000
00000000
00000000
00000000
00000000
00001000
00000000
00010000
00000000
00001000
00000000
00010000
00000000
00001000
00000000
00010000
00000000
,
00001000
00000000
00000010
00000000
00000110
00000000
00000001
00000010
,
00000001
00001000
00000001
00000000
00001001
00000000
00000100
00000000
,
00001010
00011000
00110000
00011000
,
00000000
01010000
00000000
00000000
10010000
00000000
00000000
10100000
,
00000000
10000000
01000000
00010000
00001000
00000100
00000001
00000010
,
00000011
00000000
00000010
00001000
00010000
00000010
00001000
00000000
,
00001010
00000000
00000010
00010000
00001000
00010000
00100000
00000000
,
00110000
00000000
00100000
00010000
00001000
00100000
00010000
00000000
,
01100000
00000000
10010000
00000000
10000000
00100000
00010000
00000000
,
00110000
00000000
00100000
00010000
00001000
00100000
00010000
00000000
,
00110000
00000000
00100000
00001000
00010000
00001000
00000010
00000000
,
00001010
00000000
00000010
00001000
00010000
00000010
00001000
00000000
,
00000110
00000000
00001001
00000000
00000001
00000010
00001000
00000000
,
00000000
00000010
00000000
00001000
00000000
00010000
00000000
00000010
,
00000000
00001000
00000000
00000100
00000000
00010000
00001000
00010000
,
00000000
00100000
00000000
00010000
00000000
00001000
00000000
00100000
,
00000000
00010000
00000000
01000000
00000000
00001000
00010000
00001000
,
00000000
00001100
00000000
00001000
00000000
00011000
00000000
00010000
,
00000000
00110000
00000000
00010000
00000000
00011000
00000000
00010000
,
00002000
00000000
00000000
00000000
,
00003000
00020000
00000000
00000000
00000000
00000000
00030000
00000000
,
00100000
01000000
00010000
10000000
22000000
00000000
33000000
00000000
,
00000000
10100000
00000000
00100000
00010000
00001000
00010000
00000000
,
00010000
00001000
00000100
00000010
00002020
00000000
00003030
00000000
,
00000000
00000101
00000000
00000100
00001000
00010000
00001000
00000000
,
00000100
00000010
00001000
00000001
00000202
00000000
00000303
00000000
,
00000000
00000011
00000000
00000010
00001000
00010000
00001000
00000000
,
00001000
00010000
01000000
00100000
00110000
00000000
00000000
00000000
,
00010000
00100000
01000000
00010000
01000000
00010000
00001000
00010000
,
00001000
00000100
00001000
00000100
00000001
00000100
00000001
00000100
,
00001000
00000100
00001000
00010000
00001000
00010000
01000000
00010000
,
00001000
00010000
00001000
00011000
00000000
00000000
00000000
00000000
,
00000000
00000000
00000000
00000000
;
