#TITLE:MOBO★MOGA;
#SUBTITLE:;
#ARTIST:Orange Lounge;
#TITLETRANSLIT:MOBO MOGA;
#SUBTITLETRANSLIT:;
#ARTISTTRANSLIT:;
#CREDIT:;
#BANNER:MOBO MOGA.png;
#BACKGROUND:MOBO MOGA-bg.png;
#LYRICSPATH:;
#CDTITLE:./CDTITLES/DANCEMANIAX.PNG;
#MUSIC:MOBO MOGA.ogg;
#OFFSET:0.000;
#SAMPLESTART:28.964;
#SAMPLELENGTH:15.000;
#SELECTABLE:YES;
#DISPLAYBPM:172.000;
#BPMS:0.000=172.016;
#STOPS:;
#BGCHANGES:;

//---------------dance-single - ----------------
#NOTES:
     dance-single:
     :
     Beginner:
     1:
     0.153,0.274,0.188,0.000,0.000:
0000
0000
0000
0000
,
0000
0000
0000
0000
,
0000
0000
0000
0000
,
0000
0000
0000
0000
,
0000
0000
0000
0000
,
0100
0100
0000
0000
,
0000
0000
0000
0000
,
1000
1000
0000
0000
,
0000
0000
0000
0000
,
0010
0010
0000
0000
,
0000
0000
0000
0000
,
1001
0000
0000
0000
,
0000
0000
0000
0000
,
0010
0010
0000
0000
,
0000
0000
0000
0000
,
0001
0001
0000
0000
,
0000
0000
0000
0000
,
0100
0100
0000
0000
,
0000
0000
0000
0000
,
1001
0000
1001
0000
,
1001
0000
0000
0000
,
0010
0000
0000
0000
,
0001
0000
0001
0000
,
0100
0000
0000
0000
,
1000
0000
1000
0000
,
0100
0000
0000
0000
,
0001
0000
0001
0000
,
0100
0000
0000
0000
,
1000
0000
1000
0000
,
0010
0000
0000
0000
,
0010
0000
0000
0000
,
0001
0000
0000
0000
,
0001
0000
0000
0000
,
0100
0000
0000
0000
,
0100
0000
0000
0000
,
1000
0000
1000
0000
,
1000
0000
0000
0000
,
0110
0000
0000
0000
,
0100
0100
0000
0000
,
0100
0100
0000
0000
,
0100
0100
0000
0000
,
0110
0000
0000
0000
,
0010
0010
0000
0000
,
0010
0010
0000
0000
,
0010
0010
0000
0000
,
0110
0000
0000
0000
,
0100
0100
0000
0000
,
0100
0100
0000
0000
,
0100
0100
0000
0000
,
0110
0000
0000
0000
,
0010
0010
0000
0000
,
0010
0010
0000
0000
,
0010
0010
0000
0000
,
1001
0000
0000
1001
,
1001
0000
1001
1001
,
1001
0000
0000
0000
,
0000
0000
0000
0000
,
0110
0000
0110
0000
,
0100
0100
0000
0000
,
0000
0000
0000
0000
;

//---------------dance-single - ----------------
#NOTES:
     dance-single:
     :
     Easy:
     3:
     0.210,0.210,0.153,0.059,0.000:
0000
0000
0000
0000
,
0000
0000
0000
0000
,
0000
0000
0000
0000
,
0000
0000
0000
0000
,
0000
0000
0000
0000
,
0010
0000
0000
0000
,
0010
0000
0000
0000
,
0100
0000
0000
0000
,
0100
0000
0000
0000
,
0001
0000
0001
0000
,
1000
0000
1000
0000
,
0020
0000
0000
0000
,
0000
0000
0000
0030
,
0001
1000
0000
0100
,
0000
0100
0000
0100
,
1000
0001
0000
0010
,
0000
0010
0000
0010
,
0001
1000
0000
0100
,
0000
0100
0000
0100
,
0010
0000
0100
0000
,
1001
0000
0000
0000
,
1000
0000
0000
1000
,
0001
0000
0000
0001
,
0010
0000
0000
0010
,
0100
0000
0000
0100
,
0000
0010
0000
1001
,
0000
0100
0000
1001
,
0000
0001
0000
0110
,
0000
1000
0000
0110
,
0000
0001
1000
0001
,
0000
0100
0000
0100
,
0000
0010
0100
0010
,
0000
1000
0000
1000
,
0000
0010
1000
0010
,
0000
0001
0000
0001
,
1000
0000
0001
0000
,
0110
0000
0000
0000
,
0001
0000
0001
1000
,
0100
0000
0010
0000
,
0100
0000
0100
1000
,
0010
0000
0100
0000
,
0010
0000
0010
0001
,
1000
0000
0001
0000
,
1000
0000
1000
0100
,
0001
0000
1000
0000
,
0001
0000
0001
0010
,
0100
0000
0010
0000
,
0100
0000
0100
0001
,
0010
0000
0100
0000
,
0010
0000
0010
0100
,
1000
0000
0001
0000
,
1000
0000
1000
0010
,
0001
0000
0000
0000
,
1001
0000
0000
0110
,
0000
0000
1001
0000
,
0000
0220
0000
0000
,
0000
0000
0000
0330
,
1001
0000
0110
0000
,
0000
2002
0000
0000
,
0000
0000
3003
0000
,
0000
0000
0000
0000
;

//---------------dance-single - ----------------
#NOTES:
     dance-single:
     :
     Medium:
     6:
     0.368,0.419,0.176,0.165,0.000:
0000
0000
0000
0000
,
0000
0000
0000
0000
,
0000
0000
0000
0000
,
0000
0000
0000
0000
,
0000
0000
0000
0000
,
0010
0000
0010
0000
1000
0100
0000
0010
,
0000
0010
0000
0001
0000
0100
0000
0000
,
0010
0000
0010
0000
1000
0100
0000
0010
,
0000
0010
0000
0001
0000
0100
0000
0000
,
0020
0000
0000
0000
0030
0100
0000
0001
,
0000
0100
0000
1000
0000
0010
0000
0000
,
0220
0000
0000
0000
,
0000
0000
0000
0330
,
2000
0000
0000
0000
0000
3001
0000
0010
,
0000
0010
0000
0100
0000
0100
0000
0000
,
0002
0000
0000
0000
0000
1003
0000
0010
,
0000
0010
0000
0100
0000
0100
0000
0000
,
2000
0000
0000
0000
0000
3001
0000
0010
,
0000
0010
0000
0100
0000
0100
0000
0000
,
1001
0000
0110
0000
,
2002
0000
0000
3003
,
0010
0000
0100
0000
0001
0100
0000
1000
,
0000
0000
0010
0000
0001
1000
0000
0000
,
0010
0000
0100
0000
1000
0100
0000
0001
,
0000
0000
0010
0000
1000
0001
0000
0000
,
0010
0000
0100
0000
0001
0100
0000
1000
,
0000
0000
0010
0000
0001
1000
0000
0000
,
0010
0000
0100
0000
1000
0100
0000
0001
,
0000
0000
0010
0000
1000
0001
0000
0000
,
0010
1000
0100
0000
0001
0000
0100
0000
,
1000
0010
0001
1001
,
0010
0001
0100
0000
1000
0000
0100
0000
,
0001
0010
1000
1001
,
0010
1000
0100
0000
0001
0000
0100
0000
,
1000
0010
0001
1001
,
1100
0000
0011
0000
,
2002
0000
0000
3003
,
0010
0000
0100
0000
0001
0100
0000
0000
,
0010
0000
0100
0000
1000
0100
0000
0000
,
0010
0000
0100
0000
0001
0100
0000
0000
,
0010
0000
0100
0000
1000
0100
0000
0000
,
0010
0000
0100
0000
0000
0000
0001
1000
,
0000
0010
0100
0000
1000
0000
0001
0000
,
0010
0000
0100
0000
0000
0010
0000
0000
,
1000
0000
0001
0000
1000
0001
0100
0000
,
0001
0000
1000
0000
0001
0100
0000
0000
,
1000
0000
0001
0000
1000
0100
0000
0000
,
0001
0000
1000
0000
0001
0100
0000
0000
,
1000
0000
0001
0000
1000
0100
0000
0000
,
0001
0000
1000
0000
0000
0000
0001
0100
,
0000
1000
0100
0000
0001
0000
1000
0000
,
0010
0000
0001
0010
0100
1000
0001
0010
,
0100
0000
0000
1001
0000
0000
0000
0000
,
0010
0001
0010
0001
0100
0000
0010
1000
,
0010
1000
0100
0000
0010
0001
0010
0001
,
0100
0220
0000
0000
,
0000
0000
0000
0330
,
1001
0000
0110
0000
,
0000
2002
0000
0000
,
0000
0000
0000
3003
0000
0000
0000
0000
,
0000
0000
0000
0000
;

//---------------dance-single - ----------------
#NOTES:
     dance-single:
     :
     Hard:
     7:
     0.472,0.524,0.235,0.329,0.000:
0000
0000
0000
0000
,
0000
0000
0000
0000
,
0000
0000
0000
0000
,
0000
0000
0000
0000
,
0000
0000
0000
0000
,
0010
0000
0100
0000
1000
0100
0000
0001
,
0000
0010
0000
1000
0000
0100
0000
0000
,
0010
0000
0100
0000
0001
0100
0000
1000
,
0000
0010
0000
0001
0000
0100
0000
0000
,
0020
0000
0000
0000
1030
0100
0000
0001
,
0000
0010
0000
0100
0000
1000
0000
0000
,
2002
0000
0000
0000
,
0000
0000
0000
3003
,
0020
0000
0030
1000
0001
0100
0000
0001
,
1000
0100
0000
1000
0001
0100
0000
0000
,
0020
0000
0030
0001
1000
0100
0000
1000
,
0001
0100
0000
0001
1000
0100
0000
0000
,
0020
0000
0030
1000
0001
0100
0000
0001
,
1000
0100
0000
1000
0001
0100
0000
0000
,
2020
3030
0202
0303
,
2002
0000
0000
3003
,
0100
0000
0001
1000
0010
0100
0001
0000
,
0100
0000
0001
0100
1000
0100
0001
0000
,
0010
0000
0001
0010
0100
1000
0001
0000
,
0010
0000
0001
1000
0100
1000
0010
0000
,
0100
0000
1000
0001
0010
0100
1000
0000
,
0100
0000
1000
0100
0001
0100
1000
0000
,
0010
0000
1000
0010
0100
0001
1000
0000
,
0010
0000
1000
0001
0100
0001
0010
0000
,
0100
0000
0100
0001
1000
0000
1000
0000
,
0010
0000
1000
0100
0010
0001
0000
0000
,
0100
0000
0100
1000
0001
0000
0001
0000
,
0010
0000
0001
0010
0100
1000
0000
0000
,
0100
0000
0100
0001
1000
0000
1000
0000
,
0010
0000
1000
0010
0100
0001
0000
0000
,
0220
0330
2002
3003
,
0220
0000
0000
0330
,
0001
0000
1000
0100
0000
0001
0010
0100
,
1000
0000
0110
0000
0000
0110
0000
0000
,
1000
0000
0001
0100
0000
1000
0100
0010
,
0001
0000
0100
0000
1000
0100
0001
0000
,
1000
0000
0100
0010
0000
0000
1000
0001
,
0000
0010
0100
0000
1100
0000
0011
0000
,
1000
0000
0001
0000
0100
0010
0000
0000
,
0100
0000
0100
0000
0001
1000
0100
0000
,
1000
0000
0001
0100
0000
1000
0100
0010
,
0001
0000
1001
0000
0000
1001
0000
0000
,
0001
0000
1000
0100
0000
0001
0100
0010
,
1000
0000
0100
0000
0001
0100
1000
0000
,
0001
0000
0100
0010
0000
0000
0001
1000
,
0000
0010
0100
0000
0101
0000
1010
0000
,
0100
0000
0001
0010
0100
1000
0001
0010
,
0100
0000
0000
2002
0000
0000
3003
0000
,
0010
0001
0100
1000
0010
0000
0010
1000
,
0100
0001
0010
0000
0010
0001
0100
1000
,
0010
0220
0000
0000
,
0000
0000
0000
0330
,
2002
3003
0220
0330
,
0000
2002
0000
0000
,
0000
0000
0000
3003
0000
0000
0000
0000
,
0000
0000
0000
0000
;

//---------------dance-double - ----------------
#NOTES:
     dance-double:
     :
     Easy:
     3:
     0.208,0.280,0.153,0.047,0.000:
00000000
00000000
00000000
00000000
,
00000000
00000000
00000000
00000000
,
00000000
00000000
00000000
00000000
,
00000000
00000000
00000000
00000000
,
00000000
00000000
00000000
00000000
,
00000100
00000000
00000000
00000000
,
00010000
00000000
00000000
00000000
,
00001000
00000000
00000000
00000000
,
01000000
00000000
00000000
00000000
,
00100000
00000000
00010000
00000000
,
00001000
00000000
00000010
00000000
,
00000200
00000000
00000000
00000000
,
00000000
00000000
00000000
00000300
,
00001000
00000001
00000000
00000100
,
00000000
00001000
00000000
00010000
,
00100000
10000000
00000000
01000000
,
00000000
00100000
00000000
01000000
,
00010000
00001000
00000000
00000010
,
00000000
00000001
00000000
00000100
,
00001001
00000000
00000110
00000000
,
00001001
00000000
00000000
00000000
,
00000001
00000000
00000000
00000001
,
00001000
00000000
00000000
00001000
,
00010000
00000000
00000000
00010000
,
10000000
00000000
00000000
10000000
,
01000000
00000000
00000000
01000000
,
00010000
00000000
00000000
00010000
,
00001000
00000000
00000000
00001000
,
00000100
00000000
00000000
00000100
,
00000000
00000100
00001000
00010000
,
00000000
00100000
00000000
10010000
,
00000000
01000000
00010000
00001000
,
00000000
00000010
00000000
00001001
,
00000000
00000100
00001000
00010000
,
00000000
00100000
00000000
00100000
,
10010000
00000000
01100000
00000000
,
10010000
00000000
00000000
00000000
,
00100000
00000000
10000000
01000000
,
00010000
00000000
00001000
00000000
,
00000010
00000000
00000001
00000100
,
00001000
00000000
00010000
00000000
,
01000000
00000000
10000000
01000000
,
00010000
00000000
00001000
00000000
,
00000100
00000000
00000001
00000100
,
00001000
00000000
00010000
00000000
,
00100000
00000000
01000000
00100000
,
00010000
00000000
00001000
00000000
,
00000010
00000000
00000100
00000010
,
00001000
00000000
00010000
00000000
,
01000000
00000000
00100000
01000000
,
00010000
00000000
00001000
00000000
,
00000100
00000000
00000010
00000100
,
00001001
00000000
00000000
00000000
,
00001001
00000000
00000000
00011000
,
00000000
00000000
10010000
00000000
,
00000000
02000000
00000000
00000000
,
00000000
00000000
00000000
03000000
,
00010000
00000000
00001000
00000000
,
00000000
00022000
00000000
00000000
,
00000000
00000000
00033000
00000000
,
00000000
00000000
00000000
00000000
;

//---------------dance-double - ----------------
#NOTES:
     dance-double:
     :
     Medium:
     6:
     0.359,0.419,0.129,0.153,0.000:
00000000
00000000
00000000
00000000
,
00000000
00000000
00000000
00000000
,
00000000
00000000
00000000
00000000
,
00000000
00000000
00000000
00000000
,
00000000
00000000
00000000
00000000
,
00100000
00000000
00100000
00000000
10000000
01000000
00000000
00010000
,
00000000
00001000
00000000
00000100
00000000
00000001
00000000
00000000
,
00000010
00000000
00000010
00000000
00000001
00000100
00000000
00001000
,
00000000
00010000
00000000
01000000
00000000
10000000
00000000
00000000
,
02200000
00000000
00000000
03300000
00000000
01000000
00000000
00100000
,
00000000
00010000
00000000
00001000
00000000
00000100
00000000
00000000
,
00000020
00000000
00000000
00000000
,
00000000
00000000
00000000
00000030
,
00000002
00000000
00000000
00000000
00000000
00001003
00000000
00000100
,
00000000
00001000
00000000
00010000
00000000
01000000
00000000
00000000
,
20000000
00000000
00000000
00000000
00000000
30010000
00000000
01000000
,
00000000
00010000
00000000
00001000
00000000
00000100
00000000
00000000
,
00000002
00000000
00000000
00000000
00000000
00001003
00000000
00000010
,
00000000
00001000
00000000
00010000
00000000
00100000
00000000
00000000
,
10010000
00000000
00011000
00000000
,
00002002
00000000
00000000
00003003
,
00000010
00000000
00000100
00000000
00001000
00010000
00000000
01000000
,
00000000
00000000
10000000
00000000
00010000
01000000
00000000
00000000
,
00100000
00000000
01000000
00000000
00010000
00001000
00000000
00000100
,
00000000
00000000
00000001
00000000
00001000
00000100
00000000
00000000
,
00000010
00000000
00000100
00000000
00001000
00010000
00000000
01000000
,
00000000
00000000
10000000
00000000
00010000
01000000
00000000
00000000
,
00100000
00000000
01000000
00000000
00010000
00001000
00000000
00000100
,
00000000
00000000
00000001
00000000
00001000
00000100
00000000
00000000
,
00000010
00000001
00000100
00000000
00000010
00000000
00000100
00000000
,
00001000
00010000
01000000
10000000
,
00100000
10000000
01000000
00000000
00100000
00000000
01000000
00000000
,
00010000
00001000
00000100
00000001
,
00000010
00000001
00000100
00000000
00000010
00000000
00000100
00000000
,
00001000
00010000
01000000
10000000
,
10010000
00000000
00011000
00000000
,
00002002
00000000
00000000
00003003
,
00000010
00000000
00000100
00000000
00000001
00000100
00000000
00000000
,
00001000
00000000
00010000
00000000
01000000
10000000
00000000
00000000
,
00100000
00000000
01000000
00000000
10000000
01000000
00000000
00000000
,
00010000
00000000
00001000
00000000
00000100
00000001
00000000
00000000
,
00000010
00000000
00001000
00000000
00000000
00010000
00001000
00000000
,
00000000
00010000
00001000
00000000
00010000
00000000
00100000
00000000
,
01000000
00000000
00100000
00000000
00000000
10000000
00000000
00000000
,
00010000
00000000
01000000
00000000
00100000
10000000
01000000
00000000
,
00100000
00000000
01000000
00000000
10000000
01000000
00000000
00000000
,
00010000
00000000
00001000
00000000
00000100
00000001
00000000
00000000
,
00000010
00000000
00000100
00000000
00000001
00000100
00000000
00000000
,
00001000
00000000
00010000
00000000
01000000
10000000
00000000
00000000
,
00100000
00000000
00010000
00000000
00000000
00001000
00010000
00000000
,
00000000
00001000
00010000
00000000
00001000
00000000
00000010
00000000
,
00000100
00000000
00000010
00000001
00000100
00001000
00010000
01000000
,
10000000
00000000
00000000
00011000
00000000
00000000
00000000
00000000
,
00000010
00001000
00000010
00010000
00001000
00000000
00100000
00010000
,
00100000
00001000
00010000
00000000
00000010
00001000
00000010
00010000
,
00001000
02000000
00000000
00000000
,
00000000
00000000
00000000
03000000
,
10010000
00000000
00011000
00000000
,
00000000
00002002
00000000
00000000
,
00000000
00000000
00000000
00003003
00000000
00000000
00000000
00000000
,
00000000
00000000
00000000
00000000
;

//---------------dance-double - ----------------
#NOTES:
     dance-double:
     :
     Hard:
     7:
     0.464,0.524,0.200,0.306,0.000:
00000000
00000000
00000000
00000000
,
00000000
00000000
00000000
00000000
,
00000000
00000000
00000000
00000000
,
00000000
00000000
00000000
00000000
,
00000000
00000000
00000000
00000000
,
10000000
00000000
00010000
00000000
00100000
01000000
00000000
00010000
,
00000000
00001000
00000000
00000100
00000000
00000001
00000000
00000000
,
00000001
00000000
00001000
00000000
00000010
00000100
00000000
00001000
,
00000000
00010000
00000000
01000000
00000000
10000000
00000000
00000000
,
00200000
00000000
00000000
00000000
10300000
01000000
00000000
00010000
,
00000000
00001000
00000000
00000100
00000000
00000001
00000000
00000000
,
00000020
00000000
00000000
00000000
,
00000000
00000000
00000000
00000030
,
00000002
00000000
00000003
00000100
00001000
00010000
00000000
00001000
,
00010000
01000000
00000000
00010000
01000000
10000000
00000000
00000000
,
20000000
00000000
30000000
01000000
00010000
00001000
00000000
00010000
,
00001000
00000100
00000000
00001000
00000100
00000001
00000000
00000000
,
00000002
00000000
00000003
00000100
00001000
00010000
00000000
00001000
,
00010000
01000000
00000000
00010000
01000000
10000000
00000000
00000000
,
20200000
30300000
00022000
00033000
,
00000202
00000000
00000000
00000303
,
00000010
00000000
00000001
00001000
00000100
00000001
00000100
00000000
,
00000010
00000000
00000001
00000100
00001000
00010000
00100000
00000000
,
00010000
00000000
00001000
00000100
00001000
00010000
01000000
00000000
,
00100000
00000000
00010000
01000000
00010000
10000000
01000000
00000000
,
00100000
00000000
10000000
00010000
01000000
10000000
01000000
00000000
,
00100000
00000000
10000000
01000000
00010000
00001000
00000010
00000000
,
00001000
00000000
00010000
01000000
00010000
00001000
00000100
00000000
,
00000010
00000000
00000001
00000100
00000001
00001000
00000100
00000000
,
00000010
00000000
00000010
00001000
00000100
00000000
00000001
00000000
,
00000100
00000000
00000010
00000001
00000100
00001000
00000000
00000000
,
00000100
00000000
00000100
00001000
00010000
00000000
01000000
00000000
,
00100000
00000000
00001000
00000100
00001000
00010000
00000000
00000000
,
00100000
00000000
00100000
10000000
01000000
00000000
00100000
00000000
,
01000000
00000000
00100000
00010000
01000000
10000000
00000000
00000000
,
22000000
33000000
00022000
00033000
,
00000022
00000000
00000000
00000033
,
00000100
00000000
00001000
00000100
00000000
00000001
00000010
00000100
,
00001000
00000000
00000001
00000000
00000000
00011000
00000000
00000000
,
01000000
00000000
00010000
01000000
00000000
10000000
01000000
00100000
,
00010000
00000000
10000000
00000000
01000000
00010000
00001000
00000000
,
00010000
00000000
01000000
00100000
00000000
00000000
00001000
00010000
,
00000000
00000010
00000100
00000000
00001001
00000000
00000110
00000000
,
00000001
00000000
00001000
00000000
00000001
00000100
00000000
00000000
,
00001000
00000000
00010000
00000000
01000000
10000000
00100000
00000000
,
01000000
00000000
00010000
01000000
00000000
10000000
01000000
00100000
,
00010000
00000000
10000000
00000000
00000000
00011000
00000000
00000000
,
00000100
00000000
00001000
00000100
00000000
00000001
00000010
00000100
,
00001000
00000000
00000001
00000000
00000100
00001000
00010000
00000000
,
00001000
00000000
00000100
00000010
00000000
00000000
00010000
00001000
,
00000000
00100000
01000000
00000000
10010000
00000000
01100000
00000000
,
10010000
00000000
00100000
10000000
01000000
00010000
00001000
00000100
,
00000001
00000000
00000000
00022000
00000000
00000000
00033000
00000000
,
00000100
00000001
00000010
00001000
00010000
00000000
01000000
10000000
,
00100000
00010000
00001000
00000000
00000100
00000001
00000010
00001000
,
00010000
02000000
00000000
00000000
,
00000000
00000000
00000000
03000000
,
20200000
30300000
00022000
00033000
,
00000000
00000202
00000000
00000000
,
00000000
00000000
00000000
00000303
00000000
00000000
00000000
00000000
,
00000000
00000000
00000000
00000000
;
