#TITLE:Monkey Punk;
#SUBTITLE:;
#ARTIST:Big Idea;
#TITLETRANSLIT:;
#SUBTITLETRANSLIT:;
#ARTISTTRANSLIT:;
#CREDIT:;
#BANNER:Monkey Punk.png;
#BACKGROUND:Monkey Punk-bg.png;
#LYRICSPATH:;
#CDTITLE:./CDTITLES/DANCE DANCE REVOLUTION ULTRAMIX 2.PNG;
#MUSIC:Monkey Punk.ogg;
#OFFSET:0.000;
#SAMPLESTART:48.060;
#SAMPLELENGTH:15.000;
#SELECTABLE:YES;
#DISPLAYBPM:180.000;
#BPMS:0.000=163.636,12.000=180.000;
#STOPS:;
#BGCHANGES:0.000=Monkey Punk.avi=1.000=0=0=0;

//---------------dance-single - ----------------
#NOTES:
     dance-single:
     :
     Beginner:
     4:
     0.229,0.299,0.000,0.154,0.000:
0000
0000
0000
0000
,
0000
0000
0000
0000
,
0000
0000
0000
0000
,
0000
0000
0000
0000
,
0002
0003
0001
0000
,
0010
0010
0010
0000
,
2000
3000
1000
0000
,
0010
0010
0010
0000
,
0200
0300
0100
0000
,
0001
0001
0001
0000
,
0020
0030
0020
0030
,
0010
0010
0010
0010
,
0000
1000
0000
1000
,
0000
1000
0000
1000
,
0000
0100
0000
0100
,
0000
0100
0000
0100
,
0000
0001
0000
0001
,
0000
0001
0000
0000
,
0001
0001
0001
0001
,
0001
0001
0001
0001
,
0000
1000
0000
0010
,
0000
1000
0000
0010
,
0000
0001
0000
0010
,
0000
0001
0000
0010
,
0000
0100
0000
0001
,
0000
0001
0000
1000
,
0000
0001
0000
0100
,
0000
0100
0000
0010
,
0000
0001
0000
0001
,
0000
1000
1000
1000
,
0000
0001
0000
0001
,
0000
0010
0010
0010
,
0000
0001
0000
0001
,
0000
0100
0000
1000
,
2000
3000
2000
3000
,
1000
1000
1000
1000
,
0000
0010
0000
1000
,
0000
0010
0000
0100
,
0000
0001
0000
0100
,
0000
0001
0000
1000
,
0000
0010
0000
0001
,
0000
0100
0000
0001
,
0002
0000
0000
0003
,
0000
0000
0000
0000
,
2000
3000
1000
0000
,
0100
0100
0100
0000
,
0002
0003
0001
0000
,
0100
0100
0100
0000
,
0020
0030
0010
0000
,
1000
1000
1000
0000
,
0200
0300
0200
0300
,
0100
0100
0100
0100
,
0000
0001
0000
0001
,
0000
0010
0000
0010
,
0000
1000
0000
1000
,
0000
0100
0000
0100
,
0000
0001
0000
0100
,
0000
1000
0000
0010
,
0000
0100
0000
0001
,
0000
0010
0000
1000
,
1000
0000
0000
0000
,
0001
0000
0000
0000
,
2000
0000
0000
3000
,
0000
0000
0000
0000
,
0010
0000
0000
0000
,
0100
0000
0000
0000
,
0020
0000
0000
0030
,
0000
0000
0000
0000
,
0000
1000
0000
1000
,
0000
0001
0000
0001
,
0000
0100
0000
0100
,
0000
0010
0000
0010
,
0000
1000
0000
0100
,
0000
0001
0000
0010
,
0000
0001
0000
0100
,
0000
1000
0000
0010
,
0010
0000
0000
0100
,
0200
0000
0000
0300
,
0000
0000
0000
0000
;

//---------------dance-single - ----------------
#NOTES:
     dance-single:
     :
     Easy:
     5:
     0.393,0.486,0.240,0.375,0.000:
0000
0000
0000
0000
,
0000
0000
0000
0000
,
0000
0000
0000
0000
,
0000
0000
0000
0000
,
0020
0030
1001
0000
,
0010
0010
0001
1000
,
0001
0001
0100
0100
,
2002
0000
0000
3003
,
0020
0030
1001
0000
,
0100
0010
0100
0010
,
0220
0330
2002
3003
,
1000
1000
0001
0001
,
2000
3000
0110
0000
,
1000
1000
0002
0003
,
2000
3000
0101
0000
,
0001
0001
2000
3000
,
0002
0003
1100
0000
,
0010
0010
0100
0000
,
0020
0030
1100
0000
,
0010
1000
1000
0000
,
0001
1001
1000
1001
,
0001
1000
0001
1000
,
0010
0110
0100
0110
,
0010
0100
0010
0100
,
0001
0001
0100
0001
,
1000
1000
0001
1000
,
0010
1000
0100
0001
,
0100
1000
0010
0010
,
0100
1000
0100
0001
,
0100
1000
0100
0001
,
0010
0010
0100
1000
,
0100
0001
0100
1000
,
0100
0100
0010
0001
,
1000
0001
1000
0001
,
2002
3003
0220
0330
,
0001
0001
1000
1000
,
0001
0010
0100
1000
,
0100
0010
0001
0000
,
1000
0001
0010
0100
,
1000
0010
0100
0000
,
1000
1000
0001
0001
,
1000
0001
0001
1000
,
0002
0000
0000
0003
,
0000
0000
0000
0000
,
0200
0300
0101
0000
,
1000
0100
1000
0000
,
0020
0030
1100
0000
,
0001
1000
0001
0000
,
0002
0003
1001
0000
,
0010
0001
0010
0000
,
2200
3300
0202
0303
,
1000
1000
0001
0001
,
1000
0200
0000
0300
,
0010
0010
0100
0100
,
1000
0002
0000
0003
,
0100
0100
0001
0001
,
0010
0200
0000
0300
,
0010
0010
0001
0001
,
1000
0200
0000
0300
,
1000
1000
0010
1000
,
0200
0000
0000
0300
,
0020
0000
0000
0030
,
2002
0000
0000
3003
,
0000
0000
0000
0000
,
0010
0001
0100
1000
,
0100
0001
0010
0010
,
0001
0100
1000
0100
,
0001
0010
0001
0001
,
1000
0200
0000
0300
,
0010
0010
0001
1000
,
0100
0020
0000
0030
,
1000
1000
0100
0010
,
0001
0002
0000
0003
,
1000
0001
1000
0100
,
0010
0100
1000
0010
,
0010
0100
0100
0010
,
0110
0000
0000
1001
0000
0000
0110
0000
,
0220
0000
0000
0330
,
0000
0000
0000
0000
;

//---------------dance-single - ----------------
#NOTES:
     dance-single:
     :
     Medium:
     8:
     0.511,0.635,0.730,0.269,0.000:
0000
0000
0000
0000
,
0000
0000
0000
0000
,
0000
0000
0000
0000
,
0000
0000
0000
0000
,
1001
0000
0001
2000
0000
0000
3000
0000
,
0010
0110
1000
1001
,
0110
0000
0010
0100
0000
0000
0100
0020
,
0000
0000
0000
0030
,
1001
0010
0100
0010
,
0110
0001
1000
0001
,
2020
3030
0202
0303
,
1010
0011
1100
0101
,
0001
0001
1000
1000
,
0100
0100
0010
0010
,
1001
0110
0100
0010
,
0110
1001
1000
0001
,
1010
0101
2002
0000
,
3003
1000
0001
1000
,
1000
0001
2002
0000
,
0000
0000
0000
3003
,
0110
0100
1000
0100
,
0010
0001
0010
0010
,
1001
0001
1000
0100
,
0010
0010
0001
1000
,
0110
0100
1000
0010
,
0100
0100
0001
0010
,
1001
0100
0001
1000
,
0010
0010
0100
1001
,
1000
0100
1000
0000
1100
0000
0101
0000
,
0001
0100
0001
0000
0101
0000
1100
0000
,
0010
0100
0010
0000
0110
0000
1001
0000
,
0001
1000
0001
0000
1001
0000
0110
0000
,
1000
0001
1000
0000
1100
0000
0101
0000
,
0001
1000
0001
0000
1100
0000
0101
0000
,
2002
3003
0220
0330
,
1100
0101
1001
0110
,
1000
0100
1000
0000
0100
0000
0100
0000
,
1000
0100
0010
0001
,
0001
0100
0001
0000
0100
0000
0100
0000
,
0001
0100
0010
1000
,
0011
1010
1000
0001
,
1100
0101
0001
1000
,
2002
0000
0000
3003
,
0000
0000
0000
0000
,
0010
1000
0001
0000
0100
0000
1000
0000
,
0100
0001
1000
0000
0100
0000
1000
0000
,
0100
0001
0100
0000
1000
0000
0100
0000
,
0010
0100
0010
0000
0001
0000
1000
0000
,
0001
1000
0001
0000
1000
0000
0010
0000
,
1000
0100
1000
0000
0010
0000
0100
0000
,
1001
0000
0110
0000
,
0011
1100
1010
0101
,
1100
1000
0100
1000
,
0101
0001
0100
0001
,
1010
1000
0010
1000
,
0011
0001
0010
0001
,
0110
0100
0010
0100
,
1001
1000
0001
1000
,
0110
0100
0110
0010
,
1001
1000
1001
0001
,
0002
0000
0000
0003
,
0200
0000
0000
0300
,
2002
0000
0000
3003
,
0000
0000
0000
0000
,
0010
0001
0010
0000
0001
0000
1000
0000
,
0100
1000
0100
0000
1000
0000
0001
0000
,
1000
1000
0001
1000
,
0010
0010
0100
1100
,
0101
0202
0000
0303
,
1000
0001
1000
1001
,
0110
2002
0000
3003
,
0010
0001
0010
0011
,
1100
2200
0000
3300
,
0100
0001
0100
1000
,
1000
1000
0001
1000
,
0100
0100
0010
0100
,
1001
0000
1000
0001
0000
1000
0001
1000
,
2002
0000
0000
3003
,
0000
0000
0000
0000
;

//---------------dance-single - ----------------
#NOTES:
     dance-single:
     :
     Hard:
     10:
     0.490,0.481,0.163,0.173,0.000:
0000
0000
0000
0000
,
0000
0000
0000
0000
,
0000
0000
0000
0000
,
0000
0000
0000
0000
,
1000
0100
1000
0002
0000
0000
0000
0013
,
0000
0100
0000
1000
0000
0100
0000
0000
,
0001
0100
0001
2000
0000
0000
0000
3010
,
0000
0100
0000
0001
0000
0100
0000
0000
,
1000
0001
1000
0002
0000
0000
1000
0000
,
0000
0100
0000
0013
,
1001
0000
0110
0000
,
1000
1001
0001
1001
,
0010
0000
0100
1000
0000
0000
1000
0010
,
0000
0010
0000
0100
0001
0000
0010
0000
,
0001
1000
0000
0001
0000
0000
0100
0010
,
0000
1000
0100
0000
0010
0000
0001
1000
,
0000
0001
0000
1000
0000
0010
0000
0100
,
0000
0001
0010
0100
0010
0000
0001
1000
,
0000
0001
0000
1000
0000
0001
0000
0000
,
1001
0110
0110
1001
,
0010
1000
0001
0020
0000
0000
1000
0000
,
0000
0100
0000
0031
,
0001
1000
0100
0020
0000
0000
0001
0000
,
0000
0100
0000
1030
,
1000
0010
0001
0200
0000
0000
0001
0000
,
0000
0010
0000
1300
,
1000
0100
0001
0020
0000
0000
0001
0000
,
0000
0100
0000
1030
,
1000
0010
1000
0000
0001
0010
0001
0000
,
0001
0100
0001
0000
1000
0100
1000
0000
,
0001
1000
0001
0000
0100
0010
0100
0000
,
1000
0001
1000
0000
0010
0100
0010
0000
,
1000
0100
0000
0001
0000
0100
0000
1000
,
0000
0010
0000
0001
0000
0010
0000
0001
,
2000
3000
0002
0003
,
1001
1001
1001
1001
,
0001
0100
0000
1000
0000
0100
0000
0001
,
0000
0010
0000
1000
0000
0010
0000
0000
,
0001
0100
0000
1000
0000
0100
0001
0000
,
0010
1000
0000
0010
0000
0000
0001
0000
,
0001
1000
0000
0001
0000
1000
0001
1000
,
0010
0000
0100
0010
0000
0000
0100
0020
,
1000
0100
0001
1000
,
0001
0100
1000
0031
,
1000
0100
1000
0002
0000
0000
0000
0013
,
0000
0100
0000
1000
0000
0100
0000
0000
,
0001
0100
0001
2000
0000
0000
0000
3010
,
0000
0100
0000
0001
0000
0100
0000
0000
,
1000
0001
1000
0002
0000
0000
1000
0000
,
0000
0100
0000
0013
,
1001
0000
0110
0000
,
1000
1001
0001
1001
,
1000
0000
0001
0000
0010
0001
0100
0000
,
0010
1000
0100
0000
0010
0001
0100
0000
,
0001
0000
1000
0000
0100
1000
0010
0000
,
0100
0001
0010
0000
0100
1000
0010
0000
,
0100
0000
0010
0000
1000
0010
0001
0000
,
1000
0100
0001
0000
1000
0010
0001
0000
,
0010
0000
0100
0000
0001
0100
1000
0000
,
0001
0010
1000
0000
0001
0100
1000
0000
,
2002
0000
0000
0000
,
0000
0000
0000
3003
,
0001
1000
0001
1000
0000
0001
0000
1000
,
0000
0001
0000
1000
0001
1000
0001
1000
,
0001
0100
0000
0010
0000
1000
0100
0010
,
0001
0000
0100
0010
0000
0000
1000
0100
,
0010
0100
0010
0100
0000
0001
0000
0100
,
0000
1000
0000
0010
0100
0000
0001
0000
,
1000
0002
1000
0103
,
0001
0100
0000
1000
0000
0100
0001
0000
,
0010
0200
0010
1300
,
0100
1000
0000
0010
0000
1000
0100
1000
,
0010
0200
0010
0301
,
0100
0001
0000
0010
0000
0001
0100
0000
,
0001
1000
0000
0001
0000
1000
0001
1000
,
0010
0000
0100
0010
0000
0000
0010
0100
,
1000
0100
0001
0010
0000
1000
0010
0001
,
0100
0000
0000
0000
,
0000
0000
0000
0000
;

//---------------dance-double - ----------------
#NOTES:
     dance-double:
     :
     Easy:
     5:
     0.383,0.411,0.211,0.327,0.000:
00000000
00000000
00000000
00000000
,
00000000
00000000
00000000
00000000
,
00000000
00000000
00000000
00000000
,
00000000
00000000
00000000
00000000
,
00022000
00033000
00001000
00000000
,
00010000
01000000
00010000
01000000
,
10000000
01000000
10000000
01000000
,
20000000
00000000
00000000
30000000
,
20020000
30030000
01000000
00000000
,
00010000
00001000
00010000
00001000
,
00011000
00000000
00011000
00000000
,
00001000
00001000
00010000
00010000
,
00022000
00033000
00000100
00000000
,
00001000
00000001
00000100
00000000
,
00000022
00000033
00000100
00000000
,
00000001
00001000
00000100
00000000
,
00002002
00003003
00000100
00000000
,
00001000
00010000
01000000
00000000
,
20020000
30030000
00100000
00000000
,
00100000
10000000
10000000
00000000
,
10010000
10000000
10000000
01000000
,
00010000
00001000
00010000
00001000
,
00010000
00001000
00001000
00000100
,
00000001
00000010
00000001
00000010
,
00000100
00001000
00000100
00000010
,
00000001
00000100
00001000
00010000
,
01000000
10000000
00010000
10000000
,
01000000
00100000
00010000
00010000
,
00100000
01000000
00010000
00001000
,
00000100
00001000
00000100
00001000
,
00001000
00010000
01000000
10000000
,
01000000
00010000
01000000
10000000
,
01000000
00100000
00010000
01000000
,
00100000
10000000
00100000
10000000
,
10010000
00000000
01100000
00000000
,
10000000
10000000
00010000
10000000
,
01000000
00010000
00001000
00001000
,
00000100
00000001
00000100
00000001
,
00000001
00001000
00000100
00000100
,
00001000
00000100
00000100
00000000
,
00010000
00001000
00010000
00010000
,
00001000
00010000
00001000
00001000
,
00022000
00000000
00000000
00033000
,
00000000
00000000
00000000
00000000
,
00002002
00003003
00000100
00000000
,
00000010
00000001
00000010
00000000
,
00002200
00003300
00000100
00000000
,
00010000
00001000
00010000
00000000
,
20020000
30030000
01000000
00000000
,
00100000
10000000
00100000
00000000
,
01010000
00000000
11000000
00000000
,
00100000
00100000
10000000
00100000
,
10000000
02000000
00000000
03000000
,
00010000
00001000
00010000
00001000
,
00001000
00020000
00000000
00030000
,
00001000
00000100
00001000
00000100
,
00000100
00000002
00000000
00000003
,
00000010
00000001
00000010
00000001
,
00000001
00000200
00000000
00000300
,
00001000
00010000
00001000
00010000
,
00020000
00000000
00000000
00030000
,
00002000
00000000
00000000
00003000
,
00022000
00000000
00000000
00033000
,
00000000
00000000
00000000
00000000
,
00000010
00000010
00000100
00000010
,
00000001
00000001
00000010
00000001
,
00000100
00000100
00001000
00000100
,
00001000
00001000
00010000
00001000
,
00010000
00020000
00000000
00030000
,
01000000
01000000
10000000
01000000
,
10000000
20000000
00000000
30000000
,
01000000
01000000
00100000
01000000
,
00100000
00200000
00000000
00300000
,
01000000
00010000
00001000
00001000
,
00000100
00001000
00000100
00000001
,
00000001
00001000
00001000
00000001
,
00001001
00000000
00000000
00000110
00000000
00000000
00001001
00000000
,
00002002
00000000
00000000
00003003
,
00000000
00000000
00000000
00000000
;

//---------------dance-double - ----------------
#NOTES:
     dance-double:
     :
     Medium:
     8:
     0.504,0.523,0.817,0.231,0.000:
00000000
00000000
00000000
00000000
,
00000000
00000000
00000000
00000000
,
00000000
00000000
00000000
00000000
,
00000000
00000000
00000000
00000000
,
10010000
01100000
01000000
00010000
,
00001000
00000100
00001000
00000100
,
00001100
00000101
00000100
00000010
,
00001000
00000100
00000010
00000001
,
00001100
00000101
00000100
00001000
,
00010000
01000000
00010000
01000000
,
01010000
00000000
00001100
00000000
,
00010100
00011000
01001000
00011000
,
00011000
00000100
00000001
00001000
,
00000100
00000010
00001000
00000000
,
00110000
00010000
00100000
01000000
,
00010000
00001000
00000100
00000000
,
00001001
00000100
00001000
00000001
,
00000100
00001000
00010000
00000000
,
10010000
00100000
10000000
01000000
,
00100000
00010000
10000000
00000000
,
01000000
00010000
01000000
00000000
01010000
00000000
00011000
00000000
,
00010000
00001000
00010000
00001000
,
00001000
00000100
00001000
00000000
00001100
00000000
00011000
00000000
,
00001000
00010000
00001000
00010000
,
00001000
00010000
00001000
00000000
00011000
00000000
00011000
00000000
,
00010000
00010000
01000000
10000000
,
00100000
10000000
00100000
00000000
10100000
00000000
01010000
00000000
,
00100000
00100000
10000000
00010000
,
00100000
01000000
00100000
00000000
10010000
00000000
01100000
00000000
,
00100000
00010000
00001000
00000100
,
00000001
00000100
00000001
00000000
00000101
00000000
00001100
00000000
,
00000010
00000001
00000010
00000001
,
00000010
00000001
00000000
00000100
00000000
00001000
00000000
00010000
,
00000000
01000000
00000000
10010000
00000000
10010000
00000000
00000000
,
01010000
00000000
00001100
00000000
,
00010100
00011000
01001000
00011000
,
00010000
01000000
00000000
01010000
00000000
11000000
00000000
00100000
,
00000000
00010000
00000000
10000000
00000000
01000000
00000000
00000000
,
01100000
10010000
10000000
01000000
,
00010000
00001000
00000100
00001000
,
00010000
00001000
00000100
00000001
,
00000010
00000001
00000100
00001000
,
00022000
00000000
00000000
00033000
,
00000000
00000000
00000000
00000000
,
00000001
00001000
00000001
00000000
00000110
00000000
00001001
00000000
,
00001000
00000100
00000010
00000001
,
00000100
00001000
00000100
00000000
00001001
00000000
00000110
00000000
,
00000010
00001000
00010000
01000000
,
10000000
00010000
10000000
00000000
10100000
00000000
01010000
00000000
,
00100000
10000000
01000000
00010000
,
01010000
00000000
00001100
00000000
,
00010100
00011000
01001000
00011000
,
00001100
00002200
00000000
00003300
,
00001000
00000001
00001000
00000011
,
00001100
00002200
00000000
00003300
,
00000010
00000001
00000100
00001100
,
00011000
00022000
00000000
00033000
,
00010000
01000000
10000000
01100000
,
10010000
20020000
00000000
30030000
,
10000000
10000000
00010000
10000000
,
20020000
00000000
00000000
30030000
,
02200000
00000000
00000000
03300000
,
20020000
00000000
00000000
30030000
,
00000000
00000000
00000000
00000000
,
00011000
00011000
00000100
00000010
,
00001000
00000100
00000010
00000001
,
00000011
00001100
00000010
00001000
,
00010000
00100000
10000000
10100000
,
00110000
00220000
00000000
00330000
,
00010000
01000000
00010000
01001000
,
00011000
00022000
00000000
00033000
,
00001000
00000100
00000010
00001010
,
00000101
00000202
00000000
00000303
,
00000100
00001000
00000100
00001000
,
00010000
00001000
00010000
01000000
,
00010000
01000000
10000000
01000000
,
11000000
01010000
01100000
10010000
,
20020000
00000000
00000000
30030000
,
00000000
00000000
00000000
00000000
;

//---------------dance-double - ----------------
#NOTES:
     dance-double:
     :
     Hard:
     10:
     0.439,0.592,0.356,0.221,0.000:
00000000
00000000
00000000
00000000
,
00000000
00000000
00000000
00000000
,
00000000
00000000
00000000
00000000
,
00000000
00000000
00000000
00000000
,
00010000
00000000
00010000
00020000
00000000
00000000
00000000
00000000
,
00000000
00000000
00000000
00030000
,
01000000
00000000
01000000
02000000
00000000
00000000
00000000
00000000
,
00000000
00000000
00000000
03000000
,
10000000
00010000
10000000
20000000
00000000
00000000
00000000
00000000
,
00010000
00000000
30010000
00000000
,
10010000
00000000
00011000
00000000
,
00001001
00001001
00000110
00000110
,
00000001
00000000
00000100
00000010
00000000
00000000
00001000
00000010
,
00000000
00000010
00000100
00000010
,
00001000
00010000
00000000
00100000
00000000
00000000
01000000
00010000
,
00000000
10000000
00100000
00000000
00010000
00000000
00000000
00000000
,
10010000
00010000
11000000
00000000
,
00000000
00000000
10000000
01000000
10000000
00000000
00100000
10000000
,
00000000
00100000
00000000
20000000
00000000
00000000
00000000
00000000
,
00010000
00010000
30010000
00000000
,
10000000
01000000
00000000
02020000
00000000
00000000
00030000
00000000
,
00000000
00010000
00010000
03010000
,
00010000
00010000
00000000
00220000
00000000
00000000
00300000
00000000
,
00000000
00100000
00100000
00130000
,
01000000
00010000
00001000
00022000
00000000
00000000
00003000
00000000
,
00000000
00001000
00001000
00031000
,
00000010
00000001
00000100
00002020
00000000
00000000
00003000
00000000
,
00000000
00001000
00001000
00001030
,
00000010
00001000
00000100
00000000
00000001
00000100
00001000
00000000
,
00000010
00001000
00000100
00000000
00010000
00001000
00000010
00000000
,
00001000
00010000
00100000
00000000
00010000
00001000
01000000
00000000
,
00010000
10000000
01000000
00000000
11000000
00000000
00000000
00000000
,
10000000
01000000
00000000
01010000
00000000
11000000
00000000
00110000
,
00000000
10100000
00000000
01100000
00000000
10010000
00000000
00000000
,
10010000
00000000
00011000
00000000
,
00001001
00000101
00001100
00001001
,
00001000
00000100
00000000
00010000
00000000
00001000
00000000
00100000
,
00000000
01000000
00000000
00100000
00000000
01100000
00000000
00000000
,
01000000
10000000
00000000
10000000
00000000
00100000
01000000
00000000
,
00010000
00100000
00000000
01000000
00000000
10010000
00000000
00000000
,
00010000
10000000
00000000
10000000
00000000
00010000
00100000
01000000
,
00100000
00000000
00010000
00100000
00000000
00100000
00002000
00000000
,
00000000
00000000
00000000
00000000
,
00000000
00000000
00000000
00003000
,
00100000
00010000
00100000
00200000
00000000
00000000
00000000
00000000
,
00000000
00010000
00010000
00310000
,
10000000
01000000
10000000
20000000
00000000
00000000
00000000
00000000
,
00000000
01000000
01000000
31000000
,
01000000
00100000
01000000
02000000
00000000
00000000
00000000
00000000
,
00000000
00100000
00100000
03100000
,
00110000
00000000
00011000
00000000
,
00000011
00000101
00011000
01010000
,
01000000
00100000
10000000
00000000
01000000
00100000
00010000
00000000
,
01000000
00100000
10000000
00000000
00010000
00000000
00010000
00000000
,
10000000
00000000
10010000
00000000
10000000
01000000
00010000
00000000
,
10000000
01000000
00100000
00000000
10000000
01000000
00010000
00000000
,
10000000
00000000
10010000
00000000
00100000
00001000
00010000
00000000
,
00010000
00001000
00100000
00000000
00010000
01000000
10000000
00000000
,
01000000
00000000
01100000
00000000
00100000
01000000
00010000
00000000
,
00100000
01000000
10000000
00000000
00100000
01000000
00010000
00000000
,
02002000
00000000
00000000
00000000
,
00000000
00000000
00000000
00000000
,
00000000
00000000
00000000
03003000
00000000
00000000
00000000
00000000
,
00000000
00001000
01000000
00001000
01000000
00001000
01000000
00000000
,
00010000
01000000
00000000
00010000
00000000
00100000
00010000
00100000
,
00010000
00000000
01000000
00010000
00000000
00000000
00001000
00020000
,
00000000
00000000
00000000
00000000
,
00030000
00000000
00000000
00000100
,
00000001
00000020
00000000
00000030
,
00000001
00000010
00000000
00000010
00000000
00000100
00001000
00000000
,
00001000
00000002
00000000
00000003
,
00001000
00000010
00000000
00000010
00000000
00000100
00001000
00000000
,
00001000
00200000
00000000
00300000
,
00010000
00100000
00000000
00100000
00000000
01000000
00010000
00000000
,
00010000
00002000
00000000
00000000
,
00010000
00000000
00013000
00000000
,
00100000
10000000
01000000
00010000
00000000
00001000
00000010
00000001
,
00000100
00000000
00000000
00000000
,
00000000
00000000
00000000
00000000
;
