#TITLE:More One Night;
#ARTIST:チト(CV\：水瀬いのり)、ユーリ(CV\：久保ユリカ);
#ARTISTTRANSLIT:Chito (CV\: Minase Inori), Yuuri (CV\: Kubo Yurika);
#BANNER:More One Night.png;
#BACKGROUND:More One Night-bg.png;
#CDTITLE:./CDTitles/DDR A.png;
#MUSIC:More One Night.ogg;
#SAMPLESTART:54.146;
#SAMPLELENGTH:15;
#BPMS:0=123;

//---------------dance-single - ----------------
#NOTES:
     dance-single:
     :
     Beginner:
     3:
     :
0000
0000
0000
0000
,
0000
0000
0000
0000
,
0000
0000
0000
0000
,
0000
0000
0000
0000
,
2000
0000
3000
0000
,
1000
0000
0000
0000
,
0002
0000
0003
0000
,
0001
0000
0000
0000
,
0001
0000
0001
0000
,
0010
0000
0010
0000
,
1000
1000
1000
1000
,
0020
0000
0030
0000
,
0001
0000
1000
0000
,
0001
0010
0010
0000
,
1000
0000
0001
0000
,
1000
0010
0010
0000
,
1000
0000
1000
0000
,
0001
0010
0001
0000
,
0010
0000
0010
0000
,
0100
0001
0001
0000
,
1001
0000
0000
0000
,
0110
0000
0000
0000
,
1001
0000
0000
0000
,
0110
0000
0000
0000
,
1000
0000
1000
0000
,
0001
0000
0001
0001
,
0010
0000
0100
0000
,
0010
0010
0010
0000
,
0001
0010
0001
0010
,
0100
0000
0010
0000
,
1000
0010
1000
0010
,
0100
0000
0010
0000
,
1000
0000
1000
0000
,
0001
0000
0001
0000
,
0001
0000
0010
0000
,
0200
0000
0000
0000
,
0300
0000
0000
0000
,
0001
0001
0001
0001
,
0001
0001
0000
0000
,
1000
1000
1000
1000
,
1000
1000
0000
0000
,
0001
0001
0010
0010
,
0001
0001
0000
0000
,
1000
1000
0010
0010
,
1000
0000
0010
0000
,
0010
0100
0010
1001
;

//---------------dance-single - ----------------
#NOTES:
     dance-single:
     :
     Easy:
     6:
     :
0000
0000
0000
0000
,
0000
0000
0000
0000
,
0000
0000
0000
0000
,
0000
0000
0000
0000
,
2000
0000
3000
0000
,
0100
0000
0010
0000
,
0002
0000
0003
0000
,
0100
0000
0010
0000
,
1000
0001
0010
0010
,
0001
1000
0010
0010
,
1000
1000
0001
0001
,
1000
0001
1001
0000
,
0001
0010
0100
1000
,
0010
0100
0001
0000
,
1000
0010
0100
0001
,
1000
0100
0010
0000
,
0001
0010
0100
1000
,
0001
1000
0010
0000
,
0100
0001
1000
0001
,
0100
0010
1001
0000
,
2000
0100
0100
3100
,
0020
0031
0002
1003
,
2000
0010
0010
3010
,
0002
0000
1003
0000
,
0002
0100
0100
0103
,
0010
0100
0002
2003
,
3001
0000
0100
0000
,
0110
0110
1001
0000
,
1000
0100
0010
0001
,
0100
0010
1000
0000
,
0001
0100
0010
1000
,
0100
0001
0010
0000
,
1000
1000
0001
0001
,
0010
0100
1001
0000
,
2000
3020
0230
0302
,
2003
3002
0023
0000
,
0000
0000
0030
0000
,
0001
0001
0100
1000
,
0100
0100
0002
0000
,
1003
1000
0100
0001
,
0100
1000
0020
0000
,
0130
0100
0001
1000
,
0100
0100
0002
0000
,
0103
0100
1000
0001
,
1000
0010
0110
1001
,
0010
0100
1000
1001
;

//---------------dance-single - ----------------
#NOTES:
     dance-single:
     :
     Medium:
     9:
     :
0000
0000
0000
0000
,
0000
0000
0000
0000
,
0000
0000
0000
0000
,
0000
0000
0000
0000
,
2000
0100
0000
3100
,
0020
0001
0000
0031
,
0002
0100
0000
0103
,
0020
1000
0000
1030
,
0001
0000
0001
0000
0100
0010
1000
0000
,
0100
0000
0100
0000
0010
0001
1000
0000
,
0001
1000
0001
1000
0020
0000
0130
0000
,
0001
1000
0100
0000
0110
0000
1001
0000
,
2000
0000
3010
0100
0001
0000
1000
0100
,
0020
0000
0031
0000
1000
0000
0001
0100
,
0020
0000
1030
0001
0100
0000
0001
0000
,
0010
0000
0100
1000
0001
0000
2000
0000
,
3200
0302
0103
0010
,
0001
0010
0100
1000
0100
0000
0010
0001
,
1000
0010
0100
0001
,
1000
0001
1000
0000
1001
0000
0000
0000
,
1000
0000
0000
0000
1000
0000
0000
0000
0001
0000
0000
0010
0000
0000
0001
0000
,
0100
0000
0000
0000
0100
0000
0000
0000
0001
0000
0000
1000
0000
0000
0001
0000
,
0010
0000
0000
0000
0010
0000
0000
0000
0100
0000
0000
1000
0000
0000
0100
0000
,
1000
0001
1000
0000
2002
0000
3003
0000
,
0001
0000
0000
0000
0001
0000
0000
0000
0100
0000
0000
0010
0000
0000
0100
0000
,
1000
0100
0101
1100
,
0110
0000
1001
0000
,
1010
0101
1001
0000
,
0001
0000
0001
0000
0010
0100
1000
0100
,
0000
0010
0001
0000
2000
0000
3001
0000
,
1000
0000
1000
0000
0010
0100
0010
0000
,
1001
0110
1001
0110
,
0001
0002
0013
0020
,
0130
1000
0001
1000
0000
0000
0000
0010
,
0100
0110
0001
1001
,
1000
0100
0010
0001
2000
0000
3002
0000
,
0203
0000
0000
0000
0000
0010
0310
0000
,
1000
0010
0100
0010
1000
0000
0001
0100
,
0000
0010
0001
0000
0020
0000
0000
0000
,
0031
0010
1000
0010
0010
0000
0100
0001
,
0000
1000
0100
0000
0020
0000
0000
0000
,
0130
1000
0000
0001
0100
0000
1000
0010
,
0000
0001
0010
0000
2000
0000
0000
0000
,
3001
0010
0100
1000
0010
0000
0100
0001
,
0100
0110
1000
1001
,
0001
0100
0010
1000
0001
0000
1001
0000
;

//---------------dance-single - ----------------
#NOTES:
     dance-single:
     :
     Hard:
     11:
     :
0000
0000
0000
0000
,
0000
0000
0000
0000
,
0000
0000
0000
0000
,
0000
0000
0000
0002
,
1003
0100
0010
0100
1000
0100
0100
0000
,
0010
0001
1000
0001
0010
0100
0020
0000
,
0031
0100
1000
0100
0001
0100
0100
0000
,
0010
1000
0001
1000
0010
0100
0020
0000
,
1030
0010
0100
0001
1000
0100
0010
0000
,
0001
0100
0010
1000
0010
0100
0002
0000
,
0013
0100
1000
0001
0100
0010
1000
0001
,
1000
0100
0010
0001
0110
0000
1001
0000
,
0110
0000
1000
0001
0100
0000
0010
1000
,
0001
0010
0100
1000
0001
0000
1000
0010
,
0100
0001
0100
0010
1000
0000
0001
0010
,
0100
1000
0100
0010
0001
0000
1000
0001
,
2000
0000
3010
0100
0001
0000
0010
0100
,
1000
0100
0010
0001
0010
0000
0100
1000
,
0002
0000
0103
0010
1000
0001
0010
0100
,
1000
0100
0010
0001
0100
0000
1001
0000
,
1000
0100
1000
0001
0010
0001
1000
0001
,
0100
0010
0100
0010
1000
0001
1000
0000
,
0001
0100
0001
1000
0010
1000
0001
0010
,
0100
1000
0001
0000
0220
0000
0330
0000
,
1000
0010
0100
0001
0010
0100
1000
0010
,
1000
0001
0100
0010
0110
0000
1001
0000
,
0001
0010
0100
1000
0001
0100
0010
1000
,
0001
1000
0100
0010
0001
0000
1000
0010
,
0200
0000
0302
0000
0013
0100
1000
0001
,
0010
0001
1000
0100
0010
0000
0000
0001
,
0200
0000
0320
0000
1030
0001
0100
0010
,
1000
0100
0001
0010
1000
0000
0000
0000
,
0002
0000
0203
0000
0310
1000
0001
1000
,
0100
0001
0100
1000
0000
0000
0000
0001
,
0200
0000
0310
1000
0002
0000
0013
0100
,
1000
0100
0010
0001
2000
0000
3020
0000
,
0230
0000
0000
0000
0000
0301
0101
0000
,
1000
0100
0010
0001
0100
0010
1000
0001
,
0010
0100
1000
0001
0200
0000
0320
0000
,
0130
0001
0010
0100
1000
0010
0100
0001
,
1000
0100
0010
0001
0200
0000
0320
0000
,
1030
0001
1000
0100
0001
0100
1000
0001
,
0100
1000
0100
0001
0020
0000
0230
0000
,
1300
0100
1000
0001
0010
0001
1000
0010
,
1000
0110
1001
0110
,
0001
0010
0100
1000
0110
0000
1001
0000
;

//---------------dance-double - ----------------
#NOTES:
     dance-double:
     :
     Easy:
     6:
     :
00000000
00000000
00000000
00000000
,
00000000
00000000
00000000
00000000
,
00000000
00000000
00000000
00000000
,
00000000
00000000
00000000
00000000
,
00000000
10000000
00000000
10000000
,
00000000
01000000
00000000
01000000
,
00000000
00010000
00000000
00010000
,
00000000
00001000
00000000
00001000
,
00000010
00000001
00000010
00000010
,
00000001
00001000
00000001
00000001
,
00000200
00000000
00002300
00000000
,
00013000
00001000
00011000
00000000
,
00010000
00100000
10000000
00010000
,
00100000
01000000
10000000
00000000
,
01000000
00010000
00001000
00010000
,
00001000
00000010
00000001
00000000
,
00000100
00000001
00001000
00000010
,
00010000
00001000
00010000
00000000
,
00010000
00100000
10000000
00010000
,
01000000
00100000
10010000
00000000
,
20000000
01000000
01000000
31000000
,
00020000
00031000
00002000
00013000
,
00002000
00000010
00000010
00003010
,
00000002
00000000
00001003
00000000
,
00000002
00000100
00000100
00000103
,
00002000
00013000
00020000
00032000
,
00013000
00000000
00100000
00000000
,
01100000
01100000
10010000
00000000
,
10000000
01000000
00010000
00001000
,
00000010
00000001
00001000
00000000
,
00000001
00000100
00001000
00010000
,
01000000
10000000
00010000
00000000
,
10000000
10000000
00100000
00100000
,
00010000
00001000
00011000
00000000
,
00002000
00003010
00000020
00000130
,
00001000
00000001
00000020
00000000
,
00000000
00000030
00000000
00000110
,
00000001
00000001
00000100
00001000
,
00010000
00010000
00002000
00000000
,
00013000
00010000
00100000
10000000
,
00010000
10000000
00200000
00000000
,
01300000
01000000
00010000
10000000
,
01000000
01000000
00020000
00000000
,
00031000
00001000
00000010
00000001
,
00000010
00000100
00000110
00001001
,
00000001
00000100
00001000
00011000
;

//---------------dance-double - ----------------
#NOTES:
     dance-double:
     :
     Medium:
     9:
     :
00000000
00000000
00000000
00000000
,
00000000
00000000
00000000
00000000
,
00000000
00000000
00000000
00000000
,
00000000
00000000
00000000
00000000
,
20000000
01000000
00000000
31000000
,
02000000
00010000
00000000
03010000
,
00002000
00000010
00000000
00003010
,
00000002
00001000
00000000
00001003
,
00000001
00000000
00000001
00000000
00000100
00000010
00001000
00000000
,
00000001
00000000
00000001
00000000
00000010
00001000
00010000
00000000
,
00002000
00203000
00320000
02030000
,
03100000
10000000
00010000
00000000
01100000
00000000
10010000
00000000
,
20000000
00000000
31000000
00010000
00001000
00000000
00010000
00001000
,
00000020
00000000
00000031
00000000
00001000
00000000
00000010
00000100
,
00000002
00000000
00001003
00000100
00000010
00000000
00000001
00000000
,
00000001
00000000
00000010
00001000
00010000
00000000
00002000
00000000
,
00023000
02030000
23000000
30200000
,
01300000
00010000
10000000
00100000
10000000
00000000
00010000
10000000
,
01000000
01000000
00010000
00010000
,
00001000
00010000
00001000
00000000
00011000
00000000
00000000
00000000
,
00001000
00000000
00001000
00000000
00000010
00000001
00000010
00000000
,
00000001
00001000
00000001
00000000
00000100
00000001
00000100
00000000
,
00000001
00000000
00000001
00000000
00000100
00001000
00010000
00000000
,
00001000
00010000
00001000
00000000
00022000
00000000
00033000
00000000
,
00010000
00100000
10000000
00000000
00010000
01000000
10000000
00000000
,
01000000
00010000
10000000
00000000
00110000
00000000
01100000
00000000
,
11000000
00000000
01010000
00000000
,
00011000
00001010
00000011
00000000
,
00000001
00000000
00000001
00000000
00000010
00001000
00010000
00001000
,
00000000
00010000
00100000
00000000
20000000
00000000
30010000
00000000
,
10000000
00000000
01000000
00000000
00010000
00001000
00000010
00000000
,
00000110
00001001
00000110
00001001
,
00000001
00000002
00000013
00000020
,
00001030
00010000
00001000
00010000
00000000
00000000
00000000
00100000
,
01000000
01100000
00010000
10010000
,
10000000
01000000
00100000
00010000
20000000
00000000
30020000
00000000
,
02030000
00000000
00000000
00000000
00000000
00100000
03100000
00000000
,
10000000
00010000
01000000
00100000
01000000
00000000
00001000
00010000
,
00000000
00001000
00000010
00000000
00000002
00000000
00000000
00000000
,
00000013
00001000
00000010
00000001
00000100
00000000
00000001
00000010
,
00000000
00001000
00010000
00000000
00200000
00000000
00000000
00000000
,
10300000
00010000
00000000
00100000
01000000
00000000
00010000
00001000
,
00000000
00000010
00000100
00000000
00002000
00000000
00000000
00000000
,
00003001
00000010
00001000
00010000
00001000
00000000
00100000
00010000
,
01000000
01100000
10000000
10010000
,
00010000
01000000
00001000
00010000
00001000
00000000
00011000
00000000
;

//---------------dance-double - ----------------
#NOTES:
     dance-double:
     :
     Hard:
     12:
     :
00000000
00000000
00000000
00000000
,
00000000
00000000
00000000
00000000
,
00000000
00000000
00000000
00000000
,
00000000
00000000
00000000
00020000
,
10030000
01000000
00010000
01000000
10000000
01000000
01000000
00000000
,
00010000
00001000
00100000
00001000
00010000
00001000
00000020
00000000
,
00000031
00000100
00001000
00000100
00000001
00000100
00000100
00000000
,
00001000
00010000
00000010
00010000
00001000
00100000
00020000
00000000
,
10030000
00100000
01000000
00010000
10000000
01000000
00100000
00000000
,
01000000
10000000
01000000
00010000
00001000
00000100
00000002
00000000
,
00000103
00000010
00001000
00000001
00000010
00001000
00010000
00001000
,
00000100
00001000
00010000
00100000
01100000
00000000
10010000
00000000
,
01100000
00000000
10000000
00010000
01000000
00000000
00100000
01000000
,
00001000
00010000
00000100
00000010
00001000
00000000
00010000
00001000
,
00000100
00000001
00000100
00000010
00001000
00000000
00000001
00000010
,
00001000
00010000
00001000
00000100
00001000
00000000
00010000
00001000
,
00020000
00000000
00130000
10000000
00010000
00000000
00100000
01000000
,
10000000
01000000
00010000
00001000
00000010
00000000
00000001
00000100
,
00000002
00000000
00000013
00001000
00010000
00000010
00010000
00001000
,
00100000
01000000
10000000
00010000
01000000
00000000
10010000
00000000
,
10000000
01000000
00010000
00001000
00010000
00100000
00010000
00001000
,
00000100
00000001
00000100
00001000
00010000
00001000
00000010
00000001
,
00000100
00000001
00000100
00001000
00010000
00001000
00000010
00001000
,
00010000
00100000
10000000
00000000
20020000
00000000
30030000
00000000
,
10000000
00100000
00010000
00001000
00010000
01000000
00010000
00001000
,
00000010
00000001
00000010
00000100
00000020
00000000
00000031
00000000
,
00000001
00000010
00001000
00010000
00000100
00001000
00010000
00100000
,
00001000
00010000
00100000
01000000
00010000
00000000
10000000
00100000
,
01000000
00010000
10000000
01000000
00010000
00001000
00010000
00100000
,
00010000
00001000
00000100
00000001
00000010
00000000
00000000
00000100
,
00000010
00000001
00000100
00001000
00010000
00001000
00000010
00000001
,
00000100
00001000
00000010
00000001
00000100
00000000
00000000
00000000
,
00000001
00000100
00000010
00001000
00000100
00010000
00001000
00100000
,
00010000
01000000
10000000
01000000
00000000
00000000
00000000
00010000
,
01000000
00100000
10000000
00010000
00100000
00010000
00001000
00000100
,
00000001
00000100
00000010
00001000
00020000
00000000
00032000
00000000
,
00000020
00000000
00000000
00000000
00003030
00000001
00000011
00000000
,
00001000
00000001
00000100
00001000
00010000
00000100
00000010
00001000
,
00010000
01000000
10000000
00100000
02000000
00000000
03020000
00000000
,
10030000
01000000
00010000
00001000
00100000
01000000
00010000
00001000
,
00000010
00000001
00001000
00000010
00000200
00000000
00000320
00000000
,
00000130
00000001
00001000
00000100
00010000
00000010
00001000
00010000
,
01000000
00100000
10000000
00010000
00200000
00000000
02300000
00000000
,
13000000
00100000
00010000
00001000
00010000
01000000
00010000
00001000
,
00000010
00000110
00001001
00000110
,
00000001
00000100
00001000
00010000
00001000
00000000
00011000
00000000
;