#TITLE:more more more;
#SUBTITLE:;
#ARTIST:capsule;
#TITLETRANSLIT:;
#SUBTITLETRANSLIT:;
#ARTISTTRANSLIT:;
#CREDIT:;
#BANNER:more more more.png;
#BACKGROUND:more more more-bg.png;
#LYRICSPATH:;
#CDTITLE:./CDTITLES/DanceDanceRevolution X2.png;
#MUSIC:more more more.ogg;
#OFFSET:0.000;
#SAMPLESTART:31.280;
#SAMPLELENGTH:15.000;
#SELECTABLE:YES;
#DISPLAYBPM:135.000;
#BPMS:0.000=135.338,4.000=134.992;
#STOPS:;
#BGCHANGES:;

//---------------dance-single - ----------------
#NOTES:
     dance-single:
     :
     Beginner:
     1:
     0.090,0.166,0.010,0.000,0.000:

0000
0000
0000
0000
,

0000
0000
0000
0000
,

0000
0000
0000
0000
,

0000
0000
0000
0000
,

0000
0000
0000
0000
,

0000
0000
0000
0000
,

0001
0000
0000
0000
,

1000
0000
0000
0000
,

0001
0000
0000
0000
,

1000
0000
0000
0000
,

0010
0000
0000
0000
,

0000
0000
0000
0000
,

0010
0000
0000
0000
,

0000
0000
0000
0000
,

0001
0000
0000
0000
,

1000
0000
0000
0000
,

0010
0000
0000
0000
,

0100
0000
0000
0000
,

0001
0000
0001
0000
,

0001
0000
0000
0000
,

1000
0000
1000
0000
,

1000
0000
0000
0000
,

0001
0000
0001
0000
,

0001
0000
0000
0000
,

1000
0000
1000
0000
,

1000
0000
0000
0000
,

0100
0000
0000
0000
,

0000
0000
0000
0000
,

0010
0000
0000
0000
,

0000
0000
0000
0000
,

1000
0000
0000
0000
,

0000
0000
0000
0000
,

0001
0000
0000
0000
,

0000
0000
0000
0000
,

1000
0000
0000
0000
,

0100
0000
0000
0000
,

0001
0000
0000
0000
,

0100
0000
0000
0000
,

0100
0000
0000
0000
,

0010
0000
0000
0000
,

0000
0000
0000
0000
,

0000
0000
0000
0000
,

0001
0000
0001
0000
,

0001
0000
0001
0000
,

1000
0000
1000
0000
,

1000
0000
1000
0000
,

0001
0000
0001
0000
,

0001
0000
0001
0000
,

1000
0000
1000
0000
,

1000
0000
1000
0000
,

0001
0000
0001
0000
,

0100
0000
0100
0000
,

1000
0000
1000
0000
,

0100
0000
0100
0000
,

0001
0000
0001
0000
,

0100
0000
0100
0000
,

1000
0000
1000
0000
,

1000
0000
0001
0000
,

1001
0000
0000
0000
,;

//---------------dance-single - ----------------
#NOTES:
     dance-single:
     :
     Easy:
     3:
     0.185,0.253,0.010,0.229,0.000:

0000
0000
0000
0000
,

0000
0000
0000
0000
,

0000
0000
0000
0000
,

0000
0000
0000
0000
,

0000
0000
0000
0000
,

0000
0000
0000
0000
,

1000
0000
0100
0000
,

0001
0000
0100
0000
,

1000
0000
0100
0000
,

0001
0000
0100
0000
,

2000
3000
0200
0300
,

0020
0030
0002
0003
,

2000
3000
0200
0300
,

0020
0030
0002
0003
,

2000
0000
0000
3000
,

0020
0000
0000
0030
,

0200
0000
0000
0300
,

0002
0000
0003
0000
,

1000
1000
1000
0000
,

0100
0000
0010
0000
,

0001
0001
0001
0000
,

0010
0000
0100
0000
,

1000
1000
1000
0000
,

0100
0000
0010
0000
,

0001
0001
0001
0000
,

0100
0000
0010
0000
,

0002
0000
0000
0003
,

1000
0000
0001
0000
,

0020
0000
0000
0030
,

0100
0100
0100
0000
,

2000
0000
0000
3000
,

0001
0000
1000
0000
,

0020
0000
0000
0030
,

0100
0000
0000
0000
,

1000
0000
0100
0000
,

0001
0000
0100
0000
,

0020
0030
0100
0000
,

1000
0000
0001
0001
,

0100
0000
1000
1000
,

0100
0000
0001
0002
,

0000
0000
0000
0003
,

1000
0000
0000
0000
,

0001
0001
0001
0000
,

0100
0000
0010
0000
,

1000
1000
1000
0000
,

0010
0000
0100
0100
,

0001
0001
0001
0000
,

0100
0000
0010
0000
,

1000
1000
1000
0000
,

0100
0000
0000
0000
,

0010
0010
0002
0003
,

1000
0000
0001
0000
,

0100
0100
2000
3000
,

0001
0100
1000
0000
,

0010
0010
2000
3000
,

0100
0000
0010
0000
,

0100
0100
0002
0003
,

1000
0000
1000
0001
,

2002
0000
0000
0000
,

3003
0000
0000
0000
,;

//---------------dance-single - ----------------
#NOTES:
     dance-single:
     :
     Medium:
     7:
     0.309,0.365,0.305,0.210,0.019:

0000
0000
0000
0000
,

0000
0000
0000
0000
,

0000
0000
0000
0000
,

0000
0000
0000
0000
,

0000
0000
0000
0000
,

0000
0000
0000
0000
,

0100
0001
1000
0000
,

0100
1000
0001
0000
,

0100
0010
1000
0000
,

0100
0010
0001
0000
,

2000
0000
3200
0000
,

0320
0000
0032
0000
,

2003
0000
3200
0000
,

0320
0000
0032
0000
,

2003
0000
0000
0000
,

3020
0000
0000
0000
,

0230
0000
0000
0000
,

0302
0000
1003
0000
,

1100
1100
1100
0000
,

0100
0001
0010
0001
,

0101
0101
0101
0000
,

0010
0000
1000
0000
0001
1000
0001
0000
,

0011
0011
0011
0000
,

0100
1000
0010
1000
,

1010
1010
1010
0000
,

1002
0000
0100
0103
,

0020
1000
0100
1000
,

0100
0001
0100
1000
,

0230
0010
0301
0000
,

0001
0000
1000
0000
,

0002
0100
1000
0100
,

1000
0010
1000
0100
,

2003
0010
3001
0000
,

0110
0000
0000
0000
,

1000
0001
0100
0001
,

0010
1000
0001
0010
,

0100
0001
0010
0000
1001
0000
0000
0000
,

1000
0001
1000
0000
0001
1000
0001
0000
,

0100
0010
0100
0000
1000
0000
0001
0000
,

0010
0100
0010
0000
2000
0000
0002
0000
,

0000
0000
0000
3003
,

0010
0100
1001
0000
,

1010
1010
1001
0000
,

0001
0100
0010
0000
1000
0000
0001
0000
,

0101
0101
1001
0000
,

1000
0000
0001
0000
1000
0001
1000
0000
,

0110
0110
1001
0000
,

1000
0000
0001
0000
0100
0010
0100
0000
,

1001
0000
1001
0000
1001
0000
0010
0200
,

0000
0000
0000
0300
,

0001
0000
0000
0001
0000
0000
0001
0000
0000
0000
0000
0000
1000
0000
0000
0000
,

0100
1001
0010
0001
,

1000
0000
0000
1000
0000
0000
1000
0000
0000
0000
0000
0000
0001
0000
0000
0000
,

0100
0000
0010
0100
0000
0001
1000
0000
,

0001
0000
0000
0001
0000
0000
0001
0000
0000
0000
0000
0000
1000
0000
0000
0000
,

0100
1001
1000
0010
,

1000
0000
0000
1000
0000
0000
1000
0000
0000
0000
0000
0000
0010
0000
0100
0000
,

0000
0001
0100
0000
0010
0000
0101
0000
,

2002
0000
0000
0000
,

3003
0000
0000
0000
,;

//---------------dance-single - ----------------
#NOTES:
     dance-single:
     :
     Hard:
     10:
     0.456,0.506,0.372,0.267,0.105:
0000
0000
0000
0000
,
0000
0000
0000
0000
,
0000
0000
0000
0000
,
0000
0000
0000
0000
,
0000
0000
0000
0000
,
0000
0000
0000
0000
,
1000
0000
0100
0000
0001
1000
0100
0000
,
1000
0000
0001
0000
0100
0100
0010
0000
,
0001
0000
0100
0000
1000
0100
0010
0000
,
0001
0000
1000
0000
0010
1000
0001
0000
,
2000
0000
0000
0001
0000
0000
0001
0000
3200
0000
0000
0010
0000
0000
0010
0000
,
2300
0000
3002
0000
,
0023
0000
0000
0100
0000
0000
0100
0000
0032
0000
0000
1000
0000
0000
1000
0000
,
0203
0000
0320
0000
,
2030
0001
0000
0001
0000
0001
0000
0001
,
3200
0001
0000
0001
0000
0001
0000
0001
,
0320
0001
0000
0001
0000
0001
0000
0031
,
1000
0100
0010
0001
1001
0000
0000
0000
,
1000
0000
0000
1000
0000
0000
1001
0000
0000
0000
0010
0000
0100
0000
0000
0000
,
0002
0000
1000
0000
0103
0010
1000
0000
,
0001
0000
0000
0001
0000
0000
1001
0000
0000
0000
0100
0000
0010
0000
0000
0000
,
1000
0001
0100
0001
1000
0010
0100
0000
,
0010
0000
0000
0010
0000
0000
1010
0000
0000
0000
0100
0000
0001
0000
0000
0000
,
2000
0000
3010
0100
0100
0000
1001
0000
,
0100
0000
0000
0100
0000
0000
0101
0000
0000
0000
1000
0000
0010
0000
0100
0000
,
0000
0001
0001
0100
0010
0000
1010
0000
,
0102
0010
0100
2003
,
3010
0100
0001
1000
0010
0100
0001
0000
,
2010
0001
0100
3020
,
0130
0001
1000
0010
0100
0000
0110
0000
,
0021
1000
0001
0230
,
1300
0010
0100
0001
0010
1000
0010
0000
,
1200
0000
0000
0000
0001
0000
0000
0000
1000
0000
0000
0000
0310
0000
0001
1000
,
0000
0000
0000
0000
1001
0100
0010
0000
,
0100
0001
0010
0000
2000
0000
0001
0000
,
3010
0100
0001
0000
0200
0000
1000
0000
,
0301
0000
1001
0000
0010
0100
0110
0000
,
0001
0100
0001
0000
1000
0100
1000
0100
,
0001
0100
0001
0000
1000
0000
0001
0000
,
0100
0010
0100
0000
0002
0000
2000
0000
,
0000
0000
0000
3000
,
1003
0100
0001
0000
1000
0001
1001
0000
,
0001
0000
0000
0001
0000
0000
1001
0000
0000
0000
0100
0000
0010
0000
0000
0000
,
2000
0000
0001
0000
3010
0100
0001
0000
,
1000
0000
0000
1000
0000
0000
1001
0000
0000
0000
0010
0000
0100
0000
0000
0000
,
0001
1000
0010
1000
0001
0100
0100
0010
,
0100
0000
0000
0001
0000
0000
0101
0000
0000
0000
0010
0000
1000
0000
0000
0000
,
0002
0000
0100
0000
0013
0100
1000
0000
,
0010
0000
0000
1000
0000
0000
1010
0000
0000
0000
0001
0000
0100
0000
0010
0100
,
0000
0001
1000
0000
0100
0000
0110
0000
,
1000
0000
0000
1100
0000
0000
1001
0000
0001
0000
0000
0101
0000
0000
1001
0000
,
0000
0010
0100
0000
0001
0100
1000
0000
,
0010
0000
0000
0110
0000
0000
1010
0000
0100
0000
0000
1100
0000
0000
0110
0000
,
0000
0001
1000
0001
0100
0010
0100
0000
,
0001
0000
0000
1001
0000
0000
0011
0000
0100
0000
0000
1100
0000
0000
1001
0000
,
0000
0100
0010
0100
0000
0001
1000
0000
,
0010
0000
0000
1001
0000
0000
0101
0000
0010
0000
0000
1001
0000
0000
1100
0000
,
0000
0010
0010
0010
0100
0000
0110
0000
,
2002
0000
0000
0000
,
3003
0000
0000
0000
;

//---------------dance-double - ----------------
#NOTES:
     dance-double:
     :
     Easy:
     3:
     0.169,0.225,0.029,0.076,0.000:

00000000
00000000
00000000
00000000
,

00000000
00000000
00000000
00000000
,

00000000
00000000
00000000
00000000
,

00000000
00000000
00000000
00000000
,

00000000
00000000
00000000
00000000
,

00000000
00000000
00000000
00000000
,

00010000
00000000
00000000
00000000
,

00001000
00000000
00000000
00000000
,

00000100
00000000
00000000
00000000
,

00000001
00000000
00000000
00000000
,

00000010
00000000
00000010
00000000
,

00000100
00000000
00000100
00000000
,

00001000
00000000
00001000
00000000
,

00010000
00000000
00010000
00000000
,

02000000
00000000
00000000
03000000
,

00200000
00000000
00000000
00300000
,

20000000
00000000
00000000
30000000
,

00020000
00000000
00030000
00000000
,

01000000
01000000
01000000
00000000
,

00010000
00000000
00001000
00000000
,

00010000
00010000
00010000
00000000
,

00000100
00000000
00000010
00000000
,

00000001
00000001
00000001
00000000
,

00000100
00000000
00000010
00000000
,

00001000
00001000
00001000
00000000
,

00011000
00000000
00000000
00000000
,

00010000
00000000
00001000
00000000
,

00010000
00000000
01000000
00000000
,

00100000
00000000
00010000
00000000
,

01000000
00000000
00010000
00000000
,

00001000
00000000
00010000
00000000
,

00001000
00000000
00000100
00000000
,

00000010
00000000
00001000
00000000
,

00000001
00000000
00000000
00000000
,

00001000
00010000
00001000
00000000
,

01000000
00000000
00100000
00000000
,

20000000
00000000
30010000
00000000
,

01000000
00000000
00010000
00010000
,

00100000
00000000
00001000
00010000
,

00000100
00000000
00001000
00000002
,

00000000
00000000
00000000
00000000
,

00000003
00000000
00000000
00000000
,

00000100
00000100
00000100
00000000
,

00001000
00010000
00001000
00000000
,

00001000
00001000
00001000
00000000
,

01000000
00010000
00100000
00000000
,

10000000
10000000
10000000
00000000
,

01000000
10000000
00100000
00000000
,

00010000
00010000
00010000
00000000
,

00011000
00000000
00000000
00000000
,

00001000
00010000
00001000
00010000
,

00001000
00000000
00000010
00000000
,

00000001
00000100
00000001
00000100
,

00000001
00000000
00001000
00000000
,

00000100
00010000
00000100
00010000
,

00000100
00000000
00001000
00000000
,

00100000
01000000
00100000
01000000
,

00100000
00000000
10000000
00000000
,

20020000
00000000
00000000
00000000
,

30030000
00000000
00000000
00000000
,;

//---------------dance-double - ----------------
#NOTES:
     dance-double:
     :
     Medium:
     8:
     0.306,0.365,0.171,0.295,0.019:
00000000
00000000
00000000
00000000
,
00000000
00000000
00000000
00000000
,
00000000
00000000
00000000
00000000
,
00000000
00000000
00000000
00000000
,
00000000
00000000
00000000
00000000
,
00000000
00000000
00000000
00000000
,
01000000
10000000
01000000
00000000
,
00001000
00010000
00001000
00000000
,
00000010
00000001
00000010
00000000
,
00010000
00001000
00010000
00000000
,
20000000
00000000
32000000
00000000
,
03200000
00000000
00320000
00000000
,
00032000
00000000
00003200
00000000
,
00000320
00000000
00000032
00000000
,
00002003
00000000
00000000
00000000
,
00203000
00000000
00000000
00000000
,
00320000
00000000
00000000
00000000
,
00002000
00000000
00033000
00000000
,
00011000
00010000
01000000
10000000
,
00100000
01000000
00100000
00000000
00010000
00000000
00001000
00000000
,
00011000
00001000
00000100
00000001
,
00000010
00000100
00000010
00000000
00001000
00000000
00010000
00000000
,
00012000
00000100
00013000
00100000
,
10000000
01000000
10000000
00000000
00100000
00000000
00010000
00000000
,
00021000
00000000
01000000
00000000
00031000
00000000
00010000
00001000
,
00000100
00000000
00000010
00000010
,
00002001
00010000
00003001
00000000
,
00000010
00000100
00001000
00000000
00010000
00000000
00000000
00000000
,
00021000
10000000
00031000
00000000
,
00001000
00010000
01000000
00000000
00100000
00000000
00000000
00000000
,
10020000
00001000
10030000
00000000
,
00100000
00010000
00001000
00000000
00010000
00000000
00000000
00000000
,
00012000
00000001
00013000
00000000
,
00001001
00000000
00000010
00000010
,
00000001
00000100
00001000
00000000
00010000
00000000
00001000
00000000
,
00000100
00000001
00001000
00010000
,
00012000
00000000
00003000
00000000
01000000
00100000
01000000
00000000
,
01100000
00000000
10000000
10000000
,
10010000
00000000
01000000
00000000
,
00001000
00011000
00002000
00000002
,
00000000
00000000
00000000
00003003
,
00000001
00001000
00010000
00000000
,
00021000
00100000
00031000
00000010
,
00000001
00000010
00000001
00000000
00000100
00000000
00001000
00000000
,
00012000
00000010
00013000
00100000
,
10000000
01000000
10000000
00000000
01000000
00000000
00010000
00000000
,
00021000
00100000
00001000
01030000
,
00001000
00000100
00001000
00010000
,
00012000
00000000
00000010
00000000
00010000
00000000
00003100
00000010
,
00000000
00000000
00001000
00010000
,
00001000
00000000
00000000
00001000
00000000
00000000
00002000
00000000
00000000
00000000
00000000
00000000
00003000
00000000
00000000
00000000
,
00100000
00010000
10000000
01000000
,
00100000
00000000
00000000
00100000
00000000
00000000
00200000
00000000
00000000
00000000
00000000
00000000
00300000
00000000
00000000
00000000
,
00010000
00000000
10000000
00000000
01000000
00010000
00001000
00000000
,
00010000
00000000
00000000
00010000
00000000
00000000
00020000
00000000
00000000
00000000
00000000
00000000
00030000
00000000
00000000
00000000
,
00000010
00001000
00000001
00000100
,
00000010
00000000
00000000
00000010
00000000
00000000
00000020
00000000
00000000
00000000
00000000
00000000
00001030
00000000
00000001
00000000
,
00000000
00000001
00001000
00000000
00000010
00000000
00010000
00000000
,
00022000
00000000
00000000
00000000
,
00033000
00000000
00000000
00000000
;

//---------------dance-double - ----------------
#NOTES:
     dance-double:
     :
     Hard:
     11:
     0.461,0.478,0.467,0.210,0.119:

00000000
00000000
00000000
00000000
,

00000000
00000000
00000000
00000000
,

00000000
00000000
00000000
00000000
,

00000000
00000000
00000000
00000000
,

00000000
00000000
00000000
00000000
,

00000000
00000000
00000000
00000000
,

10010000
00000000
00000000
00100000
00010000
00000000
10000000
00000000
00100000
00000000
00010000
00000000
00000000
00000000
00000000
00000000
,

00011000
00000000
00000000
00000010
00010000
00000000
00001000
00000000
00000100
00000000
00000010
00000000
00000000
00000000
00000000
00000000
,

00000110
00000000
00000000
00000001
00000100
00000000
00000010
00000000
00001000
00000000
00000001
00000000
00000000
00000000
00000000
00000000
,

00001001
00000000
00000000
00000001
00000100
00000000
00001000
00000000
00010000
00000000
00001000
00000000
00011000
00000000
00000000
00000000
,

02000000
00000000
00000000
00100000
00000000
00000000
00100000
00000000
23000000
00000000
00000000
00000000
00000000
00000000
00000000
00000000
,

30200000
00000000
00320000
00000000
,

00032000
00000000
00000000
00010000
00000000
00000000
00010000
00000000
00003200
00000000
00000000
00000000
00000000
00000000
00000000
00000000
,

00000302
00000000
00000023
00000000
,

00000230
00001000
00000000
00010000
00000000
00001000
00000300
00010000
,

00200000
00010000
00000000
00001000
00000000
00010000
00300000
00001000
,

00000020
00001000
00000000
00010000
00000000
00001000
00000030
00010000
,

00002000
00013000
00011000
00000000
,

00100000
00000000
00000000
00100000
00000000
00000000
00110000
00000000
00000000
00000000
01000000
00000000
10000000
00000000
00000000
00000000
,

00100000
00000000
01010000
00000000
10000000
01000000
00010000
00000000
,

01000000
00000000
00000000
01000000
00000000
00000000
11000000
00000000
00000000
00000000
00100000
00000000
00010000
00000000
00000000
00000000
,

01000000
00100000
10000000
01000000
00010000
00001000
00010000
00000000
,

00000100
00000000
00000000
00000100
00000000
00000000
00001100
00000000
00000000
00000000
00000010
00000000
00000001
00000000
00000000
00000000
,

00000100
00000000
00001001
00000000
00000010
00000100
00001000
00000000
,

00000001
00000000
00000000
00000001
00000000
00000000
00000011
00000000
00000000
00000000
00001000
00000000
00000100
00000000
00001000
00000000
,

00000000
00000001
00000100
00000000
00000010
00000000
00000110
00000000
,

00021000
00000000
00100000
00000000
10030000
01000000
00100000
00000000
,

10000000
00010000
01000000
00001000
00010000
00100000
01000000
00000000
,

10020000
00000000
00100000
00000000
00031000
00000100
00000001
00000000
,

00000100
00001000
00000010
00000000
00001010
00000000
00001100
00000000
,

00012000
00000000
00000010
00000000
00003001
00000100
00000010
00000000
,

00000001
00001000
00000100
00010000
00001000
00000010
00000100
00000000
,

00002001
00000000
00000000
00000000
00000010
00000000
00000000
00000000
00013000
00000000
01000000
00000000
10000000
00000000
00000000
10000000
,

00000000
00000000
00000000
00000000
01100000
10000000
00010000
00000000
,

01000000
00000000
01000000
00000000
00010000
00100000
01000000
00000000
,

10000000
00000000
00100000
00000000
00010000
00001000
00000100
00000000
,

00001002
00000000
00000013
00000000
00000100
00000010
00000110
00000000
,

00000001
00000100
00000101
00000000
00000010
00001000
00000100
00010000
,

00001000
00100000
00101000
00000000
00010000
01000000
10000000
01000000
,

00010000
01000000
01010000
00000000
00002000
00000000
00020000
00000000
,

00000000
00000000
00000000
00033000
,

01000000
00100000
00010000
00001000
00000100
00000000
00000110
00000000
,

00000001
00000000
00000000
00000101
00000000
00000000
00001001
00000000
00000000
00000000
00000010
00000000
00000001
00000000
00000000
00000000
,

00000100
00000000
00001010
00000000
00000001
00001000
00000100
00000000
,

00010000
00000000
00000000
00011000
00000000
00000000
00010100
00000000
00000000
00000000
00000010
00000000
00001000
00000000
00000000
00000000
,

00010000
00100000
10000000
00100000
00010000
01000000
00100000
00000000
,

10000000
00000000
00000000
11000000
00000000
00000000
10010000
00000000
00000000
00000000
00100000
00000000
10000000
00000000
00000000
00000000
,

01000000
00000000
00110000
00000000
10000000
00010000
01000000
00000000
,

00001000
00000000
00000000
00011000
00000000
00000000
01001000
00000000
00000000
00000000
00100000
00000000
00001000
00000000
00010000
00002000
,

00000000
00010000
00010000
00000000
00000010
00000000
00013000
00000000
,

00011000
00000000
00000000
00011000
00000000
00000000
00011000
00000000
00001000
00000000
00000000
00000100
00000000
00000000
00000001
00000000
,

00000000
00000010
00000100
00000000
00001000
00000001
00001000
00000000
,

00001001
00000000
00000000
00001001
00000000
00000000
00000101
00000000
00000010
00000000
00000000
00001000
00000000
00000000
00010000
00000000
,

00000000
00001000
00010000
00100000
00010000
00001000
00010000
00000000
,

00011000
00000000
00000000
00011000
00000000
00000000
00011000
00000000
00010000
00000000
00000000
00100000
00000000
00000000
10000000
00000000
,

00000000
01000000
00100000
00000000
10000000
00010000
10000000
00000000
,

10010000
00000000
00000000
10010000
00000000
00000000
11000000
00000000
00100000
00000000
00000000
00001000
00000000
00000000
00010000
00001000
,

00000000
00000000
00000000
00000000
00010000
00001000
00000100
00000000
,

00002002
00000000
00000000
00000000
,

00003003
00000000
00000000
00000000
,;
