#TITLE:Morning Glory;
#SUBTITLE:;
#ARTIST:BeForU;
#TITLETRANSLIT:;
#SUBTITLETRANSLIT:;
#ARTISTTRANSLIT:;
#CREDIT:;
#BANNER:Morning Glory.png;
#BACKGROUND:Morning Glory-bg.png;
#LYRICSPATH:;
#CDTITLE:./CDTITLES/Dancing Stage SuperNOVA.png;
#MUSIC:Morning Glory.ogg;
#OFFSET:0.000;
#SAMPLESTART:39.020;
#SAMPLELENGTH:15.000;
#SELECTABLE:YES;
#DISPLAYBPM:160.000;
#BPMS:0.000=160.000,4.000=160.000;
#STOPS:;
#BGCHANGES:;

//---------------dance-single - ----------------
#NOTES:
     dance-single:
     :
     Beginner:
     1:
     0.172,0.194,0.000,0.000,0.000:
0000
0000
0000
0000
,
0000
0000
0000
0000
,
0000
0000
0000
0000
,
0000
0000
0000
0000
,
0000
0000
0000
0000
,
0010
0000
0010
0000
,
1000
0000
1000
0000
,
0100
0000
0100
0000
,
0001
0000
0001
0000
,
0100
0000
0100
0000
,
0010
0000
0010
0000
,
0001
0000
0001
0000
,
0100
0000
0100
0000
,
0001
0000
0100
0000
,
1000
0000
0100
0000
,
0001
0000
1000
0000
,
0010
0000
0100
0000
,
0001
0000
0010
0000
,
0100
0000
1000
0000
,
0001
0000
0100
0000
,
0010
0000
0001
0000
,
0100
0000
1000
0000
,
0100
0000
0001
0000
,
0100
0000
1000
0000
,
0001
0000
0100
0000
,
0010
0000
0000
0000
,
0100
0000
1000
0000
,
0010
0010
0010
0000
,
0001
0000
0100
0000
,
1000
1000
1000
0000
,
0100
0000
0010
0000
,
0001
0001
0001
0000
,
0100
0000
0001
0000
,
0010
0010
0010
0000
,
0001
0000
0000
0000
,
0100
0000
0000
0000
,
1000
0000
0000
0000
,
0100
0000
0000
0000
,
0010
0000
1000
0000
,
0001
0001
0001
0000
,
0100
0000
1000
0000
,
0010
0010
0010
0000
,
1000
0000
0001
0000
,
0100
0100
0100
0000
,
0010
0000
0001
0000
,
1000
1000
1000
0000
,
0010
0000
1000
0000
,
0001
0001
0000
0000
,
0001
0000
0100
0000
,
0010
0010
0000
0000
,
0001
0000
1000
0000
,
0010
0010
0000
0000
,
0100
0000
1000
0000
,
0100
0000
0010
0000
,
0100
0000
0100
0000
,
0001
0000
0100
0000
,
0010
0000
0010
0000
,
0100
0000
0010
0000
,
1000
0000
1000
0000
,
0100
0000
0001
0000
,
1000
0000
1000
0000
,
0100
0000
0010
0000
,
0001
0000
0000
0000
,
0100
0000
0000
0000
,
1000
0000
0000
0000
,
0010
0000
0000
0000
,
0000
0000
0000
0000
;

//---------------dance-single - ----------------
#NOTES:
     dance-single:
     :
     Easy:
     3:
     0.195,0.196,0.000,0.090,0.000:
0000
0000
0000
0000
,
0000
0000
0000
0000
,
0000
0000
0000
0000
,
0000
0000
0000
0000
,
0000
0000
0000
0000
,
0010
0000
0010
0000
,
1000
0000
1000
0000
,
0100
0000
0100
0000
,
0001
0000
0001
0000
,
0100
0000
0100
0000
,
0010
0000
0010
0000
,
0001
0000
0001
0000
,
0100
0000
0100
0000
,
0001
0000
0100
0000
,
1000
0000
0100
0000
,
0001
0000
1000
0000
,
0010
0000
0100
0000
,
0001
0000
0010
0000
,
0100
0000
1000
0000
,
0001
0000
0100
0000
,
0010
0000
0001
0000
,
0100
0000
1000
0000
,
0100
0000
0001
0000
,
0100
0000
1000
0000
,
0001
0000
0100
0000
,
0020
0000
0000
0030
,
0100
0000
1000
0000
,
0010
0010
0010
0000
,
0001
0000
0100
0000
,
1000
1000
1000
0000
,
0100
0000
0010
0000
,
0001
0001
0001
0000
,
0100
0000
0001
0000
,
0010
0010
0010
0000
,
0002
0000
0000
0003
,
0200
0000
0000
0300
,
2000
0000
0000
3000
,
0200
0000
0000
0300
,
0010
0000
1000
0000
,
0001
0001
0001
0000
,
0100
0000
1000
0000
,
0010
0010
0010
0000
,
1000
0000
0001
0000
,
0100
0100
0100
0000
,
0010
0000
0001
0000
,
1000
1000
1000
0000
,
0010
0000
1000
0000
,
0001
0001
0100
0000
,
0001
0000
0100
0000
,
0010
0010
1000
0000
,
0001
0000
1000
0000
,
0010
0010
0001
0000
,
0100
0000
1000
0000
,
0100
0000
0010
0000
,
0100
0001
0100
0000
,
0001
0000
0100
0000
,
0010
1000
0010
0000
,
0100
0000
0010
0000
,
1000
0001
1000
0000
,
0100
0000
0001
0000
,
1000
0010
1000
0000
,
0100
0000
0010
0000
,
0002
0000
0000
0003
,
0200
0000
0000
0300
,
2000
0000
0000
3000
,
0020
0000
0000
0030
,
0000
0000
0000
0000
;

//---------------dance-single - ----------------
#NOTES:
     dance-single:
     :
     Medium:
     5:
     0.368,0.360,0.129,0.070,0.005:
0000
0000
0000
0000
,
0000
0000
0000
0000
,
0000
0000
0000
0000
,
0000
0000
0000
0000
,
0000
0000
0000
0000
,
0100
0001
1000
0010
,
1000
0100
0010
0001
,
0100
1000
0010
0001
,
1000
0010
0100
1001
,
0010
1000
0100
1000
,
0010
0001
0100
0001
,
0001
0010
0100
1000
,
0010
0100
0010
1001
,
0001
0100
0010
0100
,
1000
0001
0010
0100
,
0001
0010
1000
0010
,
0100
1000
0010
1001
,
0100
0001
0010
1000
,
0010
0100
1000
0010
,
1000
0001
0010
1000
,
0100
0010
0001
1001
,
0010
0100
1000
1001
,
0010
1000
0001
1001
,
0010
1000
0010
0100
,
0001
0010
0100
1001
,
0010
0000
0000
0010
0000
0000
0010
0000
0000
0000
0000
0000
1001
0000
0000
0000
,
0010
1000
0010
0001
,
0100
0001
1000
0000
,
0100
1000
0010
0001
,
0010
0100
0010
1001
,
0010
1000
0100
1000
,
0001
1000
0100
0000
,
0010
0100
0001
0100
,
0010
1000
0100
1001
,
0002
1000
1000
1003
,
0020
0100
0100
0130
,
2000
0001
0001
3001
,
0010
0000
0000
0002
0000
0000
0003
0000
,
0010
0001
1000
0010
,
0100
0001
0010
0100
,
0010
0100
1000
0001
,
0100
0010
0100
1001
,
0100
1000
0001
0010
,
0001
1000
0010
1000
,
0100
0010
0001
0100
,
1000
0010
0100
1001
,
0100
0010
1000
0010
,
0001
1000
0010
0100
,
0001
0100
0010
1000
,
0100
0010
0100
1000
,
0001
0010
1000
0010
,
0100
0010
0001
0100
,
0010
0100
1000
0100
,
0010
0001
0100
1001
,
0100
1000
0010
0100
,
0001
1000
0100
0010
,
1000
0010
0100
0001
,
0010
0100
1000
0100
,
0001
0010
1000
0100
,
0010
0100
0001
1000
,
0100
0010
1000
0010
,
0100
0001
0100
1000
,
0002
1000
1000
1003
,
0020
0100
0100
0130
,
2000
0001
0001
3001
,
0100
0000
0000
0010
0000
0000
0100
0000
,
0000
0000
0000
0000
;

//---------------dance-single - ----------------
#NOTES:
     dance-single:
     :
     Hard:
     7:
     0.498,0.523,0.279,0.060,0.179:
0000
0000
0000
0000
,
0000
0000
0000
0000
,
0000
0000
0000
0000
,
0000
0000
0000
0000
,
0000
0000
0000
0000
,
0010
0000
0000
1000
0000
0000
0001
0000
0100
0000
0000
0010
0000
0000
0100
0000
,
0001
0000
0000
0010
0000
0000
0100
0000
1000
0000
0000
0000
0101
0000
0000
0000
,
0010
0000
0000
0001
0000
0000
0100
0000
1000
0000
0000
0100
0000
0000
0001
0000
,
1000
0000
0000
0100
0000
0000
0010
0000
0100
0000
0000
0000
1001
0000
0000
0000
,
0100
0000
0001
0000
0010
0001
0100
0000
,
0010
0000
1000
0000
0100
1000
0001
0000
,
0100
0001
0100
0000
0010
0100
0001
0000
,
0010
0000
0100
1000
0010
0000
0101
0000
,
1000
0000
0010
0000
0100
0001
1000
0000
,
0100
0000
0010
0000
0100
1000
0010
0000
,
1000
0100
1000
0000
0001
0100
0001
0000
,
0010
0000
0001
0100
0010
0000
1001
0000
,
0010
0000
0000
0001
0000
0000
1000
0000
0100
0000
0000
0000
1010
0000
0000
0000
,
0100
0000
0000
0001
0000
0000
0010
0000
0001
0000
0000
0000
1100
0000
0000
0000
,
0001
0000
0000
1000
0000
0000
0010
0000
0100
0000
0000
0000
0001
0000
1000
0000
,
0001
0000
0000
0100
0000
0000
0010
0000
1000
0000
0000
0000
0101
0000
0000
0000
,
0010
0000
0000
0001
0000
0000
0100
0000
1000
0000
0000
0000
0110
0000
0000
0000
,
0001
0000
0000
1000
0000
0000
0010
0000
0001
0000
0000
0000
1010
0000
0000
0000
,
0100
0000
0000
0001
0000
0000
0010
0000
0100
0000
0000
1000
0000
0000
0010
0000
,
1000
0000
0000
0100
0000
0000
0010
0000
0001
0000
0000
0000
1010
0000
0000
0000
,
0110
0000
0000
0101
0000
0000
1100
0000
0000
0000
0001
0000
1000
0000
0000
0000
,
0100
0000
0000
0001
0000
0000
1000
0000
0100
0000
0000
0000
0101
0000
0000
0000
,
0010
0000
0000
1000
0000
0000
0001
0000
0010
0000
0000
0000
1100
0000
0000
0000
,
0010
0000
0000
0001
0000
0000
0100
0000
0001
0000
0000
1000
0000
0000
0010
0000
,
0100
0000
0000
0010
0000
0000
1000
0000
0100
0000
0000
0000
1001
0000
0000
0000
,
0100
0000
0000
0001
0000
0000
1000
0000
0010
0000
0000
0000
0101
0000
0000
0000
,
1000
0000
0000
0001
0000
0000
0100
0000
0010
0000
0000
0000
1001
0000
0000
0000
,
0100
0000
0000
0010
0000
0000
0001
0000
1000
0000
0000
0010
0000
0000
0100
0000
,
0001
0000
0000
0010
0000
0000
0001
0000
0100
0000
0000
0000
1010
0000
0000
0000
,
2100
0000
0010
0000
0001
0001
3001
0000
,
0210
0000
0001
0000
1000
1000
1300
0000
,
0102
0000
1000
0000
0010
0010
0013
0000
,
0100
1000
0020
2000
0000
0000
3030
0000
,
0100
0000
0000
1000
0000
0000
0001
0000
0010
0000
0000
0000
0110
0000
0000
0000
,
0100
0000
0000
1000
0000
0000
0001
0000
0100
0000
0000
0000
1010
0000
0000
0000
,
0100
0000
0000
0001
0000
0000
0010
0000
0001
0000
0000
1000
0000
0000
0100
0000
,
0010
0000
0000
0100
0000
0000
1000
0000
0010
0000
0000
0000
1001
0000
0000
0000
,
0010
0000
0000
0001
0000
0000
1000
0000
0010
0000
0000
0000
0101
0000
0000
0000
,
1000
0000
0000
0001
0000
0000
0010
0000
0100
0000
0000
0000
1001
0000
0000
0000
,
0010
0000
0000
0100
0000
0000
0001
0000
1000
0000
0000
0100
0000
0000
0010
0000
,
0001
0000
0000
0100
0000
0000
0001
0000
0010
0000
0000
0000
1100
0000
0000
0000
,
0010
0001
0100
0000
0010
1000
0100
0000
,
1000
0000
0001
0100
0000
0010
0000
0100
,
0000
0001
0010
0000
0100
1000
0001
0000
,
0010
0000
0100
0010
0000
0001
0000
0100
,
0000
1000
0100
0000
0001
1000
0100
0000
,
0010
0000
0100
1000
0000
0010
0000
0100
,
0000
0001
0010
0000
0001
1000
0010
0000
,
0100
0000
1000
0010
0000
1000
0100
0000
,
0010
0001
0010
0000
0100
1000
0010
0000
,
1000
0000
0001
0010
0000
0100
0000
0010
,
0000
0001
0100
0000
0010
1000
0001
0000
,
0100
0000
0010
0100
0000
0001
0000
0010
,
0000
1000
0010
0000
0001
1000
0010
0000
,
0100
0000
0010
1000
0000
0100
0000
0010
,
0000
0001
0100
0000
0001
1000
0100
0000
,
0010
0100
1000
0000
0010
0100
0001
0000
,
0010
0000
0001
0000
0100
0001
0000
1000
,
0000
0100
0010
0000
0100
1000
0000
0001
,
0000
0100
0010
0000
1000
0100
0000
0001
,
0000
0100
1000
0002
0000
0000
0103
0000
,
0000
0000
0000
0000
;

//---------------dance-double - ----------------
#NOTES:
     dance-double:
     :
     Easy:
     3:
     0.226,0.229,0.000,0.090,0.000:
00000000
00000000
00000000
00000000
,
00000000
00000000
00000000
00000000
,
00000000
00000000
00000000
00000000
,
00000000
00000000
00000000
00000000
,
00000000
00000000
00000000
00000000
,
00000010
00000000
00001000
00000000
,
00000010
00000000
00000001
00000000
,
00000100
00000000
00001000
00000000
,
00000001
00000000
00000010
00000000
,
00000100
00000100
00000100
00000000
,
00001000
00001000
00001000
00000000
,
00010000
00010000
00010000
00000000
,
01000000
01000000
01000000
00000000
,
10000000
10000000
10000000
00000000
,
00100000
00100000
00100000
00000000
,
00010000
00010000
00010000
00000000
,
00100000
00100000
00100000
00000000
,
10000000
00000000
01000000
00000000
,
00010000
00000000
01000000
00000000
,
00100000
00000000
00010000
00000000
,
00001000
00000000
00000010
00000000
,
00000100
00000100
00001000
00000000
,
00000001
00000001
00000010
00000000
,
00000100
00000000
00001000
00000000
,
00000001
00000000
00000100
00000000
,
00000020
00000000
00000000
00000030
,
00000100
00000100
00001000
00000000
,
00000010
00000010
00000010
00000000
,
00000001
00000001
00000100
00000000
,
00001000
00001000
00001000
00000000
,
00010000
00010000
00100000
00000000
,
00010000
00010000
00010000
00000000
,
01000000
01000000
10000000
00000000
,
00100000
00100000
00100000
00000000
,
00020000
00000000
00000000
00030000
,
02000000
00000000
00000000
03000000
,
20000000
00000000
00000000
30000000
,
02000000
00000000
00000000
03000000
,
00010000
00010000
00001000
00000000
,
00000010
00001000
00000010
00000000
,
00000100
00000100
00001000
00000000
,
00000010
00000100
00000010
00000000
,
00001000
00001000
00000001
00000000
,
00000100
00000001
00000100
00000000
,
00000010
00000010
00000001
00000000
,
00001000
00000001
00001000
00000000
,
00000010
00000000
00001000
00000000
,
00010000
00010000
01000000
00000000
,
10000000
00000000
01000000
00000000
,
00100000
00100000
10000000
00000000
,
00010000
00000000
10000000
00000000
,
00100000
00100000
00010000
00000000
,
00001000
00000000
00000100
00000000
,
00000010
00000000
00000001
00000000
,
00000001
00000100
00000001
00000000
,
00000001
00000001
00000010
00000000
,
00001000
00000010
00001000
00000000
,
00000100
00000100
00001000
00000000
,
00000001
00001000
00000001
00000000
,
00000100
00000100
00001000
00000000
,
00010000
00001000
00010000
00000000
,
00100000
00100000
01000000
00000000
,
00020000
00000000
00000000
00030000
,
02000000
00000000
00000000
03000000
,
20000000
00000000
00000000
30000000
,
00200000
00000000
00000000
00300000
,
00000000
00000000
00000000
00000000
;

//---------------dance-double - ----------------
#NOTES:
     dance-double:
     :
     Medium:
     4:
     0.333,0.360,0.070,0.060,0.005:
00000000
00000000
00000000
00000000
,
00000000
00000000
00000000
00000000
,
00000000
00000000
00000000
00000000
,
00000000
00000000
00000000
00000000
,
00000000
00000000
00000000
00000000
,
01000000
10000000
00010000
00100000
,
00010000
01000000
00100000
00000000
,
10000000
01000000
00010000
00001000
,
00000010
00000100
00001000
00011000
,
00100000
00001000
01000000
00001000
,
00010000
00001000
01000000
00001000
,
00100000
00001000
01000000
00001000
,
00010000
00001000
00010000
00011000
,
00000010
00010000
00000100
00010000
,
00001000
00010000
00000010
00010000
,
00000100
00010000
00000010
00010000
,
00001000
00010000
00001000
00011000
,
00000100
00000001
00000010
00000000
,
00000010
00000100
00000001
00000000
,
00001000
00000001
00000010
00000100
,
00001000
00000010
00000100
00000000
,
00001000
00010000
00100000
00000000
,
01000000
00010000
10000000
00000000
,
00100000
00010000
00100000
01000000
,
10000000
00100000
01000000
10010000
,
00100000
00000000
00000000
00100000
00000000
00000000
00200000
00000000
00000000
00000000
00000000
00000000
00300000
00000000
00000000
00000000
,
10000000
01000000
00010000
00001000
,
00000100
00001000
00000010
00000000
,
00000100
00000001
00000010
00001000
,
00000010
00000001
00000100
00000000
,
00000010
00001000
00010000
00100000
,
10000000
00010000
01000000
00000000
,
00100000
01000000
10000000
01000000
,
00100000
00010000
01000000
00011000
,
00010000
00001000
00010000
00001000
,
00000010
00000001
00000010
00000001
,
00000100
00001000
00000100
00001000
,
00020000
00000000
00000000
00002000
00000000
00000000
00033000
00000000
,
00100000
10000000
00010000
00100000
,
01000000
10000000
00100000
00000000
,
00100000
01000000
00010000
10000000
,
01000000
00010000
00001000
00011000
,
00000100
00000001
00001000
00000010
,
00001000
00000001
00000010
00000000
,
00000100
00000010
00000001
00000100
,
00001000
00010000
00001000
00011000
,
00100000
01000000
00010000
00000000
,
10000000
00010000
00100000
01000000
,
10000000
01000000
00100000
00000000
,
00010000
10000000
00100000
00010000
,
00001000
00000010
00000001
00000000
,
00000100
00000010
00001000
00000100
,
00000010
00000100
00000001
00000000
,
00000010
00001000
00000100
00000001
,
00000100
00000010
00001000
00000000
,
00001000
00010000
01000000
00100000
,
00010000
00100000
01000000
00000000
,
00100000
01000000
00010000
01000000
,
10000000
00100000
00010000
00000000
,
00001000
00000100
00000010
00001000
,
00000100
00000010
00000001
00000000
,
00001000
00000010
00001000
00000100
,
00020000
00001000
00001000
00031000
,
00002000
00010000
00010000
00013000
,
00020000
00001000
00001000
00031000
,
00010000
00000000
00000000
01000000
00000000
00000000
10000000
00000000
,
00000000
00000000
00000000
00000000
;

//---------------dance-double - ----------------
#NOTES:
     dance-double:
     :
     Hard:
     7:
     0.510,0.523,0.269,0.030,0.030:
00000000
00000000
00000000
00000000
,
00000000
00000000
00000000
00000000
,
00000000
00000000
00000000
00000000
,
00000000
00000000
00000000
00000000
,
00000000
00000000
00000000
00000000
,
00000100
00000000
00000000
00001000
00000000
00000000
00000001
00000000
00000010
00000000
00000000
00000000
00001100
00000000
00000000
00000000
,
00000001
00000000
00000000
00000100
00000000
00000000
00001000
00000000
00010000
00000000
00000000
00000000
01010000
00000000
00000000
00000000
,
00100000
00000000
00000000
10000000
00000000
00000000
01000000
00000000
10000000
00000000
00000000
00100000
00000000
00000000
01000000
00000000
,
00010000
00000000
00000000
00100000
00000000
00000000
01000000
00000000
00100000
00000000
00000000
00000000
10010000
00000000
00000000
00000000
,
10000000
00100000
10000000
00000000
01000000
00010000
01000000
00000000
,
00010000
00001000
00010000
00000000
00001000
00000100
00001000
00000000
,
00000100
00000010
00000100
00000000
00000001
00000010
00000001
00000000
,
00001000
00000001
00000010
00000100
00001000
00000000
00000101
00000000
,
00000010
00000001
00000010
00000000
00000100
00001000
00000100
00000000
,
00001000
00000010
00001000
00000000
00010000
00001000
00010000
00000000
,
01000000
00010000
01000000
00000000
00100000
10000000
00100000
00000000
,
01000000
00010000
10000000
01000000
00100000
00000000
10010000
00000000
,
10100000
00000000
01010000
00000000
00100000
01000000
10000000
00000000
,
01010000
00000000
11000000
00000000
00100000
00010000
01000000
00000000
,
00100000
00000000
00010000
00001000
00000100
00000000
00000010
00000000
,
00000001
00000000
00000100
00000010
00001000
00000000
00000101
00000000
,
00001000
00000000
00000001
00000010
00000100
00000000
00001001
00000000
,
00000100
00000000
00001000
00010000
00100000
00000000
11000000
00000000
,
00010000
10000000
00100000
00000000
01000000
10000000
00010000
00000000
,
10000000
00000000
01000000
00010000
00001000
00000000
00011000
00000000
,
00000010
00000000
00000000
00000100
00000000
00000000
00001000
00000000
00000000
00000000
00000010
00000000
00010000
00000000
00000000
00000000
,
00001000
00000000
00000100
00000001
00000010
00000001
00001000
00000000
,
00000100
00000000
00000010
00000001
00000100
00000010
00001000
00000000
,
00000100
00011000
01000000
00011000
,
00100000
00000000
01000000
00010000
00100000
00000000
11000000
00000000
,
00100000
00000000
00010000
10000000
01000000
00100000
00010000
00000000
,
01000000
00000000
00100000
01000000
00001000
00100000
00010000
00000000
,
01000000
00011000
00000100
00011000
,
00000010
00000000
00000001
00001000
00000100
00000000
00000101
00000000
,
00001000
00000001
00000010
00000000
00000100
00001000
00000000
00000010
,
00000000
00001000
00000001
00000000
00000100
00001000
00000000
00010000
,
00000000
00100000
10000000
00000000
00010000
00100000
00000000
01000000
,
00000000
00010000
00002000
00020000
00000000
00000000
00033000
00000000
,
00001000
00000000
00000100
00000001
00000010
00000001
00001000
00000000
,
00000100
00000000
00000010
00000001
00000100
00000010
00001000
00000000
,
00000100
00011000
01000000
00011000
,
00100000
00000000
01000000
00010000
00100000
00000000
11000000
00000000
,
00100000
00000000
00010000
10000000
01000000
00100000
00010000
00000000
,
01000000
00000000
00100000
01000000
00001000
00100000
00010000
00000000
,
01000000
00011000
00000100
00011000
,
00000010
00000000
00000001
00001000
00000100
00000000
00000101
00000000
,
00000001
00000010
00001000
00000000
00010000
00001000
00000100
00000000
,
00000010
00001000
00010000
01000000
00000000
00100000
10000000
01000000
,
00000000
00100000
01000000
00000000
10000000
00010000
01000000
00000000
,
00100000
00000000
01000000
00001000
00000000
00010000
00000100
00001000
,
00000000
00000010
00001000
00000000
00000100
00010000
00001000
00000000
,
00000010
00000000
00000001
00000100
00000000
00000010
00001000
00000001
,
00000000
00000010
00000100
00000000
00001000
00000001
00000100
00000000
,
00001000
00000000
00010000
00100000
00000000
10000000
00100000
01000000
,
00010000
00000000
00100000
00000000
01000000
10000000
00010000
00000000
,
10000000
00000000
00010000
01000000
00000000
00100000
10000000
01000000
,
00000000
00010000
00001000
00000000
00000100
00000010
00001000
00000001
,
00000010
00000000
00000100
00000010
00000000
00000001
00001000
00000100
,
00000000
00000010
00001000
00000000
00010000
01000000
00100000
01000000
,
00010000
00000000
01000000
10000000
00000000
01000000
00100000
10000000
,
00000000
01000000
00100000
00000000
00010000
10000000
00100000
00000000
,
00010000
00001000
00000100
00000000
00000010
00001000
00000100
00000000
,
00000011
00000000
00001100
00000000
00000001
00000010
00000000
00000001
,
00000000
00000100
00001000
00000000
00010000
00001000
00000000
00000010
,
00000000
00000100
00001000
00000000
00010000
00100000
00000000
01000000
,
00000000
10000000
00100000
00020000
00000000
00000000
00031000
00000000
,
00000000
00000000
00000000
00000000
;
