#TITLE:MY SWEET DARLIN';
#SUBTITLE:;
#ARTIST:WILDSIDE;
#TITLETRANSLIT:;
#SUBTITLETRANSLIT:;
#ARTISTTRANSLIT:;
#CREDIT:;
#BANNER:MY SWEET DARLIN'.png;
#BACKGROUND:MY SWEET DARLIN'-bg.png;
#LYRICSPATH:;
#CDTITLE:./CDTITLES/Dancemania HAPPY PARADISE 2.PNG;
#MUSIC:MY SWEET DARLIN'.ogg;
#OFFSET:0.000;
#SAMPLESTART:43.490;
#SAMPLELENGTH:15.000;
#SELECTABLE:YES;
#DISPLAYBPM:157.000;
#BPMS:0.000=156.513,4.000=156.994;
#STOPS:;
#BGCHANGES:;

//---------------dance-single - ----------------
#NOTES:
     dance-single:
     :
     Beginner:
     1:
     0.163,0.184,0.038,0.000,0.000:
0000
0000
0000
0000
,
0000
0000
0000
0000
,
0000
0000
0000
0000
,
1000
0000
1000
0000
,
1000
0000
1000
0000
,
0001
0000
0001
0000
,
0001
0000
0001
0000
,
1000
0000
1000
0000
,
1000
0000
1000
0000
,
0001
0000
0001
0000
,
1001
0000
0000
0000
,
0000
0100
0000
0100
,
0000
1000
0000
1000
,
0000
0100
0000
0100
,
0000
1000
0000
1000
,
0000
0001
0000
0001
,
0000
0100
0000
0100
,
0000
0001
0000
0001
,
0000
0010
0000
0010
,
0000
0100
0000
0100
,
0000
0010
0000
0010
,
0000
0100
0000
0100
,
0000
0010
0000
0010
,
0010
0010
0010
0010
,
0000
0110
0000
1001
,
0000
0100
0000
0100
,
0000
0001
0000
0001
,
0000
0100
0000
0100
,
0000
1000
1000
1000
,
0000
0000
0001
0001
,
0000
0000
0001
0001
,
0000
0000
1000
1000
,
0000
0000
1000
1000
,
0000
0000
0001
0001
,
0000
0000
0001
0001
,
0000
0000
1000
1000
,
0000
0000
1000
0000
,
0100
0000
0001
0000
,
1000
0000
0100
0000
,
0001
0000
1000
0000
,
0100
0000
0001
0000
,
0100
0000
0000
0000
,
0000
0000
0000
0000
,
0100
0000
0000
0000
,
0000
0000
0000
0000
,
0000
1000
0000
0001
,
0000
1000
0000
0001
,
0000
1000
0000
0001
,
0000
1000
0000
0001
,
0001
0000
0000
0000
,
0000
0000
0000
0000
;

//---------------dance-single - ----------------
#NOTES:
     dance-single:
     :
     Easy:
     3:
     0.230,0.283,0.050,0.063,0.000:
0000
0000
0000
0000
,
0000
0000
0000
0000
,
0000
0000
0000
0000
,
1000
0000
0001
0000
,
1000
0000
0001
0000
,
1000
0000
0001
0000
,
1000
0000
0001
0000
,
1000
0000
0001
0000
,
1000
0000
0001
0000
,
2000
3000
2000
3000
,
0002
0000
0000
0003
,
0000
0100
0010
0000
,
0000
1000
0001
0000
,
0000
0100
0001
0000
,
0000
1000
0010
1000
,
0001
0000
0001
0000
,
0100
0000
0100
0010
,
1000
0000
1000
0000
,
0010
0000
0010
0100
,
0001
0000
1000
0000
,
0001
0000
1000
0000
,
0010
0000
0010
0000
,
0100
0100
0100
0100
,
0002
0000
0000
1003
,
0000
1001
1001
1001
,
0000
0100
0000
0100
,
0000
0001
0000
0001
,
0000
0100
0000
0010
,
1000
1000
1000
1000
,
0001
0001
0001
0001
,
0001
0001
0001
1000
,
1000
1000
1000
1000
,
1000
0010
1000
0010
,
0100
0100
0100
0100
,
0100
0100
0100
0001
,
1000
0001
1000
0001
,
1000
0001
1000
0001
,
0100
0100
0100
0100
,
0100
0100
0100
0010
,
1000
0010
1000
0010
,
1000
0001
1000
0001
,
0100
0000
0000
0000
,
0000
0000
0000
0000
,
0100
0000
0000
0000
,
0000
0000
0000
1001
,
0000
1000
0000
0001
,
0000
1000
0000
0001
,
0000
1000
0000
0001
,
0000
1000
0001
0001
,
0200
0000
0000
0000
,
0000
0300
0000
0000
,
0000
0000
0000
0000
;

//---------------dance-single - ----------------
#NOTES:
     dance-single:
     :
     Medium:
     4:
     0.414,0.471,0.138,0.550,0.000:
0000
0000
0000
0000
,
0000
0000
0000
0000
,
0000
0000
0000
0000
,
2000
3100
0002
0103
,
2000
3100
0002
0103
,
2000
3100
0002
0103
,
2000
3100
0002
0103
,
2000
3100
0002
0103
,
2000
3100
0002
0103
,
0100
0000
0100
0100
,
0002
0000
1003
1001
,
0100
0100
0001
1000
,
0010
1000
0100
1000
,
0001
0001
1000
0001
,
1000
0010
1000
0100
,
0010
0010
0010
0010
,
0001
0001
1000
0001
,
0100
0010
1000
0001
,
1000
0010
1000
0001
,
0100
0010
0100
0001
,
1000
1000
0001
0001
,
0010
0002
1003
0002
,
1003
0020
0130
0020
,
1030
1000
1000
1001
,
0200
0302
2003
3020
,
0130
0101
1000
1100
,
1000
1000
1000
0001
,
0200
0300
0200
0300
,
0010
0010
2000
3002
,
0103
0100
0010
1000
,
0002
0103
0100
1001
,
0100
0001
0100
0001
,
1000
0010
0200
0302
,
1003
1000
1000
0010
,
0200
0301
0001
1000
,
0010
0100
0010
1000
,
0001
0100
0020
2030
,
3001
0001
1001
1001
,
2002
3003
1000
0010
,
0100
0100
0001
1000
,
0010
0100
0010
0000
0100
0000
0001
0000
,
2000
0000
3000
1001
,
0100
0001
1000
0010
,
0200
0000
0300
0110
,
1000
0010
0100
1001
,
2000
3100
0002
0103
,
2000
3100
0002
0103
,
2000
3100
0002
0103
,
2000
3100
0002
0103
,
2000
0000
0000
0000
,
0000
3000
0000
0000
,
0000
0000
0000
0000
;

//---------------dance-single - ----------------
#NOTES:
     dance-single:
     :
     Hard:
     8:
     0.559,0.565,0.200,0.313,0.044:
0000
0000
0000
0000
,
0000
0000
0000
0000
,
0000
0000
0000
0000
,
1000
0001
0001
1000
,
1000
0001
1000
0001
,
1000
0010
0100
0001
0000
1000
0001
1000
,
0000
0001
1000
0000
0010
0100
0001
1000
,
0001
0100
0010
1000
0000
0001
1000
0001
,
0000
1000
0001
0000
0100
0010
1000
0001
,
2000
0000
3001
0100
0000
0001
1000
0000
,
0100
0010
0100
1000
0100
0010
0001
1000
,
0000
0100
0001
0100
0001
0000
1000
0010
,
1000
0100
1000
0100
0000
1000
1000
0001
,
0100
0000
0010
0010
1000
0000
0001
0001
,
0200
0010
0310
0010
2000
0000
3001
0000
,
0110
0010
0010
0010
1000
0010
0010
0010
,
0100
0001
0001
0001
1000
0000
1001
0001
,
0100
0000
0010
1000
0001
0000
0100
0010
,
2000
0000
3001
0001
0001
0100
0010
1000
,
0001
0000
0101
0100
0010
1000
0010
1000
,
0001
0000
0200
0001
0301
0000
1001
1000
,
0001
0101
1000
1100
,
0001
0011
1000
1020
,
0230
0000
0001
0000
0001
0001
0301
0001
,
1000
0000
0001
0000
1000
0000
0001
0000
1000
0001
1000
0001
1000
0001
1000
0001
,
0100
0020
1030
1000
,
2000
0000
3001
0000
0001
0100
0010
0000
,
2000
3000
2000
3000
,
0010
0000
0100
0001
1000
0000
0010
0000
2000
0000
0001
0000
3002
0000
2000
0000
,
0003
0000
3010
0000
0010
1000
0010
0100
,
0000
0100
0000
0100
0001
0000
1000
0020
,
0100
0000
0130
0000
0001
1000
0001
0000
,
0100
0010
1000
0000
0002
0010
0023
0200
,
0030
0000
1300
0000
1000
0010
0100
0001
,
0000
0100
0010
0000
1000
0000
1001
0000
,
2000
0000
3020
0100
0030
0100
0001
1000
,
0010
0100
0001
0000
1100
0000
0101
0000
,
0200
0000
0010
0000
0310
1000
0001
0000
,
1000
0001
0000
0001
0100
0000
1001
0000
,
0220
0000
0330
0000
1001
0000
0100
0010
,
1000
0000
0001
0000
1000
0000
0010
0000
0100
0000
0010
0000
0100
0010
0100
0010
,
2000
0001
0001
0001
,
0001
0001
3001
1001
,
0100
0010
1000
0001
0000
1000
0010
1000
,
0000
0001
0010
0000
0100
1000
1001
0000
,
1000
0001
0001
1000
0000
0010
0100
0001
,
0000
1000
0010
0000
0100
0001
0100
0001
,
1000
0010
0010
0100
0000
0001
0100
0010
,
0000
1000
0001
0000
0100
0010
1000
0001
,
0200
0000
0000
0000
,
0000
0300
0000
0000
,
0000
0000
0000
0000
;

//---------------dance-double - ----------------
#NOTES:
     dance-double:
     :
     Easy:
     4:
     0.261,0.345,0.163,0.063,0.000:
00000000
00000000
00000000
00000000
,
00000000
00000000
00000000
00000000
,
00000000
00000000
00000000
00000000
,
00100000
00000000
00001000
00000000
,
01000000
01000000
00010000
00000000
,
10000000
00000000
01000000
00000000
,
00010000
00010000
00000100
00000000
,
00001000
00000000
00000001
00000000
,
00001000
00001000
00000100
00000000
,
00010000
00000000
00001000
00000000
,
00022000
00000000
00033000
00011000
,
01000000
00000000
01000000
00000000
,
00010000
00000000
10000000
00000000
,
00010000
00000000
01000000
00000000
,
00001000
00000000
00001000
00011000
,
00000100
00000000
00000100
00000000
,
00001000
00000000
00000010
00001000
,
00000001
00000000
00000001
00000000
,
00000010
00000001
00000000
00001001
,
00001000
00001000
00001000
00001000
,
00000100
00000100
00000100
00000100
,
00010000
00011000
01000000
01100000
,
10000000
10010000
00010000
10010000
,
10000000
00020000
00000000
01030000
,
00100000
00100000
00100000
10010000
,
01000000
01000000
00001000
00000000
,
00002000
00000000
00003000
00010000
,
00010000
00000000
00010000
00000000
,
00000100
00000100
00000000
00001001
,
00001000
00000000
00010000
01000000
,
00100000
00000000
10000000
00010000
,
01000000
00000000
00010000
00001000
,
00000100
00001000
00000000
00001001
,
00001000
00000000
00010000
01000000
,
00100000
00000000
10000000
00010000
,
01000000
00000000
00010000
00001000
,
00000100
00001000
00000000
00001001
,
00001000
00000000
00010000
01000000
,
00100000
00000000
10000000
00010000
,
01000000
00000000
00010000
00001000
,
00000100
00001000
00001000
00001000
,
00000001
00000000
00000001
00000000
,
00000001
00000000
00000001
00000000
,
00001000
00000000
00001000
00000000
,
00001000
00000000
00001000
00001001
,
00000100
00000000
00010000
00000000
,
01000000
00000000
10000000
00010000
,
01000000
00000000
00001000
00000000
,
00000100
00000000
00000001
00001000
,
00000020
00000000
00000000
00000000
,
00000000
00000030
00000000
00000000
,
00000000
00000000
00000000
00000000
;

//---------------dance-double - ----------------
#NOTES:
     dance-double:
     :
     Medium:
     5:
     0.414,0.471,0.288,0.313,0.000:
00000000
00000000
00000000
00000000
,
00000000
00000000
00000000
00000000
,
00000000
00000000
00000000
00000000
,
00000100
00000100
00000010
00010000
,
00001000
00100000
01000000
10000000
,
10000000
10000000
00010000
01000000
,
00001000
00000010
00000100
00000001
,
00000100
00000100
00000010
00000001
,
00001000
00000100
00010000
00100000
,
20000000
00010000
30010000
10010000
,
00100000
00001000
00000010
00001001
,
00000100
00000020
00000130
00000010
,
00001000
00010000
00100000
01000000
,
10000000
10000000
00100000
01000000
,
00020000
10000000
10030000
10010000
,
02000000
03010000
00020000
10030000
,
00100000
01000000
00010000
00001000
,
00000100
00000010
00000001
00001000
,
00000010
00002000
00000001
00003001
,
00000200
00000010
00000301
00001000
,
00000010
00010010
00011000
01001000
,
00010000
10010000
00100000
01100000
,
02200000
00300000
00010000
03010000
,
20000000
30010000
00020000
10030000
,
10000000
00000000
10000000
00000000
10000000
10000000
10000000
10000000
,
01000000
01001000
00001000
00000100
,
00002000
00000001
00003001
00001001
,
00000100
00000010
00010000
00011000
,
01000000
01000000
01000000
00000000
00010000
00000000
10010000
00000000
,
20020000
30030000
01000000
00010000
,
00200000
00001000
00301000
00011000
,
01000000
00011000
00000100
00011000
,
00010000
00000010
00000100
00000110
,
00002000
00000001
00003001
00001001
,
00000100
00001000
00010000
01000000
,
20000000
00010000
30010000
10010000
,
01000000
00200000
01300000
10010000
,
20000000
30010000
00020000
10030000
,
10000000
01000000
00100000
00001000
,
00000100
00000100
00000020
00001030
,
00000001
00001001
00000200
00000310
,
00002000
00000000
00003000
00001000
,
00002000
00000000
00003000
00001000
,
00001000
00001000
00001000
00001000
,
00001000
00000001
00001000
00001001
,
00000010
00001000
00010000
01000000
,
01000000
00000000
00100000
00000000
10000000
00000000
00010000
10000000
,
01000000
00010000
00001000
00000100
,
00000001
00000000
00001000
00000000
00000010
00000000
00000100
00000001
,
00002000
00000000
00000000
00000000
,
00000000
00003000
00000000
00000000
,
00000000
00000000
00000000
00000000
;

//---------------dance-double - ----------------
#NOTES:
     dance-double:
     :
     Hard:
     8:
     0.484,0.534,0.238,0.113,0.025:
00000000
00000000
00000000
00000000
,
00000000
00000000
00000000
00000000
,
00000000
00000000
00000000
00000000
,
00000001
00000000
00001000
00000000
,
00010000
00000000
10000000
00000000
,
10000000
00010000
00001000
00000001
,
00000100
00000010
00001000
00000000
00000001
00000100
00000001
00000000
,
00000001
00001000
00010000
10000000
,
00100000
01000000
00010000
00000000
10000000
00100000
01000000
00010000
,
10000000
00000000
00100000
01000000
00000000
00010000
01000000
00000000
,
00001000
00011000
01000000
00011000
,
00000010
00000000
00001000
00000000
00001000
00000000
00001000
00000001
,
00000100
00010000
01000000
00010000
10000000
00000000
10000000
00100000
,
01000000
00000000
00001000
00000000
00000100
00000000
00000010
00001000
,
00000001
00000100
00000010
00001000
00000001
00000000
00001001
00000000
,
00000100
00010000
01000000
00001000
,
00000100
00010000
01000000
01100000
,
10010000
00000000
10000000
01000000
00010000
00000000
10000000
00100000
,
01000000
00001000
00010000
00001010
,
00000100
00000000
00000101
00000000
00001000
00000010
00010000
00000100
,
00001000
00000000
00000000
00010000
,
10000000
11000000
00100000
00101000
,
00010000
00010010
00000100
00000101
,
00000010
00000000
00011000
00000000
00010000
00001000
00010000
00001000
,
00010000
00000000
00001000
00000000
00010000
00000000
00001000
00000000
00010000
00001000
00010000
00001000
00010000
00001000
00010000
00001000
,
00010000
00001000
01000000
00100000
,
10000000
00000000
10000000
00000000
10000000
00100000
10000000
00010000
,
01000000
00010000
00100000
00001000
00010000
00000000
00010010
00000000
,
00002200
00000000
00003300
00000000
00000010
00001000
00001000
00000200
,
00010000
00000000
00010300
00000000
00000010
00001000
00000001
00000100
,
00000000
00000010
00000000
00000000
00001000
00000000
00011000
00000000
,
01000000
00011000
00000100
00011000
,
01000000
00001000
01000000
00000000
00100000
10000000
00010000
02000000
,
00001000
03001000
00001000
00010000
,
00000010
00000000
00001000
00000000
00000200
00000000
00010300
00001000
,
00100000
00001000
01000000
00000000
00001000
00100000
00001000
00000000
,
00010000
00000010
00010000
00000000
00001000
00000010
00001000
00000002
,
00000100
00000000
00001003
00000100
00010000
01000000
00100000
00000000
,
00010000
10000000
00010000
01000000
00100000
00000000
10010000
00000000
,
00100000
00001000
00010000
00000020
,
00001000
00000000
00001030
00000010
00001000
00000010
00001000
00000001
,
00000200
00000000
00000310
00000000
00000010
00001000
00100000
00000000
,
01000000
00100000
10000000
00000000
10000000
00010000
01000000
00010000
,
00100000
00001000
00000010
00000100
00000000
00001000
00000001
00000100
,
00000000
00000010
00010000
00001000
00100000
00000000
00101000
00000000
,
10000000
00000000
00010000
00000000
00001000
00000010
00001000
00000000
,
00001000
00000010
00000100
00000001
00001000
00000000
00001000
00000000
,
00000001
00000000
00001000
00000000
00010000
01000000
00010000
00000000
,
00010000
01000000
00100000
10000000
00010000
00000000
00010000
01000000
,
00002000
00000000
00000000
00000000
,
00000000
00003000
00000000
00000000
,
00000000
00000000
00000000
00000000
;
