#TITLE:MY SUMMER LOVE(TOMMY'S SMILE MIX);
#SUBTITLE:;
#ARTIST:MITSU-O! with GEILA;
#TITLETRANSLIT:;
#SUBTITLETRANSLIT:;
#ARTISTTRANSLIT:;
#CREDIT:;
#BANNER:MY SUMMER LOVE(TOMMY'S SMILE MIX).png;
#BACKGROUND:MY SUMMER LOVE(TOMMY'S SMILE MIX)-bg.png;
#LYRICSPATH:;
#CDTITLE:./CDTITLES/DDRMAX2 -Dance Dance Revolution 7thMIX-.PNG;
#MUSIC:MY SUMMER LOVE(TOMMY'S SMILE MIX).ogg;
#OFFSET:0.000;
#SAMPLESTART:40.767;
#SAMPLELENGTH:15.000;
#SELECTABLE:YES;
#DISPLAYBPM:100.000;
#BPMS:0.000=100.279,4.000=100.081;
#STOPS:;
#BGCHANGES:;

//---------------dance-single - ----------------
#NOTES:
     dance-single:
     :
     Challenge:
     12:
     0.451,0.433,0.256,0.104,0.213:
0000
0000
0000
0000
,
0000
0000
0000
0000
,
0000
0000
0000
0000
,
0000
0000
0010
0000
0000
0000
0001
0000
0000
1000
0100
1000
0000
0000
0001
0000
,
0000
0000
0100
0000
0000
0010
1000
0010
0000
0100
0001
0100
0000
0001
1000
0001
,
0000
0000
0010
0000
0000
0000
1100
0000
0000
0010
0001
0010
0000
0000
0100
0000
,
0000
0000
1001
0000
0000
0010
1000
0100
0000
0000
0010
0000
0000
0000
0100
0000
,
0000
0000
0001
0000
0000
0000
0110
0000
0000
1000
0001
1000
0000
0000
0010
0000
,
1000
0000
0001
0100
0001
1000
0000
0010
0000
0100
0001
0000
1000
0000
0001
0000
,
1000
0001
0100
0001
0010
0100
0010
0100
,
1000
0001
0010
0100
1000
0001
0100
0010
,
1000
1000
0001
0010
0100
0010
0001
1000
,
0001
0001
0010
0100
1000
0010
0100
0001
,
0010
0010
1010
0001
0100
0100
0101
1000
,
0001
0010
0100
1010
0100
0001
1010
0100
,
1000
0001
0110
1000
0100
0010
0001
0110
,
1000
0000
0001
0100
0001
0000
1000
0000
0110
0000
0000
0000
0110
0000
0000
0000
,
1000
0000
0001
0000
0100
0000
0010
0100
0000
0000
0001
0000
1000
0000
0010
0000
,
1000
0100
0010
0100
1001
0000
1001
0000
,
0001
0000
1000
0000
0100
0000
0010
0100
0000
0000
1000
0000
0001
0000
0010
0000
,
1000
0010
0100
1000
0011
0000
1100
0000
,
0010
0000
1000
0000
0100
0000
0001
0100
0000
0000
0110
0000
0001
0000
0100
0000
,
0010
1000
0001
0100
1010
0000
0101
0000
,
0010
0000
0100
0000
0001
0000
1000
0100
0000
0000
1000
0000
0010
0000
0100
0000
,
0010
1000
0100
0010
1001
0000
0110
0001
,
2000
0010
0010
3010
0002
0100
0100
0103
,
0020
1000
0100
1030
0200
0010
0301
0000
,
2000
0010
0001
3010
0002
1000
0103
1000
,
2000
0010
3020
0100
0230
0001
0301
0000
,
1000
0010
1000
0100
1000
0000
0001
0000
0000
0010
0001
0100
0001
0000
1000
0000
,
0010
0100
0010
0100
0010
0000
1000
0100
0000
0001
0100
0000
0010
0000
0000
0000
,
0001
0100
0001
1000
0010
0000
0010
0100
0000
0001
1000
0100
0010
0000
0000
0000
,
1000
0000
0000
0001
0000
0000
0100
0000
0000
0001
0000
0000
0010
0000
0000
0000
0000
0000
0100
0000
0000
1000
0000
0000
0001
0000
0000
0000
1000
0000
0000
0000
0010
0000
0000
0000
0100
0000
0000
0000
0000
0000
0000
0000
0000
0000
0000
0000
,
0001
0000
0100
0000
0010
0000
1000
0100
0000
0000
0010
0000
0100
0000
0001
0000
,
1000
0001
0010
0100
1001
0000
1001
0000
,
0010
0000
0100
0000
0001
0000
0010
0100
0000
0000
1000
0000
0001
0000
0010
0000
,
0100
0010
0001
1000
0110
0000
0110
0000
,
0001
0000
0100
0000
1000
0000
0100
0001
0000
0000
1100
0000
0001
0000
0100
0000
,
0010
0100
0001
1000
0110
0000
0110
0000
,
1000
0000
0100
0000
0001
0000
0100
1000
0000
0000
0001
0000
0100
0000
0010
0000
,
1000
0001
0010
0100
2000
0000
0002
0000
,
0000
0000
0003
0001
3001
0000
0000
0000
,
0000
0000
0000
0000
;

//---------------dance-double - ----------------
#NOTES:
     dance-double:
     :
     Challenge:
     11:
     0.424,0.433,0.227,0.057,0.208:
00000000
00000000
00000000
00000000
,
00000000
00000000
00000000
00000000
,
00000000
00000000
00000000
00000000
,
00000000
00000000
01000000
00000000
00000000
00000000
00100000
00000000
00000000
00010000
00001000
00010000
00000000
00000000
00001000
00000000
,
00000000
00000000
00000100
00000000
00000000
00000001
00000100
00000001
00000000
00000010
00000001
00000010
00000000
00000100
00000010
00000100
,
00000000
00000000
00001000
00000000
00000000
00000000
00000001
00000000
00000000
00000100
00000001
00000100
00000000
00000000
00001000
00000000
,
00000000
00000000
00010000
00000000
00000000
00100000
10000000
00100000
00000000
00000000
01000000
00000000
00000000
00000000
00100000
00000000
,
00000000
00000000
01000000
00000000
00000000
00000000
00010000
00000000
00000000
01000000
00100000
01000000
00000000
00000000
00100000
00000000
,
00010000
00000000
00001000
00010000
00001000
00000100
00000000
00000001
00000000
00000010
00000100
00000000
00001000
00000000
00000001
00000000
,
00000100
00000010
00000100
00001000
00010000
01000000
10000000
00100000
,
00000000
00100000
10000000
01000000
00100000
00010000
10000000
01000000
,
01000000
10000000
00010000
00100000
01000000
00010000
00001000
00000100
,
00000001
00000010
00000100
00001000
00000001
00000100
00001000
00010000
,
00100000
01000000
00010000
00100000
01000000
00010000
00001000
00000100
,
00000010
00001000
00000100
00000010
00001000
00010000
00100000
00010000
,
00001000
00000100
00001000
00010000
01000000
10000000
00100000
00010000
,
00001000
00000100
00000001
00000010
00001001
00000000
00001001
00000000
,
00000010
00000000
00001000
00000000
00010000
00000000
00100000
01000000
00000000
00000000
00100000
00000000
10000000
00000000
01000000
00000000
,
00010000
01000000
00010000
00001000
00011000
00000000
00011000
00000000
,
00100000
00000000
00010000
00000000
00001000
00000000
00000010
00000100
00000000
00000000
00000010
00000000
00000001
00000000
00000100
00000000
,
00001000
00000100
00001000
00010000
00011000
00000000
00011000
00000000
,
00100000
00000000
00010000
00000000
10000000
00000000
01000000
10000000
00000000
00000000
01010000
00000000
10000000
00000000
01000000
00000000
,
00010000
00001000
00000100
00001000
00010100
00000000
01001000
00000000
,
00010000
00000000
00001000
00000000
00000100
00000000
00001000
00000100
00000000
00000000
00000001
00000000
00000010
00000000
00000100
00000000
,
00000010
00001000
00010000
00001000
00101000
00000000
00010010
00000100
,
00000002
00001000
00000000
00001000
00000000
00001000
00001003
00000000
,
00002000
00010000
00000000
00010000
00000000
00010000
00013000
00000000
,
00020000
10000000
00000000
10000000
00000000
10000000
10030000
00000000
,
20000000
01000000
00000000
00100000
00000000
00010000
30010000
00000000
,
00100000
10000000
00100000
10000000
00100000
00000000
01000000
00000000
00000000
00010000
01000000
00010000
01000000
00000000
00010000
00000000
,
10000000
00010000
10000000
00010000
10000000
00000000
01000000
00010000
00000000
00001000
00000100
00000000
00000001
00000000
00000000
00000000
,
00001000
00000100
00001000
00000100
00001000
00000000
00000001
00000100
00000000
00000010
00000100
00000010
00000100
00000000
00000000
00000000
,
00000001
00000000
00000000
00001000
00000000
00000000
00000001
00000000
00000000
00000100
00000000
00000000
00000001
00000000
00000000
00000000
00000000
00000000
00000100
00000000
00000000
00000001
00000000
00000000
00000100
00000000
00000000
00000000
00001000
00000000
00000000
00000000
00010000
00000000
00000000
00000000
01000000
00000000
00000000
00000000
00000000
00000000
00000000
00000000
00000000
00000000
00000000
00000000
,
00110000
00000000
10000000
00000000
01000000
00000000
00010000
00001000
00000000
00000000
00000100
00000000
00000001
00000000
00000010
00000000
,
00000001
00001000
00000100
00000010
00001100
00000000
00010010
00000000
,
00001100
00000000
00000010
00000000
00000001
00000000
00000100
00001000
00000000
00000000
00010000
00000000
01000000
00000000
10000000
00000000
,
00100000
01000000
00010000
10000000
01010000
00000000
00101000
00000000
,
01010000
00000000
00100000
00000000
01000000
00000000
00010000
00001000
00000000
00000000
00000110
00000000
00000001
00000000
00000100
00000000
,
00000010
00001000
00000001
00000100
00001010
00000000
00010100
00000000
,
00001010
00000000
00000001
00000000
00000100
00000000
00001000
00010000
00000000
00000000
01000000
00000000
10000000
00000000
00100000
00000000
,
10000000
00010000
10000000
01000000
00110000
00000000
02002000
00000000
,
00000000
00000000
03000000
01000000
00013000
00000000
00000000
00000000
,
00000000
00000000
00000000
00000000
;
