#TITLE:NO LIMIT (RM Remix);
#SUBTITLE:;
#ARTIST:2 UNLIMITED;
#TITLETRANSLIT:;
#SUBTITLETRANSLIT:;
#ARTISTTRANSLIT:;
#CREDIT:;
#BANNER:NO LIMIT (RM Remix).png;
#BACKGROUND:NO LIMIT (RM Remix)-bg.png;
#LYRICSPATH:;
#CDTITLE:./CDTITLES/DANCEMANIA DIAMOND.PNG;
#MUSIC:NO LIMIT (RM Remix).ogg;
#OFFSET:0.000;
#SAMPLESTART:37.429;
#SAMPLELENGTH:15.000;
#SELECTABLE:YES;
#DISPLAYBPM:141.000;
#BPMS:0.000=140.821,4.000=141.002,24.000=141.080;
#STOPS:;
#BGCHANGES:;

//---------------dance-single - ----------------
#NOTES:
     dance-single:
     :
     Easy:
     4:
     0.311,0.309,0.135,0.000,0.000:
0000
0000
0000
0000
,
0000
0000
0000
0000
,
0000
0000
0000
0000
,
1001
0000
0000
0000
,
1000
1000
0001
0001
,
0010
0010
0010
0010
,
0001
0001
1000
0100
,
0001
0001
1000
0100
,
0001
0001
1000
0100
,
0001
0100
0010
1000
,
0001
0001
0010
0100
,
1000
1000
0010
0100
,
0001
0001
0010
0100
,
1000
0100
0001
0100
,
1000
1000
0100
0100
,
0010
0010
0001
0001
,
1000
1000
0010
0010
,
1001
0100
1001
0100
,
0010
0010
0001
0001
,
1000
1000
0010
0010
,
0100
0100
0001
0001
,
1001
0010
1001
0010
,
0100
0001
0100
0001
,
1000
0010
1001
0000
,
0010
0100
1000
0000
,
0010
0100
0001
0000
,
1000
0100
1000
0100
,
0010
0001
1001
0000
,
0010
0100
0001
0000
,
0010
0100
1000
0000
,
0001
0100
1000
0100
,
0001
0100
1000
0100
,
0001
0100
1000
0100
,
0001
0100
1000
0010
,
0001
0001
1000
0100
,
0001
0100
1000
0100
,
0001
0100
1000
0100
,
0010
0001
0100
0010
,
1000
1000
0001
0001
,
0100
0100
0010
0010
,
1000
1000
0001
0001
,
0110
0001
0110
1000
,
0001
0001
0010
0010
,
0100
0100
1000
1000
,
0010
0010
0100
0100
,
1001
0100
1001
0100
,
0010
0001
1000
0100
,
0010
0001
0100
0010
,
1000
0001
0010
0100
,
1000
1000
0001
0001
,
0100
0010
1000
0100
,
0010
0001
1000
0100
,
0010
0001
0100
0010
,
1000
1001
0100
0010
,
1001
0000
0000
0000
,
0000
0000
0000
0000
;

//---------------dance-single - ----------------
#NOTES:
     dance-single:
     :
     Medium:
     6:
     0.430,0.478,0.167,0.000,0.000:
0000
0000
0000
0000
,
0000
0000
0000
0000
,
0000
0000
0000
0000
,
1001
0100
0010
0100
,
0001
0010
0001
0000
1000
0100
1000
0000
,
0001
0100
0010
1000
,
0001
0000
0001
0000
0010
0100
0010
0100
,
1000
0000
1000
0000
0010
0100
0010
0100
,
0001
0000
0001
0000
1000
0100
1000
0100
,
0010
0000
0010
0000
0001
0100
0010
1000
,
0001
0000
0010
0000
0100
1000
0100
1000
,
0001
0000
0100
0000
0010
1000
0010
1000
,
0100
0000
0010
0000
0001
1000
0001
1000
,
0010
0000
0100
0000
0001
0010
0100
1000
,
0001
0000
0001
0000
0000
0100
0000
0100
,
0010
0000
0010
0000
0000
1000
0000
1000
,
0001
0000
0001
0000
0000
0010
0000
0010
,
0100
1000
0001
0000
0100
0010
1000
0000
,
0001
0000
0001
0000
0000
0010
0000
0010
,
0100
0000
0100
0000
0000
1000
0000
1000
,
0001
0000
0001
0000
0000
0100
0000
0100
,
0010
1000
0100
0000
0010
0001
0100
0000
,
0000
0010
0000
0010
1000
0100
0000
0000
,
1000
0001
0100
0010
0000
0000
0000
0000
,
1000
0001
0100
0001
0000
0000
0000
0000
,
0010
0100
0010
0001
0000
1000
0000
0000
,
0000
0010
0000
0010
0100
0001
0000
0000
,
1000
0100
0010
0001
0000
0000
0000
0000
,
1000
0010
0100
0001
0000
0000
0000
0000
,
1000
0100
0010
0001
0000
1000
0000
0000
,
0010
0100
0001
0000
0010
0100
1000
0000
,
0001
0100
1000
0000
0001
1000
0100
0000
,
0010
0001
0100
0000
0010
1000
0001
0000
,
0010
0010
0100
0100
1000
0001
0100
0000
,
0010
0010
0010
0010
1000
0100
0010
0000
,
0001
1000
0100
0000
0010
0001
0100
0000
,
0010
0010
1000
0000
0001
0000
0100
0000
,
0010
1000
0100
0000
0010
0001
1000
0000
,
0010
0000
0010
0000
0100
0001
0100
0001
,
0010
0000
0010
0000
0100
1000
0100
1000
,
0001
0000
0001
0000
0100
0010
0100
0010
,
1000
0001
0100
0000
0010
1000
0001
0000
,
0010
0000
0010
0000
0100
1000
0100
1000
,
0001
0000
0001
0000
0100
0010
0100
0010
,
1000
0000
1000
0000
0001
0010
0001
0010
,
0100
1000
0001
0000
0100
0010
1000
0000
,
1100
0000
0011
0000
1000
0010
0100
0000
,
1001
0000
0110
0000
1000
0001
0100
0000
,
0011
0000
1100
0000
0001
0100
0010
0000
,
1001
0000
0110
0000
1000
0001
0100
0010
,
0110
0000
1001
0000
0100
0010
0001
0000
,
1100
0000
1010
0000
0100
0001
0010
0000
,
0101
0000
0011
0000
0100
1000
0001
0000
,
0100
0010
1000
0000
0001
0010
0001
1000
,
0110
0000
0000
0000
,
0000
0000
0000
0000
;

//---------------dance-single - ----------------
#NOTES:
     dance-single:
     :
     Hard:
     9:
     0.622,0.563,0.063,0.000,0.188:
0000
0000
0000
0000
,
0000
0000
0000
0000
,
0000
0000
0000
0000
,
1001
0000
0010
0000
0100
1000
0001
0100
,
0010
0000
0010
0000
1000
0100
0010
0001
,
1000
0100
1000
0100
1000
0100
1000
0100
,
0010
0000
0001
0000
0010
0000
0001
0000
1000
0100
1000
0000
0001
0000
0100
0000
,
0010
0000
1000
0000
0010
0000
1000
0000
0001
0100
0001
0000
0010
0000
0100
0000
,
1000
0000
0001
0000
1000
0000
0001
0000
0010
0100
0010
0000
0001
0000
1000
0000
,
0010
0100
0010
0000
1000
0000
0001
0000
0010
0100
0010
0000
0001
0000
1000
0000
,
0010
0000
0100
0000
0010
0000
0100
0000
0001
0010
0001
0000
1000
0000
0100
0000
,
0010
0000
0001
0000
0010
0000
0001
0000
1000
0010
1000
0000
0100
0000
0010
0000
,
0001
0000
1000
0000
0001
0000
1000
0000
0010
0100
0010
0000
1000
0000
0001
0000
,
0010
0100
0010
0000
0001
0000
1000
0000
0010
0100
0010
0000
1000
0000
0001
0000
,
0010
0000
0100
0000
1000
0000
0001
0100
0010
0000
1000
0000
0001
0000
0010
0000
,
0001
0000
1000
0000
0100
0000
0010
0001
1000
0000
0010
0000
0100
0000
0001
0000
,
0100
0000
0001
0000
0010
0000
0100
1000
0001
0000
0100
0000
0010
0000
1000
0000
,
0010
0100
0001
0100
0010
1000
0001
0010
,
0100
0000
0001
0000
0010
0000
0100
1000
0001
0000
0100
0000
0010
0000
1000
0000
,
0010
0000
1000
0000
0001
0000
0010
0100
1000
0000
0010
0000
0100
0000
0001
0000
,
0010
0000
0100
0000
1000
0000
0001
0100
0010
0000
1000
0000
0100
0000
0010
0000
,
0100
0010
0100
1000
0010
0100
0001
0100
,
0000
0010
0000
0010
1000
0100
0010
0001
,
1000
1000
0100
0010
0000
0001
1000
0010
,
0100
0100
0001
1000
0000
0100
0100
0010
,
0001
0100
0010
1000
0000
1000
0001
0100
,
0010
1000
0000
1000
0001
0010
0100
1000
,
0001
0100
1000
0100
0000
0010
1000
0001
,
0100
0001
0010
0100
0000
0100
1000
0010
,
0100
0001
1000
0100
0000
0010
0000
0001
,
0100
0000
0010
0000
1000
0000
0001
0010
0100
0000
1000
0000
0001
0000
0000
0000
,
1000
0000
0001
0000
0100
0000
0010
1000
0001
0000
0010
0000
0100
0000
0000
0000
,
1000
0000
0010
0000
0100
0000
0001
0100
0010
0000
1000
0000
0100
0000
0000
0000
,
0010
0000
0010
0000
0001
0000
0001
0000
0100
0000
0010
1000
0100
0000
0000
0000
,
1000
0000
1000
0000
1000
0000
1000
0000
1000
0000
0001
0100
0000
0000
0000
0000
,
0010
0000
1000
0100
0000
0000
0000
0000
0010
0000
0001
0100
0000
0000
0000
0000
,
0010
1000
0000
0000
0100
0001
0000
0000
1000
0100
0000
0000
0010
0000
0000
0000
,
0001
0100
0010
1000
0100
0010
0001
0000
,
1000
0000
1000
0000
0010
0000
0100
0001
1000
0000
0100
0000
0010
0000
0001
0000
,
0010
0000
0100
0000
0010
0000
0001
0100
0010
0000
1000
0000
0001
0000
0100
0000
,
0001
0000
0100
0000
0010
0000
1000
0100
0010
0000
0001
0000
0100
0000
0010
0000
,
0100
0000
0010
0000
1000
0001
0000
0000
0100
0000
0010
0000
1000
0001
0000
0000
,
0010
0000
0100
0000
1000
0000
0001
0100
0010
0000
1000
0000
0001
0000
0100
0000
,
0001
0000
1000
0000
0010
0000
0100
0001
1000
0000
0100
0000
0010
0000
0001
0000
,
0010
0000
0100
0000
1000
0000
0001
0100
0010
0000
1000
0000
0010
0000
0100
0000
,
0010
0000
0100
0000
0001
1000
0000
0000
0100
0000
0010
0000
0001
1000
0000
0000
,
0010
0100
0001
0010
0100
1000
0001
0100
,
0010
1000
0001
0010
0100
1000
0001
0100
,
1000
0100
0001
0010
0100
1000
0001
0100
,
0110
1000
0001
0010
0110
1000
0001
0100
,
0010
1000
0001
0010
0100
1000
0010
0100
,
0001
1000
0100
0010
0001
1000
0100
0010
,
0001
0100
1000
0100
0001
0010
0100
1000
,
1001
0100
0010
1000
1001
0010
0100
1000
,
1001
0000
0000
0000
,
0000
0000
0000
0000
;

//---------------dance-double - ----------------
#NOTES:
     dance-double:
     :
     Easy:
     4:
     0.311,0.338,0.198,0.000,0.000:
00000000
00000000
00000000
00000000
,
00000000
00000000
00000000
00000000
,
00000000
00000000
00000000
00000000
,
00000001
00000000
00000100
00000000
,
00001000
00000000
00010000
00000000
,
01000000
00000000
00000000
00000000
,
10000000
10000000
01000000
00010000
,
00001000
00001000
00000100
00000001
,
00001000
00000001
00000100
00001000
,
00010000
00010000
01000000
10000000
,
10010000
01000000
00010000
00001000
,
00010000
01001000
00010000
00000100
,
00000010
00001001
00000100
00001000
,
00010000
01001000
00010000
01001000
,
00100000
10000000
01000000
00010000
,
00100000
10000000
01000000
00010000
,
00100000
10000000
01000000
00010000
,
00001000
00000100
00000001
00000110
,
00000010
00000001
00000100
00001000
,
00000010
00000001
00000100
00001000
,
00000010
00000001
00000100
00001000
,
00010000
01000000
10000000
01100000
,
00010000
00001000
00000100
00000001
,
00000100
00001000
00010000
01000000
,
00010000
00001000
00000100
00000001
,
00000100
00001000
00010000
01000000
,
00001000
00010000
00000010
00001000
,
00010000
00001000
01000000
00010000
,
00001000
00010000
00000010
00001000
,
00010000
00001000
01000000
00010000
,
10000000
10000000
01000000
00000000
,
00010000
00001000
00000100
00000000
,
00000001
00001000
00000100
00000000
,
00000001
00000100
00000010
00000000
,
00000100
00001000
00010000
00000000
,
10000000
00000000
00100000
01000000
,
00010000
00000000
00001000
00000100
,
00000001
00000000
00000010
00000100
,
00001000
00010000
00000100
00000101
,
00001000
00010000
00000100
00000101
,
00001000
00010000
00000100
00000101
,
00001000
00010000
01000000
00001000
,
00010000
00001000
01000000
11000000
,
00010000
00001000
01000000
11000000
,
00010000
00001000
01000000
11000000
,
00010000
00001000
00000100
00010000
,
00100000
00010000
10000000
01000000
,
00010000
00001000
00000100
00000001
,
00000010
00000001
00000100
00001000
,
00010000
00001000
00100000
01000000
,
10000000
01000000
00010000
01001000
,
00010000
00010100
00001000
00010100
,
00001000
01001000
00010000
00010100
,
00000010
00000001
00000100
00000001
,
00001100
00000000
00000000
00000000
,
00000000
00000000
00000000
00000000
;

//---------------dance-double - ----------------
#NOTES:
     dance-double:
     :
     Medium:
     6:
     0.433,0.450,0.375,0.000,0.000:
00000000
00000000
00000000
00000000
,
00000000
00000000
00000000
00000000
,
00000000
00000000
00000000
00000000
,
00000001
00000100
00001000
00010000
,
01000000
00000000
01000000
00000000
10000000
00010000
01000000
00000000
,
10010000
01000000
01000000
01000000
,
10010000
00000000
11000000
00000000
00010000
10000000
01000000
00000000
,
00010000
00000000
00001000
00000000
00000100
00000001
00000010
00000000
,
00001000
00000000
00000001
00000000
00000100
00001000
00010000
00000000
,
00100000
10000000
00010000
10000000
,
10010000
01000000
01010000
00001000
,
00011000
01000000
00011000
00000100
,
00001100
00010000
00001001
00000100
,
00001000
00000000
00010000
00000000
01000000
10000000
00100000
00000000
,
01010000
00000000
11000000
00000000
00000000
00100000
00000000
00010000
,
01000000
00000000
00011000
00000000
00000000
00000100
00000000
00001000
,
00000100
00000000
00010100
00000000
00000000
00000010
00000000
00000100
,
00000001
00000000
00000001
00000000
00001000
00000100
00001000
00000000
,
00000101
00000000
00001100
00000000
00000010
00001000
00000100
00000000
,
00010100
00000000
00011000
00000000
00001000
00010000
00100000
00000000
,
10010000
00000000
11000000
00000000
00100000
10000000
01000000
00000000
,
00110000
00000000
01010000
00000000
00100000
10000000
01000000
00000000
,
00010000
00000000
10000000
00000000
00100000
10000000
01000000
00000000
,
00010000
00000000
10000000
00000000
00010000
10000000
01000000
00000000
,
00010000
00010000
00001000
00001000
,
00000100
00000000
00000100
00000000
00000001
00001000
00000100
00000000
,
00001000
00000001
00000100
00000000
00000010
00001000
00000100
00000000
,
00010000
00001000
00100000
01000000
10000000
00010000
01000000
00000000
,
10000000
10000000
01000000
01000000
,
00010000
00000000
00010000
00000000
00001000
00000100
00000001
00000000
,
00000001
00000010
00000001
00000000
00001000
00000100
00001000
00000000
,
00000010
00000000
00010000
00000000
00100000
10000000
01000000
00000000
,
00010000
00010000
00001000
00001000
,
00000100
00000100
00000001
00000001
00001000
00000000
00000100
00000000
,
00000001
00000001
00000100
00000100
00001000
00010000
01000000
00000000
,
00100000
00100000
00010000
00010000
10000000
00000000
01000000
00000000
,
10000000
00010000
10000000
00010000
,
10000000
01000000
00010000
00000000
00010000
00001000
00000100
00000000
,
00000101
00000000
00001100
00000000
00000010
00000001
00000100
00000000
,
00001100
00000000
00010100
00000000
00001000
00010000
00100000
00000000
,
10010000
00000000
01010000
00000000
00100000
10000000
01000000
00000000
,
10010000
00000000
11000000
00000000
00100000
00010000
01000000
00000000
,
01001000
00000000
00011000
00000000
00010000
00001000
00000010
00000000
,
00001001
00000000
00000101
00000000
00000010
00000001
00000100
00000000
,
00001010
00000000
00001100
00000000
00000010
00000001
00000100
00000000
,
00000010
00010000
00000100
00000000
00010000
00001000
01000000
00000000
,
10000000
00010000
10000000
00010000
,
00100000
10000000
01000000
00000000
00100000
00010000
01000000
00000000
,
00001000
00100000
00001000
00100000
,
00001000
00010000
00000100
00000000
00000010
00000001
00000100
00000000
,
00000001
00001000
00000001
00001000
,
00000001
00001000
00000100
00000000
00000001
00001000
00000100
00000000
,
00000010
00010000
00001000
00000000
00100000
00010000
01000000
00000000
,
00100000
10000000
01000000
00000000
10000000
00010000
01000000
00000000
,
00011000
00000000
00000000
00000000
,
00000000
00000000
00000000
00000000
;

//---------------dance-double - ----------------
#NOTES:
     dance-double:
     :
     Hard:
     8:
     0.580,0.506,0.427,0.000,0.005:
00000000
00000000
00000000
00000000
,
00000000
00000000
00000000
00000000
,
00000000
00000000
00000000
00000000
,
00000001
00001000
00000100
00000000
00001000
00010000
01000000
00000000
,
10000000
00010000
01000000
00000000
00010000
00001000
00000100
00000000
,
00000010
00000001
00000100
00001000
00010000
01000000
10000000
00000000
,
00100000
10000000
01000000
00010000
00001000
00000100
00000001
00000010
,
00000001
00000100
00001000
00000100
00000001
00000010
00001000
00000010
,
00000001
00000100
00001000
00010000
00001000
00000100
00001000
00010000
,
01000000
10000000
00100000
01000000
00100000
10000000
01000000
00010000
,
00001000
00000100
00000010
00001000
00000100
00010000
00001000
00000100
,
00000001
00000010
00000001
00000100
00001000
00010000
01000000
10000000
,
00010000
01000000
00100000
10000000
01000000
00010000
00001000
00000100
,
00001000
00010000
01000000
00010000
00001000
00000100
00000001
00000001
,
00001100
00000000
00000101
00000000
00000010
00001000
00000100
00010000
,
00011000
00000000
01001000
00000000
00100000
00010000
10000000
01000000
,
10010000
00000000
01010000
00000000
10000000
01000000
00010000
00001000
,
00010100
00000000
00011000
00000000
00000010
00000001
00000100
00000000
,
00001100
00000000
00000101
00000000
00000010
00001000
00000100
00010000
,
01001000
00000000
00011000
00000000
00100000
00010000
10000000
01000000
,
10010000
00000000
01010000
00000000
10000000
01000000
00010000
00001000
,
00010100
00000000
00011000
00000000
00000010
00000001
00000100
00000000
,
00000001
00001000
00000100
00000010
00000001
00000100
00001000
00010000
,
00100000
00010000
00001000
00010000
00100000
10000000
01010000
00000000
,
00100000
10000000
01000000
00000000
01001000
00010000
00001000
00000000
,
00000010
00001000
00000100
00010000
00001000
00000100
00000001
00000000
,
00001000
00000100
00000010
00000001
00000100
00000001
00000100
00001000
,
00010000
01000000
10000000
00100000
01000000
00010000
11000000
00000000
,
00100000
00010000
01000000
00000000
00011000
00010000
00000100
00000000
,
00001000
00000010
00001000
00000100
00000001
00000100
00001000
00000000
,
00001001
00001001
00000101
00000000
00001000
00010000
01000000
00000000
,
00100000
10000000
01000000
00010000
00001000
00010000
01000000
00000000
,
00010000
00001000
00000100
00000000
00001000
00010000
01000000
00000000
,
10000000
00100000
10000000
01000000
00010000
00001000
01001000
00000000
,
00100000
00000000
00100000
00000000
00001000
00000000
00001000
00000000
00010000
00000000
00010000
00000100
00000000
00000000
00000000
00000000
,
00000010
00000001
00000100
00001000
00010000
00001000
00000100
00000000
,
00010000
00001000
00000100
00000000
00001000
00010000
01000000
00000000
,
10000000
00100000
00010000
00001000
00000010
00000001
00000100
00000000
,
00001001
00000000
00000101
00000000
00000010
00001000
00000100
00010000
,
00011000
00000000
01001000
00000000
00100000
10000000
01000000
10000000
,
01010000
00000000
01001000
00000000
00100000
10000000
01000000
00010000
,
00011000
00000000
00010100
00000000
00000010
00000001
00000100
00000000
,
00001001
00000000
00000101
00000000
00000010
00001000
00000100
00010000
,
00011000
00000000
01001000
00000000
00100000
10000000
01000000
10000000
,
01010000
00000000
01001000
00000000
00100000
10000000
01000000
00010000
,
00010100
00000000
00011000
00000000
00000010
00000001
00000100
00000000
,
00000010
00000001
00000100
00001000
00010000
01000000
10000000
00100000
,
10000000
01000000
00010000
01000000
10000000
00100000
00010000
00100000
,
10000000
01000000
00010000
00001000
00010000
01000000
00010000
00001000
,
00000100
00000001
00000010
00000100
00000010
00000001
00000100
00001000
,
00010000
01000000
00100000
00010000
01000000
00001000
00010000
01000000
,
10000000
00100000
10000000
01000000
00010000
00001000
00000100
00000001
,
00001000
00000100
00000010
00000001
00000100
00001000
00010000
01000000
,
00010000
00001000
00000100
00001000
00010000
01000000
10000000
00100000
,
01010000
00000000
00000000
00000000
,
00000000
00000000
00000000
00000000
;
