#TITLE:only my railgun;
#SUBTITLE:;
#ARTIST:fripSide;
#TITLETRANSLIT:;
#SUBTITLETRANSLIT:;
#ARTISTTRANSLIT:;
#CREDIT:;
#BANNER:only my railgun.png;
#BACKGROUND:only my railgun-bg.png;
#LYRICSPATH:;
#CDTITLE:./CDTITLES/DanceDanceRevolution X2.png;
#MUSIC:only my railgun.ogg;
#OFFSET:0.000;
#SAMPLESTART:63.120;
#SAMPLELENGTH:15.000;
#SELECTABLE:YES;
#DISPLAYBPM:143.000;
#BPMS:0.000=143.426,4.000=142.990;
#STOPS:;
#BGCHANGES:;

//---------------dance-single - ----------------
#NOTES:
     dance-single:
     :
     Beginner:
     1:
     0.114,0.197,0.020,0.081,0.000:

0000
0000
0000
0000
,

0000
0000
0000
0000
,

0000
0000
0000
0000
,

0000
0000
0000
0000
,

0000
0000
0000
0000
,

0001
0000
0000
0000
,

1000
0000
0000
0000
,

0001
0000
0000
0000
,

0000
0000
0000
0000
,

0001
0000
0000
0000
,

0010
0000
0000
0000
,

1000
1000
1000
0000
,

0001
0001
0001
0000
,

1000
0000
0000
0000
,

0010
0000
0000
0000
,

0002
0000
0003
0000
,

2000
0000
3000
0000
,

0001
0000
1000
0000
,

1001
0000
0000
0000
,

0000
0000
0000
0000
,

0000
0000
0000
0000
,

1000
0000
0000
0000
,

0010
0000
0000
0000
,

0001
0000
0000
0000
,

0100
0000
0000
0000
,

1000
0000
0000
0000
,

0001
0000
0000
0000
,

0100
0000
0000
0000
,

0010
0000
0000
0000
,

0001
0000
0001
0000
,

1000
0000
0000
0000
,

0010
0000
0010
0000
,

0100
0000
0000
0000
,

1000
0000
1000
0000
,

0001
0000
0000
0000
,

0100
0000
0100
0000
,

0010
0000
0000
0000
,

0000
0000
0000
0000
,

0001
0000
0000
0000
,

0010
0000
0000
0000
,

0001
0001
0001
0000
,

0010
0010
0010
0000
,

1000
0000
0000
0000
,

0100
0000
0000
0000
,

2000
0000
3000
0000
,

0200
0000
0300
0000
,

0001
0000
0001
0000
,

1000
0000
1000
0000
,

0001
0001
0001
0000
,

1000
1000
1000
0000
,

0010
0000
0010
0000
,

0100
0000
0100
0000
,

0020
0000
0030
0000
,

0200
0000
0300
0000
,

0001
0000
1000
0000
,

2002
0000
0000
3003
,;

//---------------dance-single - ----------------
#NOTES:
     dance-single:
     :
     Easy:
     4:
     0.199,0.225,0.040,0.151,0.000:

0000
0000
0000
0000
,

0000
0000
0000
0000
,

0000
0000
0000
0000
,

0000
0000
0000
0000
,

0000
0000
0000
0000
,

1000
0000
1000
0000
,

0001
0000
0001
0000
,

1000
0000
0001
0000
,

2002
0000
0000
3003
,

1000
0100
1000
0000
,

0001
0100
0001
0000
,

1000
1000
0001
0001
,

1000
0001
1000
0000
,

0001
0010
0001
0000
,

1000
0010
1000
0000
,

0002
0000
0000
0003
,

2000
0000
0000
3000
,

0010
0010
0100
0100
,

2002
0000
0000
3003
,

0000
0000
0000
0000
,

0000
0000
0000
0000
,

0002
0000
0003
0000
,

0020
0000
0030
0000
,

2000
0000
3000
0000
,

0100
0000
0100
0100
,

0001
0000
0100
0000
,

1000
0000
0100
0000
,

0001
0000
0010
0000
,

1000
0000
0001
0000
,

1000
1000
0001
0000
,

0010
0010
0100
0000
,

0001
0001
1000
0000
,

0100
0100
0010
0000
,

0001
1000
0100
0000
,

0010
0001
0100
0000
,

0010
1000
0100
0000
,

0010
0100
0010
0000
,

1001
0000
0000
0000
,

1000
0010
1000
0000
,

0001
0010
0001
0000
,

1000
1000
0001
0001
,

1000
0001
1000
0000
,

0001
0100
0001
0000
,

1000
0100
1000
0000
,

0002
0000
0000
0003
,

0200
0000
0000
0300
,

1000
0100
1000
0000
,

0001
0100
0001
0000
,

1000
1000
0001
0001
,

1000
0001
1000
0000
,

0001
0010
0001
0000
,

1000
0010
1000
0000
,

0002
0000
0000
0003
,

2000
0000
0000
3000
,

0010
0010
0100
0100
,

2002
0000
0000
3003
,;

//---------------dance-single - ----------------
#NOTES:
     dance-single:
     :
     Medium:
     6:
     0.324,0.372,0.151,0.323,0.000:

0000
0000
0000
0000
,

0000
0000
0000
0000
,

0000
0000
0000
0000
,

0000
0000
0000
0000
,

0000
0000
0000
0000
,

0001
0100
1000
0000
,

1000
0100
0001
0000
,

0001
0010
1000
0100
,

2002
0000
0000
3003
,

0002
0010
2003
0010
,

3002
0100
2003
3100
,

0010
0101
0010
1100
,

0001
1000
1001
0000
,

2000
0010
3002
0010
,

2003
0100
3002
0100
,

2003
0000
0100
3100
,

0002
0010
1000
0103
,

0010
0010
0100
0100
,

2002
0000
0000
3003
,

0001
0010
0100
1000
,

0000
0000
0000
0000
,

2000
0000
0000
3000
,

0200
0000
0000
0300
,

0002
0000
0000
0003
,

0020
0000
0100
0130
,

1000
0100
1000
0010
,

0001
0100
0001
0010
,

1000
0100
0001
0100
,

0010
0100
0110
0000
,

0001
0000
0001
0000
1000
1000
0100
0000
,

0010
0000
0010
0000
0001
0001
0100
0000
,

0010
0000
0010
0000
0100
0100
0001
0000
,

0010
0100
1100
0000
,

1000
0000
0001
0000
0010
0001
0010
0000
,

0100
0000
1000
0000
0010
1000
0010
0000
,

0100
0000
0001
0000
1000
0001
1000
0000
,

0100
0010
0100
0000
,

1001
0000
0000
0000
,

2000
0010
3002
0010
,

2003
0100
3002
0103
,

0010
1100
0010
0101
,

1000
0001
1001
0000
,

0002
0010
2003
0010
,

3002
0100
2003
3100
,

0002
0000
0100
0103
,

2000
0010
0001
3100
,

1000
0000
1000
0000
0001
0100
0001
0000
,

0010
0000
0010
0000
0100
1000
0100
0000
,

0001
0101
1000
1100
,

0100
0010
0110
0000
,

1000
0000
0010
0000
0100
0001
0100
0000
,

0001
0000
0010
0000
0100
1000
0100
0000
,

2000
0000
0100
3000
,

0002
0000
0100
0003
,

0100
0100
0010
0010
,

2002
0000
0000
3003
,

1000
0010
0100
0001
,;

//---------------dance-single - ----------------
#NOTES:
     dance-single:
     :
     Hard:
     9:
     0.412,0.459,0.171,0.272,0.005:
0000
0000
0000
0000
,
0000
0000
0000
0000
,
0000
0000
0000
0000
,
0000
0000
0000
0000
,
0000
0000
0000
0000
,
0002
0010
1000
0103
,
0020
1000
0100
0031
,
2000
0100
0001
3010
,
0220
0000
0000
0330
,
0001
0010
0100
0000
1000
0010
0100
0000
,
0001
1000
0100
0000
1000
0001
0010
0000
,
2100
3010
0102
0013
,
0001
0010
0100
0010
0001
0000
1000
0000
,
0010
0100
1000
0000
0010
0100
0001
0000
,
1000
0100
0001
0000
1000
0010
0001
0000
,
2000
0000
3010
0000
0100
0001
0100
0000
,
0002
0000
0013
0000
0100
1000
0100
0000
,
1000
0010
0100
0000
0001
0010
0100
0000
,
2002
0000
0000
3003
,
0001
0100
0010
1000
0010
0100
0001
1000
,
0000
0000
0000
0000
,
2000
0000
0000
3000
,
0020
0000
0000
0030
,
0002
0000
0000
0003
,
0200
0000
0010
0310
,
1000
0000
0010
0000
1000
0001
0100
0000
,
0001
0000
0010
0000
0001
1000
0100
0000
,
1000
0010
0100
0000
0001
0010
0100
0000
,
0100
1000
0001
0100
0010
0000
0110
0000
,
0001
0000
0002
0000
1003
0100
0010
0000
,
0100
0000
0200
0000
1300
0001
0100
0000
,
0010
0000
0020
0000
0130
0001
0010
0000
,
0001
0000
0002
0000
1003
0100
0010
0000
,
1000
0000
0101
0000
0010
0100
0010
0000
,
0010
0000
0101
0000
1000
0100
1000
0000
,
0010
0000
0110
0000
1000
0001
1000
0000
,
0010
0001
0100
0001
0010
0000
0100
0000
,
1001
0000
0000
0000
,
1000
0010
0100
0000
0001
0010
0100
0000
,
1000
0001
0100
0000
0001
1000
0010
0000
,
0102
0013
2100
3010
,
1000
0010
0100
0010
1000
0000
0001
0000
,
0010
0100
0001
0000
0010
0100
1000
0000
,
0001
0100
1000
0000
0001
0010
1000
0000
,
0002
0010
1000
0103
,
2000
0010
0001
3100
,
0001
0010
0100
0010
0001
1000
0100
0000
,
1000
0010
0100
0010
1000
0001
0100
0000
,
1100
1010
0101
0011
,
0001
1000
0010
0100
0001
0000
1000
0000
,
0010
0100
1000
0000
0010
0100
0001
0000
,
0010
0001
0100
0000
0010
1000
0100
0000
,
2000
0000
3010
0000
0100
0001
0100
0000
,
0002
0000
0013
0000
0100
1000
0100
0000
,
1000
0010
0100
0000
0001
0010
0100
0000
,
2002
0000
0000
3003
,
0001
0000
0000
0000
0100
0000
0000
0000
0010
0000
0000
1000
0000
0000
1001
0000
;

//---------------dance-single - ----------------
#NOTES:
     dance-single:
     :
     Challenge:
     7:
     0.291,0.372,0.202,0.141,0.000:

0000
0000
0000
0000
,

0000
0000
0000
0000
,

0000
0000
0000
0000
,

0000
0000
0000
0000
,

0000
0000
0000
0000
,

1000
0100
1000
0100
,

0001
0100
0001
0100
,

0010
0100
0010
0100
,

2002
0000
0000
3003
,

0010
MMMM
0100
0000
0010
MMMM
0100
0000
,

0001
MMMM
0100
0000
1000
MMMM
0100
0000
,

1010
0101
0011
1100
,

0001
1000
1001
MMMM
,

0010
MMMM
0100
0000
0010
MMMM
0100
0000
,

1000
MMMM
0100
0000
0001
MMMM
0100
0000
,

0002
0000
0010
0013
,

2000
0010
0001
3100
,

0010
MMMM
0100
MMMM
,

2002
0000
0000
3003
,

1000
0100
0010
0001
,

MMMM
MMMM
MMMM
MMMM
,

0002
0000
0003
MMMM
,

0020
0000
0030
MMMM
,

2000
0000
3000
MMMM
,

0200
0000
0010
0310
,

0001
MMMM
0001
0100
,

1000
MMMM
1000
0100
,

0001
MMMM
1000
MMMM
,

0100
0010
0110
MMMM
,

1000
0000
1000
0000
0001
MMMM
0010
0000
,

0100
0000
0100
0000
0001
MMMM
0010
0000
,

0100
0000
0100
0000
0010
MMMM
0001
0000
,

0100
0010
0001
0100
,

0001
0000
1000
0000
0100
MMMM
0100
0000
,

0010
0000
0001
0000
0100
MMMM
0100
0000
,

0010
0000
1000
0000
0001
MMMM
0001
0000
,

0010
0100
1000
0010
,

1001
0000
0000
MMMM
,

0010
MMMM
0100
0000
0010
MMMM
0100
0000
,

1000
MMMM
0100
0000
0001
MMMM
0100
0000
,

0011
1100
1010
0101
,

1000
0001
1001
MMMM
,

0010
MMMM
0100
0000
0010
MMMM
0100
0000
,

0001
MMMM
0100
0000
1000
MMMM
0100
0000
,

1000
0010
0100
0001
,

0001
0010
0100
1000
,

0010
MMMM
0100
0000
0010
MMMM
0100
0000
,

0001
MMMM
0100
0000
1000
MMMM
0100
0000
,

1010
0101
0011
1100
,

0001
1000
1001
MMMM
,

0010
MMMM
0100
0000
0010
MMMM
0100
0000
,

1000
MMMM
0100
0000
0001
MMMM
0100
0000
,

2000
0000
0010
3010
,

0002
0010
1000
0103
,

0010
MMMM
0100
MMMM
,

2002
0000
0000
3003
,

1000
0100
0010
0001
,;

//---------------dance-double - ----------------
#NOTES:
     dance-double:
     :
     Easy:
     5:
     0.246,0.258,0.061,0.212,0.000:

00000000
00000000
00000000
00000000
,

00000000
00000000
00000000
00000000
,

00000000
00000000
00000000
00000000
,

00000000
00000000
00000000
00000000
,

00000000
00000000
00000000
00000000
,

10000000
00000000
10000000
00000000
,

01000000
00000000
01000000
00000000
,

00010000
00000000
00001000
00000000
,

00022000
00000000
00000000
00033000
,

00000010
00000001
00000100
00000000
,

00000010
00001000
00000100
00000000
,

00000010
00010000
00001000
00100000
,

00010000
10000000
01000000
00000000
,

00100000
10000000
01000000
00000000
,

00100000
00010000
01000000
00000000
,

00002000
00000000
00103000
00000000
,

00020000
00000000
00030010
00000000
,

00001000
00000100
00000001
00001000
,

00002002
00000000
00000000
00003003
,

00000001
00000010
00000100
00001000
,

00000000
00000000
00000000
00000000
,

00000020
00000000
00000000
00000030
,

00000200
00000000
00000000
00000300
,

00002000
00000000
00000000
00003000
,

00020000
00000000
00001000
00031000
,

00100000
10000000
00100000
01000000
,

00100000
10000000
01000000
00010000
,

00001000
00000010
00000001
00000100
,

00000010
00000100
00000110
00000000
,

00000002
00000000
00001000
00000103
,

00002000
00000000
00010000
00013000
,

00200000
00000000
01000000
01300000
,

10000000
00100000
01000000
00010000
,

00100000
00010000
01000000
00000000
,

00001000
00010000
00000010
00000000
,

00001000
00000001
00000100
00001000
,

00010000
00001000
00010000
00000000
,

00022000
00000000
00000000
00033000
,

00100000
10000000
01000000
00000000
,

00100000
00010000
01000000
00000000
,

00100000
00001000
00010000
00000010
,

00001000
00000001
00000100
00000000
,

00000010
00000001
00000100
00000000
,

00000010
00001000
00000100
00000000
,

00020000
00000000
00030010
00000000
,

00002000
00000000
00103000
00000000
,

00010000
00100000
10000000
01000000
,

00010000
00001000
00000100
00000001
,

00000010
00000010
00000100
00000100
,

00000010
00000100
00000110
00000000
,

00000010
00000001
00000100
00001000
,

00010000
01000000
10000000
00100000
,

02000000
00000000
00000000
03000000
,

00200000
00000000
00000000
00300000
,

00100000
00100000
00010000
00001000
,

00022000
00000000
00000000
00033000
,

00001000
00000100
00000001
00000010
,;

//---------------dance-double - ----------------
#NOTES:
     dance-double:
     :
     Medium:
     8:
     0.393,0.516,0.222,0.363,0.005:

00000000
00000000
00000000
00000000
,

00000000
00000000
00000000
00000000
,

00000000
00000000
00000000
00000000
,

00000000
00000000
00000000
00000000
,

00000000
00000000
00000000
00000000
,

00000001
00000100
00000001
00000100
,

00001000
00010000
00001000
00010000
,

01000000
10000000
01000000
10000000
,

20020000
00000000
00000000
30030000
,

00100000
10000000
00100000
00000000
01000000
00010000
01000000
00000000
,

00001000
00010000
00001000
00000000
00000100
00000001
00000100
00000000
,

00000021
00000130
00001020
00000130
,

00001000
00010000
00011000
00000000
,

00000010
00000001
00000010
00000000
00000100
00001000
00000100
00000000
,

00010000
00001000
00010000
00000000
01000000
10000000
01000000
00000000
,

00020000
01000000
10000000
00100000
,

00032000
00000100
00000001
00003010
,

00010000
00000000
00100000
00000000
01000000
10000000
01000000
00000000
,

20020000
00000000
00000000
30030000
,

10000000
00000000
01000000
00000000
00100000
00010000
00100000
01000000
,

00000000
00000000
00000000
00000000
,

00020000
00000000
00000000
00030000
,

00002000
00000000
00000000
00003000
,

00000020
00000000
00000000
00000030
,

00000002
00000000
00001000
00001003
,

00000010
00000000
00000100
00000000
00001000
00010000
00001000
00000000
,

00100000
00000000
00010000
00000000
10000000
00010000
01000000
00000000
,

00100000
10000000
01000000
00000000
00100000
00010000
01000000
00000000
,

00100000
00010000
00001000
00010000
,

00002000
00100000
00023000
00100000
,

00032000
00000010
00023000
00000010
,

00032000
00100000
00023000
00100000
,

00032000
00000010
00023000
00030010
,

00011000
00000000
00201000
00000000
00310000
00100000
00010000
00000000
,

00011000
00000000
00010020
00000000
00001030
00000010
00001000
00000000
,

00011000
00000000
02001000
00000000
03010000
01000000
00010000
00000000
,

00011000
00000000
00010200
00000000
00001300
00000100
00001000
00000000
,

00000202
00000000
00000000
00000303
,

00000010
00000001
00000010
00000000
00000100
00001000
00000100
00000000
,

00010000
00001000
00010000
00000000
01000000
10000000
01000000
00000000
,

10200000
01300000
00210000
01300000
,

00010000
00001000
00011000
00000000
,

00100000
10000000
00100000
00000000
01000000
00010000
01000000
00000000
,

00001000
00010000
00001000
00000000
00000100
00000001
00000100
00000000
,

00002000
00000100
00000001
00000010
,

00023000
01000000
10000000
00130000
,

01000000
10000000
00100000
00000000
00100000
00010000
00001000
00000000
,

00001000
00000010
00000001
00000000
00000001
00001000
00000100
00000000
,

00000021
00000130
00001020
00000130
,

00001000
00010000
00011000
00000000
,

00100000
00010000
01000000
00000000
00100000
10000000
01000000
00000000
,

00010000
00001000
00010000
00000000
00001000
00000100
00000001
00000000
,

00002000
00000100
00000001
00000010
,

00023000
01000000
10000000
00130000
,

00001000
00001000
00010000
00001000
,

00022000
00000000
00000000
00033000
,

00000100
00000000
00000000
00000000
00000001
00000000
00000000
00000000
00001000
00000000
00000000
00000001
00000000
00000000
00001001
00000000
,;

//---------------dance-double - ----------------
#NOTES:
     dance-double:
     :
     Hard:
     13:
     0.533,0.602,0.242,0.161,0.166:

00000000
00000000
00000000
00000000
,

00000000
00000000
00000000
00000000
,

00000000
00000000
00000000
00000000
,

00000000
00000000
00000000
00000000
,

00000000
00000000
00000000
00000000
,

00010000
00000000
00100000
00000000
01000000
10000000
00100000
00000000
,

00010000
00000000
00001000
00000000
00000010
00001000
00010000
00000000
,

00010000
00001000
00000100
00000000
00000100
00000001
00001000
00000000
,

00000220
00000000
00000000
00000330
,

00000001
00000000
00000010
00000001
00000010
00000000
00000100
00000000
00001000
00000000
00000010
00000100
00000010
00000000
00000100
00000000
,

00001000
00000000
00010000
00001000
00010000
00000000
01000000
00000000
10000000
00000000
00100000
00000000
01000000
00000000
00100000
00000000
,

10100000
01010000
00011000
00001010
,

00000110
00000000
00000000
00000100
00000010
00000000
00000001
00000000
00000100
00000000
00000010
00000000
00001000
00000000
00000000
00000000
,

00000001
00000000
00000100
00000010
00000100
00000000
00000010
00000000
00001000
00000000
00000100
00000010
00000100
00000000
00010000
00000000
,

00001000
00000000
00100000
00010000
00100000
00000000
00010000
00000000
10000000
00000000
00100000
00000000
01000000
00000000
00010000
00000000
,

20000000
01000000
00010000
30100000
,

00120000
00031000
00000210
00000301
,

00001000
00000000
00000100
00000010
00000100
00000000
00001000
00000000
00000001
00000000
00000100
00000010
00000100
00000000
00000001
00000000
,

00000010
00000100
00010000
00001000
00100000
00010000
01000000
00100000
,

10000000
01000000
00010000
00001000
00000010
00000001
00001000
00000100
,

00000000
00000000
00000000
00000000
,

00000002
00000000
00000000
00000003
,

00002000
00000000
00000000
00003000
,

00000200
00000000
00000000
00000300
,

00000010
00000000
00001010
00011000
,

00100000
00000000
00000000
00100000
00010000
00000000
00000000
00010000
10000000
00000000
00100000
00000000
01000000
00000000
00000000
00000000
,

00100000
00000000
00000000
00100000
10000000
00000000
00000000
10000000
01000000
00000000
00010000
00000000
00001000
00000000
00000000
00000000
,

01000000
00000000
00000000
01000000
00001000
00000000
00000000
00000000
00000100
00000000
00000000
00000100
00001000
00000000
00000000
00000000
,

00000100
00000001
00000010
00000100
00000010
00000001
00000100
00000000
,

00000002
00000000
00000103
00001000
00010000
01000000
10000000
00000000
,

00200000
00000000
10300000
01000000
00100000
00001000
01000000
00000000
,

00200000
00000000
00310000
00001000
00000010
00000100
00001000
00000000
,

00000020
00000000
00000130
00001000
00010000
00000010
00001000
00000000
,

00000001
00000010
00000100
00000010
00001000
00010000
01000000
00000000
,

10000000
00010000
01000000
00100000
01000000
00001000
00010000
00000000
,

00000010
00001000
00000010
00000100
00000001
00000010
00000100
00000000
,

00001000
00000001
00000100
00001000
00010000
00100000
10000000
00000000
,

00010000
00000000
00000000
10000000
00000000
00000000
10010000
00000000
00000000
00000000
00000000
00000000
00000000
00000000
00000000
00000000
,

10000000
00000000
00100000
10000000
00100000
00000000
01000000
00000000
00010000
00000000
00100000
01000000
00100000
00000000
01000000
00000000
,

00010000
00000000
00001000
00010000
00001000
00000000
00000100
00000000
00000001
00000000
00000010
00000000
00000100
00000000
00000010
00000000
,

00000011
00001100
00011000
00110000
,

01100000
00000000
00000000
01000000
00100000
00000000
10000000
00000000
01000000
00000000
00100000
00000000
00010000
00000000
00000000
00000000
,

10000000
00000000
01000000
00100000
01000000
00000000
00100000
00000000
00010000
00000000
01000000
00100000
01000000
00000000
00001000
00000000
,

00010000
00000000
00000010
00001000
00000010
00000000
00001000
00000000
00000001
00000000
00000010
00000000
00000100
00000000
00001000
00000000
,

00000002
00000100
00001000
00000013
,

00001000
00010000
00100000
00010000
00001000
00010000
01000000
00000000
,

10000000
00000000
00010000
00100000
00010000
00000000
01000000
00000000
00100000
00000000
10000000
00010000
10000000
00000000
01000000
00000000
,

00010000
00000000
00001000
00000010
00001000
00000000
00010000
00000000
00000100
00000000
00001000
00000000
00000010
00000000
00000100
00000000
,

00000011
00001100
00011000
00110000
,

01100000
00000000
00000000
01000000
00100000
00000000
10000000
00000000
01000000
00000000
00100000
00000000
00010000
00000000
00000000
00000000
,

10000000
00000000
00100000
01000000
00100000
00000000
10000000
00000000
01000000
00000000
00100000
00010000
00100000
00000000
00001000
00000000
,

00010000
00000000
00000010
00001000
00000010
00000000
00000100
00000000
00000001
00000000
00000010
00000000
00000100
00000000
00001000
00000000
,

00000002
00000100
00001000
00000013
,

00002010
00013000
02100000
13000000
,

00010000
00000000
01000000
00100000
01000000
00000000
00010000
00000000
10000000
00000000
01000000
00100000
01000000
00000000
10000000
00000000
,

00100000
01000000
00001000
00010000
00000010
00001000
00000100
00000010
,

00000001
00000000
00000100
00000000
00001000
00000000
00010000
00000000
00100000
00000000
00000000
10000000
00000000
00000000
11000000
00000000
,;

//---------------dance-double - ----------------
#NOTES:
     dance-double:
     :
     Challenge:
     8:
     0.279,0.372,0.131,0.303,0.000:

00000000
00000000
00000000
00000000
,

00000000
00000000
00000000
00000000
,

00000000
00000000
00000000
00000000
,

00000000
00000000
00000000
00000000
,

00000000
00000000
00000000
00000000
,

10000000
01000000
10000000
01000000
,

00010000
00001000
00010000
00001000
,

00000100
00000001
00000100
00000001
,

00002002
00000000
00000000
00003003
,

00000010
MMMMMMMM
00000100
00000000
00000010
MMMMMMMM
00000100
00000000
,

00001000
MMMMMMMM
00001000
00000000
00010000
MMMMMMMM
00010000
00000000
,

00210000
01300000
10200000
01300000
,

10000000
00010000
10010000
MMMMMMMM
,

00100000
MMMMMMMM
01000000
00000000
00100000
MMMMMMMM
01000000
00000000
,

00010000
MMMMMMMM
00010000
00000000
00001000
MMMMMMMM
00001000
00000000
,

00000200
00000000
00000001
00000301
,

00000010
00000001
00001000
00000010
,

00000100
MMMMMMMM
00000010
MMMMMMMM
,

00002002
00000000
00000000
00003003
,

00000001
00000100
00000010
00001000
,

MMMMMMMM
MMMMMMMM
MMMMMMMM
MMMMMMMM
,

00002000
00000000
00003000
MMMMMMMM
,

00020000
00000000
00030000
MMMMMMMM
,

00200000
00000000
00300000
MMMMMMMM
,

20000000
00000000
00010000
30010000
,

00100000
MMMMMMMM
00010000
00001000
,

00000010
MMMMMMMM
00000001
00000100
,

00000010
MMMMMMMM
00000001
MMMMMMMM
,

00000010
00001000
00010000
MMMMMMMM
,

00020000
00000000
00130000
MMMMMMMM
,

00200000
00000000
10300000
MMMMMMMM
,

20000000
00000000
31000000
MMMMMMMM
,

02000000
00000000
03010000
MMMMMMMM
,

00002000
00000000
00003010
MMMMMMMM
,

00000020
00000000
00000031
MMMMMMMM
,

00000002
00000000
00000103
MMMMMMMM
,

00000200
00000000
00001300
MMMMMMMM
,

00022000
00000000
00000000
00033000
,

00100000
MMMMMMMM
01000000
00000000
00100000
MMMMMMMM
01000000
00000000
,

00010000
MMMMMMMM
00010000
00000000
00001000
MMMMMMMM
00001000
00000000
,

00001020
00000130
00000021
00000130
,

00000001
00001000
00001001
MMMMMMMM
,

00000010
MMMMMMMM
00000100
00000000
00000010
MMMMMMMM
00000100
00000000
,

00001000
MMMMMMMM
00001000
00000000
00010000
MMMMMMMM
00010000
00000000
,

02000000
00000000
10000000
13000000
,

00020000
01000000
10000000
00130000
,

00100000
MMMMMMMM
01000000
00000000
00100000
MMMMMMMM
01000000
00000000
,

00010000
MMMMMMMM
00010000
00000000
00001000
MMMMMMMM
00001000
00000000
,

00001020
00000130
00000021
00000130
,

00000001
00001000
00001001
MMMMMMMM
,

00000010
MMMMMMMM
00000100
00000000
00000010
MMMMMMMM
00000100
00000000
,

00001000
MMMMMMMM
00001000
00000000
00010000
MMMMMMMM
00010000
00000000
,

02000000
00000000
00100000
03100000
,

10000000
01000000
00100000
00010000
,

00001000
MMMMMMMM
00010000
MMMMMMMM
,

00022000
00000000
00000000
00033000
,

00001000
00000010
00000001
00001000
,;
