#TITLE:ORDINARY WORLD;
#SUBTITLE:;
#ARTIST:AURORA featuring NAIMEE COLEMAN;
#TITLETRANSLIT:;
#SUBTITLETRANSLIT:;
#ARTISTTRANSLIT:;
#CREDIT:;
#BANNER:ORDINARY WORLD.png;
#BACKGROUND:ORDINARY WORLD-bg.png;
#LYRICSPATH:;
#CDTITLE:./CDTITLES/Dancemania The Best of World Trance -FANTASIA-.PNG;
#MUSIC:ORDINARY WORLD.ogg;
#OFFSET:0.000;
#SAMPLESTART:58.890;
#SAMPLELENGTH:15.000;
#SELECTABLE:YES;
#DISPLAYBPM:139.000;
#BPMS:0.000=138.502,4.000=138.502;
#STOPS:;
#BGCHANGES:;

//---------------dance-single - ----------------
#NOTES:
     dance-single:
     :
     Beginner:
     1:
     0.061,0.133,0.000,0.000,0.000:
0000
0000
0000
0000
,
0000
0000
0000
0000
,
0000
0000
0000
0000
,
0000
0000
0000
0000
,
1000
0000
0000
0000
,
0001
0000
0000
0000
,
0010
0000
0000
0000
,
0010
0000
0000
0000
,
0100
0000
0000
0000
,
0000
0000
0000
0000
,
1000
0000
0000
0000
,
0000
0000
0000
0000
,
0001
0000
0000
0000
,
0000
0000
0000
0000
,
0010
0000
0000
0000
,
0000
0000
0000
0000
,
0100
0000
0000
0000
,
0000
0000
0000
0000
,
0010
0000
0100
0000
,
0000
0000
0000
0000
,
0100
0000
0100
0000
,
0000
0000
0000
0000
,
1000
0000
0000
0000
,
0010
0000
0000
0000
,
1000
0000
1000
0000
,
0010
0000
0000
0000
,
0001
0000
0000
0000
,
0000
0000
0000
0000
,
1000
0000
0000
0000
,
0000
0000
0000
0000
,
1000
0000
0000
0000
,
0000
0000
0000
0000
,
0001
0000
0000
0000
,
0000
0000
0000
0000
,
0010
0000
0000
0000
,
0100
0000
0000
0000
,
0010
0000
0000
0000
,
0100
0000
0000
0000
,
1000
0000
0000
0000
,
0001
0000
0000
0000
,
0010
0000
0001
0000
,
1000
0000
0100
0000
,
0010
0000
0000
0000
,
0010
0000
0000
0000
,
0001
0000
0000
0000
,
0001
0000
0000
0000
,
1000
0000
0000
0000
,
1000
0000
0000
0000
,
0010
0000
0000
0000
,
0000
0000
0000
0000
,
0100
0000
0000
0000
,
0000
0000
0000
0000
;

//---------------dance-single - ----------------
#NOTES:
     dance-single:
     :
     Easy:
     1:
     0.112,0.239,0.053,0.000,0.000:
0000
0000
0000
0000
,
0000
0000
0000
0000
,
0000
0000
0000
0000
,
0000
0000
0000
0000
,
1000
0000
0000
0000
,
0001
0000
0000
0000
,
0010
0000
0000
0000
,
0010
0000
0000
0000
,
0100
0000
0000
0000
,
0000
0000
0000
0000
,
1000
0000
0000
0000
,
0001
0000
0000
0000
,
1000
0000
0000
0000
,
0001
0000
0000
0000
,
0010
0000
0000
0000
,
0010
0000
0000
0000
,
0100
0000
0000
0000
,
0000
0000
0000
0000
,
0001
0000
0000
0000
,
0010
0000
0000
0000
,
0001
0000
0001
0000
,
0010
0000
0100
0000
,
1000
0000
0000
0000
,
0010
0000
0000
0000
,
1000
0000
1000
0000
,
0010
0000
0100
0000
,
1001
0000
0000
0000
,
0000
0000
0000
0000
,
1001
0000
0000
0000
,
0000
0000
0000
0000
,
1001
0000
0000
0000
,
0000
0000
0000
0000
,
1001
0000
0000
0000
,
0000
0000
0000
0000
,
0010
0000
0100
0000
,
0100
0000
0010
0000
,
0010
0000
0100
0000
,
0100
0000
0010
0000
,
0010
0010
0001
0001
,
1000
1000
0100
0100
,
0010
0010
0001
0001
,
1000
1000
0100
0100
,
0001
0000
0000
0000
,
1000
0000
0000
0000
,
0001
0000
1000
0000
,
0001
1000
0001
1000
,
0010
0000
0000
0000
,
0100
0000
0000
0000
,
0010
0000
0100
0000
,
0010
0100
0010
0100
,
1001
0000
0000
0000
,
0000
0000
0000
0000
;

//---------------dance-single - ----------------
#NOTES:
     dance-single:
     :
     Medium:
     4:
     0.254,0.356,0.106,0.170,0.000:
0000
0000
0000
0000
,
0000
0000
0000
0000
,
0000
0000
0000
0000
,
0000
0000
0000
0000
,
2000
0000
0000
0000
,
0000
0000
0000
3000
,
0002
0000
0000
0000
,
0000
0000
0000
0003
,
0000
0100
0000
0100
,
0000
0100
0000
0100
,
2000
0000
0000
3000
,
0002
0000
2000
3003
,
0010
0000
0100
0000
,
0010
0000
0100
0100
,
1000
0000
2000
0100
,
3001
0000
0002
0100
,
1003
0000
2000
0100
,
3001
0000
0002
0100
,
1003
0000
1000
0000
,
0010
0000
0100
0000
,
0001
0000
0001
0000
,
0010
0000
0100
0000
,
1000
1000
1000
0000
,
0010
0000
0100
0000
,
0001
0001
0001
0000
,
0100
0100
0100
0000
,
0010
2000
0100
0100
,
0010
0100
0010
3010
,
0001
0000
0100
0000
,
1000
0000
0100
0000
,
1001
0010
2000
0100
,
0010
0010
0100
3100
,
1001
0010
0002
0100
,
0010
0010
0100
0103
,
0001
0001
1000
0100
,
1000
1000
0001
0100
,
0010
1000
0100
0010
,
0100
1000
0010
0100
,
0002
0010
0100
1003
,
2000
0010
0100
3001
,
1000
1100
0001
0101
,
1000
0101
1000
0101
,
0001
0001
1000
0100
,
1000
1000
0001
0100
,
0010
1000
0100
0010
,
0100
1000
0010
0100
,
0002
0010
0100
1003
,
2000
0010
0100
3001
,
1000
1100
0001
0101
,
1000
0101
1000
0101
,
0001
0000
0001
0000
,
0100
0000
0100
0000
,
0000
0000
0000
0000
;

//---------------dance-single - ----------------
#NOTES:
     dance-single:
     :
     Hard:
     7:
     0.489,0.496,0.138,0.362,0.255:
0000
0000
0000
0000
,
0000
0000
0000
0000
,
0000
0000
0000
0000
,
0000
0000
0000
0000
,
1001
0000
0010
1000
0001
0000
1000
0001
,
0100
0000
1000
0100
0010
0100
1000
0000
,
1001
0000
0010
0001
1000
0000
0001
1000
,
0100
0000
0001
0100
0010
0100
0001
0000
,
0001
0000
0000
0000
0000
0000
0000
0000
0000
0000
0000
0001
0000
0000
0000
0000
0000
0000
0000
0000
0000
0000
0002
0000
0000
0000
0000
0000
0000
0000
0000
0000
0100
0000
0000
0000
0000
0000
0000
0000
0000
0000
0000
0100
0000
0000
0000
0000
0000
0000
0000
0000
0000
0000
0203
0000
0000
0000
0000
0000
0000
0000
0000
0000
,
1000
0000
0000
0000
0000
0000
0000
0000
0000
0000
0000
1000
0000
0000
0000
0000
0000
0000
0000
0000
0000
0000
2300
0000
0000
0000
0000
0000
0000
0000
0000
0000
0010
0000
0000
0000
0000
0000
0000
0000
0000
0000
0000
0010
0000
0000
0000
0000
0000
0000
0000
0000
0000
0000
3010
0000
0000
0000
0000
0000
0000
0000
0000
0000
,
0010
1000
0100
0010
0100
1000
0010
0001
,
1000
1000
1000
0200
0001
0001
0301
0100
,
0010
1000
0100
0010
0100
1000
0010
0100
,
0001
0000
0000
0000
0000
0000
0000
0000
0000
0000
0000
0001
0000
0000
0000
0000
0000
0000
0000
0000
0000
0000
0001
0000
0000
0000
0000
0000
0000
0000
0000
0000
1000
0000
0000
0000
0000
0000
0000
0000
0000
0000
0000
1000
0000
0000
0000
0000
0000
0000
0000
0000
0000
0000
1000
0000
0000
0000
0000
0000
0000
0000
0000
0000
,
0010
1000
0100
0010
0100
1000
0010
1000
,
0001
0001
0001
0200
1000
1000
1300
0100
,
0001
0000
0000
0000
0000
0000
0000
0000
0000
0000
0000
0001
0000
0000
0000
0000
0000
0000
0000
0000
0000
0000
0001
0000
0000
0000
0000
0000
0000
0000
0000
0000
0010
0000
0000
0000
0000
0000
0000
0000
0000
0000
0000
0010
0000
0000
0000
0000
0000
0000
0000
0000
0000
0000
0010
0000
0000
0000
0000
0000
0000
0000
0000
0000
,
0100
0000
0000
0000
0000
0000
0000
0000
0000
0000
0000
0100
0000
0000
0000
0000
0000
0000
0000
0000
0000
0000
0100
0000
0000
0000
0000
0000
0000
0000
0000
0000
1000
0000
0000
0000
0000
0000
0000
0000
0000
0000
0000
1000
0000
0000
0000
0000
0000
0000
0000
0000
0000
0000
1000
0000
0000
0000
0000
0000
0000
0000
0000
0000
,
1100
0000
0000
0020
0002
0000
0033
0000
,
0101
0000
0000
0020
2000
0000
3030
0000
,
1100
0000
0000
0020
0002
0000
0033
0000
,
1000
0000
0000
0000
0000
0000
0000
0000
0000
0000
0000
0100
0000
0000
0000
0000
0000
0000
0000
0000
0000
0000
0010
0000
0000
0000
0000
0000
0000
0000
0000
0000
0010
0000
0000
0000
0000
0000
0000
0000
0000
0000
0000
0100
0000
0000
0000
0000
0000
0000
0000
0000
0000
0000
1000
0000
0000
0000
0000
0000
0000
0000
0000
0000
,
2100
0000
0000
3020
0001
0000
0030
0000
,
0012
0000
0000
2003
0100
0000
3000
0000
,
1000
0000
0000
0000
0000
0000
0000
0000
0000
0000
0000
0100
0000
0000
0000
0000
0000
0000
0000
0000
0000
0000
0010
0000
0000
0000
0000
0000
0000
0000
0000
0000
0100
0000
0000
0000
0000
0000
0000
0000
0000
0000
0000
0010
0000
0000
0000
0000
0000
0000
0000
0000
0000
0000
1000
0000
0000
0000
0000
0000
0000
0000
0000
0000
,
0001
0000
0000
0000
0000
0000
0000
0000
0000
0000
0000
0100
0000
0000
0000
0000
0000
0000
0000
0000
0000
0000
0010
0000
0000
0000
0000
0000
0000
0000
0000
0000
0100
0000
0000
0000
0000
0000
0000
0000
0000
0000
0000
0010
0000
0000
0000
0000
0000
0000
0000
0000
0000
0000
0001
0000
0000
0000
0000
0000
0000
0000
0000
0000
,
1000
0000
1001
0000
0100
1000
0001
0000
,
0100
0001
1000
0000
0100
1000
0001
0000
,
0010
0000
1100
0000
0001
0100
0010
0000
,
0001
0100
0010
0000
0001
0100
0010
0000
,
0101
1000
0011
1000
,
1010
0001
1100
0001
,
1000
0000
0000
0000
0000
0000
0000
0000
0000
0000
0000
0010
0000
0000
0000
0000
0000
0000
0000
0000
0000
0000
0100
0000
0000
0000
0000
0000
0000
0000
0000
0000
0001
0000
0000
0000
0000
0000
0000
0000
0000
0000
0000
0010
0000
0000
0000
0000
0000
0000
0000
0000
0000
0000
0100
0000
0000
0000
0000
0000
0000
0000
0000
0000
,
1000
0000
0000
0000
0000
0000
0000
0000
0000
0000
0000
0010
0000
0000
0000
0000
0000
0000
0000
0000
0000
0000
0100
0000
0000
0000
0000
0000
0000
0000
0000
0000
0001
0000
0000
0000
0000
0000
0000
0000
0000
0000
0000
0010
0000
0000
0000
0000
0000
0000
0000
0000
0000
0000
0100
0000
0000
0000
0000
0000
0000
0000
0000
0000
,
0002
0203
2300
3020
,
0130
0001
0010
0100
0010
0001
0100
0000
,
2000
3200
0302
0023
,
0130
1000
0010
0100
0010
1000
0100
0000
,
0001
0100
0001
0000
0001
0100
1000
0000
,
0001
0010
0001
0000
0001
0010
1000
0000
,
0010
0001
0100
1000
0100
0001
0010
0000
,
1000
0001
0100
0000
1000
0100
0001
0000
,
2000
3200
0302
0023
,
0130
1000
0010
0100
0010
1000
0100
0000
,
0002
0203
2300
3020
,
0130
0001
0010
0100
0010
0001
0100
0000
,
1000
0100
1000
0000
1000
0100
0001
0000
,
1000
0010
1000
0000
1000
0010
0001
0000
,
0010
1000
0100
0001
0100
1000
0010
0000
,
0001
1000
0100
0000
0001
0100
1000
0000
,
1000
0000
0000
0000
0000
0000
0000
0000
0000
0000
0000
1000
0000
0000
0000
0000
0000
0000
0000
0000
0000
0000
2000
0000
0000
0000
0000
0000
0000
0000
0000
0000
0100
0000
0000
0000
0000
0000
0000
0000
0000
0000
0000
0100
0000
0000
0000
0000
0000
0000
0000
0000
0000
0000
3200
0000
0000
0000
0000
0000
0000
0000
0000
0000
,
0001
0000
0000
0000
0000
0000
0000
0000
0000
0000
0000
0001
0000
0000
0000
0000
0000
0000
0000
0000
0000
0000
0302
0000
0000
0000
0000
0000
0000
0000
0000
0000
0010
0000
0000
0000
0000
0000
0000
0000
0000
0000
0000
0010
0000
0000
0000
0000
0000
0000
0000
0000
0000
0000
0013
0000
0000
0000
0000
0000
0000
0000
0000
0000
,
0000
0000
0000
0000
;

//---------------dance-double - ----------------
#NOTES:
     dance-double:
     :
     Easy:
     4:
     0.158,0.239,0.053,0.000,0.000:
00000000
00000000
00000000
00000000
,
00000000
00000000
00000000
00000000
,
00000000
00000000
00000000
00000000
,
00000000
00000000
00000000
00000000
,
00010000
00000000
01000000
00000000
,
00010000
00000000
01000000
00000000
,
00010000
00000000
00001000
00000000
,
00010000
00000000
00001000
00000000
,
00000100
00000000
00000000
00000000
,
00000000
00000000
00000000
00000000
,
00001001
00000000
00000000
00000000
,
00001001
00000000
00000000
00000000
,
00001000
00000000
00000100
00000000
,
00001000
00000000
00000100
00000000
,
00001000
00000000
00010000
00000000
,
00001000
00000000
00010000
00000000
,
01000000
00000000
00000000
00000000
,
00000000
00000000
00000000
00000000
,
10010000
00000000
01000000
00000000
,
00010000
00000000
00001000
00000000
,
00000100
00000000
00000001
00000000
,
00000100
00000000
00001000
00000000
,
00000110
00000000
00000001
00000000
,
00000100
00000000
00001000
00000000
,
00010000
00000000
01000000
00000000
,
10000000
00000000
00100000
00000000
,
10010000
00000000
00000000
00000000
,
00000000
00000000
00000000
00000000
,
10000000
00000000
00000000
00000000
,
00000000
00000000
00000000
00000000
,
00010000
00000000
00000000
00000000
,
00010000
00000000
00000000
00000000
,
00001000
00000000
00000100
00000000
,
00000001
00000001
00000001
00000001
,
00000100
00000001
00000100
00000001
,
00000100
00001000
00010000
01000000
,
10000000
01000000
10000000
01000000
,
10000000
01000000
00010000
00001000
,
00001000
00000000
00001000
00000000
,
00010000
00000000
00010000
00000000
,
00001000
00000000
00001000
00000000
,
00001000
00000100
00000001
00000001
,
00000100
00000010
00001000
00000100
,
00000010
00000001
00000100
00000010
,
00000001
00000001
00001000
00001000
,
00000001
00000100
00001000
00010000
,
01000000
00000000
10000000
00000000
,
01000000
00000000
00010000
00000000
,
00001000
00000000
00000100
00000000
,
00000001
00000001
00001000
00001000
,
00000001
00000000
00000000
00000000
,
00000000
00000000
00000000
00000000
;

//---------------dance-double - ----------------
#NOTES:
     dance-double:
     :
     Medium:
     5:
     0.310,0.356,0.202,0.362,0.000:
00000000
00000000
00000000
00000000
,
00000000
00000000
00000000
00000000
,
00000000
00000000
00000000
00000000
,
00000000
00000000
00000000
00000000
,
20000000
30000000
02000000
03000000
,
00200000
00300000
00020000
00030000
,
00002000
00003000
00000200
00000300
,
00000020
00000030
00000002
00000003
,
00002002
00000000
00000000
00000000
,
00000000
00000000
00000000
00003003
,
00000220
00000000
00000000
00000330
,
00002002
00000000
00000000
00003003
,
00000002
00000003
00000020
00000030
,
00000200
00000300
00002000
00003000
,
00020000
00030000
00200000
00300000
,
02000000
03000000
20000000
30000000
,
20020000
00000000
00000000
00000000
,
00000000
00000000
00000000
30030000
,
10000000
01000000
00100000
01000000
,
00010000
00001000
00000100
00000100
,
00000210
00000010
00000010
00000310
,
00002001
00000001
00000001
00003001
,
00000010
00001200
00000001
00001300
,
00000020
00000001
00001000
00000031
,
00000110
00001000
00010000
00010000
,
01000000
01000000
01000000
01000000
,
00200000
00000000
00000000
00000000
,
00000000
00000000
00000000
00300000
,
20000000
00000000
00000000
30000000
,
02000000
00000000
00000000
03000000
,
00020000
00000000
00000000
00030000
,
00002000
00003000
00000200
00000300
,
00000001
00000010
00000100
00001000
,
00000100
00000001
00001100
00000001
,
00000100
00000001
00001000
00000000
00000100
00000000
00000101
00000000
,
00001000
00010000
01000000
00000000
10000000
00000000
01000000
00000000
,
00100000
00010000
10000000
00000000
00100000
00000000
01010000
00000000
,
00100000
00010000
00001000
00000000
00000100
00000000
00000001
00000000
,
00000100
00000010
00000001
00000000
00001000
00000000
00000001
00000000
,
00000010
00000100
00001000
00000000
00010000
00001000
00000100
00000000
,
00000110
00001001
00000010
00000100
,
00001100
00000010
00000101
00000010
,
00001000
00000010
00000100
00000000
00000010
00000100
00001000
00000000
,
00010000
00100000
10000000
01100000
,
10000000
01000000
00100000
00000000
00100000
01000000
00010000
00000000
,
00001000
00000000
00000100
00000000
00001000
00000100
00000001
00000000
,
00001000
00000010
00000100
00000000
00001000
00000010
00000001
00000000
,
00000110
00001000
00010000
01100000
,
01000000
00100000
00010000
00000000
00100000
00010000
01000000
00000000
,
11000000
00000000
00010000
00000000
00001000
00000100
00000001
00000000
,
00001000
00000000
00000001
00000000
,
00000010
00000000
00000100
00000000
,
00000000
00000000
00000000
00000000
;

//---------------dance-double - ----------------
#NOTES:
     dance-double:
     :
     Hard:
     7:
     0.465,0.466,0.138,0.074,0.000:
00000000
00000000
00000000
00000000
,
00000000
00000000
00000000
00000000
,
00000000
00000000
00000000
00000000
,
00000000
00000000
00000000
00000000
,
00001000
00000100
00000010
00001000
,
00000100
00000010
00001000
00010000
,
00100000
01000000
00010000
00100000
,
01000000
00010000
00001000
00000100
,
00000200
00000300
00002000
00003000
,
00020000
00030000
02000000
03000000
,
00100000
00010000
01000000
00000000
00100000
01000000
00010000
00100000
,
01000000
00010000
00001000
00010000
00100000
00010000
00001000
00000000
,
00000100
00001000
00010000
01000000
00010000
00001000
00000100
00000000
,
00000010
00000100
00000001
00000100
00000010
00000100
00000001
00000000
,
00000010
00001000
00000100
00000000
00000010
00000100
00001000
00000010
,
00000100
00001000
00010000
00001000
00000010
00001000
00010000
00000000
,
01000000
10000000
01000000
00010000
01000000
00100000
00001000
00010000
,
00001000
00000100
00000010
00000100
00000001
00001000
00000100
00000000
,
00001010
00000000
00001100
00000000
00000010
00001000
00000100
00000000
,
00000010
00001000
00010000
00000000
00010010
00000000
00011000
00000000
,
00000010
00002000
00010000
00000000
00000010
00000000
00013000
00000000
,
00001000
00010000
01000000
00100000
00010000
10000000
01000000
00000000
,
00110000
00000000
01010000
00000000
00100000
00010000
01000000
00000000
,
00100000
00010000
00001000
00000000
00101000
00000000
00011000
00000000
,
01000000
00010000
00001000
00000100
00001000
00000100
00000001
00000100
,
00001000
00010000
01000000
00010000
01000000
00010000
00001000
00000000
,
00000010
00010000
00001000
00000000
00000010
00001000
00010000
00000000
,
00000100
00001000
00000100
00000000
00000010
00001000
00000100
00000000
,
00000110
00001000
00010000
01100000
,
00010000
00001000
00010000
01100000
,
01000000
00020000
00001000
00000000
01000000
00000000
00031000
00000000
,
00010000
00002000
00000100
00000000
00010000
00000000
00003100
00000000
,
00000110
00000000
00001000
00000000
00000100
00000010
00001000
00000000
,
00010000
00000000
01100000
00000000
01000000
00010000
00001000
00000000
,
00001000
00000100
00000010
00001000
00000100
00000010
00001000
00010000
,
00100000
01000000
00010000
00100000
01000000
00010000
00001000
00000100
,
00000010
00001000
00000100
00001000
00000010
00010000
00001000
00000100
,
00000010
00001000
00000100
00010000
00001000
00000100
00001000
00010000
,
00001000
00000100
00001000
00000000
00000010
00000100
00001000
00000000
,
00010000
01000000
00010000
00000000
00100000
01000000
00010000
00000000
,
01000000
00100000
00010000
01000000
00100000
00010000
00001000
00000100
,
00000010
00001000
00000100
00000010
00001000
00010000
01000000
00000000
,
00010000
01000000
00100000
00010000
01000000
00100000
00010000
00001000
,
00000010
00000100
00001000
00000010
00000100
00001000
00010000
01000000
,
00100000
00010000
01000000
00010000
00100000
00001000
00010000
01000000
,
00100000
00010000
01000000
00001000
00010000
01000000
00010000
00001000
,
00010000
01000000
00010000
00000000
00100000
01000000
00010000
00000000
,
00001000
00000100
00001000
00000000
00000010
00000100
00001000
00000000
,
00000100
00000010
00001000
00000100
00000010
00001000
00010000
01000000
,
00100000
00010000
01000000
00100000
00010000
00001000
00000100
00000000
,
00000001
00000000
00001000
00000000
,
00010000
00000000
10000000
00000000
,
00000000
00000000
00000000
00000000
;
