#TITLE:OVERDOSER;
#SUBTITLE:;
#ARTIST:MIRAK;
#TITLETRANSLIT:;
#SUBTITLETRANSLIT:;
#ARTISTTRANSLIT:;
#CREDIT:;
#BANNER:OVERDOSER.png;
#BACKGROUND:OVERDOSER-bg.png;
#LYRICSPATH:;
#CDTITLE:./CDTITLES/BEATMANIA CLASSICS.PNG;
#MUSIC:OVERDOSER.mp3;
#OFFSET:-0.056;
#SAMPLESTART:45.508;
#SAMPLELENGTH:12.000;
#SELECTABLE:YES;
#DISPLAYBPM:132.000;
#BPMS:0.000=132.100;
#STOPS:;
#BGCHANGES:;

//---------------dance-single - ----------------
#NOTES:
     dance-single:
     :
     Easy:
     3:
     0.232,0.301,0.182,0.000,0.000:
0000
0000
0000
0000
,
0000
0000
0000
0000
,
0000
0000
0000
0000
,
0000
0000
0000
0000
,
0010
0010
0010
0001
,
0100
0100
0100
1000
,
0001
0001
0001
0000
,
1000
1000
1000
0000
,
0010
1000
0001
0100
,
0010
1000
0001
0100
,
0010
0001
1000
0100
,
0010
0001
1000
0100
,
0010
0010
1000
0001
,
0100
0100
1000
0001
,
1000
0001
1000
0001
,
0010
0010
0100
0100
,
0010
1001
0010
1001
,
0100
1001
0100
1001
,
1000
1000
0001
0001
,
1000
0001
1000
1001
,
0010
0010
0100
1001
,
0100
0100
0010
1001
,
0010
0010
0100
0100
,
0001
0010
1000
0100
,
1000
0100
0001
1001
,
0010
1000
0100
1001
,
0001
0010
1000
0100
,
1001
0000
0000
0000
,
0000
0010
0000
0010
,
0000
0010
0000
0010
,
0000
0100
0000
0100
,
0000
0100
0000
0100
,
0000
1001
0100
0100
,
0000
1001
0100
0100
,
0000
1001
0010
0010
,
0000
1001
0010
0010
;

//---------------dance-single - ----------------
#NOTES:
     dance-single:
     :
     Medium:
     5:
     0.276,0.348,0.130,0.000,0.000:
0000
0000
0000
0000
,
0000
0000
0000
0000
,
0000
0000
0000
0000
,
0000
0000
0000
0000
,
0010
1000
0001
0100
,
0001
1000
0001
1000
,
0001
0001
0001
0000
,
1000
1000
1000
0000
,
0001
0001
0001
0000
1000
1000
0001
0001
,
1000
1000
1000
0000
0001
0001
0100
0100
,
1000
1000
1000
0000
0001
0001
1000
1000
,
0001
0001
0001
0000
1000
1000
0100
0100
,
0001
0001
0010
0000
1000
1000
0100
0100
,
0001
0001
0010
1000
1000
0000
0100
0100
,
1000
1000
0010
0000
0001
0001
0100
0100
,
1000
1000
0010
0001
0001
0000
0100
0100
,
0010
0110
0100
0110
,
1000
1001
0001
1001
,
1000
1000
0001
0001
,
1000
0001
1000
1001
,
0010
0010
1000
0001
,
0100
0100
0001
1000
,
0010
1000
0100
0001
,
0110
0100
1001
0100
,
1000
0100
0001
0110
,
0010
1000
0100
1001
,
0001
0010
1000
0100
,
1001
0000
0000
0000
,
0000
1000
0000
0001
,
0000
1000
0000
0001
,
0000
0010
0000
0100
,
0000
0001
0000
1000
,
0000
0000
0001
0000
0100
1000
0100
0000
,
0000
0000
1000
0000
0100
0001
0100
0000
,
0000
0000
0001
0000
0010
1000
0010
0000
,
0000
0000
1000
0000
0010
0001
0010
0000
;

//---------------dance-single - ----------------
#NOTES:
     dance-single:
     :
     Hard:
     7:
     0.302,0.348,0.207,0.000,0.052:  // measure 1
0000
0000
0000
0000
,  // measure 2
0000
0000
0000
0000
,  // measure 3
0000
0000
0000
0000
,  // measure 4
0000
0000
0000
0000
,  // measure 5
0010
1000
0001
0100
,  // measure 6
0001
1000
0001
1000
,  // measure 7
0001
0001
0001
0000
,  // measure 8
1000
1000
1000
0000
,  // measure 9
0001
0001
0010
0000
1000
1000
0100
0100
,  // measure 10
0001
0001
0010
0000
1000
1000
0100
0100
,  // measure 11
1000
1000
0010
0000
0001
0001
0100
0100
,  // measure 12
0001
0001
0010
0000
1000
1000
0100
0100
,  // measure 13
0010
0010
1000
0000
0010
0010
1000
0100
,  // measure 14
0010
0010
1000
0000
0001
0100
1000
0100
,  // measure 15
0010
0010
0001
0000
0010
0010
0001
0100
,  // measure 16
0010
0010
0001
0000
1000
0100
0001
0100
,  // measure 17
1000
0001
0010
0101
,  // measure 18
0001
1000
0100
1100
,  // measure 19
0100
0001
0010
1100
,  // measure 20
0001
0000
0000
0000
1001
0000
0000
0000
0010
1000
0000
0000
0100
0000
0000
0000
,  // measure 21
0010
0100
0001
1000
,  // measure 22
0010
0001
0100
1000
,  // measure 23
0010
1000
0100
0001
,  // measure 24
0011
1100
1010
0101
,  // measure 25
0001
0000
0000
0000
1010
0000
0000
0000
1000
0100
0000
0000
0001
0000
0000
0000
,  // measure 26
1000
0000
0000
0000
1010
0000
0000
0000
1000
0100
0000
0000
0001
0000
0000
0000
,  // measure 27
1000
0000
0000
0000
1010
0000
0000
0000
0001
0100
0000
0000
1000
0000
0000
0000
,  // measure 28
1001
0000
0000
0000
,  // measure 29
0000
1000
0000
0100
,  // measure 30
0000
0001
0000
1000
,  // measure 31
0000
0001
0000
0010
,  // measure 32
0000
0100
0000
1000
,  // measure 33
0000
0000
0000
0000
1001
0000
0000
0000
0100
0000
0100
0000
0100
0100
0000
0000
,  // measure 34
0000
0000
0000
0000
0110
0000
0000
0000
0001
0000
0001
0000
0001
0001
0000
0000
,  // measure 35
0000
0000
0000
0000
1001
0000
0000
0000
0010
0000
0010
0000
0010
0010
0000
0000
,  // measure 36
0000
0000
0000
0000
0110
0000
0000
0000
1000
0000
1000
0000
1000
1000
0000
0000
;

//---------------dance-double - ----------------
#NOTES:
     dance-double:
     :
     Easy:
     4:
     0.239,0.301,0.182,0.000,0.000:
00000000
00000000
00000000
00000000
,
00000000
00000000
00000000
00000000
,
00000000
00000000
00000000
00000000
,
00000000
00000000
00000000
00000000
,
00000010
00000010
00000001
00000100
,
00001000
00010000
00010000
01000000
,
00010000
00010000
00010000
00000000
,
10000000
10000000
10000000
00000000
,
10000000
00100000
00001000
00000100
,
00000001
00000010
00010000
01000000
,
10000000
00100000
00001000
00000100
,
00000001
00000010
00010000
01000000
,
10000000
00100000
00001000
00000100
,
00000001
00000010
00010000
01000000
,
10000000
00010000
00001000
00000001
,
00000001
00001000
00010000
10000000
,
00100000
01100000
00100000
01100000
,
00010000
00011000
00001000
00000110
,
00000001
00000001
00000100
00001000
,
00010000
00010000
01000000
10010000
,
00100000
00010000
00001000
00011000
,
00000010
00000010
00000100
00001001
,
00000100
00001000
00010000
00100000
,
00010000
01000000
10000000
10010000
,
00100000
00011000
00000100
00000110
,
00000010
00001001
00000100
00011000
,
00010000
01100000
01000000
10000000
,
10010000
00000000
00000000
00000000
,
00000000
00001000
00000000
00000010
,
00000000
00000001
00000000
00000100
,
00000000
00010000
00000000
00100000
,
00000000
10000000
00000000
00010000
,
00000000
00000000
00100000
00000000
00001000
00010000
00001000
00000000
,
00000000
00000000
00000010
00000000
00000001
00000010
00000001
00000000
,
00000000
00000000
00000010
00000000
00010000
00001000
00010000
00000000
,
00000000
00000000
01000000
00000000
00100000
10000000
00100000
00000000
;

//---------------dance-double - ----------------
#NOTES:
     dance-double:
     :
     Medium:
     7:
     0.311,0.348,0.272,0.000,0.052:
00000000
00000000
00000000
00000000
,
00000000
00000000
00000000
00000000
,
00000000
00000000
00000000
00000000
,
00000000
00000000
00000000
00000000
,
00100000
10000000
10000000
01000000
,
00001000
00000010
00000010
00000001
,
00001000
00001000
00001000
00000000
,
01000000
01000000
01000000
00000000
,
00100000
00100000
00010000
00000000
00001000
00001000
00000100
00000100
,
00000010
00000010
00001000
00010000
00010000
00000000
00100000
00100000
,
10000000
10000000
00100000
00000000
00010000
00001000
00000100
00000100
,
00000001
00000001
00000010
00000000
00001000
00010000
01000000
01000000
,
00010000
00010000
01000000
00000000
00100000
00100000
10000000
10000000
,
00010000
00001000
00000010
00000000
00000100
00000100
00000001
00000100
,
00001000
00010000
01000000
00000000
00100000
10000000
01000000
00010000
,
00001000
00000010
00000001
00000000
00000100
00000100
00000001
00000010
,
00001000
01100000
00010000
00001010
,
00000001
00000101
00001000
00110000
,
01000000
10010000
00001000
00001100
,
00000001
00000000
00000000
00000000
00000100
00000000
00000000
00000000
00001000
00010000
00000000
00000000
00100000
00000000
00000000
00000000
,
10000000
01010000
00001000
00000110
,
00000001
00001010
00000100
00010000
,
00100000
10000000
01000000
00010000
,
00001010
00000101
00011000
01100000
,
10000000
00000000
00000000
00000000
01100000
00000000
00000000
00000000
00001000
00010000
00000000
00000000
01000000
00000000
00000000
00000000
,
00011000
00000000
00000000
00000000
00000100
00000000
00000000
00000000
00000001
00000010
00000000
00000000
00000100
00000000
00000000
00000000
,
00001000
00000000
00000000
00000000
00000101
00000000
00000000
00000000
00001000
00010000
00000000
00000000
00100000
00000000
00000000
00000000
,
10010000
00000000
00000000
00000000
,
00000000
10000000
00000000
00010000
,
00000000
10000000
00000000
00010000
,
00000000
00001000
00000000
00000001
,
00000000
00001000
00000000
00000001
,
00000000
00000000
00000000
00000000
00000101
00000000
00000000
00000000
00000010
00000000
00001000
00000000
00000100
00000100
00000000
00000000
,
00000000
00000000
00000000
00000000
00011000
00000000
00000000
00000000
00100000
00000000
10000000
00000000
01000000
01000000
00000000
00000000
,
00000000
00000000
00000000
00000000
11000000
00000000
00000000
00000000
00010000
00000000
00001000
00000000
00000100
00000100
00000000
00000000
,
00000000
00000000
00000000
00000000
00000011
00000000
00000000
00000000
00001000
00000000
00010000
00000000
01000000
01000000
00000000
00000000
;
