#TITLE:PARANOiA ETERNAL;
#SUBTITLE:;
#ARTIST:STM 200;
#TITLETRANSLIT:;
#SUBTITLETRANSLIT:;
#ARTISTTRANSLIT:;
#CREDIT:;
#BANNER:PARANOiA ETERNAL.png;
#BACKGROUND:PARANOiA ETERNAL-bg.png;
#LYRICSPATH:;
#CDTITLE:./CDTITLES/DANCE DANCE REVOLUTION 5THMIX.PNG;
#MUSIC:PARANOiA ETERNAL.ogg;
#OFFSET:0.000;
#SAMPLESTART:54.600;
#SAMPLELENGTH:15.000;
#SELECTABLE:YES;
#DISPLAYBPM:200.000;
#BPMS:0.000=200.000,4.000=200.000;
#STOPS:;
#BGCHANGES:;

//---------------dance-single - ----------------
#NOTES:
     dance-single:
     :
     Beginner:
     4:
     0.184,0.244,0.074,0.000,0.000:
0000
0000
0000
0000
,
0000
0000
0000
0000
,
0000
0000
0000
0000
,
0000
0000
0000
0000
,
0000
0000
1000
0000
,
0000
0000
0000
0000
,
0000
0001
0000
0000
,
0000
0000
0000
0000
,
1000
0000
0100
0000
,
0000
0000
0000
0001
,
0000
0100
0000
0000
,
0000
0000
1000
0000
,
0001
0000
0000
0000
,
0000
0001
0000
1000
,
0000
0000
0000
0000
,
0000
0100
0000
0100
,
0000
0000
0000
1000
,
0000
1000
0000
1000
,
0000
0100
0000
0001
,
0000
0001
0000
0001
,
0000
1000
0000
1000
,
0000
1000
0000
0100
,
0000
0001
0000
0001
,
0000
0001
0000
1000
,
0000
1000
0000
1000
,
0000
0010
0000
0001
,
0000
0001
0000
0001
,
0000
1000
0000
1000
,
0000
1000
0000
0010
,
0000
0001
0000
0001
,
0000
0001
0000
0000
,
0000
0010
0000
0000
,
0000
0001
0000
0000
,
0000
0100
0000
0000
,
0000
1000
0000
0000
,
0000
0010
0000
0000
,
0000
0001
0000
0000
,
0000
0100
0000
0000
,
0000
0000
0000
1001
,
0000
0000
0000
0000
,
0000
0000
0000
1001
,
0000
0000
0000
0000
,
0000
0000
1001
0000
,
0000
0000
0000
0010
,
0010
0010
0000
0000
,
0000
0000
1000
0000
,
1000
0000
1000
0000
,
0100
0000
0001
0000
,
0001
0000
0001
0000
,
0100
0000
1000
0000
,
1000
0000
1000
0000
,
0100
0000
0001
0000
,
0001
0000
0001
0000
,
0100
0000
1000
0000
,
1000
0000
1000
0000
,
0010
0000
0001
0000
,
0001
0000
0001
0000
,
0010
0000
1000
0000
,
1000
0000
1000
0000
,
0010
0000
0001
0000
,
0001
0000
0001
0000
,
0010
0000
1001
0000
,
1000
0000
0100
0000
,
1000
0000
1001
0000
,
0001
0000
0100
0000
,
0001
0000
1001
0000
,
1000
0000
0100
0000
,
1000
0000
1001
0000
,
0001
0000
0100
0000
,
0001
0000
0010
0000
,
0010
0000
0010
0000
,
0010
0000
0000
0100
,
0000
0000
0100
0000
,
0000
0100
0000
0000
,
0100
0000
0000
1000
,
0000
0000
0001
0000
,
0000
0100
0000
0100
,
0100
0100
0000
0000
,
0000
0000
0000
0000
;

//---------------dance-single - ----------------
#NOTES:
     dance-single:
     :
     Easy:
     8:
     0.405,0.530,0.338,0.000,0.000:
0000
0000
0000
0000
,
0000
0000
0000
0000
,
0000
0000
0000
0000
,
0000
0000
0000
0000
,
0000
0000
1000
0000
,
0000
0000
0000
1001
0000
0000
0000
0000
,
0000
0001
0000
0000
,
0000
1001
0000
0100
0000
0100
0000
0000
,
0010
0000
0001
0000
0110
0000
0000
1000
,
0000
0100
0000
1001
0000
0000
1001
0000
,
1000
0000
0100
0000
0000
1001
0000
0001
,
0000
0100
0000
0000
1001
0000
1000
0000
,
0100
0000
0000
1001
0000
0001
0000
0100
,
0000
1001
1000
0100
,
0000
1001
0000
0001
0000
0100
0000
0000
,
0000
0000
0010
0010
0000
0010
0010
0000
,
0010
0000
0000
1000
,
0000
1000
0000
0010
,
0001
0100
0000
0010
,
1000
0010
1000
0100
,
0001
0001
0000
0001
,
0000
0010
1000
0100
,
0000
0010
0001
0010
,
0001
0100
1000
1000
,
0000
1000
0000
0100
,
0010
0001
1001
0010
,
0100
1001
0100
1000
,
0001
0001
0000
0001
,
0000
0100
0010
1000
,
1001
0010
0100
1001
,
0100
0001
1000
0000
,
0000
0010
0000
0000
,
0000
0001
0000
0000
,
0000
0100
0000
0000
,
0000
1000
0000
0000
,
0000
0010
0000
0000
,
0000
0001
0000
0000
,
0000
0100
0000
0000
,
0000
0000
0000
0000
0000
0010
0010
0000
,
0000
0000
0000
0010
0000
0010
0000
0010
,
0000
0010
1000
0100
,
0000
0010
0000
0001
0000
1001
0000
0000
,
0010
0000
0001
0000
0100
0000
0000
0110
,
0000
1001
0000
0100
0000
0000
0010
0000
,
0010
0000
0010
0000
0000
0001
0000
1000
,
0000
0100
0000
0000
0010
0000
1000
0000
,
1001
0001
0100
1001
,
0010
0000
0100
0001
0010
0000
0001
0000
,
1001
1000
0100
1001
,
0010
0000
0100
1000
0010
0000
0010
0000
,
0100
0001
0110
0001
,
0010
0000
0100
0001
0010
0000
0010
0000
,
0100
1000
0110
1000
,
0010
0000
0100
1000
0001
0000
0110
0000
,
0001
0110
1000
0100
,
0001
0000
0100
0001
1000
0000
0110
0000
,
1000
0110
0001
0100
,
1000
0000
0100
1000
0100
0000
0010
0000
,
0001
0110
1000
0010
,
0100
0000
0100
0001
0100
0000
0010
0000
,
1000
0110
0001
0010
,
0100
0000
0100
0000
0010
1000
0100
0000
,
0010
0000
0100
0010
,
1001
0000
0000
0000
0010
0001
0100
0000
,
0010
0000
0100
0010
,
1001
0000
0000
0000
1000
1000
0000
0000
,
1000
1000
0000
0000
0100
0100
0000
0000
,
0100
0100
0000
0000
0001
0001
0000
0000
,
0001
0001
0000
0000
0100
0100
0000
0000
,
0100
0100
0000
0000
0010
0000
1000
0000
,
0100
0001
0010
1000
,
0100
0000
0000
0001
0000
0000
0100
0000
,
0000
1000
0000
0000
0100
0000
0000
1001
,
0000
0000
0010
0000
0000
0100
0000
0000
,
0010
0000
0000
1000
0000
0000
1000
0000
,
0000
0001
0000
0000
0001
0000
0000
0010
,
0000
0100
1000
0100
,
0001
0100
0000
0000
,
0000
0000
0000
0000
;

//---------------dance-single - ----------------
#NOTES:
     dance-single:
     :
     Medium:
     10:
     0.524,0.530,0.485,0.021,0.000:
0000
0000
0000
0000
,
0000
0000
0000
0000
,
0000
0000
0000
0000
,
0000
0000
0000
0000
,
0000
0000
0000
0010
0000
0000
1001
0000
,
0000
0100
0000
0000
1001
0000
0000
0010
,
0000
0000
1001
0000
0000
0100
0000
0000
,
1001
0000
0000
0010
0000
0000
1001
0000
,
0100
0000
1001
0000
0000
0011
0000
0001
,
0000
0100
0000
0000
1010
0000
1000
0000
,
0100
0000
0000
1001
0000
0001
0000
0010
,
0000
0100
1001
0100
,
0000
1010
0000
0001
0000
0100
0000
0000
,
0011
0000
1000
0000
0001
0000
0000
1001
,
0000
0100
0000
1000
0000
0000
0101
0000
,
0000
0000
0010
0100
0000
0010
0000
0000
,
1001
0000
0000
0010
,
1000
0000
0100
0000
0001
0100
1000
0000
,
0010
0100
0001
0010
,
0100
1000
0010
0100
,
0001
0010
1000
0100
,
0010
0001
1000
0000
0001
0000
0001
0000
,
0100
0010
0100
0000
0001
0000
1000
0000
,
0010
0100
0001
0010
,
0100
0000
1000
0000
0100
1000
0001
0000
,
0010
0000
0001
0000
0001
0100
0001
0000
,
0010
0100
1000
0100
,
0010
0001
1001
0100
,
1000
0001
0010
0000
0001
0000
1000
0000
,
0100
0001
0100
0010
,
0001
0100
0010
0000
1000
0000
0010
0000
,
0010
0000
0001
0100
0001
0000
1000
0000
,
1000
0000
1000
0100
1000
0000
0001
0000
,
0010
1000
0100
0001
,
1000
0110
1001
0010
,
0010
0000
1000
0100
1000
0000
0001
0000
,
0001
0000
0001
0100
0001
0000
1000
0000
,
0010
0001
0100
1000
,
0000
0110
0000
0110
0000
1000
0000
0000
,
0100
0000
0000
0010
0000
0000
0001
0000
,
0100
0001
1000
0001
0000
0000
0100
0000
,
0000
0010
0000
0000
1000
0000
0100
1000
,
0001
1000
0000
0000
0100
0000
0000
0010
,
0000
0000
0001
0000
0100
0001
1000
0001
,
0000
0000
0000
0100
0000
0010
0000
0000
,
0100
0000
0001
1000
0010
0000
0100
0000
,
0010
0001
1000
0001
,
0011
0000
1000
0100
1000
0000
0001
0000
,
0010
0010
0100
1001
,
0100
1000
0001
0100
,
1000
0100
0001
0010
,
1001
0000
0001
0100
0001
0000
1010
0000
,
0100
0100
0010
1000
,
0100
0001
0001
0100
,
0010
1000
0010
1000
,
1010
0000
0001
0100
0001
0000
1001
0000
,
0010
0010
0100
0010
,
0001
1001
1000
0100
,
0001
0100
1000
0100
,
0001
0000
0001
1000
0001
0000
0011
0000
,
0100
0100
0010
0001
,
0100
0000
1001
0000
0001
0100
0010
0000
,
0100
0001
0100
0110
,
1000
0100
0010
0000
1000
0010
1000
0000
,
1000
0100
1000
0000
1000
0001
0100
0001
,
0100
0001
0000
0000
1000
0100
1000
0000
,
0001
0010
0001
0000
1000
0100
1000
0100
,
0010
0001
0000
0000
1000
0100
1000
0000
,
0001
0010
0001
0000
0100
0001
0100
0000
,
0001
0010
0001
0000
0010
0000
0000
1001
,
0000
0000
0100
0000
0000
1001
0000
0000
,
2100
0000
0000
3010
0000
0000
0102
0000
,
0000
0013
0000
0000
1001
0000
0000
0100
,
0000
0000
1010
0000
0000
0110
0000
0000
,
0101
0000
0000
1001
0000
0000
1100
0000
,
0000
0110
0000
0000
0100
0000
0000
0010
,
0000
1001
0101
0110
,
1010
1001
0000
0000
,
0000
0000
0000
0000
;

//---------------dance-single - ----------------
#NOTES:
     dance-single:
     :
     Hard:
     13:
     0.648,0.693,0.464,0.053,0.000:
0000
0000
0000
0000
,
0000
0000
0000
0000
,
0000
0000
0000
0000
,
0000
0000
0000
0000
,
0000
0000
0000
1100
0000
0000
0001
0000
,
0000
0101
0000
0000
1000
0000
0000
1100
,
0000
0000
0010
0000
0000
0101
0000
0000
,
0010
0000
0000
1100
0000
0000
0101
0000
,
0100
0000
1000
0000
0000
0011
0000
0100
,
0001
1000
0000
0000
1010
0000
0100
0000
,
0010
0000
0000
1001
0000
0010
1000
0001
,
0000
1100
0101
1000
,
0000
1010
0000
0100
0001
1000
0000
0000
,
0011
0000
0001
0000
1000
0000
0000
1001
,
0000
0010
1000
0001
0000
0000
0101
0000
,
0000
0000
1001
0000
0000
0110
0000
0000
,
1001
0000
0000
0010
,
1000
0000
0100
0000
0001
0010
1000
0000
,
0000
1000
0000
0000
1000
0010
0100
0000
,
0100
0010
1000
0100
0010
0100
1000
0000
,
0110
0000
0001
0000
0010
0000
1000
0001
,
0100
0001
0010
0000
0000
0010
0000
0000
,
0010
0001
0100
0000
0010
0001
0010
0100
,
0001
0010
1000
0000
0010
0000
0001
0000
,
0010
0000
1000
0000
0100
0001
1000
0000
,
0000
1100
0000
0000
0100
0010
0001
0000
,
0001
0100
1000
0010
1000
0100
0001
0000
,
0011
0000
0011
0000
1001
0000
0100
0001
,
1000
0010
0001
0000
0000
0110
0000
0000
,
0001
0100
0010
0000
0100
0001
0010
0100
,
1000
0010
0100
0000
0001
0000
0100
1000
,
0001
0000
0001
0100
1000
0000
1000
0100
,
0100
0010
0001
0010
0010
0000
0100
1000
,
0001
0100
0001
0100
,
1000
0000
0010
0000
0001
0000
0100
0001
,
1000
0000
1000
0100
0001
0000
0010
1000
,
1001
0000
0100
0100
0010
0000
0100
0001
,
1000
0110
0000
1000
,
0000
1000
0000
1000
0000
0010
0000
0000
,
0001
0000
0000
0100
0000
0000
1000
0000
,
0010
0100
0100
0100
0000
0000
0001
0000
,
0000
0010
0000
0000
1000
0000
0100
0010
,
0010
0010
0000
0000
1000
0000
0000
0100
,
0000
0000
0001
0000
0010
0100
0100
0100
,
0000
0000
0000
0011
0000
1010
0000
0000
,
0100
0001
0010
0010
0001
0000
1000
0000
,
0100
0000
0010
1000
0100
0000
0010
0001
,
0100
0000
0001
0100
1000
0100
0001
0010
,
0100
0001
0100
0010
0001
0000
0110
0000
,
1000
0000
0010
0001
1000
0000
0110
0000
,
0110
0000
0010
0001
1000
0000
0000
0110
,
0000
0000
1000
0010
0100
1000
0100
0010
,
1000
0100
0010
1000
0010
0000
0101
0000
,
0010
0000
1000
0010
0100
0000
1001
0000
,
0100
0000
0010
0001
1000
0000
0101
0000
,
1100
0000
1000
0100
0001
0100
1000
0010
,
0100
1000
0100
0010
1000
0000
0110
0000
,
0001
0000
0010
1000
0001
0000
0110
0000
,
0110
0000
0010
1000
0001
0000
0000
1001
,
0000
0000
0001
0010
0100
0001
0100
0010
,
0001
0100
0010
0001
0010
0000
0100
0001
,
0001
0000
0010
0000
1000
0001
0100
0010
,
0100
0001
0010
1000
0010
0001
1000
0010
,
0100
0100
0000
0000
0100
1000
0010
0100
,
0010
1000
0010
1000
0100
1000
0010
1000
,
0010
0100
0000
0000
1000
0010
0100
0001
,
0100
1000
0001
0010
1000
0100
0100
0010
,
0001
0010
0000
0000
0100
1000
0010
0001
,
0010
0001
1000
0100
1000
0100
0001
0010
,
0100
1000
0010
0000
0100
0000
2001
0000
,
3001
0100
0010
1000
0010
0100
0002
0000
,
1003
0100
0010
0001
0010
0100
2000
0000
,
3001
0100
1000
0010
1000
0100
0002
0000
,
1003
0100
0001
0010
0001
0100
2000
0000
,
3010
0000
0100
0001
0010
0000
0100
1000
,
0010
0000
1000
0100
0001
0000
0001
0010
,
1000
0000
0010
0001
1000
0000
1010
0000
,
0101
1001
0000
0000
,
0000
0000
0000
0000
;

//---------------dance-single - ----------------
#NOTES:
     dance-single:
     :
     Challenge:
     9:
     0.606,0.609,0.527,0.000,0.000:
0000
0000
0000
0000
,
0000
0000
0000
0000
,
0000
0000
0000
0000
,
0000
0000
0000
0000
,
0000
0000
0000
0000
1000
1000
1000
0000
,
0000
0000
0000
0100
0100
0100
0000
0000
,
0000
0000
0010
0010
0010
0000
0000
0000
,
0000
0001
0001
0001
0000
1001
0000
0000
,
1000
0100
0010
0001
1000
0000
0000
1100
,
0000
0010
0000
0101
0000
0000
0001
0100
,
1000
0100
0001
0000
0000
0011
0000
0100
,
0000
1010
0000
0000
0001
0010
0100
0001
,
0010
0000
0000
0110
0000
1001
0000
0110
,
0000
0000
1000
0010
0100
1000
0010
0000
,
0000
1001
0000
0110
0000
1001
0000
0000
,
0000
0000
0010
1000
0000
0010
0001
0000
,
0110
0000
0000
0010
,
1000
0000
0100
0000
0010
1000
0001
0000
,
0100
0000
0010
0000
0001
0100
1000
0000
,
0110
0000
0001
0000
0010
0100
1000
0000
,
0001
0110
0001
0100
,
1000
0001
0010
0000
1000
0000
0010
0000
,
1000
0001
0100
0000
1000
0000
0100
0000
,
0010
0001
0010
0000
1000
0000
0100
0000
,
0011
0000
1100
0000
1000
0010
1000
0000
,
0001
0000
0100
0000
0010
1000
0001
0000
,
0100
0000
0010
0000
1000
0100
0001
0000
,
0110
1000
0010
0101
,
1000
0010
0100
0000
0001
0000
0100
0000
,
0001
0100
0010
0000
0001
0000
1000
0000
,
0001
1000
0100
0000
1001
0000
0010
0001
,
0010
0000
1100
0000
0000
0000
0010
1000
,
0010
0000
0101
0000
0000
0000
1000
0100
,
1000
0000
0001
0100
0001
0000
1100
0000
,
0101
0000
1100
0000
0000
0000
0001
0100
,
1000
0000
1100
0000
0000
0000
1000
0100
,
0001
0000
0101
0000
0000
0000
0001
0100
,
1000
1100
0000
0101
,
0000
0000
0000
0000
0000
1000
0001
0000
,
0000
0000
0010
0010
0100
0010
0100
0000
,
0000
0000
1000
1000
0100
0001
0001
0000
,
0000
0001
0001
0010
1000
1000
0000
0000
,
1000
0010
0010
0001
0001
0000
0000
0001
,
0100
0100
1000
1000
0000
0000
1000
0100
,
0001
0100
0001
0000
0000
0001
0010
1000
,
0010
1000
0000
0000
0011
0000
0101
0000
,
1000
0000
0001
0010
0100
0000
0011
0000
,
0100
0000
1000
0100
0010
0000
1001
0000
,
0110
0000
0001
0100
0010
0000
0101
0000
,
0001
0000
0001
0010
1000
0000
0001
0000
,
0100
0000
1000
0010
0001
0000
0110
0000
,
0101
0000
0010
1000
0100
0000
1100
0000
,
0001
0000
1000
0010
0100
0000
1010
0000
,
0100
0000
0001
0100
0010
0000
1001
0000
,
0110
0000
1000
0100
0010
0000
1100
0000
,
1000
0000
1000
0010
0001
0000
1010
0000
,
0100
0000
0001
0010
1000
0000
0110
0000
,
1100
0000
0010
0001
0010
0000
1000
0000
,
1010
0000
0001
0100
0001
0000
0001
0000
,
0010
0000
1000
0100
0010
0000
1000
0000
,
0010
0000
0001
0100
0010
0000
1001
0000
,
1100
0000
0101
0000
0010
0001
1000
0100
,
0010
0001
0000
0000
1000
0100
0001
0100
,
1000
0000
0000
0000
1000
0100
0010
0001
,
1000
0010
0000
0000
0001
0100
1000
0100
,
0001
0000
0000
0000
0010
0010
0010
0010
,
0010
0010
0010
0010
0010
0010
0010
0010
,
0010
0010
0000
0000
0100
0100
0100
0100
,
0100
0100
0100
0100
0100
0100
0100
0100
,
0100
0100
0000
0000
0001
0000
0100
0000
,
1000
0000
0100
0000
0001
0100
1000
0100
,
0001
0000
0000
0001
0100
0000
1000
0100
,
0000
0010
1000
0000
0010
0001
0000
0010
,
1000
0000
0010
0001
0000
0001
1000
0000
,
1000
0001
0000
0100
0001
0000
0100
1000
,
0000
1000
0001
0000
0001
1000
0000
0000
,
1100
0101
1000
0010
,
0001
0000
0000
0000
;

//---------------dance-double - ----------------
#NOTES:
     dance-double:
     :
     Easy:
     9:
     0.500,0.570,0.749,0.000,0.000:
00000000
00000000
00000000
00000000
,
00000000
00000000
00000000
00000000
,
00000000
00000000
00000000
00000000
,
00000000
00000000
00000000
00000000
,
00000000
00000000
00000000
10000000
00000000
00000000
01000000
00000000
,
00000000
00010000
00000000
00000000
00001000
00000000
00000000
00000100
,
00000000
00000000
00000001
00000000
00000000
00000010
00000000
00000000
,
00001000
00000000
00000000
00010000
00000000
00000000
00100000
00000000
,
10000000
00000000
01000000
00000000
00000000
01000000
00000000
10000000
,
00000000
00100000
00000000
00000000
00100000
00000000
00010000
00000000
,
00001000
00000000
00000000
00001000
00000000
00000010
00000000
00000001
,
00000000
00000010
00000001
00000100
,
00000000
00000100
00000000
00000001
00000000
00000010
00000000
00000000
,
00000010
00000000
00001000
00000000
00010000
00000000
00000000
00010000
,
00000000
00100000
00000000
10000000
00000000
00000000
01100000
00000000
,
00000000
00000000
00010000
00000000
00000000
00001000
00000000
00000000
,
00000100
00000000
00000000
00010000
,
00011000
00000000
00101000
00000000
,
00001000
00000100
00000001
00001000
,
00001001
00000000
00000100
00000010
,
00000001
00000100
00001001
00000000
,
00010010
00000000
00010000
01000000
,
10000000
00100000
00110000
00110000
,
00001000
00000100
00000101
00001001
,
00000010
00000000
00010010
00000000
,
00010000
01000000
10000000
00100000
,
10010000
00000000
01100000
00010000
,
00001000
00000100
00001001
00000000
,
00000110
00001000
00010000
00001000
,
00000100
00000010
00001000
00011000
,
00101000
00110000
01100000
01000000
,
10000000
00100000
00010000
00001000
,
00010000
00001000
00000010
00000001
,
00000110
00001001
00000110
00000011
,
00001100
00000011
00001100
00000100
,
00000010
00001000
00010000
01000000
,
00010000
00001000
00010000
00100000
,
10010000
01100000
10010000
00110000
,
00000000
11000000
00000000
11000000
00000000
00010000
00000000
00000000
,
10000000
00000000
00000000
01100000
00000000
00000000
10010000
00000000
,
01000000
00010000
00100000
00010000
00000000
00000000
00010010
00000000
,
00000000
00001010
00000000
00000000
00000100
00000000
00000001
00000010
,
00000100
00001000
00000000
00000000
00000001
00000000
00000000
00000110
,
00000000
00000000
00001001
00000000
00000100
00001000
00000010
00001000
,
00000000
00000000
00000000
00101000
00000000
00110000
00000000
00000000
,
01000000
10000000
01000000
10000000
01000000
00000000
00100000
00000000
,
00010000
01000000
00100000
11000000
,
01010000
11000000
00100000
00010000
,
00010000
00001000
00000100
00000101
,
00000011
00000110
00000100
00000010
,
00001000
00000100
00000010
00000101
,
00001100
00000101
00000010
00001000
,
00001000
00000000
00010000
01000000
01000000
00000000
11000000
00000000
,
10100000
01100000
00010000
00001000
,
00010000
00100000
00100000
00010000
,
00001000
00000010
00000010
00001000
,
00010000
01000000
10000000
00100000
,
00010000
00001000
00010000
00001000
,
00010000
01000000
01000000
00010000
,
00001000
00000100
00000100
00001000
,
00010000
00100000
10000000
01000000
,
01100000
01100000
00100000
01000000
,
00010000
00000000
01000000
00000000
10000000
00000000
00000000
00100000
,
00000000
00010000
00001000
00000100
,
00001000
00000100
00000001
00000010
,
00001000
00000010
00000010
00000100
,
00001000
00000000
00000100
00000000
00000001
00000000
00000000
00000010
,
00000000
00001000
00010000
01000000
,
10000000
01000000
00010000
00001000
,
00000010
00000000
00000001
00000000
00000101
00000000
00000000
00001010
,
00000000
00000000
00010010
00000000
00000000
00011000
00000000
00000000
,
01001000
00000000
00000000
01010000
00000000
00000000
10100000
00000000
,
00000000
11000000
00000000
00000000
00110000
00000000
00000000
00101000
,
00000000
00000000
00011000
00000000
00000000
00010100
00000000
00000000
,
00001100
00000000
00000000
00000011
00000000
00000000
00000110
00000000
,
00000000
00001000
00000000
00000000
00011000
00000000
00000000
00010000
,
00000000
01100000
10000000
00100000
,
00010000
01000000
00000000
00000000
,
00000000
00000000
00000000
00000000
;

//---------------dance-double - ----------------
#NOTES:
     dance-double:
     :
     Medium:
     11:
     0.532,0.570,0.380,0.084,0.000:
00000000
00000000
00000000
00000000
,
00000000
00000000
00000000
00000000
,
00000000
00000000
00000000
00000000
,
00000000
00000000
00000000
00000000
,
00000000
00000000
00000000
10200000
00000000
00000000
00310000
00000000
,
00000000
00012000
00000000
00000000
00003010
00000000
00000000
00000012
,
00000000
00000000
00000103
00000000
00000000
00002100
00000000
00000000
,
00013000
00000000
00000000
02010000
00000000
00000000
13000000
00000000
,
00100000
00000000
00010000
00000000
00000000
00010000
00000000
01000000
,
00000000
10000000
00000000
00000000
00100000
00000000
00010000
00000000
,
00001000
00000000
00000000
00001000
00000000
00010000
00000000
00001000
,
00000000
00000010
00000001
00000100
,
00000000
00001000
00000000
00010000
00000000
00000010
00000000
00000000
,
00010000
00000000
01000000
00000000
10000000
00000000
00000000
00100000
,
00000000
00010000
00000000
00001000
00000000
00000000
00011000
00000000
,
00000000
00000000
00001000
00000010
00000000
00000010
00000001
00000000
,
00001001
00000000
00000000
00100000
,
10000000
01000000
00010000
00001000
,
00000100
00000001
00000010
00000000
00000001
00000000
00000010
00000000
,
00001000
00000000
00010000
00000000
00100000
00010000
00001000
00010000
,
00100000
10000000
01000000
00010000
,
00001000
00000000
00000100
00000000
00000001
00001000
00000100
00000000
,
00000010
00000001
00000100
00001010
,
00010010
00000000
00001000
00010000
00001000
00000000
00000010
00000000
,
00000001
00000100
00001000
00010000
,
01000000
10000000
00100000
00000000
10000000
00000000
00100000
00000000
,
00010000
00000000
00001000
00000000
00000010
00001000
00010000
00001000
,
00000010
00000001
00000100
00001000
,
00010000
00000000
01000000
00000000
10000000
00010000
01000000
00000000
,
00100000
10000000
01000000
00110000
,
00101000
00000000
00010000
00001000
00010000
00000000
01000000
00000000
,
00100000
00010000
01000000
00100000
,
00010000
00001000
00010000
00100000
,
10010000
01000000
10010000
00001000
,
00000010
00000001
00000100
00000100
,
00000010
00001000
00000100
00000010
,
00001000
00010000
00001000
00000010
,
00001001
00000100
00001001
00020000
,
00000000
10000000
00000000
10030000
00000000
00010000
00000000
00000000
,
11000000
00000000
00000000
00100000
00000000
00000000
10000000
00000000
,
00100000
00010000
00010000
00001000
00000000
00000000
00011000
00000000
,
00000000
00000010
00000000
00000000
00000001
00000000
00000010
00001000
,
00001000
00010000
00000000
00000000
00011000
00000000
00000000
01000000
,
00000000
00000000
10000000
00000000
00100000
00010000
00010000
00001000
,
00000000
00000000
00000000
00000100
00000000
00001001
00000000
00000000
,
00000001
00000100
00001000
00010000
01000000
00000000
11000000
00000000
,
10000000
00000000
01000000
10000000
10000000
00000000
00010000
00000000
,
00010000
00000010
00000001
00000100
,
00001000
00000100
00000001
00000010
,
00001000
00010000
00001000
00000110
,
00000110
00000000
00000001
00000100
00001000
00000000
00000100
00000000
,
00000001
00000100
00001000
00010000
,
01000000
00000000
10000000
01000000
00010000
00000000
00001000
00000000
,
00000100
00000001
00000010
00000100
,
00001001
00000000
00001000
00000100
00010000
00000000
00100000
00000000
,
10000000
00000000
00010000
01000000
10000000
00000000
01000000
00000000
,
00010000
00100000
10000000
01000000
,
00010000
10010000
10100000
00010000
,
00001000
00000000
00000010
00001000
00010000
00000000
00001000
00010000
,
01000000
00000000
00010000
01000000
10000000
00000000
00100000
00000000
,
00010000
00001000
00000010
00000001
,
00000100
00000010
00000001
00001000
,
00000001
00000100
00001000
00000000
00010000
01000000
10000000
00000000
,
00010000
00010000
00000000
00000000
00001000
00010000
00001000
00000000
,
00010000
00001000
00010000
00000000
00001000
00000010
00000001
00000010
,
00000001
00001000
00000000
00000000
00000100
00010000
00001000
00010000
,
01000000
10000000
00100000
10000000
01000000
00010000
00001000
00000000
,
00001000
00010000
00000000
00000000
00001000
00010000
00100000
00010000
,
00100000
00010000
00001000
00000100
00000001
00000100
00000001
00000100
,
00001000
00010000
01000000
00000000
10000000
00000000
00000000
00100000
,
00000000
00000000
00011000
00000000
00000000
00000010
00000000
00000000
,
00011000
00000000
00000000
01000000
00000000
00000000
00011000
00000000
,
00000000
00000100
00000000
00000000
00000001
00000000
00000000
00000110
,
00000000
00000000
00011000
00000000
00000000
01100000
00000000
00000000
,
10000000
00000000
00000000
01100000
00000000
00000000
00102000
00000000
,
00000000
00003100
00000000
00000000
00020010
00000000
00000000
01030000
,
00000000
10000000
00010000
00000100
,
00000110
00001001
00000000
00000000
,
00000000
00000000
00000000
00000000
;

//---------------dance-double - ----------------
#NOTES:
     dance-double:
     :
     Hard:
     13:
     0.648,0.652,0.517,0.084,0.000:
00000000
00000000
00000000
00000000
,
00000000
00000000
00000000
00000000
,
00000000
00000000
00000000
00000000
,
00000000
00000000
00000000
00000000
,
00000000
00000000
00000000
00100000
10000000
01000000
00010000
01000000
,
10000000
00000000
10100000
00000000
00100000
00010000
00001000
00010000
,
00000000
00010000
00001000
00000000
00010000
00001000
00000010
00000001
,
00000100
00000010
00000100
00000001
00000010
00000000
00000100
00000000
,
00001000
00000000
00001001
00000000
00000000
00000110
00000000
00000100
,
00001000
00010000
00000000
00000000
00011000
00000000
00010000
01000000
,
00100000
00000000
00000000
01100000
00000000
00100000
10000000
00010000
,
00000000
00000000
01010000
00000000
00100000
00010000
00001000
00000000
,
00000000
00011000
00000000
01000000
10000000
00010000
00000000
00000000
,
00110000
00000000
00010000
01000000
10000000
00000000
00000000
10100000
,
00000000
00100000
00010000
00001000
00000000
00000000
00001010
00000000
,
00000000
00000000
00001001
00000000
00000000
00011000
00000000
00000000
,
10010000
00000000
00000000
00100000
,
11000000
00000000
10010000
00000000
10000000
00100000
00010000
00000000
,
00100000
00010000
00001000
00000000
00001000
00000010
00000001
00000000
,
00001000
00000010
00000100
00000010
00001000
00000100
00000010
00001000
,
00000000
00001000
00010000
00000000
00100000
00000000
10000000
00000000
,
01000000
10000000
00100000
00000000
00000000
00011000
00000000
00000000
,
00000010
00000001
00000100
00000000
00000100
00000001
00000010
00001000
,
00010000
00001000
00010000
00001000
00000000
00001000
00000100
00000000
,
00000001
00000000
00000010
00000000
00001000
00010000
00100000
00000000
,
00100000
00010000
00001000
00000000
00100000
00001000
00010000
00000000
,
00001000
00000100
00001000
00000100
00000001
00000010
00000100
00000010
,
00000000
00000010
00001000
00000000
00010000
00000000
01000000
00000000
,
10000000
00100000
00010000
00000000
00000000
00011000
00000000
00000000
,
00010000
01000000
10000000
00000000
10000000
00100000
00010000
00100000
,
00010000
00001000
00010000
01000000
10000000
00000000
01000000
10000000
,
00000000
10000000
01000000
00000000
01000000
00010000
00001000
00010000
,
00000000
00010000
00001000
00000000
00001000
00000100
00000010
00000000
,
00001000
00000100
00000010
00001000
,
00010000
00000000
01000000
00000000
10000000
00000000
01000000
10000000
,
00000000
10000000
00100000
00000000
00100000
00010000
00001000
00010000
,
00000000
00010000
00001000
00000000
00001000
00000010
00000100
00000000
,
00000010
00001000
00010000
01000000
,
00000000
10010000
00000000
10010000
00000000
01000000
00000000
00000000
,
10010000
00000000
00000000
00100000
00000000
00000000
10000000
00000000
,
00100000
00010000
00001000
00000100
00000000
00000000
00001001
00000000
,
00000000
00000010
00000000
00000000
00000001
00000000
00000010
00001000
,
00010000
01000000
00000000
00000000
10010000
00000000
00000000
00100000
,
00000000
00000000
10000000
00000000
00100000
00010000
00001000
00000100
,
00000000
00000000
00000000
00001001
00000000
00000010
00000000
00000000
,
00000001
00000010
00001000
00010000
01000000
00000000
11000000
00000000
,
10100000
00000000
00100000
00010000
00001000
00000000
00000000
00001001
,
00000000
00000000
00000010
00000001
00000100
00000010
00001000
00000100
,
00010000
00001000
00100000
00010000
01000000
00000000
00100000
00000000
,
10000000
00000000
00010000
10000000
01000000
00000000
11000000
00000000
,
10100000
00000000
00100000
00010000
00001000
00000000
00001010
00000000
,
00000011
00000000
00000001
00000100
00001000
00000100
00001000
00010000
,
00100000
00010000
00100000
10000000
01000000
00000000
00010000
00000000
,
00001000
00000000
00000100
00000001
00000010
00000000
00001010
00000000
,
00001001
00000000
00000010
00001000
00010000
00000000
00000000
00011000
,
00000000
00000000
00010000
01000000
10000000
00100000
00010000
00100000
,
00010000
00001000
00000100
00000001
00000010
00000000
00001000
00000000
,
00000010
00000000
00000001
00000100
00001000
00000000
00011000
00000000
,
00010010
00000000
00000010
00010000
00001000
00000000
00011000
00000000
,
00011000
00000000
00010000
01000000
10000000
00010000
01000000
00100000
,
00010000
00001000
00000010
00001000
00010000
00000000
01000000
00000000
,
10000000
00000000
00100000
00000000
00010000
00001000
00010000
00100000
,
00010000
00001000
00100000
00010000
00100000
00001000
00010000
00100000
,
00010000
00001000
00000000
00000000
00001000
00000010
00000001
00001000
,
00000100
00000001
00001000
00000010
00001000
00010000
00001000
00010000
,
01000000
10000000
00000000
00000000
10000000
00100000
10000000
01000000
,
00010000
01000000
00100000
00001000
00010000
00001000
00000100
00000001
,
00001000
00000001
00000000
00000000
00000001
00001000
00000010
00100000
,
00010000
10000000
00010000
01000000
00000100
00001000
00000001
00000010
,
00000100
00001000
00000001
00000000
00000100
00000000
00000000
00021000
,
00000000
00000000
01030000
00000000
00000000
10200000
00000000
00000000
,
00310000
00000000
00000000
00000210
00000000
00000000
00000301
00000000
,
00000000
00002010
00000000
00000000
01003000
00000000
00000000
00120000
,
00000000
00000000
00030100
00000000
00000000
00002010
00000000
00000000
,
01003000
00000000
00000000
10020000
00000000
00000000
00030100
00000000
,
00000000
00002001
00000000
00000000
01003000
00000000
00000000
10010000
,
00000000
01100000
00101000
00011000
,
00000100
00000001
00000000
00000000
,
00000000
00000000
00000000
00000000
;

//---------------dance-double - ----------------
#NOTES:
     dance-double:
     :
     Challenge:
     9:
     0.619,0.609,0.464,0.000,0.000:
00000000
00000000
00000000
00000000
,
00000000
00000000
00000000
00000000
,
00000000
00000000
00000000
00000000
,
00000000
00000000
00000000
00000000
,
00000000
00000000
00000000
00000000
10000000
01000000
00010000
00000000
,
00000000
00000000
00000000
00001000
00000100
00000001
00000000
00000000
,
00000000
00000000
00000001
00000100
00001000
00000000
00000000
00000000
,
00000000
00010000
01000000
10000000
00000000
10010000
00000000
00000000
,
10000000
01000000
00010000
00001000
00000100
00000000
00000000
00000110
,
00000000
00000110
00000000
00000110
00000000
00000000
00000001
00000100
,
00001000
00010000
01000000
00000000
00000000
01100000
00000000
01100000
,
00000000
01100000
00000000
00000000
10000000
01000000
00010000
00001000
,
00000100
00000000
00000000
00000110
00000000
00000101
00000000
00000110
,
00000000
00000000
00000001
00000100
00001000
00010000
01000000
00000000
,
00000000
01100000
00000000
11000000
00000000
01100000
00000000
00000000
,
00000000
00000000
00100000
00010000
00000000
01000000
00010000
00000000
,
10000000
00000000
00000000
00010000
,
00100000
00000000
10000000
00000000
10000000
01000000
00010000
00000000
,
00010000
01000000
10000000
00000000
10000000
00100000
00010000
00000000
,
00001000
00000000
00000110
00000000
00000001
00000100
00000001
00000000
,
00001000
00000001
00001000
00000000
00000010
00000000
00000001
00000000
,
00000001
00000100
00001000
00000000
00001000
00000100
00000001
00000000
,
00000001
00000100
00001000
00000000
00000101
00000000
00001100
00000000
,
00000100
00010000
00001000
00000000
00010000
00001000
00000100
00000000
,
00000101
00000000
00001100
00000000
00000010
00000001
00000010
00000000
,
00000100
00000001
00000100
00000000
00000010
00001000
00000010
00000000
,
00010010
00000000
00011000
00000000
00010000
00001000
00010000
00000000
,
01000000
11000000
00110000
10000000
,
00100000
10000000
01000000
00000000
01000000
10000000
00100000
00000000
,
00100000
10000000
01000000
00000000
11000000
00000000
00010000
00000000
,
00001000
00000000
00001000
00000100
00000001
00000000
00000001
00000100
,
00001000
00000000
00000110
00000000
00000000
00000000
00001000
00010000
,
01000000
00000000
01100000
00000000
00000000
00000000
10000000
01000000
,
00010000
00000000
00001000
00000100
00000001
00000000
00000100
00000000
,
00001000
00000000
00010000
00000000
00000000
00000000
00000100
00010000
,
00001000
00000000
00101000
00000000
00000000
00000000
00001000
00010000
,
00000100
00000000
00010010
00000000
00000000
00000000
00010000
00001000
,
01000000
00101000
00000000
00011000
,
00000000
00000000
00000000
00000100
00001000
00000000
00000000
00000000
,
00000000
00000000
00000000
00010000
01000000
10000000
01000000
00010000
,
00000000
00000000
00001000
00000100
00000001
00000100
00001000
00000000
,
00000000
00010000
01000000
10000000
01000000
00010000
00000000
00000000
,
00001000
00000010
00000001
00000010
00001000
00000000
00000000
00010000
,
00100000
10000000
00100000
00010000
00000000
00000000
00001000
00000100
,
00000001
00000010
00001000
00000000
00000000
00010000
01000000
10000000
,
00100000
00010000
00000000
00000000
00001000
00000000
00000110
00000000
,
00000001
00000000
00001000
00000010
00000001
00000000
00000001
00000010
,
00001000
00000000
00000001
00000100
00001000
00000000
00010000
00000000
,
01100000
00000000
10000000
00100000
00010000
01000000
10000000
00000000
,
01100000
10000000
00010000
01100000
,
10000000
00000000
00010000
00100000
10000000
00000000
10000000
00100000
,
00010000
00000000
10000000
01000000
00010000
00000000
00001000
00000000
,
00000110
00000000
00000001
00000010
00001000
00000100
00000001
00000000
,
00000110
00001000
00010000
01000000
,
00010000
00000000
00001000
00010000
00000010
00000000
00010000
00001000
,
00000100
00000000
00000010
00010000
00001000
00000000
01000000
00000000
,
00011000
00000000
00010000
00100000
01000000
00001000
00010000
00000000
,
00000100
00011000
00100000
00011000
,
00000100
00000000
00000100
00010000
00001000
00000000
01000000
00001000
,
00010000
00000000
00001000
00000100
00001000
00000000
00000110
00000000
,
00001000
00000000
00010000
00100000
10000000
00010000
01000000
00000000
,
11000000
00000000
10000000
00000000
00100000
10000000
01000000
00100000
,
00010000
01000000
00100000
00010000
00001000
00000100
00000010
00001000
,
00000001
00000100
00000000
00000000
00000010
00001000
00010000
00000010
,
00001000
00000100
00000010
00001000
00010000
01000000
00100000
00010000
,
10000000
01000000
00000000
00000000
10000000
01000000
00010000
01000000
,
00010000
00001000
00000100
00000001
00000100
00001000
00000100
00001000
,
00000100
00000001
00000000
00000000
00000001
00000010
00001000
00000010
,
00001000
00010000
00100000
10000000
00100000
00010000
00100000
00010000
,
00100000
10000000
00000000
00000000
01010000
00000000
10000000
00000000
,
11000000
00010000
00001000
00000100
,
00000001
00000000
00000000
00000100
00000001
00000000
00000100
00001000
,
00000000
00010000
00010000
00000000
01000000
01000000
00000000
10000000
,
01000000
00000000
00010000
01000000
00000000
00010000
00010000
00000000
,
00001000
00001000
00000000
00000100
00000001
00000000
00000100
00001000
,
00000000
00000010
00000010
00000000
00000100
00000100
00000000
00000000
,
00000101
00001000
00010000
01000000
,
11000000
00000000
00000000
00000000
;
