#TITLE:PARANOiA Rebirth;
#SUBTITLE:;
#ARTIST:190';
#TITLETRANSLIT:;
#SUBTITLETRANSLIT:;
#ARTISTTRANSLIT:;
#CREDIT:;
#BANNER:PARANOiA Rebirth.png;
#BACKGROUND:PARANOiA Rebirth-bg.png;
#LYRICSPATH:;
#CDTITLE:;
#MUSIC:PARANOiA Rebirth.ogg;
#OFFSET:0.000;
#SAMPLESTART:1.269;
#SAMPLELENGTH:15.000;
#SELECTABLE:YES;
#DISPLAYBPM:190.000;
#BPMS:0.000=190.074,20.000=190.011;
#STOPS:;
#BGCHANGES:;

//---------------dance-single - ----------------
#NOTES:
     dance-single:
     :
     Beginner:
     4:
     0.165,0.230,0.000,0.000,0.000:
0000
0000
0000
0000
,
0000
0000
0000
0000
,
0000
0000
0000
0000
,
0000
0000
0000
0000
,
0000
0000
0000
0000
,
0000
0000
0000
0000
,
0000
0000
0000
0000
,
0001
0001
0000
0000
,
0001
0001
0000
0000
,
1000
0000
0000
0000
,
1000
0000
0000
0000
,
0001
0000
0000
0000
,
1000
0000
0000
0000
,
0010
0000
0000
0000
,
0010
0000
0000
0000
,
0100
0000
0000
0000
,
0010
0000
0000
0000
,
1000
1000
0000
0000
,
1000
1000
0000
0000
,
0001
0001
0000
0000
,
0001
0001
0000
0000
,
1000
1000
0000
0000
,
0010
0010
0000
0000
,
0001
0001
0000
0000
,
0100
0100
0000
0000
,
0001
0000
0000
0000
,
1000
0000
0000
0000
,
1000
1000
1000
1000
,
1000
1000
1000
0000
,
1000
0000
0000
0000
,
0001
0000
0000
0000
,
0001
0001
0001
0001
,
0001
0001
0001
0000
,
0001
0000
0000
0000
,
0100
0100
0000
0000
,
1000
0000
0000
0000
,
0100
0100
0000
0000
,
0100
0000
0000
0000
,
1000
1000
0000
0000
,
0100
0000
0000
0000
,
0001
0001
0000
0000
,
0010
0000
0010
0010
,
0000
0010
0010
0010
,
0000
0000
0000
0000
,
1000
1000
1000
1000
,
0000
0000
0000
0000
,
0000
0000
0010
0010
,
0000
0000
0000
0000
,
0000
0000
0010
0010
,
0000
0000
0000
0000
,
0000
0000
0001
0001
,
0000
0000
0000
0000
,
0000
0000
0100
0100
,
0000
0000
0000
0000
,
0010
0000
0000
0000
,
1000
0000
0000
0000
,
0010
0000
0000
0000
,
0001
0000
0000
0000
,
0010
0010
0000
0000
,
0010
0010
0000
0000
,
0010
0010
0000
0000
,
0010
0010
0000
0000
,
1000
1000
0000
0000
,
0010
0000
0000
0000
,
0001
0001
0000
0000
,
0010
0000
0000
0000
,
1000
1000
0000
0000
,
0100
0000
0000
0000
,
0001
0001
0000
0000
,
0100
0000
0000
0000
,
0100
0100
0000
0000
,
0010
0010
0000
0000
,
0100
0100
0000
0000
,
0010
0010
0000
0000
,
0001
0001
0000
0000
,
0001
0001
0000
0000
,
1000
1000
1000
0000
,
1000
0000
1000
0000
,
0000
0000
0000
0000
;

//---------------dance-single - ----------------
#NOTES:
     dance-single:
     :
     Easy:
     8:
     0.459,0.652,0.445,0.000,0.000:
0000
0000
0000
0000
,
0000
0000
0000
0000
,
0000
0000
0000
0000
,
0000
0000
0000
0000
,
0000
0000
0000
0000
,
0000
0000
0000
0000
,
0000
0000
0000
0000
,
0000
0010
0001
0100
,
0000
1000
0000
1000
,
0001
1000
0010
0100
,
0001
1000
0010
0100
,
1001
0010
0100
0001
,
1001
0100
0010
1001
,
0001
1000
0010
0110
,
0001
0010
1000
1001
,
0100
0000
0100
0000
0010
1000
0001
0000
,
0001
1000
0100
0000
0010
0000
0010
0000
,
1001
1001
1100
1100
,
0001
0100
1000
0100
,
0001
0001
1000
1000
,
0100
0100
1001
1001
,
0100
0010
1000
1000
,
0010
0100
0001
0001
,
1001
0110
0110
1001
,
0110
0110
1001
0000
,
1001
1001
1001
1001
,
0100
0100
0100
0100
,
0010
0001
0010
0001
,
0100
1000
0100
1000
,
0001
0001
1000
1000
,
1001
1001
0100
0100
,
1000
0100
0001
0010
,
1000
0100
0010
0000
,
0010
0001
0001
0100
,
0001
0100
0100
1000
,
0100
1000
1000
0010
,
1000
0010
0010
0001
,
0010
0001
0001
0100
,
0001
0100
0100
1000
,
0100
1000
1000
0010
,
1000
0010
0010
0001
,
0010
0000
0001
0001
,
0000
1000
1000
1000
,
0100
0000
0000
0100
0000
0000
0000
0100
,
0000
1000
0000
1000
0000
0001
0000
0001
,
0000
0100
0000
0000
1000
0000
0000
0100
,
0000
0000
0001
0000
0000
1000
1000
0001
,
0001
0000
0000
0100
0000
0000
1000
0000
,
0001
0000
0000
0001
0001
1000
1000
0001
,
0000
0100
0000
0000
1000
0000
0000
0100
,
0000
0000
0001
0000
0000
1000
0001
1000
,
0000
1000
0000
0000
0010
0000
0000
0001
,
0000
0000
0100
0000
0000
1000
0001
1000
,
0000
0000
0000
0000
,
1001
0100
0001
0100
,
1001
0100
1000
1000
,
0001
0100
0010
1000
,
0010
0100
0010
0100
,
1000
0001
0010
0100
,
1001
1000
0001
1000
,
0110
0001
0110
1000
,
0100
0100
0110
0000
,
0010
0001
1001
1000
,
0100
1000
1001
0001
,
1000
0001
1001
0100
,
0001
0001
1000
1000
,
0010
1000
0010
0000
0001
0000
0001
0000
,
0100
0100
1010
0101
,
0010
0010
0100
0100
,
0001
0000
0001
0000
1000
0001
1000
0000
,
0010
0100
0010
0000
0100
0010
0100
0000
,
0001
1000
0001
1001
,
1000
1000
1000
0000
0001
0001
0001
0000
,
1000
0001
1000
0001
1000
0001
0100
0000
,
1100
1100
1001
0101
,
1010
1010
1001
0011
,
0010
0100
1000
0001
,
0001
0100
1000
0000
1001
0000
0000
0000
,
0000
0000
0000
0000
;

//---------------dance-single - ----------------
#NOTES:
     dance-single:
     :
     Medium:
     10:
     0.510,0.614,0.386,0.000,0.000:
0000
0000
0000
0000
,
0000
0000
0000
0000
,
0000
0000
0000
0000
,
0000
0000
0000
0000
,
0000
0000
0000
0000
,
0000
0000
0000
0000
,
0000
0000
0000
0000
,
0000
0010
0001
1000
,
0000
0100
0000
0100
,
1000
1000
0100
0100
,
0001
0001
0100
0100
,
0010
0000
0010
0000
1000
0100
0001
0000
,
0100
0000
1000
0000
0001
0100
1000
0000
,
1000
0001
1000
0000
0110
0000
1001
0000
,
0001
1000
0001
0001
,
0001
1000
0001
0000
1001
0000
0110
0000
,
1000
0001
1000
0100
,
0001
0100
0010
1100
,
0001
0100
0010
1100
,
0001
0100
0010
1100
,
0001
0001
0010
0101
,
0010
1000
0010
0000
0001
0100
0001
0000
,
0100
0010
0100
0000
1010
0000
0101
0000
,
1000
1010
1000
1001
,
1000
0100
0010
0001
1000
0000
0000
0000
,
1001
0100
0100
0100
,
1001
0100
0100
0100
,
0010
0010
0001
0100
,
0010
0010
1000
0100
,
0001
0001
0100
0100
,
1000
1000
0100
0100
,
0110
1001
1100
1001
,
0101
1001
0110
0000
,
0010
1000
0100
0001
,
0010
1000
0100
0000
0010
0001
0100
0000
,
0010
0001
0100
1000
,
1000
0001
0100
0000
0001
1000
0100
0000
,
0100
1000
0010
0001
,
0010
0100
1000
0000
0010
0100
0001
0000
,
0100
0001
0010
1000
,
0010
1000
0001
0000
0010
0001
1000
0000
,
0010
0000
0001
0001
,
0000
1000
1000
1000
,
0100
0000
0000
1001
0000
0000
0000
0100
,
0000
1000
0000
1100
0000
0001
0000
0101
,
0000
1001
0000
0000
0010
0000
0000
0100
,
0000
0000
0001
0000
0000
0001
1000
0001
,
0100
0000
0000
0100
0000
0000
1001
0000
,
0110
0000
0000
1000
0001
1000
0001
0100
,
0000
0110
0000
0000
0010
0000
0000
1001
,
0000
0000
0100
0000
0000
0100
0010
0100
,
0000
1001
0000
0000
1000
0000
0000
0001
,
0000
0000
0100
0000
0000
0001
1000
0100
,
0000
0000
0000
0000
,
1000
0000
0100
0000
0010
0010
0010
0000
,
0001
0000
0100
0000
0010
0010
0010
0000
,
0010
1000
0001
0001
,
0010
0001
1000
1000
,
1000
0000
0100
0010
0001
0100
0010
0000
,
1000
0000
0100
0010
0001
0100
0010
0000
,
1000
0000
0100
0010
0001
0100
0010
0000
,
1000
0100
0001
0100
,
1000
0001
0100
0000
1010
0000
0001
0000
,
0010
0001
0100
0000
0110
0000
0100
0000
,
0001
0010
0100
0000
0011
0000
1000
0000
,
0100
0001
0010
1100
,
1000
0100
1000
0000
0001
0100
0001
0000
,
1000
0010
1000
0000
0001
0010
0001
0000
,
0001
0001
0100
0000
1000
1000
0100
0000
,
0001
0001
0100
0000
1000
1000
0100
0000
,
0100
1000
0100
0001
0100
1000
0100
0001
,
0100
1000
0100
0001
0100
1000
0100
0000
,
1000
0100
1000
0000
0001
0100
0001
0000
,
1000
0100
1000
0100
1000
0001
0100
0000
,
0101
1100
0001
0100
,
1000
0000
0100
0000
0001
0001
0100
0000
,
1000
0100
0010
0001
0100
0010
1000
0100
,
0011
0101
1001
0000
,
0000
0000
0000
0000
;

//---------------dance-single - ----------------
#NOTES:
     dance-single:
     :
     Hard:
     13:
     0.633,0.652,0.148,0.000,0.000:
0000
0000
0000
0000
,
0000
0000
0000
0000
,
0000
0000
0000
0000
,
0000
0000
0000
0000
,
0000
0000
0000
0000
,
0000
0000
0000
0000
,
0000
0000
0000
0000
,
0001
0000
1000
0000
0010
1000
0100
0000
,
0010
0001
0100
0000
0010
1000
0100
0000
,
0001
0001
0100
0100
1000
0100
0010
0001
,
1000
1000
0100
0100
0010
0001
0100
0000
,
0010
1000
0100
0000
0010
0001
0100
0000
,
1000
0001
0100
0000
1000
0001
1000
0000
,
1000
0100
0010
0001
0100
0001
1000
0010
,
1000
0100
0010
0001
0100
0001
1000
0000
,
0100
0010
0100
1000
0100
0010
0100
1000
,
0100
0001
0100
1000
0100
0001
0100
0000
,
0010
1001
0100
1001
,
0100
0001
0100
0001
0100
0001
0100
0000
,
0010
0000
0001
0010
0100
1000
0100
0000
,
1000
0000
0010
0000
0001
1000
0100
0000
,
1010
0000
1010
0000
0100
1000
0100
0000
,
0010
0010
0100
0100
1100
0000
0011
0000
,
0010
0000
0010
0100
1000
0000
0010
1000
,
0001
0010
0100
1000
0001
0000
1001
0000
,
1001
0000
0101
0000
0010
0001
0100
0000
,
1001
0000
1100
0000
0010
1000
0100
0000
,
0010
1000
0010
0000
0100
0001
0100
0000
,
0010
1000
0010
1000
0001
0100
0001
0000
,
1000
0100
1000
0100
0100
1000
0010
0100
,
0001
0001
1000
0100
0100
0100
1000
0000
,
0100
0010
0001
0100
0010
0100
0001
0010
,
0100
0010
0001
0100
0001
0000
0000
0000
,
0010
1000
0100
1000
0100
0010
0001
0010
,
0001
0100
0010
0100
0010
1000
0100
1000
,
0010
1000
0001
0010
0001
1000
0100
0010
,
0001
0100
0010
1000
0001
0100
1000
0100
,
0010
0100
0001
0010
0100
1000
0010
0100
,
0001
1000
0100
0010
0001
0100
0010
1000
,
0100
0001
0100
1000
0100
0010
0001
0010
,
1000
0010
0001
1000
0010
1000
0001
0000
,
0010
0000
0001
0001
,
0000
1000
1000
1000
,
0010
0000
0000
1000
0000
0000
0000
0100
,
0000
0010
0000
0001
0000
0100
0000
0010
,
0000
1000
0000
0000
0100
0000
0000
0001
,
0000
0000
0010
0000
0000
0100
0100
0010
,
0010
0000
0000
1000
0000
0000
0100
0000
,
1000
0000
0000
0001
0001
1000
0100
0100
,
0000
0001
0000
0000
0010
0000
0000
1000
,
0000
0000
0100
0000
0000
0010
0100
0100
,
0000
0001
0000
0000
0100
0000
0000
1000
,
0000
0000
0010
0000
0000
0100
0100
0100
,
0000
0000
0000
0000
,
1000
0100
1000
0001
0100
0010
0100
0000
,
0001
0010
0001
0100
0010
1000
0100
0000
,
0010
1000
0010
0100
0010
0001
0010
0100
,
0010
1000
0010
0100
0010
0001
0010
0000
,
1000
0001
0100
0010
1000
0001
0100
0010
,
1000
0001
0100
0010
1000
0001
0100
0000
,
0001
0001
1000
0001
0001
0001
1000
0001
,
0001
0001
1000
0001
1000
1000
0001
0000
,
0010
0100
0001
0100
0010
0100
0001
0100
,
1000
0010
0001
0010
1000
0010
0001
0000
,
1000
0100
1000
0100
0010
0100
0010
0100
,
0001
0100
0001
0100
0010
0100
0010
0000
,
0100
1000
0010
0001
0010
1000
0100
0001
,
0100
1000
0100
0010
0001
0100
0010
0000
,
0001
0001
1000
0000
0010
1000
0001
0000
,
1000
0010
0100
0001
0100
0100
0001
0000
,
1000
0100
0010
0001
1000
0100
0010
0000
,
0001
0010
0100
1000
0001
0010
0100
0000
,
1000
0010
1000
0010
1000
0100
1000
0000
,
1000
0000
0100
0000
0001
0100
1000
0000
,
0011
0000
1010
0000
0001
0010
1000
0000
,
1100
0000
0101
0000
1000
0100
0001
0000
,
0001
0001
1000
0000
0001
1000
1000
0000
,
1000
0001
0100
0000
1000
0000
0000
0000
,
0000
0000
0000
0000
;

//---------------dance-double - ----------------
#NOTES:
     dance-double:
     :
     Easy:
     9:
     0.433,0.575,0.247,0.000,0.000:
00000000
00000000
00000000
00000000
,
00000000
00000000
00000000
00000000
,
00000000
00000000
00000000
00000000
,
00000000
00000000
00000000
00000000
,
00000000
00000000
00000000
00000000
,
00000000
00000000
00000000
00000000
,
00000000
00000000
00000000
00000000
,
00000000
00010000
00010000
00010000
,
00000000
01000000
00000000
10000000
,
00100000
00010000
00100000
00010000
,
00100000
00010000
00100000
00010000
,
00100000
01000000
00100000
01000000
,
00100000
10000000
00100000
10000000
,
00100000
00010000
00100000
10000000
,
00100000
00010000
00100000
10000000
,
01000000
00010000
00001000
00000100
,
00000010
00000001
00000010
00000001
,
00000010
00000010
00000010
00000010
,
00001000
00001000
00000100
00000100
,
00000010
00001000
00000100
00001000
,
00000010
00001000
00000100
00001000
,
00000010
00000100
00000010
00000100
,
00000001
00000100
00000001
00000100
,
00000010
00001000
00000100
00000001
,
00000100
00001000
00010000
00000000
,
01001000
00011000
00010100
00011000
,
01001000
01001000
00011000
01001000
,
00010000
00010000
00100000
10000000
,
01000000
00010000
01000000
10000000
,
10000000
10000000
10000000
10000000
,
10000000
01000000
00010000
00001000
,
00010010
00011000
00101000
00011000
,
00000100
00000001
00000010
00001001
,
00000010
00001000
00000010
00001000
,
00000001
00000001
00000001
00000001
,
00000010
00000100
00000010
00000100
,
00001000
00001000
00001000
00001000
,
00010000
00001000
00010000
00001000
,
01000000
01000000
01000000
01000000
,
00100000
10000000
00100000
10000000
,
00010000
00010000
00010000
00010000
,
00100000
00000000
00010000
00010000
,
00000000
10000000
10000000
10000000
,
01000000
00000000
00000000
10000000
00000000
00000000
00000000
00010000
,
00000000
00010000
00000000
00010000
00000000
00100000
00000000
00100000
,
00000000
00010000
00000000
00000000
01000000
00000000
00000000
01000000
,
00000000
10000000
00000000
00000000
,
10000000
00000000
00000000
01000000
00000000
00000000
00010000
00000000
,
00001000
00000000
00000000
00000000
,
00000000
00010000
00000000
00000000
00001000
00000000
00000000
00000100
,
00000000
00000001
00000000
00000000
,
00000000
00001000
00000000
00000000
00000100
00000000
00000000
00000100
,
00000000
00000001
00000000
00000000
,
00000000
00000010
00000010
00000001
00000100
00000000
00000100
00000000
,
00000001
00000100
00001000
00000000
00010000
00000000
01000000
00000000
,
10000000
10000000
01000000
01000000
,
10000000
01000000
00010000
00000000
00001000
00000000
00000100
00000000
,
00000001
00000001
00000100
00001000
,
00000100
00001000
00010000
00000000
01000000
00000000
10000000
00000000
,
01000000
00010000
00001000
00000000
00000100
00000000
00000001
00000000
,
00000100
00001000
00010000
00000000
01000000
00000000
10000000
00000000
,
01000000
00010000
00001000
00000000
00000100
00000000
00000001
00000000
,
00000001
00000100
00000001
00000000
00001000
00000100
00001000
00000000
,
00000001
00000001
00001000
00001000
,
00000001
00000100
00000001
00000000
00001000
00000100
00001000
00000000
,
00001001
00011000
00011000
10010000
,
00010000
01000000
00010000
00000000
10000000
01000000
10000000
00000000
,
00010000
00010000
10000000
10000000
,
00010000
01000000
00010000
00000000
10000000
01000000
10000000
00000000
,
11000000
01010000
11000000
01010000
,
10000000
01000000
00010000
00000000
00010000
00000000
10000000
00000000
,
10000000
01000000
00010000
00000000
00001000
00000000
00000100
00000000
,
00000001
00000100
00001000
00000000
00001000
00000000
00000001
00000000
,
00000001
00000100
00001000
00000000
00010000
00000000
01000000
00000000
,
00100000
00010000
01000000
00000000
00100000
00000000
01000000
00000000
,
10000000
01000000
00010000
00000000
00001000
00000000
00000100
00000000
,
00001001
00000101
00001000
00001100
,
00000011
00001000
00000100
00000000
,
00000000
00000000
00000000
00000000
;

//---------------dance-double - ----------------
#NOTES:
     dance-double:
     :
     Medium:
     11:
     0.534,0.575,0.564,0.000,0.000:
00000000
00000000
00000000
00000000
,
00000000
00000000
00000000
00000000
,
00000000
00000000
00000000
00000000
,
00000000
00000000
00000000
00000000
,
00000000
00000000
00000000
00000000
,
00000000
00000000
00000000
00000000
,
00000000
00000000
00000000
00000000
,
00000000
10000000
10000000
00100000
,
00000000
00010000
00000000
00010000
,
00100000
10000000
01000000
00010000
,
00100000
00010000
00001000
00000000
00010010
00000000
00011000
00000000
,
00000100
00000000
00000001
00000000
00000010
00010000
00001000
00000000
,
00010000
00100000
10000000
00000000
00100000
00010000
00001000
00000000
,
01001000
01010000
00010000
10000000
,
00100000
01000000
00001000
00000000
00011000
00000000
00000100
00000000
,
00000110
00000000
00000001
00000000
00000010
00001000
00000100
00000000
,
00000010
00010000
00001000
00000000
00100000
00001000
00010000
00000000
,
00110000
10000000
01000000
00010000
,
00001000
00000100
00000001
00000000
00000100
00000000
00001010
00000000
,
00001100
00000000
00000001
00000000
00000010
00001000
00010000
00000000
,
00100000
00010000
00001000
00000000
00010000
01000000
10000000
00000000
,
10000000
00100000
00010000
01000000
,
10000000
01000000
00010000
00000000
10010000
00000000
00011000
00000000
,
00011000
00000000
00001001
00000000
00001000
00000100
00000010
00000000
,
00000001
00000100
00001000
00000000
00010000
00000000
00000000
00000000
,
01001000
01010000
01001000
00011000
,
00010100
00001100
00010100
00011000
,
01000000
10000000
00010000
00001000
,
00000100
00000001
00001000
00010000
,
00101000
00110000
00101000
00011000
,
00000010
00000001
00001000
00010000
,
00010010
00001010
00010010
00011000
,
00100000
10000000
01000000
10010000
,
00100000
00010000
10000000
00010000
01000000
00010000
01000000
00000000
,
10100000
00010000
01000000
00010000
,
00100000
10000000
00010000
10000000
01000000
10000000
01000000
00000000
,
00010000
00001000
00000100
00000001
,
00000010
00001000
00000001
00001000
00000100
00001000
00000100
00000000
,
00000101
00000010
00001100
00000001
,
00000010
00000001
00001000
00000001
00000100
00000001
00000100
00000000
,
00000010
00001000
00010000
01000000
,
00100000
00000000
00010000
00010000
,
00000000
10000000
10000000
10000000
,
00100000
00000000
00000000
01000000
00000000
00000000
00000000
00010000
,
00000000
00001000
00000000
00000100
00000000
00000001
00000000
00000001
,
00000000
00001000
00000000
00000000
00001100
00000000
00000000
00010100
,
00000000
00000000
01000000
00000000
00000000
10000000
10000000
00010000
,
00010000
00000000
00000000
10000000
00000000
00000000
01000000
00000000
,
00010000
00000000
00000000
00000100
00001000
00000100
00001000
00000100
,
00000000
00000001
00000000
00000000
00000101
00000000
00000000
00001000
,
00000000
00000000
00001100
00000000
00000000
00000001
00000100
00001000
,
00000000
00010000
00000000
00000000
00010000
00000000
00000000
01000000
,
00000000
00000000
10000000
00000000
00000000
00100000
00010000
10000000
,
00000000
10000000
01000000
00010000
01000000
00000000
10000000
00000000
,
00010000
00001000
00000100
00000000
00000110
00000000
00000001
00000000
,
00001000
00001100
00000001
00000101
,
00001000
00010000
01000000
00000000
01100000
00000000
10000000
00000000
,
00010000
01010000
10000000
11000000
,
00010000
00001000
00000100
00000000
00000110
00000000
00000001
00000000
,
00001000
00010000
01000000
00000000
01100000
00000000
10000000
00000000
,
00010000
00001000
00000100
00000000
00000110
00000000
00000001
00000000
,
00001000
00010000
01000000
00000000
01100000
00000000
10000000
00000000
,
00100000
10000000
00010000
00000000
11000000
00000000
00010000
00000000
,
00001000
00000100
00000001
00001100
,
00000010
00000001
00001000
00000000
00000101
00000000
00001000
00000000
,
00010000
01000000
10000000
01010000
,
00100000
10000000
01000000
00000000
00010000
00000000
00010000
00000000
,
10100000
00010000
01000000
10000000
,
00100000
00010000
01000000
00000000
10010000
00000000
01000000
00000000
,
00100000
10000000
00100000
01000000
,
00010000
10000000
01000000
00000000
00010000
00000000
00001000
00000000
,
00000100
00000001
00001000
00000000
00000100
00001000
00000001
00000000
,
00000010
00000100
00000001
00000000
00001000
00000000
00010000
00000000
,
01000000
10000000
00100000
00000000
10000000
01000000
00010000
00000000
,
00001000
00000100
00000001
00000000
00000010
00000000
00001000
00000000
,
00000001
00000100
00000001
00000000
00001000
00000100
00001000
00000000
,
00010100
00011000
01001000
00011000
,
01000000
10000000
10000000
00000000
,
00000000
00000000
00000000
00000000
;

//---------------dance-double - ----------------
#NOTES:
     dance-double:
     :
     Hard:
     13:
     0.612,0.652,0.099,0.000,0.000:
00000000
00000000
00000000
00000000
,
00000000
00000000
00000000
00000000
,
00000000
00000000
00000000
00000000
,
00000000
00000000
00000000
00000000
,
00000000
00000000
00000000
00000000
,
00000000
00000000
00000000
00000000
,
00000000
00000000
00000000
00000000
,
00010000
00000000
00001000
00000000
00010000
01000000
10000000
00000000
,
00100000
00001000
00010000
01000000
10000000
00010000
01000000
00000000
,
10000000
01000000
10000000
00010000
01000000
00001000
00010000
00000000
,
00100000
00010000
00001000
00010000
00001000
00000100
00000001
00000000
,
00001000
00000100
00001000
00000010
00000100
00001000
00010000
00000000
,
00010000
00000010
00001000
00000010
00000100
00000010
00000001
00000000
,
00000001
00000010
00000001
00000010
00001000
00000100
00001000
00000000
,
00000100
00010000
00001000
00010000
00000010
00010000
00001000
00000000
,
00010000
01000000
10000000
01000000
10000000
00100000
01000000
00000000
,
10000000
01000000
00010000
00001000
00000100
00001000
00010000
00000000
,
00100000
00001000
00010000
00001000
00000100
00000010
00010000
00000000
,
00001000
00000100
00000001
00001000
00000010
00000100
00000001
00000000
,
00001000
00000001
00000100
00000010
00010000
00001000
01000000
00000000
,
00010000
01000000
00010000
10000000
00100000
01000000
00001000
00000000
,
00010000
00001000
00000100
00000010
00010000
00001000
00010000
00000000
,
00100000
00010000
00100000
10000000
01000000
00010000
01000000
00000000
,
00010000
00001000
01000000
00010000
10000000
01000000
00010000
00000000
,
01000000
10000000
00100000
10000000
01000000
00000000
00000000
00000000
,
00010000
01000000
00010000
00000000
00001000
00010000
00001000
00000000
,
00001000
00000100
00001000
00000000
00010000
00001000
00010000
00000000
,
00110000
10000000
01000000
00010000
,
00001000
00000100
00001000
00010000
,
00010000
01000000
00010000
00000000
00001000
00010000
00001000
00000000
,
00001100
00000010
00010010
00001000
,
00001000
00000100
00001000
00000000
00010000
00001000
00010000
00000000
,
01010000
10010000
11000000
10010000
,
00100000
10000000
00010000
01000000
00100000
00010000
00001000
00000000
,
00000100
00000001
00001000
00000100
00000010
00000001
00001000
00000000
,
00000010
00001000
00000100
00000010
00001000
00010000
00100000
00000000
,
10000000
00100000
00010000
00100000
01000000
00010000
01000000
00000000
,
00100000
10000000
00100000
00010000
00100000
00010000
00001000
00000000
,
00000100
00001000
00010000
01000000
00010000
00001000
00000100
00000000
,
00000010
00001000
00000100
00000010
00001000
00010000
00001000
00000000
,
01000000
10000000
00100000
00010000
00100000
10000000
01000000
00000000
,
00100000
00000000
00010000
00010000
,
00000000
10000000
10000000
10000000
,
00100000
00000000
00000000
01000000
00000000
00000000
00000000
00010000
,
00000000
00010000
00000000
10000000
00000000
10000000
00000000
01000000
,
00000000
00010000
00000000
00000000
00001000
00000000
00000000
00000100
,
00000000
00000000
00001000
00000000
00000000
00010000
01000000
00100000
,
01000000
00000000
00000000
10000000
00000000
00000000
01000000
00000000
,
00010000
00000000
00000000
00001000
00000100
00000010
00000100
00000010
,
00000000
00000110
00000000
00000000
00001000
00000000
00000000
00010000
,
00000000
00000000
01000000
00000000
00000000
10000000
01000000
00010000
,
00000000
00100000
00000000
00000000
01000000
00000000
00000000
11000000
,
00000000
00000000
00010000
00000000
00000000
00001000
00000100
00000001
,
00000000
00001000
00000100
00000001
00000010
00000000
00001000
00000000
,
00000010
00000001
00000100
00000000
00000010
00001000
00010000
00000000
,
00001000
00010000
01000000
00000000
10000000
00010000
01000000
00000000
,
00100000
01000000
10000000
00000000
00010000
00100000
10000000
00000000
,
00010000
01000000
00100000
00000000
00010000
00001000
00000100
00000000
,
00000010
00001000
00000100
00000000
00000100
00010000
00001000
00000000
,
00010000
01000000
10000000
00000000
00100000
00010000
00001000
00000000
,
00010000
01000000
10000000
00000000
00100000
00001000
00010000
00000000
,
00010000
00001000
00000100
00000000
00000010
00001000
00000100
00000000
,
00000001
00000100
00001000
00000000
00010000
01000000
10000000
00000000
,
10000000
00010000
10000000
00000000
00100000
10000000
01000000
00000000
,
00010000
00001000
00010000
00000000
00010000
00000100
00001000
00000000
,
00001000
00000100
00000001
00000000
00000001
00000100
00001000
00000000
,
00000001
00000010
00001000
00010000
00000010
00000100
00000010
00000000
,
00000001
00000100
00001000
00010000
00001000
01000000
00010000
00000000
,
00100000
00010000
01000000
00010000
10000000
01000000
00100000
00000000
,
10000000
00010000
01000000
00100000
10000000
01000000
10000000
00000000
,
00100000
10000000
01000000
00100000
00001000
00010000
01000000
10000000
,
00100000
00010000
00001000
00010000
00000100
00001000
00000100
00000001
,
00000100
00000010
00000001
00000100
00001000
00010000
01000000
00100000
,
00001000
00010000
01000000
00010000
00001000
00000100
00000001
00000000
,
00000010
00000100
00001000
00000010
00000100
00000001
00000100
00001000
,
00010000
01000000
10000000
00100000
01000000
00010000
00100000
01000000
,
00010000
00001000
00000100
00000010
00000001
00000010
00001000
00000000
,
00000101
00001000
00000100
00000000
,
00000000
00000000
00000000
00000000
;

//---------------dance-couple - ----------------
#NOTES:
     dance-couple:
     :
     Medium:
     1:
     0.724,0.920,1.000,0.000,0.000:
00000000
00000000
00000000
00000000
,
00000000
00000000
00000000
00000000
,
00000000
00000000
00000000
00000000
,
00000000
00000000
00000000
00000000
,
00000000
00000000
00000000
00000000
,
00000000
00000000
00000000
00000000
,
00000000
00000000
00000000
00000000
,
00000000
00100010
00010001
01000100
,
00000000
10001000
00000000
10001000
,
11000000
00000000
00010001
00000000
00010000
10000000
01000001
00000000
,
11000000
00000000
00010001
00000000
00010000
10000000
01000001
00000000
,
00001100
00000000
10000001
00000000
00000001
00001000
10000100
00000000
,
00001100
00000000
10000001
00000000
00000001
00001000
10000100
00000000
,
10010000
00001001
10001000
01000100
,
00010001
01000100
10001000
01000100
,
00010001
10001000
01000100
00100010
,
00010001
00010001
00010001
00010001
,
01010101
00100010
10001000
11001100
,
10000000
00010000
01000000
10010000
,
00001000
00000001
00000100
00001001
,
10001000
00010001
01000100
01000100
,
00001001
10010000
01000100
01000100
,
01000000
00100000
01000000
00000000
10100000
00000000
01010000
00000000
,
00000100
00000010
00000100
00000000
00001010
00000000
00000101
00000000
,
10010000
00001001
00011000
00000000
,
10010000
01000000
01000000
01000000
,
00001001
00000100
00000100
00000100
,
00100000
10000000
00100000
10000000
00010000
01000000
00010000
00000000
,
00000010
00001000
00000010
00001000
00000001
00000100
00000001
00000000
,
00010000
00010000
01000000
01000000
,
00000001
00000001
00000100
00000100
,
10000000
01000000
00001000
00000100
,
10010000
00001001
00011000
00000000
,
00100000
10000000
01000000
10000000
01000000
00100000
00010001
00100000
,
00010000
01000000
00100000
01000000
00100000
10000000
01000001
10000000
,
00100000
10000000
00010000
00100000
00010000
10000000
01000001
00100000
,
00010000
01000000
00100000
10000000
00010000
01000000
10000001
00000000
,
00000010
00001000
00000100
00001000
00000100
00000010
10000001
00000010
,
00000001
00000100
00000010
00000100
00000010
00001000
10000100
00001000
,
00000010
00001000
00000001
00000010
00000001
00001000
10000100
00000010
,
00000001
00000100
00000010
00001000
00000001
00000100
10001000
00000000
,
00011000
00000000
10010000
00001001
,
00000000
00011000
00011000
00011000
,
01000100
00000000
00000000
10001000
00000000
00000000
00000000
01000100
,
00000000
00100010
00000000
00010001
00000000
01000100
00000000
00100010
,
00000000
10001000
00000000
00000000
00100010
00000000
00000000
01000100
,
00000000
00000000
00010001
00000000
00000000
00010001
10001000
00010001
,
01000100
00000000
00000000
01000100
00000000
00000000
10011001
00000000
,
01100110
00000000
00000000
10001000
00010001
10001000
00010001
01000100
,
00000000
01100110
00000000
00000000
00100010
00000000
00000000
10011001
,
00000000
00000000
01000100
00000000
00000000
01000100
00100010
01000100
,
00000000
10011001
00000000
00000000
01000100
00000000
00000000
01000100
,
00000000
00000000
01000100
00000000
00000000
00010001
10001000
01000100
,
00000000
00000000
00000000
00000000
,
00001000
00000100
10001000
00000001
00000100
00000010
10000100
00000000
,
00000001
00000010
10000001
00000100
00000010
00001000
10000100
00000000
,
10000000
01000000
10000001
00010000
01000000
00100000
01000001
00000000
,
00010000
00100000
00010001
01000000
00100000
10000000
01000001
00000000
,
00001000
00000000
00000100
00000010
00000001
00000100
00000010
00000000
,
10000000
00000000
01000000
00100000
00010000
01000000
00100000
00000000
,
00000001
00000000
00000100
00000010
00001000
00000100
00000010
00000000
,
00010000
00000000
01000000
00100000
10000000
01000000
00100000
00000000
,
00001000
00000001
00000100
00000000
00001010
00000000
10000001
00000000
,
00000010
00000001
00000100
00000000
00000110
00000000
10001000
00000000
,
00000001
00000010
00000100
00000000
00000011
00000000
10001000
00000000
,
00000100
00001000
00000001
00000000
00001100
00000000
10000010
00000000
,
10000000
00010000
01000000
00000000
10100000
00000000
00010001
00000000
,
00100000
00010000
01000000
00000000
01100000
00000000
10000001
00000000
,
00010000
00100000
01000000
00000000
00110000
00000000
10000001
00000000
,
01000000
10000000
00010000
00000000
11000000
00000000
00100001
00000000
,
00001000
00000100
00000010
00000001
00001000
00000100
00000010
00000000
,
00000001
00000010
00000100
00001000
00000001
00000010
00000100
00000000
,
10000000
01000000
00100000
00010000
10000000
01000000
00100000
00000000
,
00010000
00100000
01000000
10000000
00010000
00100000
01000000
00000000
,
00000011
00000000
00001010
00000000
00000001
00000100
00001000
00000000
,
00110000
00000000
10100000
00000000
00010000
01000000
10000000
00000000
,
10010000
00001001
00010000
00001000
,
00100010
00011000
01000100
00000000
00100010
00000000
00000000
00000000
;

//---------------dance-solo - ----------------
#NOTES:
     dance-solo:
     :
     Easy:
     6:
     0.455,0.652,0.416,0.000,0.000:
000000
000000
000000
000000
,
000000
000000
000000
000000
,
000000
000000
000000
000000
,
000000
000000
000000
000000
,
000000
000000
000000
000000
,
000000
000000
000000
000000
,
000000
000000
000000
000000
,
000000
000100
010000
001000
,
000000
000010
000000
000010
,
100000
000100
001000
000001
,
010000
000010
001000
000100
,
100000
000100
010000
000100
,
000001
001000
000100
010010
,
000010
010000
000100
001100
,
000001
000100
100000
100001
,
001000
000000
001000
000000
000010
000100
000001
000000
,
000001
000100
000010
000000
100000
000000
100000
000000
,
001100
001100
010100
000110
,
100000
001000
010000
001000
,
000010
000010
000001
000001
,
001000
001000
010001
100010
,
001000
000100
010000
010000
,
001000
000100
100000
100000
,
100001
001100
001100
100001
,
001100
001100
100001
000000
,
100010
100010
010001
010001
,
001000
001000
001000
001000
,
000100
000010
000100
000001
,
001000
010000
001000
100000
,
000001
000001
100000
100000
,
100001
100001
001000
001000
,
000001
001000
000010
000100
,
100000
001000
010000
000100
,
100000
000010
000010
001000
,
000100
100000
100000
000010
,
001000
000100
000100
010000
,
000001
001000
001000
000010
,
100000
010000
010000
001000
,
000010
100000
100000
000001
,
001000
000001
000001
000010
,
100000
001000
001000
010000
,
000100
000000
000001
000001
,
000000
010000
010000
010000
,
100000
000000
000000
001000
000000
000000
000000
001000
,
000000
010000
000000
010000
000000
000001
000000
000001
,
000000
001000
000000
000000
010000
000000
000000
001000
,
000000
000000
000010
000000
000000
100000
100000
000001
,
000001
000000
000000
001000
000000
000000
010000
000000
,
000010
000000
000000
001000
001000
000000
000000
000100
,
000100
001000
000000
000000
000001
000000
000000
100000
,
000000
000000
000010
000000
000000
001000
000010
001000
,
000000
001000
000000
000000
000100
000000
000000
010000
,
000000
000000
000001
000000
000000
010000
001000
010000
,
000000
000000
000000
000000
,
100001
001000
000010
001000
,
100001
001000
010000
010000
,
000010
000100
001000
000001
,
010000
001000
010000
001000
,
100000
000010
001000
000100
,
100001
010000
000010
010000
,
100001
000010
001100
010000
,
000001
000001
100001
000000
,
000100
100000
100001
000001
,
001000
000010
010010
010000
,
000001
010000
100010
001000
,
000001
000001
100000
100000
,
000100
001000
000100
000000
010000
000000
010000
000000
,
000001
000001
100010
010001
,
001000
001000
000100
000100
,
010000
000000
010000
000000
000010
100000
000010
000000
,
001000
000100
001000
000000
000100
001000
000100
000000
,
000010
000010
010000
000010
,
100000
100000
100000
000000
000001
000001
000001
000000
,
010000
100000
010000
100000
010000
100000
000100
000000
,
001010
001010
100010
001010
,
010001
010001
011000
001010
,
100000
000001
001000
000100
,
000100
100000
000001
000000
100001
000000
000000
000000
;

//---------------dance-solo - ----------------
#NOTES:
     dance-solo:
     :
     Medium:
     7:
     0.509,0.614,0.386,0.000,0.000:
000000
000000
000000
000000
,
000000
000000
000000
000000
,
000000
000000
000000
000000
,
000000
000000
000000
000000
,
000000
000000
000000
000000
,
000000
000000
000000
000000
,
000000
000000
000000
000000
,
000000
000100
001000
000010
,
000000
000010
000000
000010
,
100000
100000
001000
001000
,
010000
010000
000001
000001
,
000100
000000
000100
000000
010000
001000
010000
000000
,
000001
000000
000100
000000
000010
001000
000010
000000
,
100000
000010
100000
000000
001100
000000
100001
000000
,
000001
100000
000100
000100
,
010000
000001
010000
000000
010010
000000
001100
000000
,
100000
000001
001000
000001
,
000010
001000
000100
101000
,
000001
001000
000010
101000
,
000010
001000
000100
101000
,
000001
000001
000100
001010
,
100000
000100
100000
000000
000001
000100
000001
000000
,
001000
000100
001000
000000
001010
000000
011000
000000
,
000001
000101
000001
100001
,
100000
000100
010000
000100
001000
000000
000000
000000
,
100001
001000
001000
001000
,
001100
000010
000010
000010
,
001000
001000
000001
100000
,
000100
000100
010000
001000
,
000001
000001
001000
001000
,
100000
100000
001000
001000
,
001010
011000
010001
100010
,
001100
100001
001100
000000
,
000001
010000
001000
000000
,
100000
000100
001000
000000
000100
001000
000001
000000
,
000100
000001
001000
100000
,
001000
000010
100000
000000
000001
010000
001000
000000
,
001000
100000
000001
000100
,
010000
001000
010000
000000
100000
000010
001000
000000
,
000001
000100
100000
001000
,
000100
010000
000001
000000
000100
000010
100000
000000
,
001000
000000
000010
000010
,
000000
100000
100000
100000
,
001000
000000
000000
001010
000000
000000
000000
001000
,
000000
010000
000000
011000
000000
000001
000000
001001
,
000000
100001
000000
000000
000100
000000
000000
001000
,
000000
000000
000001
000000
000000
000001
010000
000001
,
010000
000000
000000
010000
000000
000000
100001
000000
,
001100
000000
000000
010000
000001
010000
000001
001000
,
000000
001100
000000
000000
000100
000000
000000
100001
,
000000
000000
001000
000000
000000
001000
000010
001000
,
000000
100001
000000
000000
100000
000000
000000
000100
,
000000
000000
001000
000000
000000
000100
001000
000001
,
000000
000000
000000
000000
,
100000
000000
000100
000000
001000
001000
001000
000000
,
000010
000000
001000
000000
000001
000001
000001
000000
,
010000
000100
100000
100000
,
000010
001000
000100
000100
,
000100
000000
001000
000100
100000
001000
000100
000000
,
000100
000000
001000
000100
000001
001000
000100
000000
,
000100
000000
001000
000100
100000
001000
000100
000000
,
000001
001000
000100
100000
,
000001
001000
000100
000000
001010
000000
100000
000000
,
000001
000100
000001
000000
001100
000000
001000
000000
,
000001
000010
000001
000000
010001
000000
100000
000000
,
001000
000010
000100
011000
,
100000
001000
100000
000000
010000
000001
010000
000000
,
000010
100000
000010
000000
000001
000100
000001
000000
,
001000
001000
000100
000000
100000
100000
000001
000000
,
010000
010000
001000
000000
000100
000100
000001
000000
,
000001
000010
000001
000100
000001
000010
000001
000100
,
000001
000010
000001
000100
000001
000010
000001
000000
,
001000
000100
001000
000000
100000
001000
100000
000000
,
000010
001000
000010
001000
000010
100000
001000
000000
,
001010
011000
000001
100000
,
000100
000000
001000
000000
000010
000010
001000
000000
,
010000
001000
100000
001000
000001
000100
000010
001000
,
001010
000110
100001
000000
;

//---------------dance-solo - ----------------
#NOTES:
     dance-solo:
     :
     Hard:
     9:
     0.633,0.652,0.148,0.000,0.000:
000000
000000
000000
000000
,
000000
000000
000000
000000
,
000000
000000
000000
000000
,
000000
000000
000000
000000
,
000000
000000
000000
000000
,
000000
000000
000000
000000
,
000000
000000
000000
000000
,
000010
000000
001000
000000
000100
100000
000100
000000
,
001000
000001
010000
000000
000100
100000
001000
000000
,
000010
000010
001000
001000
000001
000100
001000
100000
,
000001
000001
001000
001000
000100
010000
001000
000000
,
000001
000100
000001
000000
001000
000010
001000
000000
,
000100
010000
000001
000000
100000
000010
100000
000000
,
000001
001000
000100
100000
000010
100000
000001
010000
,
000001
010000
000100
001000
000010
001000
000001
000000
,
001000
010000
001000
100000
001000
000010
001000
000001
,
001000
010000
001000
100000
001000
000100
001000
000000
,
000100
100001
001000
100001
,
001000
000010
001000
000010
001000
000010
001000
000000
,
100000
000000
001000
010000
001000
000100
000001
000000
,
000001
000000
000100
000000
010000
001000
010000
000000
,
100010
000000
100010
000000
001000
000001
001000
000000
,
000010
000010
001000
001000
001100
000000
010001
000000
,
010000
000000
010000
001000
100000
000000
000100
001000
,
000001
000100
000010
001000
000001
000000
100001
000000
,
100001
000000
100010
000000
001000
000100
100000
000000
,
010001
000000
011000
000000
000100
100000
001000
000000
,
000100
001000
000100
000000
001000
000010
001000
000000
,
000001
010000
000001
010000
001000
100000
001000
000000
,
100000
000100
100000
000100
000100
010000
000100
000010
,
000100
000100
001000
000001
000001
000001
100000
000000
,
000010
001000
000001
001000
000100
001000
000001
100000
,
001000
010000
001000
010000
000001
000000
000000
000000
,
000100
000010
001000
000010
001000
000001
100000
000001
,
100000
000100
001000
000100
001000
000010
100000
000001
,
010000
001000
010000
001000
000100
000001
001000
000010
,
100000
000100
010000
000010
001000
010000
001000
100000
,
001000
000001
100000
000010
100000
000100
001000
000000
,
000001
010000
000100
100000
000001
010000
000100
100000
,
000001
010000
000001
100000
000001
010000
001000
000100
,
001000
010000
000001
001000
000001
100000
000100
000000
,
000100
000000
000001
000001
,
000000
010000
010000
010000
,
000100
000000
000000
001000
000000
000000
000000
000001
,
000000
100000
000000
000100
000000
001000
000000
000001
,
000000
010000
000000
000000
001000
000000
000000
000010
,
000000
000000
100000
000000
000000
000001
000001
001000
,
001000
000000
000000
000100
000000
000000
100000
000000
,
000001
000000
000000
001000
001000
000100
100000
100000
,
000000
000001
000000
000000
010000
000000
000000
000001
,
000000
000000
001000
000000
000000
000010
001000
001000
,
000000
000100
000000
000000
100000
000000
000000
000001
,
000000
000000
001000
000000
000000
000010
000010
000010
,
000000
000000
000000
000000
,
010000
001000
010000
000001
000100
000001
000100
000000
,
001000
010000
001000
100000
000100
001000
000001
000000
,
000100
100000
000100
001000
000100
000001
000100
001000
,
000100
100000
000100
001000
000100
000001
000100
000000
,
100000
000001
001000
000100
010000
000010
001000
000100
,
100000
000001
001000
000100
010000
000010
001000
000000
,
000001
000001
010000
000001
000001
000001
010000
000001
,
000001
000001
010000
000001
010000
010000
001000
000000
,
100000
000010
001000
000010
100000
000010
001000
000010
,
000100
000001
001000
000001
000100
000001
001000
000000
,
100000
001000
100000
001000
010000
001000
010000
001000
,
000100
001000
000100
001000
010000
001000
010000
000000
,
000001
001000
000100
100000
000100
001000
000001
100000
,
000001
000100
000001
010000
001000
100000
001000
000000
,
100000
100000
000010
000000
000100
000001
010000
000000
,
001000
100000
000100
010000
001000
001000
100000
000000
,
000010
001000
000001
100000
000100
001000
000010
000100
,
000010
001000
000001
000100
001000
100000
000001
000000
,
010000
000100
010000
000100
010000
000001
010000
000000
,
000010
000000
100000
000000
000100
001000
000010
000000
,
010001
000000
100010
000000
000100
001000
000100
000000
,
001010
000000
011000
000000
000001
001000
000001
000000
,
000001
000001
010000
000000
000010
100000
100000
000000
,
000001
000100
001000
000000
100000
000000
000000
000000
;
