#TITLE:peace-out;
#SUBTITLE:;
#ARTIST:dj nagureo;
#TITLETRANSLIT:;
#SUBTITLETRANSLIT:;
#ARTISTTRANSLIT:;
#CREDIT:;
#BANNER:peace-out.png;
#BACKGROUND:peace-out-bg.png;
#LYRICSPATH:;
#CDTITLE:./CDTITLES/BEATMANIA.PNG;
#MUSIC:peace-out.ogg;
#OFFSET:0.000;
#SAMPLESTART:43.800;
#SAMPLELENGTH:15.000;
#SELECTABLE:YES;
#DISPLAYBPM:133.000;
#BPMS:0.000=115.200,8.000=133.213;
#STOPS:;
#BGCHANGES:;

//---------------dance-single - ----------------
#NOTES:
     dance-single:
     :
     Beginner:
     1:
     0.112,0.152,0.063,0.000,0.000:
0000
0000
0000
0000
,
0000
0000
0000
0000
,
0000
0000
0000
0000
,
0000
0000
0000
0000
,
0001
0000
0000
0000
,
1000
0000
0000
0000
,
0001
0000
0000
0000
,
1000
0000
0000
0000
,
0010
0000
0000
0000
,
0100
0000
0000
0000
,
1000
0000
0000
0000
,
0001
0000
0000
0000
,
0110
0000
0000
0000
,
1001
0000
0000
0000
,
0001
0000
0001
0000
,
0100
0000
1000
0000
,
1001
0000
0000
0000
,
0110
0000
0000
0000
,
0100
0000
1000
0000
,
0001
0000
1000
0000
,
0010
0000
0000
0000
,
0100
0000
0000
0000
,
0010
0000
0001
0000
,
1000
0000
0100
0000
,
0100
0100
0000
0000
,
0001
0001
0000
0000
,
0010
0010
0000
0000
,
1000
1000
0000
0000
,
0100
0000
1000
0000
,
1000
0000
0010
0000
,
0010
0000
0001
0000
,
0001
0000
0100
0000
,
0100
0000
0000
0000
,
0010
0000
0000
0000
,
0001
0000
0001
0000
,
1000
0000
1000
0000
,
0001
0000
0100
0000
,
1000
0000
0100
0000
,
0010
0000
0001
0000
,
0100
0000
1000
0000
,
1001
0000
0000
0000
,
0000
0000
0000
0000
;

//---------------dance-single - ----------------
#NOTES:
     dance-single:
     :
     Easy:
     2:
     0.119,0.152,0.063,0.051,0.000:
0000
0000
0000
0000
,
0000
0000
0000
0000
,
0000
0000
0000
0000
,
0000
0000
0000
0000
,
0001
0000
0000
0000
,
1000
0000
0000
0000
,
0001
0000
0000
0000
,
1000
0000
0000
0000
,
0010
0000
0000
0000
,
0100
0000
0000
0000
,
1000
0000
0000
0000
,
0001
0000
0000
0000
,
0110
0000
0000
0000
,
1001
0000
0000
0000
,
0001
0000
0001
0000
,
0100
0000
1000
0000
,
1001
0000
0000
0000
,
0110
0000
0000
0000
,
0100
0000
1000
0000
,
0001
0000
1000
0000
,
0020
0030
0000
0000
,
0200
0300
0000
0000
,
0010
0000
0001
0000
,
1000
0000
0100
0000
,
0100
0100
0000
0000
,
0001
0001
0000
0000
,
0010
0010
0000
0000
,
1000
1000
0000
0000
,
0100
0000
1000
0000
,
1000
0000
0010
0000
,
0010
0000
0001
0000
,
0001
0000
0100
0000
,
0200
0300
0000
0000
,
0020
0030
0000
0000
,
0001
0000
0001
0000
,
1000
0000
1000
0000
,
0001
0000
0100
0000
,
1000
0000
0100
0000
,
0010
0000
0001
0000
,
0100
0000
1000
0000
,
1001
0000
0000
0000
,
0000
0000
0000
0000
;

//---------------dance-single - ----------------
#NOTES:
     dance-single:
     :
     Medium:
     4:
     0.237,0.278,0.101,0.101,0.000:
0000
0000
0000
0000
,
0000
0000
0000
0000
,
0000
0000
0000
0000
,
0000
0000
0000
0000
,
0001
0000
0100
0000
,
1000
0000
0010
0000
,
0001
0000
1000
0000
,
0010
0000
0100
0000
,
1000
0000
0100
0000
,
0001
0000
0010
0000
,
1000
0000
0001
0000
,
0100
0000
0010
0000
,
0001
0001
1000
1000
,
0001
0001
0100
1000
,
0010
0010
0100
0100
,
0010
0010
0001
0100
,
2000
3000
0100
0101
,
0010
1000
0001
0001
,
0200
0300
0001
0011
,
1000
0001
1000
0100
,
0002
0000
0000
0103
,
2000
0000
0000
3010
,
0002
0003
2000
3000
,
1001
0000
0000
0000
,
0001
1000
0001
0100
,
1000
0001
1000
0100
,
0001
0100
1000
0100
,
0001
0010
1000
0100
,
0000
0110
0010
1000
,
0010
0101
0010
0001
,
0100
1010
0100
0001
,
1000
1001
0010
0100
,
0010
0010
0001
1000
,
0100
0010
0001
0001
,
0010
0100
0010
1000
,
0100
0100
0001
1000
,
0200
0300
0001
1000
,
0100
1000
0010
0100
,
0020
0030
1000
0100
,
0010
0001
0100
1000
,
0110
0000
0000
0000
,
0000
0000
0000
0000
;

//---------------dance-single - ----------------
#NOTES:
     dance-single:
     :
     Hard:
     7:
     0.410,0.567,0.316,0.405,0.025:
0000
0000
0000
0000
,
0000
0000
0000
0000
,
0000
0000
0000
0000
,
0000
0000
0000
0000
,
0001
0000
1100
0000
0010
1000
0001
0000
,
1000
0000
0011
0000
0100
0001
1000
0000
,
0001
0000
1010
0000
0100
1000
0001
0000
,
1000
0000
0101
0000
0010
0001
1000
0000
,
0001
0000
1001
0000
1000
0100
0001
0000
,
1000
0000
1001
0000
0001
0010
1000
0000
,
1000
0100
0001
0000
1000
0010
1000
0000
,
0001
0010
1000
0000
0001
0100
0001
0000
,
2000
0001
3000
0100
,
0002
1000
0003
0100
,
2000
3100
0002
0013
,
1000
0010
0001
0100
,
0020
1000
0030
1001
,
0200
0001
0300
1001
,
0020
1030
0200
0301
,
0010
1000
0001
0100
,
2002
0000
0000
0000
3003
0000
1100
0000
0000
0000
1001
0000
0000
0101
0000
0000
,
2002
0000
0000
0000
3003
0000
0011
0000
0000
0000
1001
0000
0000
1010
0000
0000
,
0022
0000
0000
0000
0033
0000
0110
0000
0000
0000
1001
0000
0000
0110
0000
0000
,
2200
0000
0000
0000
3300
0000
0110
0000
0000
0000
1001
0000
0000
0110
0000
0000
,
0001
0100
2000
0000
3010
0000
0100
0000
,
1000
0100
0002
0000
0103
0000
0010
0000
,
0001
0010
2000
0000
3100
0000
0010
0000
,
1000
0010
0002
0000
0013
0000
0100
0000
,
0010
1000
0100
0000
0002
0000
1003
0000
,
0010
0001
0100
0000
2000
0000
3001
0000
,
1000
0001
0100
0000
0001
0100
1000
0000
,
0001
1000
0010
0000
1000
0010
0001
0000
,
2000
3100
0200
0310
,
0020
0031
0002
1003
,
0010
0001
0010
0000
0001
1000
0001
0000
,
0100
1000
0100
0000
1000
0001
1000
0000
,
0002
1003
2000
3010
,
0020
0130
0200
0301
,
0100
0010
1000
0000
0001
0100
0001
0000
,
0010
0100
0001
0100
1000
0010
0100
0000
,
2002
0000
0000
3003
,
0000
0000
0000
0000
;

//---------------dance-double - ----------------
#NOTES:
     dance-double:
     :
     Easy:
     3:
     0.182,0.226,0.038,0.240,0.000:
00000000
00000000
00000000
00000000
,
00000000
00000000
00000000
00000000
,
00000000
00000000
00000000
00000000
,
00000000
00000000
00000000
00000000
,
00010000
00000000
00001000
00000000
,
00010000
00000000
00000100
00000000
,
00000010
00000000
00000001
00000000
,
00001000
00000000
00000100
00000000
,
00000010
00000000
00001000
00000000
,
00010000
00000000
00100000
00000000
,
10000000
00000000
00010000
00000000
,
00100000
00000000
00001000
00000000
,
00020000
00030000
00002000
00003000
,
00000200
00000300
00000002
00000003
,
00002000
00003000
00000020
00000030
,
00000002
00000003
00000200
00000300
,
00002000
00000000
00000000
00003000
,
00020000
00000000
00000000
00030000
,
02000000
00000000
00000000
03000000
,
20000000
00000000
00000000
30000000
,
00020000
00000000
00000000
00030000
,
02000000
00000000
00000000
03000000
,
00200000
00000000
00000000
00300000
,
00000000
00000000
00022000
00033000
,
00000000
00000000
00001000
00001000
,
00000100
00000000
00000010
00000010
,
00001000
00000000
00000001
00000001
,
00001000
00000000
00000100
00000100
,
00000010
00000000
00001000
00001000
,
00010000
00000000
01000000
01000000
,
10000000
00000000
00010000
00010000
,
01000000
00000000
00100000
01000000
,
20020000
00000000
00000000
30030000
,
01000000
00010000
00001000
00010000
,
00000000
00001000
00000100
00000001
,
00000000
00000010
00000100
00000010
,
00000000
00001000
00000001
00001000
,
00000000
00000010
00001000
00000100
,
00000000
00000010
00000001
00000100
,
00001000
00010000
01000000
10010000
,
00000000
00000000
00000000
00000000
;

//---------------dance-double - ----------------
#NOTES:
     dance-double:
     :
     Medium:
     5:
     0.229,0.276,0.139,0.114,0.000:
00000000
00000000
00000000
00000000
,
00000000
00000000
00000000
00000000
,
00000000
00000000
00000000
00000000
,
00000000
00000000
00000000
00000000
,
20020000
30030000
00100000
00000000
,
00010000
00000000
10000000
00000000
,
01000000
00000000
00010000
00000000
,
00001000
00000000
00000010
00000000
,
00000001
00000000
00001000
00000100
,
00000001
00000000
00000100
00001000
,
00010000
00000000
00010000
01000000
,
10000000
00000000
10000000
00010000
,
10010000
00000000
00100000
01000000
,
01100000
00000000
00001000
00010000
,
00011000
00000000
00001000
00000100
,
00001001
00000000
00000010
00000010
,
00002002
00000000
00000000
00003003
,
00000010
00000000
00000001
00000000
,
00001000
00000000
00000100
00000000
,
00000010
00000000
00000001
00000000
,
00000100
00000000
00001000
00000000
,
00020000
00000000
00000000
00030000
,
02000000
00000000
00000000
03000000
,
20000000
00000000
00000000
30010000
,
10000000
00100000
01000000
00001000
,
00100000
01000000
10000000
00100000
,
00010000
00001000
00000010
00000001
,
00001000
00000010
00000100
00000001
,
00001000
00000100
00000010
00000001
,
00000100
00001000
00010000
01000000
,
00100000
10000000
00010000
01000000
,
00100000
01000000
00010000
10000000
,
10010000
01000000
00100000
00010000
,
10000000
00010000
20000000
30000000
,
01000000
00100000
00020000
00030000
,
10000000
00100000
00010000
00011000
,
00001000
00000100
00000001
00001001
,
00000010
00001000
00010000
00011000
,
01000000
10000000
00010000
01000000
,
00100000
00010000
00001000
00011000
,
00000000
00000000
00000000
00000000
;

//---------------dance-double - ----------------
#NOTES:
     dance-double:
     :
     Hard:
     7:
     0.341,0.377,0.177,0.139,0.000:
00000000
00000000
00000000
00000000
,
00000000
00000000
00000000
00000000
,
00000000
00000000
00000000
00000000
,
00000000
00000000
00000000
00000000
,
00000010
00001000
00000001
00000000
00000100
00000000
00000100
00000000
,
00000010
00001000
00000100
00000000
00000010
00000000
00000010
00000000
,
00000001
00000100
00001000
00010000
,
00100000
00000000
10000000
00000000
00010000
01000000
00100000
00000000
,
10000000
00010000
01000000
00000000
00100000
00000000
10000000
00000000
,
00010000
10000000
01000000
00000000
00100000
00000000
00010000
00000000
,
10000000
01000000
00010000
00000100
,
00000010
00000000
00000001
00000000
00001000
00000010
00000100
00000000
,
00000002
00000103
00002000
00003100
,
00000010
00001000
00010000
01000000
,
20000000
31000000
00020000
01030000
,
00100000
00010000
00001000
00000100
,
00000002
00000013
00002000
00003100
,
00000010
00000001
00000100
00001000
,
00020000
00031000
02000000
13000000
,
00100000
00010000
01000000
10000000
,
00200000
00000000
00000000
10000000
00000000
10000000
00300000
10000000
,
02000000
00000000
00000000
00100000
00000000
00100000
03000000
00100000
,
00020000
00000000
00000000
01000000
00000000
01000000
00030000
01000000
,
00000000
00000000
01000000
10010000
,
10000000
01000000
00100000
00000000
00011000
00000000
00000110
00000000
,
00000001
00001000
00000100
00000000
00000011
00000000
00001100
00000000
,
00000010
00000001
00000100
00000000
00001010
00000000
00000101
00000000
,
00001000
00010000
00000100
00000000
00000010
00000000
00001000
00000000
,
00010000
00100000
10000000
01000000
,
00100000
00001000
00010000
00000000
00001010
00000000
00000101
00000000
,
00000010
00001000
00000100
00000000
00011000
00000000
01010000
00000000
,
10000000
00010000
01000000
00000000
10100000
00000000
01100000
00000000
,
00000000
00010000
10000000
01000000
00000000
00100000
00001000
00010000
,
00000000
00000100
00000010
00000001
00000000
00001000
00000001
00000100
,
00000000
00001000
00010000
00000100
00000000
00000010
00000001
00000100
,
00000000
00000010
00001000
00000100
00000000
00010000
00001000
00010000
,
00100000
00000000
10000000
01000000
00000000
00000000
00100000
00010000
,
00000000
00000000
00001000
00000100
00000000
00000000
00000010
00000001
,
00000000
00000000
00001000
00000100
00000000
00000000
00000010
00000100
,
00000000
00000000
00001100
00000000
00000001
00001000
00000010
00000000
,
00000000
00000000
00000000
00000000
;
