#TITLE:PERFECT FREE;
#SUBTITLE:;
#ARTIST:nite system;
#TITLETRANSLIT:;
#SUBTITLETRANSLIT:;
#ARTISTTRANSLIT:;
#CREDIT:;
#BANNER:PERFECT FREE.png;
#BACKGROUND:PERFECT FREE-bg.png;
#LYRICSPATH:;
#CDTITLE:./CDTITLES/DANCE DANCE REVOLUTION CLUB VERSION.PNG;
#MUSIC:PERFECT FREE.mp3;
#OFFSET:-0.067;
#SAMPLESTART:47.880;
#SAMPLELENGTH:12.000;
#SELECTABLE:YES;
#DISPLAYBPM:130.000;
#BPMS:0.000=130.000;
#STOPS:;
#BGCHANGES:;

//---------------dance-single - ----------------
#NOTES:
     dance-single:
     :
     Easy:
     5:
     0.294,0.413,0.221,0.000,0.000:
0000
0000
0000
0000
,
0000
0000
0000
0000
,
0000
0000
0000
0000
,
0000
0000
0000
0000
,
0001
1000
0010
1001
,
1000
0001
0100
0010
,
0001
1000
0010
1001
,
1000
0001
0100
0010
,
0001
1000
0010
1001
,
0001
1000
0010
0100
,
1000
0001
0100
1001
,
0001
1000
0010
0100
,
1000
0001
0100
1001
,
0001
1000
0011
1100
,
1000
0001
0010
0110
,
0001
1000
0100
1001
,
1000
0001
0010
0110
,
1000
1000
1000
1000
,
0001
0000
0001
0001
0000
0000
0100
0000
,
1000
0000
1000
1000
0000
0000
0100
0000
,
0001
0000
0001
0001
0000
0000
0010
0000
,
1000
0000
1000
0100
0000
0000
0000
0000
,
0001
0001
0001
0001
,
0100
0100
0100
0100
,
1001
0110
1001
0110
,
1000
0100
1000
0100
1000
0100
1000
0000
,
1000
0000
1000
0000
0000
1000
1000
0000
,
0001
0000
0001
0000
0000
0001
0001
0000
,
0001
0000
0001
0000
0000
0001
0001
0000
,
1000
0000
1000
0000
0000
1000
1000
0000
,
0001
0000
0001
0000
0000
0001
0100
0000
,
0100
0000
0100
0000
0000
0100
1000
0000
,
1000
0000
1000
0000
0000
1000
0010
0000
,
0010
0000
0010
0000
0000
0010
0001
0000
,
0001
0000
0001
0000
0000
0001
0100
0000
,
0100
0000
0100
0000
0000
0100
1000
0000
,
1000
0000
1010
0000
0000
1000
0010
0000
,
0010
0000
0011
0000
0000
0010
0001
0000
,
0001
0000
0101
0000
0000
0001
0100
0000
,
0000
0000
0000
0010
0000
0000
0000
0000
,
0000
0000
0000
0000
,
0010
0000
0010
0001
0100
0000
0100
0000
,
1001
0000
0000
0000
;

//---------------dance-single - ----------------
#NOTES:
     dance-single:
     :
     Medium:
     6:
     0.381,0.439,0.172,0.000,0.092:
0000
0000
0000
0000
,
0000
0000
0000
0000
,
0000
0000
0000
0000
,
0000
0000
0000
0000
,
0001
1000
0010
1001
,
1000
0000
0001
0000
0100
1000
0100
1000
,
1001
1000
0010
0110
,
1000
0001
0100
1001
,
0001
1000
0010
0110
,
0001
1000
0010
1001
,
1000
0001
0100
0110
,
0001
1000
0010
1001
,
1000
0001
0100
0110
,
0001
0000
1000
0000
0010
0001
0010
0001
,
1001
0000
0000
1000
0100
0000
0000
0001
,
0000
0000
0000
0001
0100
0000
0000
1000
,
0000
0000
0000
1000
0100
0000
0000
0000
,
1000
0001
1000
0001
1000
0001
1000
0001
,
0001
0000
0001
0001
0000
0001
0100
1000
,
1000
0000
1000
1000
0000
1000
0100
0001
,
0100
0000
0000
0000
,
0000
0000
0000
0011
0000
0000
0000
0000
,
0001
0001
0001
0001
0001
0001
0001
0001
,
0001
0001
0001
0001
0001
0001
0001
0001
,
0100
0001
0001
0001
0001
0001
0001
0001
,
1000
0001
1000
0001
1000
0001
0001
1000
,
1000
0000
0000
1000
0000
0000
1000
0000
0000
0000
1000
0000
1000
0000
1000
0000
,
1000
0000
0000
1000
0000
0000
1000
0000
0000
0000
1000
0000
0100
0000
0001
0000
,
0001
0000
0000
0001
0000
0000
0001
0000
0000
0000
0001
0000
0010
0000
1000
0000
,
1000
0000
0000
1000
0000
0000
1000
0000
0000
0000
1000
0000
0100
0000
0001
0000
,
0001
0000
0000
0001
0000
0000
0001
0000
0000
0000
0001
0000
0010
0000
1000
0000
,
1000
0000
0000
1000
0000
0000
1000
0000
0000
0000
1000
0000
0100
0000
0001
0000
,
0001
0000
0000
0001
0000
0000
0001
0000
0000
0000
0001
0000
0010
0000
1000
0000
,
1000
0000
0000
1000
0000
0000
1000
0000
0000
0000
1000
0000
0100
0000
0001
0000
,
0001
0000
0000
0001
0000
0000
0001
0000
0000
0000
0001
0000
0010
0000
1000
0000
,
1000
0000
0000
1000
0000
0000
1000
0000
0000
0000
1000
0000
0100
0000
0001
0000
,
0001
0000
0000
0001
0000
0000
0001
0000
0000
0000
0001
0000
0010
0000
1000
0000
,
1000
0000
0000
1000
0000
0000
1000
0000
0000
0000
1000
0000
0100
0000
0001
0000
,
0001
0000
0000
0001
0000
0000
0001
0000
0000
0000
0001
0000
0010
0000
1000
0000
,
1000
0000
0000
1000
0000
0000
1000
0000
0000
0000
1000
0000
0100
0000
0001
0000
,
0001
0000
0000
0001
0000
0000
0001
0000
0000
0000
0001
0000
0001
0000
0001
0000
,
0011
0000
0001
0001
0001
0000
0101
0000
,
1001
0000
0000
0000
;

//---------------dance-single - ----------------
#NOTES:
     dance-single:
     :
     Hard:
     7:
     0.427,0.568,0.381,0.000,0.092:  // measure 1
0000
0000
0000
0000
,  // measure 2
0000
0000
0000
0000
,  // measure 3
0000
0000
0000
0000
,  // measure 4
0000
0000
0000
0000
0000
0000
0000
0010
,  // measure 5
0000
0000
0000
1000
0100
0000
0000
1000
,  // measure 6
0000
0000
0000
0100
0001
0000
0000
0100
,  // measure 7
0000
0000
0000
0001
0010
0000
0000
0001
,  // measure 8
0000
0000
0000
0010
1000
0000
0000
0010
,  // measure 9
0000
0000
0000
1000
0100
0000
0110
1000
,  // measure 10
0000
0000
0000
0100
0001
0000
1001
0100
,  // measure 11
0000
0000
0000
0001
0010
0000
0110
0001
,  // measure 12
0000
0000
0000
0010
1000
0000
1001
0010
,  // measure 13
0000
0000
1100
1000
0100
0000
0110
1000
,  // measure 14
0000
0000
0101
0100
0001
0000
0110
0100
,  // measure 15
0000
0000
1001
0001
0010
0000
0110
0001
,  // measure 16
0000
0000
0110
0010
1000
0000
1001
1000
,  // measure 17
0000
0000
0001
1000
1000
0000
0001
0000
,  // measure 18
1000
0001
1000
0001
1000
0001
1000
0001
,  // measure 19
0010
0000
1000
0100
0000
1000
1000
0100
,  // measure 20
1000
0000
0100
0001
0000
0100
0100
0001
,  // measure 21
0100
0000
0001
0010
0000
0001
0001
0010
,  // measure 22
0001
0000
0010
1000
0000
0010
0010
1000
,  // measure 23
0010
1000
1000
0100
0100
0001
0001
0010
,  // measure 24
0010
1000
1000
0100
0100
0001
0001
0010
,  // measure 25
1010
1100
0101
0011
,  // measure 26
1010
1000
1100
0100
0101
0001
0011
1001
,  // measure 27
1000
0000
0000
1000
0000
0000
1000
0000
0000
0000
0100
0000
1000
0000
0100
0000
,  // measure 28
0100
0000
0000
0100
0000
0000
0100
0000
0000
0000
0001
0000
0100
0000
0001
0000
,  // measure 29
0001
0000
0000
0001
0000
0000
0001
0000
0000
0000
0010
0000
0001
0000
0010
0000
,  // measure 30
0010
0000
0000
0010
0000
0000
0010
0000
0000
0000
1000
0000
0010
0000
1000
0000
,  // measure 31
1000
0000
0000
0100
0000
0000
0001
0000
0000
0000
0001
0000
0100
0000
1000
0000
,  // measure 32
0100
0000
0000
0001
0000
0000
0010
0000
0000
0000
0010
0000
0001
0000
0100
0000
,  // measure 33
0001
0000
0000
0010
0000
0000
1000
0000
0000
0000
1000
0000
0010
0000
0001
0000
,  // measure 34
0010
0000
0000
1000
0000
0000
1100
0000
0000
0000
0100
0000
1000
0000
0010
0000
,  // measure 35
1000
0000
0000
0100
0000
0000
0101
0000
0000
0000
0001
0000
0100
0000
1000
0000
,  // measure 36
0100
0000
0000
0001
0000
0000
0011
0000
0000
0000
0010
0000
0001
0000
0100
0000
,  // measure 37
0001
0000
0000
0010
0000
0000
1010
0000
0000
0000
1000
0000
0010
0000
0001
0000
,  // measure 38
0010
0000
0000
1000
0000
0000
0100
0000
0010
0000
0100
0000
1000
0000
0010
0000
,  // measure 39
1000
0000
0000
0100
0000
0000
0001
0000
1000
0000
0001
0000
0100
0000
1000
0000
,  // measure 40
0100
0000
0000
0001
0000
0000
0010
0000
0100
0000
0010
0000
0001
0000
0100
0000
,  // measure 41
0001
0000
0000
0010
0000
0000
0001
0000
0010
0000
0001
0000
0010
0000
0000
0000
,  // measure 42
0011
0000
1001
0101
0011
0000
0101
0000
,  // measure 43
1001
0000
0000
0000
;

//---------------dance-double - ----------------
#NOTES:
     dance-double:
     :
     Easy:
     6:
     0.390,0.465,0.185,0.000,0.092:
00000000
00000000
00000000
00000000
,
00000000
00000000
00000000
00000000
,
00000000
00000000
00000000
00000000
,
00000000
00000000
00000000
00000000
,
00100000
01000000
00010000
00011000
,
00000100
00000000
00000010
00000000
00001000
00010000
00001000
00010000
,
00100000
01000000
00010000
00011000
,
00000100
00000010
00001000
00011000
,
00100000
01000000
00010000
00011000
,
00000100
00000010
00001000
00011000
,
00100000
01000000
00010000
00011000
,
00000100
00000010
00001000
00011000
,
00100000
01000000
00010000
00011000
,
00000100
00000000
00000010
00000000
00001000
00010000
00001000
00010000
,
00000000
00000000
00000000
00000001
00000100
00000000
00000000
00001000
,
00000000
00000000
00000000
00001000
00010000
00000000
00000000
00010000
,
00000000
00000000
00000000
00010000
01000000
00000000
00000000
00000000
,
10000000
01000000
10000000
01000000
10000000
01000000
10000000
01000000
,
10000000
00000000
10000000
10000000
00000000
10000000
01000000
00010000
,
00010000
00000000
00010000
00010000
00000000
00010000
00001000
00000100
,
00001000
00000000
00001000
00001000
00000000
00001000
00000100
00000001
,
00000001
00000000
00000001
00000001
00000000
00000001
00000100
00000001
,
00000001
00000001
00000001
00000001
00000001
00000001
00000001
00000001
,
00000001
00000001
00000001
00000001
00000001
00000001
00000001
00000001
,
00000101
00001100
00011000
01010000
,
00010000
00010000
10000000
00010000
10000000
00010000
00010000
10000000
,
10000000
00000000
00000000
10000000
00000000
00000000
10000000
00000000
00000000
00000000
10000000
00000000
10000000
00000000
10000000
00000000
,
10000000
00000000
00000000
10000000
00000000
00000000
10000000
00000000
00000000
00000000
10000000
00000000
01000000
00000000
00010000
00000000
,
00010000
00000000
00000000
00010000
00000000
00000000
00010000
00000000
00000000
00000000
00001000
00000000
00010000
00000000
00000100
00000000
,
00001000
00000000
00000000
00001000
00000000
00000000
00001000
00000000
00000000
00000000
00001000
00000000
00000010
00000000
00000000
00000000
,
00000001
00000000
00000000
00000001
00000000
00000000
00000001
00000000
00000000
00000000
00000001
00000000
00000100
00000000
00001000
00000000
,
00001000
00000000
00000000
00001000
00000000
00000000
00001000
00000000
00000000
00000000
00010000
00000000
00001000
00000000
01000000
00000000
,
00010000
00000000
00000000
00010000
00000000
00000000
00010000
00000000
00000000
00000000
00010000
00000000
00100000
00000000
10000000
00000000
,
10000000
00000000
00000000
10000000
00000000
00000000
10000000
00000000
00000000
00000000
10000000
00000000
01000000
00000000
00010000
00000000
,
00010000
00000000
00000000
00010000
00000000
00000000
00010000
00000000
00000000
00000000
00001000
00000000
00010000
00000000
00000100
00000000
,
00001000
00000000
00000000
00001000
00000000
00000000
00001000
00000000
00000000
00000000
00001000
00000000
00000010
00000000
00000001
00000000
,
00000001
00000000
00000000
00000001
00000000
00000000
00000001
00000000
00000000
00000000
00000001
00000000
00000100
00000000
00001000
00000000
,
00001000
00000000
00000000
00001000
00000000
00000000
00001000
00000000
00000000
00000000
00010000
00000000
00001000
00000000
01000000
00000000
,
00010000
00000000
00000000
00010000
00000000
00000000
00010000
00000000
00000000
00000000
00010000
00000000
00100000
00000000
10000000
00000000
,
10000000
00000000
00000000
10000000
00000000
00000000
10000000
00000000
00000000
00000000
10000000
00000000
01000000
00000000
00010000
00000000
,
00010000
00000000
00000000
00010000
00000000
00000000
00010000
00000000
00000000
00000000
00010000
00000000
00001000
00000000
00010000
00000000
,
00011000
00000000
00001000
00010000
00001000
00000000
01010000
00000000
,
11000000
00000000
00000000
00000000
;

//---------------dance-double - ----------------
#NOTES:
     dance-double:
     :
     Medium:
     7:
     0.424,0.543,0.394,0.000,0.092:
00000000
00000000
00000000
00000000
,
00000000
00000000
00000000
00000000
,
00000000
00000000
00000000
00000000
,
00000000
00000000
00000000
00000000
00000000
00000000
00000000
00100000
,
00000000
00000000
00000000
10000000
01000000
00000000
00000000
10000000
,
00000000
00000000
00000000
01000000
00010000
00000000
00000000
01000000
,
00000000
00000000
00000000
00010000
00001000
00000000
00000000
00010000
,
00000000
00000000
00000000
00001000
00000010
00000000
00000000
00001000
,
00000000
00000000
00000000
00000010
00000001
00000000
00000110
00000010
,
00000000
00000000
00000000
00000001
00000100
00000000
00001001
00000001
,
00000000
00000000
00000000
00000100
00001000
00000000
00000110
00000100
,
00000000
00000000
00000000
00001000
00010000
00000000
00011000
00001000
,
00000000
00000000
10010000
00010000
00100000
00000000
01100000
00010000
,
00000000
00000000
01100000
00100000
10000000
00000000
10010000
00100000
,
00000000
00000000
10010000
10000000
01000000
00000000
01100000
00010000
,
00000000
00000000
00011000
00001000
00000100
00000000
00000110
00001000
,
00000000
00000000
00011000
01000000
00010000
00000000
01100000
00000000
,
10000000
00010000
10000000
00010000
10000000
00010000
10000000
00010000
,
10000000
00000000
11000000
10000000
00000000
10000000
01000000
00010000
,
00001000
00000000
00001100
00001000
00000000
00001000
00000100
00000001
,
00000001
00000000
00000101
00000001
00000000
00000001
00000100
00001000
,
00010000
00000000
01010000
00010000
00000000
00010000
01000000
10000000
,
10000000
10000000
01000000
01000000
00010000
00010000
00001000
00001000
,
00000100
00000100
00000001
00000001
00000100
00000100
00001000
00001000
,
00011000
00110000
10100000
01010000
,
00011000
00001000
00001100
00000100
00000101
00000001
00001001
00000001
,
00000001
00000000
00000000
00000001
00000000
00000000
00000001
00000000
00000000
00000000
00000001
00000000
00000100
00000000
00001000
00000000
,
00001000
00000000
00000000
00001000
00000000
00000000
00001000
00000000
00000000
00000000
00010000
00000000
00001000
00000000
01000000
00000000
,
00010000
00000000
00000000
00010000
00000000
00000000
00010000
00000000
00000000
00000000
00010000
00000000
00100000
00000000
10000000
00000000
,
10000000
00000000
00000000
10000000
00000000
00000000
10000000
00000000
00000000
00000000
10000000
00000000
01000000
00000000
00010000
00000000
,
00001000
00000000
00000000
00001000
00000000
00000000
00001000
00000000
00000000
00000000
00001000
00000000
00000100
00000000
00000001
00000000
,
00000001
00000000
00000000
00000001
00000000
00000000
00000001
00000000
00000000
00000000
00000001
00000000
00000100
00000000
00001000
00000000
,
00010000
00000000
00000000
00010000
00000000
00000000
00010000
00000000
00000000
00000000
00010000
00000000
01000000
00000000
10000000
00000000
,
10000000
00000000
00000000
10000000
00000000
00000000
10000000
00000000
00000000
00000000
10000000
00000000
01000000
00000000
00010000
00000000
,
00001000
00000000
00000000
00010000
00000000
00000000
00100000
00000000
00000000
00000000
10000000
00000000
01000000
00000000
00010000
00000000
,
00001000
00000000
00000000
00000100
00000000
00000000
00000010
00000000
00000000
00000000
00000001
00000000
00000100
00000000
00001000
00000000
,
00010000
00000000
00000000
00001000
00000000
00000000
00000010
00000000
00000000
00000000
00000001
00000000
00000100
00000000
00001000
00000000
,
00010000
00000000
00000000
01000000
00000000
00000000
00100000
00000000
00000000
00000000
10000000
00000000
01000000
00000000
00010000
00000000
,
00001000
00000000
00000000
00000100
00000000
00000000
00000010
00000000
00000000
00000000
00000001
00000000
00000100
00000000
00001000
00000000
,
00010000
00000000
00000000
00001000
00000000
00000000
00000010
00000000
00000000
00000000
00000001
00000000
00000100
00000000
00001000
00000000
,
00010000
00000000
00000000
01000000
00000000
00000000
00100000
00000000
00000000
00000000
10000000
00000000
01000000
00000000
00010000
00000000
,
00011000
00000000
00001100
00011000
00110000
00000000
01010000
00000000
,
11000000
00000000
00000000
00000000
;

//---------------dance-double - ----------------
#NOTES:
     dance-double:
     :
     Hard:
     7:
     0.424,0.543,0.394,0.000,0.092:
00000000
00000000
00000000
00000000
,
00000000
00000000
00000000
00000000
,
00000000
00000000
00000000
00000000
,
00000000
00000000
00000000
00000000
00000000
00000000
00000000
00100000
,
00000000
00000000
00000000
10000000
01000000
00000000
00000000
10000000
,
00000000
00000000
00000000
01000000
00010000
00000000
00000000
01000000
,
00000000
00000000
00000000
00010000
00001000
00000000
00000000
00010000
,
00000000
00000000
00000000
00001000
00000010
00000000
00000000
00001000
,
00000000
00000000
00000000
00000010
00000001
00000000
00000110
00000010
,
00000000
00000000
00000000
00000001
00000100
00000000
00001001
00000001
,
00000000
00000000
00000000
00000100
00001000
00000000
00000110
00000100
,
00000000
00000000
00000000
00001000
00010000
00000000
00011000
00001000
,
00000000
00000000
10010000
00010000
00100000
00000000
01100000
00010000
,
00000000
00000000
01100000
00100000
10000000
00000000
10010000
00100000
,
00000000
00000000
10010000
10000000
01000000
00000000
01100000
00010000
,
00000000
00000000
00011000
00001000
00000100
00000000
00000110
00001000
,
00000000
00000000
00011000
01000000
00010000
00000000
01100000
00000000
,
10000000
00010000
10000000
00010000
10000000
00010000
10000000
00010000
,
10000000
00000000
11000000
10000000
00000000
10000000
01000000
00010000
,
00001000
00000000
00001100
00001000
00000000
00001000
00000100
00000001
,
00000001
00000000
00000101
00000001
00000000
00000001
00000100
00001000
,
00010000
00000000
01010000
00010000
00000000
00010000
01000000
10000000
,
10000000
10000000
01000000
01000000
00010000
00010000
00001000
00001000
,
00000100
00000100
00000001
00000001
00000100
00000100
00001000
00001000
,
00011000
00110000
10100000
01010000
,
00011000
00001000
00001100
00000100
00000101
00000001
00001001
00000001
,
00000001
00000000
00000000
00000001
00000000
00000000
00000001
00000000
00000000
00000000
00000001
00000000
00000100
00000000
00001000
00000000
,
00001000
00000000
00000000
00001000
00000000
00000000
00001000
00000000
00000000
00000000
00010000
00000000
00001000
00000000
01000000
00000000
,
00010000
00000000
00000000
00010000
00000000
00000000
00010000
00000000
00000000
00000000
00010000
00000000
00100000
00000000
10000000
00000000
,
10000000
00000000
00000000
10000000
00000000
00000000
10000000
00000000
00000000
00000000
10000000
00000000
01000000
00000000
00010000
00000000
,
00001000
00000000
00000000
00001000
00000000
00000000
00001000
00000000
00000000
00000000
00001000
00000000
00000100
00000000
00000001
00000000
,
00000001
00000000
00000000
00000001
00000000
00000000
00000001
00000000
00000000
00000000
00000001
00000000
00000100
00000000
00001000
00000000
,
00010000
00000000
00000000
00010000
00000000
00000000
00010000
00000000
00000000
00000000
00010000
00000000
01000000
00000000
10000000
00000000
,
10000000
00000000
00000000
10000000
00000000
00000000
10000000
00000000
00000000
00000000
10000000
00000000
01000000
00000000
00010000
00000000
,
00001000
00000000
00000000
00010000
00000000
00000000
00100000
00000000
00000000
00000000
10000000
00000000
01000000
00000000
00010000
00000000
,
00001000
00000000
00000000
00000100
00000000
00000000
00000010
00000000
00000000
00000000
00000001
00000000
00000100
00000000
00001000
00000000
,
00010000
00000000
00000000
00001000
00000000
00000000
00000010
00000000
00000000
00000000
00000001
00000000
00000100
00000000
00001000
00000000
,
00010000
00000000
00000000
01000000
00000000
00000000
00100000
00000000
00000000
00000000
10000000
00000000
01000000
00000000
00010000
00000000
,
00001000
00000000
00000000
00000100
00000000
00000000
00000010
00000000
00000000
00000000
00000001
00000000
00000100
00000000
00001000
00000000
,
00010000
00000000
00000000
00001000
00000000
00000000
00000010
00000000
00000000
00000000
00000001
00000000
00000100
00000000
00001000
00000000
,
00010000
00000000
00000000
01000000
00000000
00000000
00100000
00000000
00000000
00000000
10000000
00000000
01000000
00000000
00010000
00000000
,
00011000
00000000
00001100
00011000
00110000
00000000
01010000
00000000
,
11000000
00000000
00000000
00000000
;

//---------------dance-couple - ----------------
#NOTES:
     dance-couple:
     :
     Medium:
     5:
     0.587,0.827,1.000,0.000,0.000:
00000000
00000000
00000000
00000000
,
00000000
00000000
00000000
00000000
,
00000000
00000000
00000000
00000000
,
00000000
00000000
00000000
00000000
,
00010001
10001000
00100010
10011001
,
10001000
00010001
01000100
00100010
,
00010001
10001000
00100010
10011001
,
10001000
00010001
01000100
00100010
,
00010001
10001000
00100010
10011001
,
00010001
10001000
00100010
01000100
,
10001000
00010001
01000100
10011001
,
00010001
10001000
00100010
01000100
,
10001000
00010001
01000100
10011001
,
00010001
10001000
00110011
11001100
,
10001000
00010001
00100010
01100110
,
00010001
10001000
01000100
10011001
,
10001000
00010001
00100010
01100110
,
10001000
10001000
10001000
10001000
,
00010001
00000000
00010001
00010001
00000000
00000000
01000100
00000000
,
10001000
00000000
10001000
10001000
00000000
00000000
01000100
00000000
,
00010001
00000000
00010001
00010001
00000000
00000000
00100010
00000000
,
10001000
00000000
10001000
01000100
00000000
00000000
00000000
00000000
,
00010001
00010001
00010001
00010001
,
01000100
01000100
01000100
01000100
,
10011001
01100110
10011001
01100110
,
10001000
01000100
10001000
01000100
10001000
01000100
10001000
00000000
,
10001000
00000000
10001000
00000000
00000000
10001000
10001000
00000000
,
00010001
00000000
00010001
00000000
00000000
00010001
00010001
00000000
,
00010001
00000000
00010001
00000000
00000000
00010001
00010001
00000000
,
10001000
00000000
10001000
00000000
00000000
10001000
10001000
00000000
,
00010001
00000000
00010001
00000000
00000000
00010001
01000100
00000000
,
01000100
00000000
01000100
00000000
00000000
01000100
10001000
00000000
,
10001000
00000000
10001000
00000000
00000000
10001000
00100010
00000000
,
00100010
00000000
00100010
00000000
00000000
00100010
00010001
00000000
,
00010001
00000000
00010001
00000000
00000000
00010001
01000100
00000000
,
01000100
00000000
01000100
00000000
00000000
01000100
10001000
00000000
,
10001000
00000000
10101010
00000000
00000000
10001000
00100010
00000000
,
00100010
00000000
00110011
00000000
00000000
00100010
00010001
00000000
,
00010001
00000000
01010101
00000000
00000000
00010001
01000100
00000000
,
00000000
00000000
00000000
00100010
00000000
00000000
00000000
00000000
,
00000000
00000000
00000000
00000000
,
00100010
00000000
00100010
00010001
01000100
00000000
01000100
00000000
,
10011001
00000000
00000000
00000000
;

//---------------dance-solo - ----------------
#NOTES:
     dance-solo:
     :
     Easy:
     4:
     0.294,0.413,0.221,0.000,0.000:
000000
000000
000000
000000
,
000000
000000
000000
000000
,
000000
000000
000000
000000
,
000000
000000
000000
000000
,
000001
100000
000100
100001
,
100000
000001
001000
000100
,
000001
100000
000100
100001
,
100000
000001
001000
000100
,
000001
100000
000100
100001
,
000001
100000
000100
001000
,
100000
000001
001000
100001
,
000001
100000
000100
001000
,
100000
000001
001000
100001
,
000001
100000
000101
101000
,
100000
000001
000100
001100
,
000001
100000
001000
100001
,
100000
000001
000100
001100
,
100000
100000
100000
100000
,
000001
000000
000001
000001
000000
000000
001000
000000
,
100000
000000
100000
100000
000000
000000
001000
000000
,
000001
000000
000001
000001
000000
000000
000100
000000
,
100000
000000
100000
001000
000000
000000
000000
000000
,
000001
000001
000001
000001
,
001000
001000
001000
001000
,
100001
001100
100001
001100
,
100000
001000
100000
001000
100000
001000
100000
000000
,
100000
000000
100000
000000
000000
100000
100000
000000
,
000001
000000
000001
000000
000000
000001
000001
000000
,
000001
000000
000001
000000
000000
000001
000001
000000
,
100000
000000
100000
000000
000000
100000
100000
000000
,
000001
000000
000001
000000
000000
000001
001000
000000
,
001000
000000
001000
000000
000000
001000
100000
000000
,
100000
000000
100000
000000
000000
100000
000100
000000
,
000100
000000
000100
000000
000000
000100
000001
000000
,
000001
000000
000001
000000
000000
000001
001000
000000
,
001000
000000
001000
000000
000000
001000
100000
000000
,
100000
000000
100100
000000
000000
100000
000100
000000
,
000100
000000
000101
000000
000000
000100
000001
000000
,
000001
000000
001001
000000
000000
000001
001000
000000
,
000000
000000
000000
000100
000000
000000
000000
000000
,
000000
000000
000000
000000
,
000100
000000
000100
000001
001000
000000
001000
000000
,
100001
000000
000000
000000
;

//---------------dance-solo - ----------------
#NOTES:
     dance-solo:
     :
     Medium:
     5:
     0.381,0.439,0.172,0.000,0.092:
000000
000000
000000
000000
,
000000
000000
000000
000000
,
000000
000000
000000
000000
,
000000
000000
000000
000000
,
000001
100000
000100
100001
,
100000
000000
000001
000000
001000
100000
001000
100000
,
100001
100000
000100
001100
,
100000
000001
001000
100001
,
000001
100000
000100
001100
,
000001
100000
000100
100001
,
100000
000001
001000
001100
,
000001
100000
000100
100001
,
100000
000001
001000
001100
,
000001
000000
100000
000000
000100
000001
000100
000001
,
100001
000000
000000
100000
001000
000000
000000
000001
,
000000
000000
000000
000001
001000
000000
000000
100000
,
000000
000000
000000
100000
001000
000000
000000
000000
,
100000
000001
100000
000001
100000
000001
100000
000001
,
000001
000000
000001
000001
000000
000001
001000
100000
,
100000
000000
100000
100000
000000
100000
001000
000001
,
001000
000000
000000
000000
,
000000
000000
000000
000101
000000
000000
000000
000000
,
000001
000001
000001
000001
000001
000001
000001
000001
,
000001
000001
000001
000001
000001
000001
000001
000001
,
001000
000001
000001
000001
000001
000001
000001
000001
,
100000
000001
100000
000001
100000
000001
000001
100000
,
100000
000000
000000
100000
000000
000000
100000
000000
000000
000000
100000
000000
100000
000000
100000
000000
,
100000
000000
000000
100000
000000
000000
100000
000000
000000
000000
100000
000000
001000
000000
000001
000000
,
000001
000000
000000
000001
000000
000000
000001
000000
000000
000000
000001
000000
000100
000000
100000
000000
,
100000
000000
000000
100000
000000
000000
100000
000000
000000
000000
100000
000000
001000
000000
000001
000000
,
000001
000000
000000
000001
000000
000000
000001
000000
000000
000000
000001
000000
000100
000000
100000
000000
,
100000
000000
000000
100000
000000
000000
100000
000000
000000
000000
100000
000000
001000
000000
000001
000000
,
000001
000000
000000
000001
000000
000000
000001
000000
000000
000000
000001
000000
000100
000000
100000
000000
,
100000
000000
000000
100000
000000
000000
100000
000000
000000
000000
100000
000000
001000
000000
000001
000000
,
000001
000000
000000
000001
000000
000000
000001
000000
000000
000000
000001
000000
000100
000000
100000
000000
,
100000
000000
000000
100000
000000
000000
100000
000000
000000
000000
100000
000000
001000
000000
000001
000000
,
000001
000000
000000
000001
000000
000000
000001
000000
000000
000000
000001
000000
000100
000000
100000
000000
,
100000
000000
000000
100000
000000
000000
100000
000000
000000
000000
100000
000000
001000
000000
000001
000000
,
000001
000000
000000
000001
000000
000000
000001
000000
000000
000000
000001
000000
000100
000000
100000
000000
,
100000
000000
000000
100000
000000
000000
100000
000000
000000
000000
100000
000000
001000
000000
000001
000000
,
000001
000000
000000
000001
000000
000000
000001
000000
000000
000000
000001
000000
000001
000000
000001
000000
,
000101
000000
000001
000001
000001
000000
001001
000000
,
100001
000000
000000
000000
;

//---------------dance-solo - ----------------
#NOTES:
     dance-solo:
     :
     Hard:
     6:
     0.427,0.568,0.381,0.000,0.092:
000000
000000
000000
000000
,
000000
000000
000000
000000
,
000000
000000
000000
000000
,
000000
000000
000000
000000
000000
000000
000000
000100
,
000000
000000
000000
100000
001000
000000
000000
100000
,
000000
000000
000000
001000
000001
000000
000000
001000
,
000000
000000
000000
000001
000100
000000
000000
000001
,
000000
000000
000000
000100
100000
000000
000000
000100
,
000000
000000
000000
100000
001000
000000
001100
100000
,
000000
000000
000000
001000
000001
000000
100001
001000
,
000000
000000
000000
000001
000100
000000
001100
000001
,
000000
000000
000000
000100
100000
000000
100001
000100
,
000000
000000
101000
100000
001000
000000
001100
100000
,
000000
000000
001001
001000
000001
000000
001100
001000
,
000000
000000
100001
000001
000100
000000
001100
000001
,
000000
000000
001100
000100
100000
000000
100001
100000
,
000000
000000
000001
100000
100000
000000
000001
000000
,
100000
000001
100000
000001
100000
000001
100000
000001
,
000100
000000
100000
001000
000000
100000
100000
001000
,
100000
000000
001000
000001
000000
001000
001000
000001
,
001000
000000
000001
000100
000000
000001
000001
000100
,
000001
000000
000100
100000
000000
000100
000100
100000
,
000100
100000
100000
001000
001000
000001
000001
000100
,
000100
100000
100000
001000
001000
000001
000001
000100
,
100100
101000
001001
000101
,
100100
100000
101000
001000
001001
000001
000101
100001
,
100000
000000
000000
100000
000000
000000
100000
000000
000000
000000
001000
000000
100000
000000
001000
000000
,
001000
000000
000000
001000
000000
000000
001000
000000
000000
000000
000001
000000
001000
000000
000001
000000
,
000001
000000
000000
000001
000000
000000
000001
000000
000000
000000
000100
000000
000001
000000
000100
000000
,
000100
000000
000000
000100
000000
000000
000100
000000
000000
000000
100000
000000
000100
000000
100000
000000
,
100000
000000
000000
001000
000000
000000
000001
000000
000000
000000
000001
000000
001000
000000
100000
000000
,
001000
000000
000000
000001
000000
000000
000100
000000
000000
000000
000100
000000
000001
000000
001000
000000
,
000001
000000
000000
000100
000000
000000
100000
000000
000000
000000
100000
000000
000100
000000
000001
000000
,
000100
000000
000000
100000
000000
000000
101000
000000
000000
000000
001000
000000
100000
000000
000100
000000
,
100000
000000
000000
001000
000000
000000
001001
000000
000000
000000
000001
000000
001000
000000
100000
000000
,
001000
000000
000000
000001
000000
000000
000101
000000
000000
000000
000100
000000
000001
000000
001000
000000
,
000001
000000
000000
000100
000000
000000
100100
000000
000000
000000
100000
000000
000100
000000
000001
000000
,
000100
000000
000000
100000
000000
000000
001000
000000
000100
000000
001000
000000
100000
000000
000100
000000
,
100000
000000
000000
001000
000000
000000
000001
000000
100000
000000
000001
000000
001000
000000
100000
000000
,
001000
000000
000000
000001
000000
000000
000100
000000
001000
000000
000100
000000
000001
000000
001000
000000
,
000001
000000
000000
000100
000000
000000
000001
000000
000100
000000
000001
000000
000100
000000
000000
000000
,
000101
000000
100001
001001
000101
000000
001001
000000
,
100001
000000
000000
000000
;
