#TITLE:Pluto Relinquish;
#SUBTITLE:;
#ARTIST:2MB;
#TITLETRANSLIT:;
#SUBTITLETRANSLIT:;
#ARTISTTRANSLIT:;
#CREDIT:;
#BANNER:Pluto Relinquish.png;
#BACKGROUND:Pluto Relinquish-bg.png;
#LYRICSPATH:;
#CDTITLE:./CDTITLES/DanceDanceRevolution SuperNOVA2.png;
#MUSIC:Pluto Relinquish.ogg;
#OFFSET:0.000;
#SAMPLESTART:1.210;
#SAMPLELENGTH:15.000;
#SELECTABLE:YES;
#DISPLAYBPM:100.000:800.000;
#BPMS:0.000=400.000,4.000=400.000,8.000=100.000,15.000=800.000,23.000=400.000,83.000=800.000,91.000=400.000,155.000=100.000,171.000=200.000,235.000=100.000,250.000=800.000,258.000=400.000,318.000=100.000,319.000=400.000,347.000=100.000,348.000=400.000,376.000=100.000,377.000=399.854,438.000=805.970;
#STOPS:;
#BGCHANGES:;

//---------------dance-single - ----------------
#NOTES:
     dance-single:
     :
     Beginner:
     5:
     0.069,0.217,0.010,0.000,0.000:
0000
0000
0000
0000
,
0000
0000
0000
0000
,
1000
0000
0000
0000
,
0001
0000
0000
0000
,
0000
0000
0000
0000
,
0000
0000
0000
1000
,
0000
0000
0000
0000
,
0000
0000
0000
0000
,
0000
0000
0000
0000
,
0000
0000
0000
0001
,
0000
0000
0000
0000
,
0000
0000
0000
0000
,
0000
0000
0000
0000
,
0000
0000
0000
0010
,
0000
0000
0000
0000
,
0000
0000
0000
0000
,
0000
0000
0000
0000
,
0000
0000
0000
0100
,
0000
0000
0000
0000
,
0000
0000
0000
0000
,
0000
0000
0000
0000
,
0000
0000
0000
0000
,
0000
0000
0000
0010
,
0000
0000
0000
0000
,
0000
0000
0000
0000
,
0000
0000
0000
0000
,
0000
0000
0000
0100
,
0000
0000
0000
0000
,
0000
0000
0000
0000
,
0000
0000
0000
0000
,
0000
0000
0000
1000
,
0000
0000
0000
0000
,
0000
0000
0000
0000
,
0000
0000
0000
0000
,
0000
0000
0000
0001
,
0000
0000
0000
0000
,
0000
0000
0000
0000
,
0000
0000
0000
0000
,
0000
0000
0000
1001
,
0000
0000
0000
0010
,
0000
0000
0000
1000
,
0000
0000
0000
0001
,
0000
0000
0000
0100
,
0000
0000
0000
0000
,
0000
0000
0000
0000
,
0000
0000
0000
0100
,
0000
0000
0000
0001
,
0000
0000
0000
0000
,
0000
0000
0000
0000
,
0000
0000
0000
0001
,
0000
0000
0000
0010
,
0000
0000
0000
0000
,
0000
0000
0000
0000
,
0000
0000
0000
0010
,
0000
0000
0000
1000
,
0000
0000
0000
0000
,
0000
0000
0000
0000
,
0000
0000
0000
1000
,
0000
1000
0000
1000
,
0000
1000
0000
0001
,
0000
0001
0000
0010
,
0000
0010
0000
0100
,
0000
0100
0000
0000
,
0000
0000
0000
0000
,
0000
0000
0100
0000
,
0000
0000
0000
0000
,
0000
0000
0000
0000
,
0000
0000
0000
0000
,
0000
0000
1000
0000
,
0000
0000
0000
0000
,
0000
0000
0000
0000
,
0000
0000
0000
0000
,
0000
0000
0001
0000
,
0000
0000
0000
0000
,
0000
0000
0000
0000
,
0000
0000
0000
0000
,
0000
0000
0010
0000
,
0000
0000
0000
0000
,
0000
0000
0000
0000
,
0000
0000
0000
0010
,
0000
0000
0000
0000
,
0000
0000
0000
0000
,
0000
0000
0000
0000
,
0000
0000
0000
0001
,
0000
0000
0000
0000
,
0000
0000
0000
0000
,
0000
0000
0000
0000
,
1000
0000
0000
0000
,
0000
0000
0000
0000
,
0000
0000
0000
0000
,
0000
0000
0000
0000
,
0100
0000
0000
0000
,
0000
0000
0000
0000
,
0000
0000
0000
0000
,
0000
0100
0000
0000
,
0000
0100
0000
0000
,
0000
0000
0000
0000
,
0000
0000
0000
0000
,
0000
0010
0000
0000
,
0000
0010
0000
0000
,
0000
0000
0000
0000
,
0000
0000
0000
0000
,
0000
0001
0000
0000
,
0000
0001
0000
0000
,
0000
0000
0000
0000
,
0000
0000
0000
0000
,
0000
1000
0000
0000
,
0000
1000
0000
0000
,
0000
0000
0000
0000
;

//---------------dance-single - ----------------
#NOTES:
     dance-single:
     :
     Easy:
     12:
     0.585,1.000,0.263,0.374,0.005:
0000
0000
0000
0000
,
0000
0000
0000
0000
,
1100
0100
1000
0010
,
1000
0000
0001
1000
0100
1000
0020
0000
,
0000
0000
0000
0000
,
0000
0030
0000
0100
,
0000
0000
0000
0001
,
0000
1000
0000
0001
,
0000
0010
0000
0001
,
0000
1000
0001
1000
,
0010
1000
0010
0100
,
0001
0100
0001
0010
,
0100
0010
0100
1000
,
0000
0001
1000
0001
,
0000
0000
0010
0100
,
0000
0000
0010
0000
,
0001
0000
0010
1000
,
0000
0000
0000
0010
,
0100
0010
0001
1000
,
0000
0001
0000
1000
,
0100
0010
0001
2000
,
0000
0000
0000
0000
,
0000
3000
0000
0001
,
0000
0000
0010
0100
,
0000
0000
1000
0000
,
0010
0000
0100
0001
,
0000
0100
0001
1000
,
0001
0010
0001
1000
,
0001
1000
0001
0001
,
1000
0010
0100
0001
,
0000
0100
0001
0100
,
0001
0010
0100
1000
,
0010
0100
0001
1000
,
0100
1000
0001
0010
,
0001
1000
0001
2000
,
0000
3200
0000
0302
,
0000
0203
0000
2300
,
0000
3020
0000
0032
,
0000
0000
0000
0000
0023
0000
0000
0000
0000
0000
0000
0000
0230
0000
0000
0300
,
0002
0000
0000
0003
0200
0000
0000
0300
2000
0000
0000
3000
0200
0000
0000
0300
,
0002
0000
0000
0003
0020
0000
0000
0030
2000
0000
0000
3000
0020
0000
0000
0030
,
0002
0000
0000
0003
0200
0000
0000
0300
2000
0000
0000
3000
0200
0000
0000
0300
,
0002
0000
0000
0003
0020
0000
0000
0030
0002
0000
0000
0003
1001
0000
0000
0000
,
0001
0010
0001
1000
,
0100
1000
0001
0100
,
0010
1000
0001
0110
,
1001
1001
1001
0110
,
1000
0001
0010
0100
,
1000
0010
0100
0001
,
0010
0001
0100
1010
,
0101
0101
0101
1010
,
0001
0100
1000
0100
,
0001
0010
1000
0010
,
0001
1000
0001
0110
,
1001
1001
1001
0110
,
0001
0010
0100
0001
,
0100
1000
0010
0100
,
1000
0100
0001
0011
,
0101
1001
0010
0100
,
0001
0100
1000
0100
,
0010
0100
1001
0110
,
1000
0100
0001
0100
,
1000
0001
0020
0000
,
0000
0000
0000
0000
,
0030
0000
0002
0000
,
0000
0003
2000
0000
,
0000
3000
0200
0000
,
0000
0300
0002
0000
,
0000
0003
0200
0000
,
0000
0300
2000
0000
,
0000
3000
0020
0000
,
0000
0030
0002
0000
,
0000
0003
0010
1000
,
0010
1000
0100
1000
,
0100
1000
0100
0001
,
0100
0001
0100
0000
,
1000
0000
1000
0100
,
1000
0100
1000
0010
,
1000
0010
0001
0010
,
0001
0000
0010
0000
1000
1001
1000
0000
,
0100
0010
0001
1000
,
0100
0010
0001
1000
,
0100
0010
0001
1000
,
0000
0001
0000
1000
,
0010
0100
0001
0010
,
0100
1000
0010
0100
,
0001
0000
0010
0000
0100
0000
1000
1001
,
0001
0010
0100
1000
,
0001
0010
0100
1000
,
0001
0010
0100
1000
,
0001
0000
0000
1000
0000
0000
0001
0000
,
0001
0010
0001
1000
,
0010
1000
0001
0100
,
0001
1000
0100
1000
,
0001
0110
0010
0000
0010
0000
0100
0000
,
0100
0001
0001
1000
,
1000
0001
0000
1000
,
0000
0001
0000
0001
,
0001
0010
0010
0100
,
0100
1000
1000
0100
,
0100
1000
0000
0001
,
0000
1000
0000
1000
,
1000
0100
0100
0001
,
0001
0100
0100
1000
,
1000
0010
0010
0001
,
0001
0010
0010
1000
,
1000
0001
0001
0100
,
0100
0010
0010
1000
,
1000
0001
0000
0010
,
0000
0100
0000
0000
,
0000
2002
0000
0000
0000
0000
0000
0000
0000
0000
0000
0000
0000
0000
0000
0000
,
0000
0000
0000
0000
,
0000
0000
0000
0000
,
0000
0000
0000
0000
,
0000
0000
0000
0000
,
0000
0000
0000
0000
,
0000
0000
0000
0000
,
0000
0000
0000
0000
0000
0000
0000
0000
0000
0000
0000
0000
0000
3003
0000
0000
,
0000
0000
0000
0000
;

//---------------dance-single - ----------------
#NOTES:
     dance-single:
     :
     Medium:
     14:
     0.660,1.000,0.495,0.111,0.157:
0000
0000
0000
0000
,
0000
0000
0000
0000
,
0011
0000
0000
0100
1000
0000
0000
0001
0000
0010
0000
0100
1000
0000
0000
0000
,
0001
0000
0000
1000
0001
0000
0010
0000
1000
0010
0100
0001
0020
0000
0000
0000
,
0000
0000
0000
0000
,
0000
0030
0000
1100
,
0000
0000
0001
0010
,
0000
0000
0100
0000
,
1000
0000
0001
1000
,
0000
0001
0010
0100
,
0010
0001
0100
1000
,
0000
0100
0000
0010
,
0001
0100
0010
1000
,
0000
0000
0001
0000
1000
0001
1000
0000
,
0000
0000
0100
0010
,
0000
0000
1000
0000
,
0001
0000
1000
0100
,
0000
0000
0000
0000
0000
0000
0010
0001
,
0010
0001
0010
0000
0100
0000
1000
0000
,
0000
0001
0000
0100
,
1000
0100
0010
0002
,
0000
0000
0000
0000
,
0000
0003
0000
1100
,
0000
0000
0001
0100
,
0000
0000
0010
0000
,
1000
0000
0001
0100
,
0000
0010
1000
0100
,
0010
0001
0100
0001
,
0000
1000
0010
0100
,
0010
1000
0100
0001
,
0000
0000
0100
0000
1000
0001
1000
0000
,
0100
0010
0001
0010
,
1000
0100
0001
0100
,
1000
0001
0100
1000
,
0100
0001
1000
1100
,
0000
0101
0000
0011
,
0000
0101
0000
1100
,
0000
0000
0000
1010
0000
0000
0000
0000
0000
0001
0000
0100
,
0000
0010
0000
1000
0000
0001
0000
0100
0000
0010
0000
0000
,
1010
0100
0011
1000
,
0101
0010
1100
0011
,
0100
1010
0001
1100
,
0010
0101
1000
1001
,
0100
0010
0001
1000
,
0010
0100
0001
1000
,
0001
0100
0010
1001
,
0120
0000
0000
0030
0210
0000
0000
0300
0110
0000
0000
0000
1001
0000
0000
0000
,
0010
1000
0001
0010
,
0001
1000
0100
1000
,
0001
0100
0001
0101
,
1020
0000
0000
0030
2010
0000
0000
3000
1010
0000
0000
0000
0101
0000
0000
0000
,
0010
1000
0100
0010
,
0001
0100
1000
0100
,
0001
1000
0010
1010
,
0102
0000
0000
0003
0201
0000
0000
0300
0101
0000
0000
0000
1010
0000
0000
0000
,
0100
0001
0010
0100
,
1000
0010
0001
0010
,
1000
0000
0001
0000
0100
0001
0100
0000
,
0101
0000
0000
0000
1100
0000
0000
0000
0100
0000
0000
0000
0010
0000
0000
1000
,
0010
0000
0000
0000
0000
0000
0100
0000
0000
0000
0010
0000
0000
0000
0001
0000
0010
0000
0000
0000
0000
0000
0000
0000
0001
1000
0001
1000
0001
0000
1000
0000
,
0100
1000
0000
0001
0010
0001
1000
0001
1000
0000
0100
0000
0110
0000
0000
0001
,
0010
0000
0000
0100
0000
0010
0000
1000
0010
0000
0000
0000
0001
0000
0000
0100
,
0001
0000
1000
0000
0010
0001
1000
0001
0200
0000
0000
0000
0000
0000
0000
0000
,
0000
0000
0000
0000
,
0300
0000
1010
0000
,
0000
0000
1100
0000
,
0000
0000
0011
0000
,
0000
0000
0101
0000
,
0000
0000
1001
0000
,
0000
0000
0110
0000
,
0000
0000
0110
0000
,
0000
0000
1001
0000
,
0000
0000
0010
1000
,
0100
0001
0100
1000
,
0010
0001
1000
0100
,
0001
1000
0001
0000
,
0001
0000
1000
0001
1000
0000
0100
0000
,
0001
1000
0010
0001
,
0100
1000
0100
0001
,
0010
0000
1000
0000
0010
0001
0100
0000
,
1000
0010
0001
0010
,
1000
0001
0010
1000
,
0010
0001
1000
0001
,
1000
0000
0001
0000
1000
0001
1000
0000
,
0100
0001
0100
1000
,
0001
0100
1000
0100
,
0001
0000
1000
0000
0010
0000
0100
0001
,
0010
1000
0100
0010
,
0001
0100
0010
1000
,
0001
0100
0001
1000
,
1001
0000
0000
0110
0000
0000
1001
0000
,
0001
0100
1000
0001
,
0010
1000
0010
0001
,
1000
0100
0001
1000
,
0001
1001
1000
0100
1000
0000
0100
0000
,
0100
0000
0010
0000
0010
0000
0001
0010
,
0001
1000
0010
0100
,
0001
1000
0010
0100
,
0001
0000
0100
0010
0100
0000
0010
0000
,
0010
0000
0100
0000
0100
0000
0001
1000
,
0001
1000
0001
1000
,
0001
0000
1000
0000
0001
0000
1000
0001
,
1000
0100
0001
0100
,
1000
0000
0010
0000
0100
0000
0001
1000
,
0001
0100
0010
1000
,
0001
0000
1000
0000
0100
0000
0010
0001
,
0010
0000
0100
0000
1000
0000
0001
0010
,
0001
0000
1000
0000
0100
0000
0010
0001
,
0010
0100
0000
1000
,
0000
0010
0000
0000
,
0000
2002
0000
0000
0000
0000
0000
0000
0000
0000
0000
0000
0000
0000
0000
0000
,
0000
0000
0000
0000
,
0000
0000
0000
0000
,
0000
0000
0000
0000
,
0000
0000
0000
0000
,
0000
0000
0000
0000
,
0000
0000
0000
0000
,
0000
0000
0000
0000
0000
0000
0000
0000
0000
0000
0000
0000
0000
3003
0000
0000
,
0000
0000
0000
0000
;

//---------------dance-single - ----------------
#NOTES:
     dance-single:
     :
     Hard:
     17:
     0.907,1.000,0.677,0.152,0.359:
0000
0000
0000
0000
,
0000
0000
0000
0000
,
1100
0000
0000
0001
0100
0000
0000
1001
0000
0110
0000
1000
0100
0000
0110
0000
,
1001
0000
0000
0000
0000
0000
1000
0000
0010
0000
0000
0000
0100
0000
0000
0001
0010
0000
0001
0000
0100
0000
0010
0000
1001
0000
0000
0000
0000
0000
0000
0000
,
0000
0000
0000
0000
,
0000
0000
0000
0110
,
0000
0000
0100
1000
,
0000
0000
0101
0000
,
1010
0000
0001
0010
,
0000
0100
1000
0010
,
0100
0001
0010
0100
,
1000
0000
0010
0000
0100
0001
1000
0000
,
0010
0100
0001
1001
,
0000
0000
0100
0010
0100
0010
0100
0000
,
0000
0010
1000
0001
,
0000
0000
1100
0000
,
0011
0000
0100
1000
,
0000
0000
1001
0000
0000
0000
0100
0010
,
0100
0010
0100
0000
0001
0000
1001
0000
,
0000
0000
0110
0000
0000
1000
0010
0000
,
0100
0001
1000
2002
,
0000
0000
0000
0000
,
0000
0000
3003
0110
,
0000
0000
1000
1001
,
0000
0000
0011
0000
,
1100
0000
1000
1001
,
0000
1000
0001
0100
,
0010
1000
0001
0010
,
0100
0000
1000
0000
0010
0100
0001
0000
,
1000
0010
0100
0001
,
1000
0000
0001
1000
0001
1000
0001
0000
,
0100
0010
1000
0100
,
0010
0001
1000
0010
,
0100
0001
1000
0100
,
0010
0000
0000
0001
0000
0000
1000
0000
0000
0010
0000
0100
,
0000
0001
0000
1000
0000
0100
0000
0010
0000
0001
0000
1000
,
0000
0010
0000
0100
0000
0001
0000
0010
0000
0100
0000
1000
,
0000
0001
0000
0100
0000
0010
0000
1000
0000
0001
0000
0010
,
0000
0100
0000
1000
0000
0001
0000
0100
0000
0020
0000
0000
,
1000
0000
0001
0000
1030
0100
0201
0000
,
1000
0000
0000
0000
0001
0000
0000
0000
1300
0000
0001
0000
0010
0001
1000
0001
,
0000
1001
0000
1000
0100
0010
0100
1000
0001
0010
0100
0000
0001
0010
0001
1000
,
0000
1001
0000
0001
0100
0010
0100
0001
1000
0010
0100
0000
1001
0000
0000
0000
,
1000
0100
1000
0010
1000
0001
0000
0010
,
0100
1000
0101
0000
1100
0000
0001
0010
,
0100
0000
1000
0000
0101
0000
0000
0000
1100
0000
0000
0000
1001
0000
0000
0100
,
0002
0000
0000
0000
0000
0000
0000
0000
0000
0000
0000
0003
2000
0000
0000
0000
0010
0000
0000
0000
0000
0000
0000
0000
3000
0000
0000
0000
0100
0000
0000
0000
0002
0000
0000
0000
0000
0000
0000
0000
0000
0000
0000
0000
0003
0000
0000
0000
1001
0000
0000
0000
0000
0000
0000
0000
1000
0000
0000
0000
0000
0000
0000
0000
,
0001
0100
0001
0010
0001
1000
0000
0010
,
0100
0001
1100
0000
0101
0000
1000
0010
,
0100
0000
0001
0000
1100
0000
0000
0000
0101
0000
0000
0000
1001
0000
0000
0010
,
2000
0000
0000
3002
0100
0000
0003
0010
2000
0000
0000
3000
1001
0000
0100
0000
,
0001
0010
0001
0100
0001
1000
0000
0010
,
0100
0001
0110
0000
1001
0000
1000
0010
,
1000
0000
0001
0000
0110
0000
0000
0000
1001
0000
0000
0000
0110
0000
0000
2000
,
0010
0000
3000
0002
0100
0000
0003
2000
0010
0000
3000
0000
1001
0000
0010
0000
,
0100
0001
0100
1000
0100
0010
0000
0001
,
0010
0100
0011
0000
0100
0010
1100
0001
,
1000
0100
0010
0001
1000
0001
0101
1000
,
1100
0000
0001
0000
0011
0000
1000
0000
1010
0000
0001
0000
1001
0000
0000
0100
,
0100
0000
0000
0000
0000
0000
0011
0000
0000
0000
1010
0000
0000
0000
0100
0000
0100
0000
0000
0000
1001
0000
0000
0000
0100
0010
1000
0001
0100
0000
0010
0000
,
1000
0000
0001
0000
0000
0000
0100
0000
0001
0000
1000
0000
0100
0000
0010
0000
0001
0000
0000
0000
0000
1000
0100
0010
0001
0000
0000
0000
0000
0000
0100
0000
,
0100
0000
0000
1010
0000
0011
0000
0100
0100
0000
1001
0000
0110
0000
0000
0100
,
0100
0000
0000
0000
0001
0000
0000
0010
0100
0000
1000
0000
0010
0000
0100
0000
0110
0000
0000
0000
0000
0000
0000
0000
0000
0000
0000
0000
0000
0000
0000
0000
,
0000
0000
0000
0000
,
0000
0000
0001
0100
,
1000
0000
0001
0100
,
1000
0000
0010
0001
,
0100
0000
0010
1000
,
0100
0000
0001
0010
,
1000
0000
0001
0010
,
1000
0000
0100
0001
,
0010
0000
0100
1000
,
0010
0000
1000
0001
,
0100
0010
1000
0001
,
0001
0010
0100
1000
,
0010
0000
0100
0000
0001
0010
0000
0010
,
0001
0000
1000
0010
0100
0000
0001
0000
,
0010
0100
0010
0100
,
1000
0010
0100
0001
,
1000
0000
0001
0000
1001
0110
1001
0000
,
1000
0100
0001
0100
,
1000
0010
0100
0001
,
0010
0000
0100
0000
1000
0000
0010
0100
,
0000
0100
0010
0000
1000
0001
0100
0000
,
1000
0100
0001
0010
,
0100
1000
0001
0100
,
0010
0000
1000
0000
0001
0000
0011
0110
,
1100
0100
0010
1000
,
0010
0001
0100
0010
,
1000
0001
0010
0100
,
1000
0001
0000
0001
0010
0000
0010
0100
,
1000
0001
0100
0010
,
0001
0010
1000
0100
,
0010
0001
1000
0001
,
0110
1001
0010
0100
0001
0100
0001
0100
,
0001
0100
0010
1000
0100
1000
0100
1000
,
0100
1000
0010
0000
0010
0000
0100
0000
,
0100
0000
0001
0000
0001
0000
0010
0001
,
1000
0001
0100
0010
1000
0010
1000
0010
,
1000
0010
0100
0001
0010
0001
0010
0001
,
0010
0001
0100
0000
0010
0000
1000
0000
,
0001
0000
0010
0000
0100
0000
1000
0001
,
0100
0010
1000
0100
1000
0100
0010
0001
,
0010
0001
1000
0010
1000
0010
0100
0001
,
0100
0001
0010
0100
1000
0001
0010
0100
,
1000
0001
0100
0010
1000
0001
0100
0010
,
1000
0001
0010
0100
1000
0001
0100
0010
,
1000
0001
0010
0100
1000
0010
0100
0001
,
0010
0100
1000
0000
0000
0000
0001
0000
,
0000
1000
0000
0000
,
0000
2002
0000
0000
0000
0000
0000
0000
0000
0000
0000
0000
0000
0000
0000
0000
,
0000
0000
0000
0000
,
0000
0000
0000
0000
,
0000
0000
0000
0000
,
0000
0000
0000
0000
,
0000
0000
0000
0000
,
0000
0000
0000
0000
,
0000
0000
0000
0000
0000
0000
0000
0000
0000
0000
0000
0000
0000
3003
0000
0000
,
0000
0000
0000
0000
;

//---------------dance-single - ----------------
#NOTES:
     dance-single:
     :
     Challenge:
     18:
     0.930,1.000,0.677,0.202,0.374:
0000
0000
0000
0000
,
0000
0000
0000
0000
,
1020
0000
0000
0100
0100
0000
0000
0001
0000
0130
0000
1000
0100
0000
1001
0000
,
0021
0000
0000
0000
0000
0000
0100
0000
0100
0000
0000
0000
0031
0000
0000
1000
0100
0000
0001
0000
0100
0000
1000
0000
2002
0000
0000
0000
0000
0000
0000
0000
,
0000
0000
0000
0000
,
0000
3003
0000
0210
,
0000
0000
1000
1300
,
0000
0000
0011
0000
,
1100
0000
0001
1000
,
0000
0010
0001
0010
,
1000
0001
0010
0100
,
1000
0000
0010
0000
0001
0010
1000
0000
,
0100
0010
0001
1001
,
0000
0000
1000
0001
0010
0100
1000
0000
,
0000
0001
0100
0100
,
0000
0000
1010
0000
,
0101
0000
1000
0001
,
0000
0000
0110
0000
0000
0000
0001
1000
,
0100
0010
0001
0000
1000
0000
1100
0000
,
0000
0000
0011
0000
0000
0100
1000
0000
,
0010
0100
0001
2002
,
0000
0000
0000
0000
,
0000
0000
3003
0110
,
0000
0000
1001
1001
,
0000
0000
0011
0000
,
1100
0000
1001
1001
,
0000
0010
0001
0100
,
1000
0100
0010
1000
,
0001
0000
0010
0000
0100
1000
0010
0000
,
1000
0100
0001
0100
,
1000
0000
0010
0100
0001
1000
0010
0000
,
0001
0010
1000
0100
,
0010
1000
0010
0001
,
0100
0010
1000
0100
,
0010
0000
0000
0001
0000
0000
1000
0000
0000
0010
0000
0001
,
0000
0010
0000
0100
0000
1000
0000
0100
0000
0010
0000
1000
,
0000
0010
0000
0100
0000
0001
0000
0010
0000
1000
0000
0010
,
0000
0100
0000
0001
0000
0100
0000
1000
0000
0010
0000
0100
,
0000
0000
0000
0000
0001
0000
0000
0000
0000
0000
0000
0000
0010
0000
0000
0000
0000
0000
0000
0000
0100
0000
0000
0000
0000
0000
0000
0000
1000
0000
0000
0000
0000
0000
0000
0000
0001
0000
0000
0100
0000
0000
0001
0000
0000
0000
0000
0000
,
1010
0000
0000
0000
0100
1000
0100
0000
0011
0000
1100
0000
0010
1000
0010
0000
,
0101
0000
0000
0000
0010
0001
0010
0000
1100
0000
0011
0000
0010
0100
1000
0010
,
1000
0001
0100
0000
0010
0100
0001
1000
0010
1000
0100
0000
0010
0001
1000
0010
,
1000
0100
0010
0000
0001
1000
0100
0001
0100
1000
0010
0001
0010
0000
0000
0000
,
1000
0100
1000
0010
1000
0001
0000
0010
,
0100
1000
0101
0000
1100
0000
0001
0010
,
0100
0000
1000
0000
0101
0000
0000
0000
1100
0000
0000
0000
1001
0000
0000
0100
,
0002
0000
0000
0000
0000
0000
0000
0000
0000
0000
0000
0003
2000
0000
0000
0000
0010
0000
0000
0000
0000
0000
0000
0000
3000
0000
0000
0000
0100
0000
0000
0000
0002
0000
0000
0000
0000
0000
0000
0000
0000
0000
0000
0000
0003
0000
0000
0000
1001
0000
0000
0000
0000
0000
0000
0000
1000
0000
0000
0000
0000
0000
0000
0000
,
0001
0100
0001
0010
0001
1000
0000
0010
,
0100
0001
1100
0000
0101
0000
1000
0010
,
0100
0000
0001
0000
1100
0000
0000
0000
0101
0000
0000
0000
1001
0000
0000
0010
,
2000
0000
0000
3002
0100
0000
0003
0010
2000
0000
0000
3000
1001
0000
0100
0000
,
0001
0010
0001
0100
0001
1000
0000
0010
,
0100
0001
0110
0000
1001
0000
1000
0010
,
1000
0000
0001
0000
0110
0000
0000
0000
1001
0000
0000
0000
0110
0000
0000
2000
,
0010
0000
3000
0002
0100
0000
0003
2000
0010
0000
3000
0000
1001
0000
0010
0000
,
0100
0001
0100
1000
0100
0010
0000
0001
,
0010
0100
0011
0000
0100
0010
1100
0001
,
1000
0100
0010
0001
1000
0001
0101
0010
,
1010
0000
0100
0000
1100
0000
0010
0000
0011
0000
1000
0000
1001
0000
0000
0100
,
0100
0000
0000
0000
0000
0000
0011
0000
0000
0000
1010
0000
0000
0000
0100
0000
0100
0000
0000
0000
1001
0000
0000
0000
0100
0001
0100
1000
0100
0000
0010
0000
,
1000
0000
0001
0000
0000
0000
0100
0000
0001
0000
1000
0000
0100
0000
0010
0000
0001
0000
0000
0000
0000
0001
1000
0100
0001
0000
0000
0000
0000
0000
0100
0000
,
0100
0000
0000
1010
0000
0011
0000
0100
0100
0000
1001
0000
0110
0000
0000
0100
,
0100
0000
0000
0000
0001
0000
0000
0010
1000
0000
0010
0000
0001
0000
0100
0000
0110
0000
0000
0000
0000
0000
0000
0000
0000
0000
0000
0000
0000
0000
0000
0000
,
0000
0000
0000
0000
,
0000
0000
0001
0000
,
0100
0000
1000
0000
,
0100
0000
0001
0000
,
0100
0000
1000
0000
,
0100
0000
0001
0100
,
1000
0100
0001
0100
,
1000
0100
0001
0100
,
1000
0100
0001
0010
,
1000
0010
0001
1000
,
0100
0001
0100
0010
,
0001
1000
0010
0100
,
0001
0000
0010
0000
0100
1000
0000
0001
,
0010
0000
0100
1000
0010
0000
0001
0000
,
0010
1000
0010
0100
,
0001
0100
1000
0100
,
0001
0000
0010
0000
2100
0010
3001
0000
,
0100
0010
1000
0100
,
0010
0001
1000
0010
,
0100
0000
0001
0000
1000
0000
0100
0010
,
0000
0001
1000
0000
0010
0100
0001
0000
,
1000
0100
0010
0001
,
1000
0010
0001
0010
,
1000
0000
0100
0000
0001
0000
0201
0010
,
1300
0100
0010
1000
,
0010
0001
0100
0010
,
1000
0001
0010
0100
,
1000
0001
0000
0100
0010
0000
1000
0001
,
0010
0001
0100
0010
,
1000
0001
0100
0010
,
1000
0100
0010
0001
,
1100
0101
0010
0100
0001
0100
1000
0100
,
0001
0100
0010
1000
0100
0001
0100
0010
,
0100
1000
0010
0000
0001
0000
0010
0000
,
1000
0000
0100
0000
0010
0000
0001
1000
,
0001
1000
0001
0010
1000
0010
0001
0010
,
0100
1000
0010
0001
0010
0100
0010
1000
,
0001
0010
0100
0000
1000
0000
0010
0000
,
0001
0000
0010
0000
1000
0000
0100
0001
,
0100
1000
0100
0010
0001
0100
0010
1000
,
0001
0010
0100
1000
0001
0010
0100
0001
,
0100
1000
0010
0100
0001
0010
1000
0010
,
0001
1000
0010
0100
0001
1000
0010
0001
,
0010
0100
0001
0010
0100
1000
0001
0100
,
0010
1000
0001
0100
0010
0001
0010
1000
,
0100
0010
0001
0000
0000
0000
1010
0000
,
0000
0011
0000
0000
,
0000
2002
0000
0000
0000
0000
0000
0000
0000
0000
0000
0000
0000
0000
0000
0000
,
0000
0000
0000
0000
,
0000
0000
0000
0000
,
0000
0000
0000
0000
,
0000
0000
0000
0000
,
0000
0000
0000
0000
,
0000
0000
0000
0000
,
0000
0000
0000
0000
0000
0000
0000
0000
0000
0000
0000
0000
0000
3003
0000
0000
,
0000
0000
0000
0000
;

//---------------dance-double - ----------------
#NOTES:
     dance-double:
     :
     Easy:
     12:
     0.538,1.000,0.232,0.253,0.005:
00000000
00000000
00000000
00000000
,
00000000
00000000
00000000
00000000
,
00001100
00010000
01000000
10000000
,
00100000
00000000
00010000
00001000
00000100
00001000
00022000
00000000
,
00000000
00000000
00000000
00000000
,
00000000
00000000
00033000
00010000
,
00000000
00000000
00000000
00001000
,
00000000
00000000
00000000
00000100
,
00000000
00000001
00000000
00000010
,
00000000
00000100
00000000
00001000
,
00000001
00001000
00000001
00000100
,
00001000
00000100
00001000
00010000
,
00100000
00010000
00100000
10000000
,
00010000
10000000
00010000
00100000
,
00000000
00000000
00000000
01000000
,
00000000
00000000
00000000
10000000
,
00000000
00100000
00000000
01000000
,
00000000
00010000
00000000
10000000
,
01000000
10000000
01000000
00100000
,
00001000
00100000
00001000
00010000
,
00000100
00010000
00000100
00002000
,
00000000
00000000
00000000
00000000
,
00000000
00000000
00003000
00000010
,
00000000
00000000
00000000
00000100
,
00000000
00000000
00000000
00000001
,
00000000
00001000
00000000
00000010
,
00000000
00000100
00000000
00000010
,
00000001
00000010
00001000
00000100
,
00010000
00001000
01000000
00010000
,
00100000
01000000
00010000
01000000
,
00000000
10000000
00000000
00100000
,
10000000
00100000
00000000
01000000
,
00010000
01000000
00000000
00001000
,
00100000
00001000
00000000
00010000
,
00000100
00010000
00000000
00000010
,
00001000
00000001
00000100
00001000
,
00010000
01000000
10000000
00010000
,
10000000
01000000
00010000
00001000
,
00000100
00000001
00001000
00001002
,
00000100
00001000
00000103
00020000
,
00000100
00000000
00001000
00000000
00030100
00000000
00010000
00001000
,
00010000
00000000
01000000
10000000
00100000
00000000
00010000
00001000
,
00010000
00000000
00000010
00000100
00000001
00000000
00001001
00000000
,
00000010
00000001
00000100
00000010
,
00010000
00001000
00100000
01100000
,
01000000
10000000
00010000
02100000
,
10000000
00010000
13000000
01100000
,
10000000
00100000
00010000
00001000
,
00000100
00000001
00001000
00000010
,
00000100
00000001
00000010
00001200
,
00000001
00001000
00000301
00001100
,
00010000
00001000
01000000
00100000
,
10000000
00010000
00100000
10000000
,
00100000
00001000
00010000
00001020
,
00000001
00001000
00000031
00001010
,
00000100
00000001
00001000
00000100
,
00010000
00001000
01000000
00100000
,
10000000
01000000
00010000
00011000
,
00011000
00011000
00000000
00001002
,
00000203
00002300
00023000
00230000
,
20300000
30020000
00130000
20010000
,
32000000
03020000
00032000
00003020
,
00000032
00000000
00000000
00000000
00000000
00000000
00000000
00000000
00000000
00000000
00000000
00000000
00000000
00000000
00000000
00000003
00002000
00000000
00000000
00000000
00000000
00000000
00000000
00000000
00000000
00000000
00000000
00000000
00000000
00000000
00000000
00000000
00003020
00000000
00000000
00000000
00000000
00000000
00000000
00000000
00000000
00000000
00000000
00000000
00000000
00000000
00000000
00000000
00000000
00000000
00000000
00000000
00000000
00000000
00000000
00000000
00000000
00000000
00000000
00000000
00000000
00000000
00000000
00000000
,
00000000
00000000
00000000
00000000
,
00000000
00000030
00000110
00000000
,
00000000
00000000
00000001
00000000
,
00000000
00000000
00000110
00000000
,
00000000
00000000
00001000
00000000
,
00000000
00000000
00011000
00000000
,
00000000
00000000
00010000
00000000
,
00000000
00000000
01100000
00000000
,
00000000
00000000
10000000
00000000
,
00000000
00000000
01100000
00000000
,
01000000
00000000
10000000
00000000
,
00100000
00000000
00010000
00000000
,
00001000
00000000
00000100
00000000
,
00000001
00001000
00000001
00000000
,
00000100
00000000
00001000
00000000
,
00010000
00000000
01000000
00000000
,
10000000
00000000
00000000
00000000
00100000
01000000
00100000
00000000
,
10000000
00010000
00000000
01000000
,
00010000
00100000
00000000
00001000
,
00010000
00000100
00000000
00001000
,
00000001
00000010
00000000
00000100
,
00001000
00000010
00000000
00010000
,
00001000
01000000
00000000
00010000
,
00100000
00000000
01000000
00000000
00000000
00000000
10000000
00010000
,
10000000
00100000
01000000
00100000
,
01000000
00010000
00100000
00000000
,
00001000
00010000
00000010
00000000
,
00000100
00000000
00000000
00000001
00000000
00000000
00000100
00000000
,
00000010
00001000
00000001
00001000
,
00000001
00000100
00000010
00000000
,
00001000
00000100
00010000
00000000
,
00001000
00011000
00100000
00000000
00100000
00000000
00010000
00000000
,
00010000
01000000
01000000
00100000
,
00100000
10000000
00000000
00010000
,
00000000
10000000
00000000
01000000
,
01000000
00100000
00100000
00001000
,
00001000
00010000
00010000
00000010
,
00000010
00001000
00000000
00000001
,
00000000
00001000
00000000
00000100
,
00000100
00000010
00000010
00001000
,
00001000
00010000
00010000
00100000
,
00100000
01000000
01000000
10000000
,
10000000
01000000
01000000
00010000
,
00010000
00100000
00100000
00001000
,
00001000
00010000
00010000
00000010
,
00000010
00001000
00000000
00000100
,
00000000
00000010
00000000
00000000
,
00000000
00000022
00000000
00000000
00000000
00000000
00000000
00000000
00000000
00000000
00000000
00000000
00000000
00000000
00000000
00000000
,
00000000
00000000
00000000
00000000
,
00000000
00000000
00000000
00000000
,
00000000
00000000
00000000
00000000
,
00000000
00000000
00000000
00000000
,
00000000
00000000
00000000
00000000
,
00000000
00000000
00000000
00000000
,
00000000
00000000
00000000
00000000
00000000
00000000
00000000
00000000
00000000
00000000
00000000
00000000
00000000
00000033
00000000
00000000
,
00000000
00000000
00000000
00000000
;

//---------------dance-double - ----------------
#NOTES:
     dance-double:
     :
     Medium:
     15:
     0.673,1.000,0.475,0.212,0.157:
00000000
00000000
00000000
00000000
,
00000000
00000000
00000000
00000000
,
00110000
00000000
00000000
01000000
10000000
00000000
00000000
00010000
00000000
10000000
00000000
00100000
10000000
00000000
00000000
00000000
,
00010000
00000000
00000000
01000000
00001000
00000000
00010000
00000000
00000100
00001000
00000001
00001000
00000020
00000000
00000000
00000000
,
00000000
00000000
00000000
00000000
,
00000000
00000030
00000000
00001010
,
00000000
00000000
00000001
00000010
,
00000000
00000000
00000001
00000000
,
00001000
00000000
00000001
00000100
,
00000000
00000001
00000010
00001000
,
00010000
00100000
00010000
00001000
,
00000100
00001000
00010000
01000000
,
00010000
00001000
00000100
00000001
,
00000000
00000010
00000001
00000011
,
00000000
00000000
00000100
00010000
,
00000000
00000000
00001000
00000000
,
01000000
00000000
00100000
10000000
,
00000000
00000000
00000000
00000000
00000000
00000000
10000000
00100000
,
10000000
00100000
10000000
00000000
00010000
00000000
01000000
00000000
,
00000000
00000000
00010000
00000000
00000000
00100000
00010000
00000000
,
00100000
00001000
00010000
00011000
,
00000000
00000000
00000000
00000000
,
00000000
00000000
00000000
00001100
,
00000000
00000000
00000010
00001000
,
00000000
00000000
00000001
00000000
,
00000100
00000000
00000010
00001000
,
00000000
00000100
00001000
00000100
,
00000010
00000001
00000100
00001000
,
00010000
00100000
10000000
01000000
,
00100000
00010000
10000000
00010000
,
00000000
00000000
01000000
00100000
01000000
00100000
01000000
00000000
,
00010000
10000000
01000000
00100000
,
00001000
00010000
00000010
00001000
,
00000100
00000010
00000001
00001000
,
00000001
00000100
00000010
00002000
,
00000000
00003200
00000000
00020300
,
00000000
00032000
00000000
02003000
,
00000000
00000000
00000000
03200000
00000000
00000000
00000000
00000000
00000000
10300000
00000000
01000000
,
00000000
00100000
00000000
00010000
00000000
01000000
00000000
00100000
00000000
10000000
00000000
00000000
,
10100000
00010000
00001100
00000001
,
00000110
00001000
01010000
00110000
,
00011000
00001100
00000011
00000101
,
00001010
00011000
00110000
11000000
,
00010000
00100000
01000000
10000000
,
00100000
01000000
00010000
10000000
,
01000000
00010000
00001000
00101000
,
00110000
01100000
00110000
00101000
,
00010000
00000100
00010000
00000010
,
00001000
00000001
00000010
00000100
,
00001000
00000010
00010000
00010100
,
00001100
00000110
00001100
00010100
,
00001000
00010000
01000000
10000000
,
00100000
00010000
00000100
00000001
,
00000100
00001000
00000010
00001010
,
00010010
00011000
01001000
01010000
,
01000000
00001000
00010000
00000010
,
00001000
00000100
00010000
00001000
,
00100000
00000000
00010000
00000000
01000000
00001000
00010000
00000000
,
00002000
00000000
00000000
00000000
00020000
00000000
00000000
00033000
00011000
00000000
00000000
00000000
00000010
00000000
00000000
00010000
,
00001000
00000000
00000000
00000000
00000000
00000000
00010000
00000000
00000000
00000000
00000100
00000000
00000000
00000000
00010000
00000000
00001000
00000000
00000000
00000000
00000000
00000000
00000000
00000000
00100000
00010000
00100000
00010000
00100000
00000000
00010000
00000000
,
10000000
00010000
00000000
01000000
00001000
01000000
00010000
10000000
00010000
00000000
00100000
00000000
01100000
00000000
00000000
10000000
,
00010000
00000000
00000000
01000000
00000000
00001000
00000000
00010000
00001000
00000000
00000000
00000000
00000100
00000000
00000000
00000001
,
00000010
00000000
00000100
00000000
00001000
00001000
00000001
00000001
00000200
00000000
00000000
00000000
00000000
00000000
00000000
00000000
,
00000000
00000000
00000000
00000000
,
00000300
00000000
00000021
00000000
,
00000000
00000030
00000210
00000000
,
00000000
00000300
00020100
00000000
,
00000000
00030000
00012000
00000000
,
00000000
00003000
00201000
00000000
,
00000000
00300000
02100000
00000000
,
00000000
03000000
21000000
00000000
,
00000000
30000000
20020000
00000000
,
00000000
30030000
00100000
10000000
,
01000000
00010000
01000000
10000000
,
00010000
01000000
00100000
00010000
,
00001000
00000100
00001000
00000000
,
00010000
01000000
10000000
01000000
,
00010000
00001000
00000010
00000001
,
00000100
00001000
00000100
00000001
,
00000010
00000000
00001000
00000000
00010000
00011000
00000100
00000000
,
00001000
00000010
00000001
00000010
,
00001000
00000001
00000010
00001000
,
00010000
01000000
10000000
00010000
,
00000000
01000000
00100000
10000000
,
00010000
00100000
00001000
00010000
,
00000100
00001000
00000010
00000100
,
00000001
00000000
00001000
00000000
00000100
00000000
00010000
00011000
,
00100000
00010000
01000000
00100000
,
10000000
01000000
00100000
00001000
,
00010000
00000010
00000100
00000001
,
00001000
00000000
00000100
00000000
00010000
00000000
00001000
00010000
,
00001000
00100000
00010000
10000000
,
01000000
00010000
01000000
10000000
,
00100000
01000000
00001000
00010000
,
00000100
00001100
00000001
00000100
00000001
00000000
00000100
00000000
,
00000001
00000000
00001000
00000100
00001000
00000000
00000100
00000000
,
00001000
00000001
00000010
00001000
,
00000000
00010000
00000000
00100000
,
10000000
00000000
00010000
00100000
00010000
00000000
00100000
00000000
,
00010000
00000000
10000000
00100000
10000000
00000000
00100000
00000000
,
10000000
00010000
01000000
00100000
,
00000000
00010000
00000000
00001000
,
00010000
00000000
00000010
00001000
00000010
00000000
00000100
00000000
,
00000001
00000000
00000010
00000001
00000010
00000000
00000100
00000000
,
00001000
00000000
00000001
00000100
00000001
00000000
00001000
00000100
,
00001000
00000000
00000100
00010000
00000100
00000000
00010000
00000000
,
00001000
00000000
00100000
00010000
00100000
00000000
01000000
00000000
,
10000000
00000000
00100000
10000000
00100000
00000000
01000000
00000000
,
00010000
00100000
00000000
00001000
,
00000000
00010000
00000000
00000000
,
00000000
00022000
00000000
00000000
00000000
00000000
00000000
00000000
00000000
00000000
00000000
00000000
00000000
00000000
00000000
00000000
,
00000000
00000000
00000000
00000000
,
00000000
00000000
00000000
00000000
,
00000000
00000000
00000000
00000000
,
00000000
00000000
00000000
00000000
,
00000000
00000000
00000000
00000000
,
00000000
00000000
00000000
00000000
,
00000000
00000000
00000000
00000000
00000000
00000000
00000000
00000000
00000000
00000000
00000000
00000000
00000000
00033000
00000000
00000000
,
00000000
00000000
00000000
00000000
;

//---------------dance-double - ----------------
#NOTES:
     dance-double:
     :
     Hard:
     18:
     0.795,1.000,0.172,0.030,0.162:
00000000
00000000
00000000
00000000
,
00000000
00000000
00000000
00000000
,
00000011
00000000
00000000
00001000
00000001
00000000
00000000
00000010
00000000
00001000
00000000
00010000
00001000
00000000
00000000
00000000
,
01000000
00000000
00000000
00000000
00000000
00000000
00100000
00000000
01000000
00000000
00000000
00000000
00001000
00000000
00000000
00100000
01000000
00000000
10000000
00000000
00100000
00000000
00010000
00000000
00001000
00000000
00000000
00000000
00000000
00000000
00000000
00000000
,
00000000
00000000
00000000
00000000
,
00000000
00000000
00000000
00100000
,
00000000
00000000
00001000
00100000
,
00000000
00000000
01000000
00000000
,
10000000
00000000
00100000
01000000
,
00000000
00000000
00010000
00000000
10000000
00100000
01000000
00000000
,
00001000
00010000
00000010
00000100
,
00000001
00000000
00000010
00000000
00000100
00010000
00001000
00000000
,
01000000
00010000
00100000
01000000
,
10000000
00000000
00100000
01000000
00010000
00100000
01000000
00000000
,
00000000
00000000
10000000
01000000
,
00000000
00000000
00100000
00000000
,
00001000
00000000
00010000
01000000
,
00000000
00000000
00000000
00000000
00000000
00000000
10000000
01000000
,
00100000
00001000
00010000
00000000
00001000
00000000
00100000
00000000
,
00000000
00000000
01000000
00000000
00000000
10000000
01000000
00000000
,
00010000
00001000
00000100
00000001
,
00000000
00000000
00000000
00000000
,
00000000
00000000
00000000
00000010
,
00000000
00000000
00000001
00000010
,
00000000
00000000
00000100
00000000
,
00000010
00000000
00001000
00010000
,
00000000
00001000
01000000
00100000
,
01000000
00010000
00100000
01000000
,
00100000
00000000
00001000
00000000
00010000
00000100
00010000
00000000
,
00001000
00100000
00010000
01000000
,
00000000
00000000
00100000
10000000
01000000
00100000
00010000
00000000
,
10000000
01000000
10000000
00100000
,
01000000
00001000
00100000
00001000
,
00010000
00000010
00001000
00000100
,
00000000
00000000
00010000
00000000
00000010
00000000
00000100
00000001
,
00000100
00000010
00000100
00000001
00000010
00000100
00000010
00000001
,
00001000
00000100
00010000
00000100
00001000
00000010
00010000
00001000
,
00010000
00000100
00010000
00001000
01000000
00010000
00100000
00010000
,
10000000
00100000
01000000
00100000
10000000
01000000
00200000
00000000
,
00001000
00000000
10000000
00000000
00301000
00010000
00002000
00000000
,
00000100
00000000
01000000
00000000
00003100
00000001
00000011
00000010
,
00000010
00000100
00010100
00010000
00010000
00001000
01001000
01000000
,
01000000
00100000
10100000
10000000
00010000
00100000
01100000
00000000
,
01000000
10000000
00100000
01000000
00100000
10000000
00000000
00010000
,
00000000
00100000
00001000
00000000
00010010
00000000
00000000
00001001
,
00000000
00000010
00000100
00000000
00010100
00000000
00010000
00001000
,
00000100
00001000
00010000
00001000
00000100
00000010
00010010
00000000
,
00001000
00000100
00000001
00000010
00001000
00010000
00000000
00100000
,
00000000
10000000
00010000
00000000
01100000
00000000
00000000
10010000
,
00000000
00100000
01000000
00000000
01001000
00000000
00001000
00010000
,
01000000
00010000
00001000
00010000
01000000
10000000
10000000
00100000
,
01000000
00001000
00010000
00000010
00010000
00000100
00000000
00000010
,
00000000
00000001
00001000
00000000
00000100
00000000
00000010
00000001
,
00000100
00000010
00000100
00000001
00001000
00000010
00010000
00000100
,
00001000
00000001
00000100
00001000
00010000
00000000
00000100
00010000
,
00001000
01000000
00100000
00010000
00100000
10000000
00000000
01000000
,
00000000
00100000
00010000
00000000
10000000
00000000
00100000
01000000
,
00001000
01000000
00010000
00100000
00001000
00010000
00000010
00000100
,
00000001
00000000
00000010
00000000
00000100
00000000
00001000
00000000
00000010
00000000
00000000
00000000
00001000
00000000
00000000
00000001
,
00001000
00000000
00000000
00000000
00000000
00000000
00000010
00000000
00000000
00000000
00010000
00000000
00000000
00000000
00001000
00000000
00100000
00000000
00000000
00000000
00000000
00000000
00000000
00000000
01000000
10000000
00010000
01000000
00100000
00000000
10000000
00000000
,
01000000
00000000
00100000
00000000
00000000
00000000
00001000
00000000
01000000
00000000
00010000
00000000
00100000
00000000
00001000
00000000
00010000
00000000
00000000
00000000
00000000
00000100
00000010
00000001
00001000
00000000
00000000
00000000
00000000
00000000
00000010
00000000
,
00001000
00000000
00000000
00100000
00000000
01000000
00000000
00010000
10000000
00000000
00000000
00000000
01000000
00000000
00000000
00100000
,
00001000
00000000
00000000
00000000
00000010
00000000
00000000
00000100
00001000
00000000
00000001
00000000
00000010
00000000
00001000
00000000
00020000
00000000
00000000
00000000
00000000
00000000
00000000
00000000
00000000
00000000
00000000
00000000
00000000
00000000
00000000
00000000
,
00000000
00000000
00000000
00000000
,
00000000
00000000
00031000
00000100
,
00000100
00000000
00000001
00000010
,
00000010
00000000
00000100
00010000
,
00010000
00000000
00001000
01000000
,
01000000
00000000
00100000
10000000
,
01000000
00000000
00010000
00001000
,
00000100
00000000
00000001
00000010
,
00001000
00000000
00010000
00001000
,
01000000
00000000
00100000
00010000
,
00001000
00000010
00000001
00000100
,
00001000
00000100
00000010
00010000
,
00001000
00100000
01000000
00000000
,
10000000
00000000
00100000
01000000
00100000
00000000
10000000
00000000
,
00010000
00100000
00001000
00010000
,
00000100
00000010
00001000
00000010
,
00000001
00000000
00000100
00000000
00000010
00011000
00100000
00000000
,
10000000
01000000
00010000
01000000
,
00100000
00001000
00010000
00100000
,
10000000
00000000
00010000
00000000
10000000
00000000
00100000
01000000
,
00000000
00001000
00010000
00000000
00000010
00000100
00000001
00000000
,
00000010
00001000
00010000
00000010
,
00000100
00001000
00000100
00000001
,
00001000
00000000
00000100
00000000
00000010
00000000
00000100
00011000
,
01000000
00100000
00010000
00001000
,
00100000
01000000
10000000
00010000
,
00100000
00001000
00010000
00000010
,
00001000
00000100
00000000
00000010
00000001
00000000
00000100
00000010
,
00010000
00001000
00000100
00000001
,
00000010
00001000
00010000
00100000
,
10000000
01000000
00010000
01000000
,
00100000
00011000
00000010
00000100
00000001
00000010
00000100
00000010
,
00000001
00000100
00001000
00000100
00000010
00010000
00001000
00100000
,
00001000
00010000
00001000
01000000
00100000
00000000
10000000
00000000
,
01000000
00000000
00010000
00000000
00001000
00000000
01000000
00100000
,
10000000
00010000
00100000
01000000
00100000
00010000
10000000
01000000
,
00100000
00001000
00010000
00000010
00001000
00000100
00001000
00000001
,
00001000
00000010
00000100
00000000
00000001
00000000
00000010
00000000
,
00001000
00000000
00010000
00000000
00000100
00000000
00000010
00000001
,
00000010
00000001
00001000
00000001
00000100
00000010
00000100
00000010
,
00010000
00001000
00010000
00001000
00100000
00010000
00100000
01000000
,
10000000
01000000
10000000
00100000
01000000
00010000
01000000
00100000
,
10000000
01000000
00100000
00001000
00010000
00000010
00010000
00001000
,
00100000
00001000
00010000
00000100
00000010
00000001
00000100
00000010
,
00000100
00000001
00001000
00000100
00000010
00000100
00010000
00001000
,
00000100
00000001
00000010
00000000
00000000
00000000
00001000
00000000
,
00000000
00010000
00000000
00000000
,
00000000
00011000
00000000
00000000
00000000
00000000
00000000
00000000
00000000
00000000
00000000
00000000
00000000
00000000
00000000
00000000
,
00000000
00000000
00000000
00000000
;

//---------------dance-double - ----------------
#NOTES:
     dance-double:
     :
     Challenge:
     18:
     0.909,1.000,0.525,0.162,0.369:
00000000
00000000
00000000
00000000
,
00000000
00000000
00000000
00000000
,
00000012
00000000
00000000
00001000
00001000
00000000
00000000
00000100
00000000
00000013
00000000
00001000
00010000
00000000
01100000
00000000
,
20010000
00000000
00000000
00000000
00000000
00000000
00100000
00000000
30100000
00000000
00000000
00000000
00010000
00000000
00000000
00001000
00000100
00000000
00000001
00000000
00000010
00000000
00000100
00000000
00000220
00000000
00000000
00000000
00000000
00000000
00000000
00000000
,
00000000
00000000
00000000
00000330
,
00000000
00000000
00000000
00001002
,
00000000
00000000
00000010
00000013
,
00000000
00000000
00010100
00000000
,
00001100
00000000
00010000
00000100
,
00000000
00000000
01000000
00000000
00100000
10000000
00010000
00000000
,
00100000
00001000
00010000
00000010
,
00001000
00000000
00000001
00000000
00001000
00000100
00010000
00000000
,
00001000
01000000
00010000
10000000
,
00000000
00000000
00001000
00010000
01000000
10000000
00020000
00000000
,
00000000
00000000
01000000
01030000
,
00000000
00000000
01001000
00000000
,
01010000
00000000
00001000
01000000
,
00000000
00000000
00011000
00000000
00000000
00000000
00000001
00000010
,
00000100
00001000
00000001
00000000
00001000
00000000
00010100
00000000
,
00000000
00000000
00101000
00000000
00000000
00010000
01000000
00000000
,
00100000
10000000
00010000
02200000
,
00000000
00000000
00000000
03300000
,
00000000
00000000
00000000
20010000
,
00000000
00000000
00100000
30100000
,
00000000
00000000
01001000
00000000
,
00110000
00000000
00001000
01000000
,
00000000
00001000
00010000
00000100
,
00000010
00000001
00001000
00000010
,
00000100
00000000
00001000
00000000
00100000
00010000
00100000
00000000
,
01000000
10000000
00010000
10000000
,
00000000
00000000
00100000
00010000
00001000
00000100
00000010
00000000
,
00001000
00000001
00000010
00001000
,
00010000
01000000
10000000
00100000
,
00010000
00001000
00000100
00000001
,
00000000
00000000
00000000
00000010
00000000
00000000
00000100
00000000
00000000
00001000
00000000
00000010
,
00000000
00000001
00000000
00000010
00000000
00000100
00000000
00001000
00000000
00010000
00000000
00100000
,
00000000
10000000
00000000
00100000
00000000
01000000
00000000
10000000
00000000
01000000
00000000
00010000
,
00000000
00001000
00000000
00000010
00000000
00000001
00000000
00000010
00000000
00001000
00000000
00000100
,
00000000
00000000
00000000
00000000
00010000
00000000
00000000
00000000
00000000
00000000
00000000
00000000
00001000
00000000
00000000
00000000
00000000
00000000
00000000
00000000
00100000
00000000
00000000
00000000
00000000
00000000
00000000
00000000
00010000
00000000
00000000
00000000
00000000
00000000
00000000
00000000
01000000
00000000
00000000
00100000
00000000
00000000
10000000
00000000
00000000
00000000
00000000
00000000
,
01000000
00100000
00010000
00000000
10000000
01000000
00010000
00001000
01000000
00001000
00000100
00000000
00000010
00000100
00000001
00000000
,
00000010
00000100
00001000
00000000
00000001
00000100
00001000
00010000
00000010
00010000
00100000
00000000
01000000
00010000
10000000
01000000
,
00000000
10010000
00000000
01000000
10000000
00010000
01000000
00100000
00010000
00001000
00000100
00000010
00000100
00000001
00001000
00000010
,
00000000
00001001
00000000
00000010
00001000
00000001
00000010
00001000
00010000
00100000
10000000
00000000
10010000
00000000
00000000
00000000
,
10000000
01000000
00010000
00001000
00010000
01000000
00000000
00100000
,
10000000
00100000
00101000
00000000
00010100
00000000
00001001
00000100
,
00000010
00000100
00001001
00000000
00010010
00000000
01001000
00100000
,
00001000
00100000
10000000
00100000
00001000
00100000
10010000
00000000
,
10000000
00100000
00010000
00001000
00010000
00100000
00000000
01000000
,
10000000
01000000
01001000
00000000
00010010
00000000
00000110
00000001
,
00000100
00001000
00000110
00000000
00010010
00000000
01001000
00100000
,
10000000
00100000
00001000
00100000
10000000
00100000
10010000
00000000
,
01000000
00100000
00010000
00001000
00000100
00000010
00000101
00000010
,
00000100
00001000
00010000
00000000
00011000
00000000
00001000
00010000
,
00100000
01000000
10000000
01000000
00010000
00100000
00101000
00000000
,
00010100
00001010
00000101
00001001
,
00000010
00000100
00001000
00010000
00100000
01000000
00000000
10000000
,
01000000
00100000
00010000
00001000
00010000
00001000
00000110
00000010
,
00000001
00000010
00001000
00000010
00000001
00000010
00001000
00000100
,
00010000
00000000
00001000
00000000
01000000
00000000
00010000
00000000
10000000
00000000
00000000
00000000
20010000
00000000
00000000
01000000
,
31000000
00000000
00000000
00000000
00000000
00000000
00010000
00000000
00000000
00000000
01000000
00000000
00000000
00000000
00010000
00000000
00001000
00000000
00000000
00000000
00010100
00000000
00000000
00000000
00100000
00001000
00010000
00000010
00001000
00000000
00000001
00000000
,
00000001
00000000
00001000
00000000
00000000
00000000
00000010
00000000
00000100
00000000
00001000
00000000
00010000
00000000
00100000
00000000
01000000
00000000
00000000
00000000
00000000
00001000
00010000
01000000
20000000
00000000
00000000
00000000
00000000
00000000
00100000
00000000
,
30100000
00000000
00000000
00010000
00000000
00100000
00000000
00010000
00001000
00000000
00010100
00000000
00001002
00000000
00000000
00000100
,
00000103
00000000
00000000
00000000
00001000
00000000
00000000
00000100
00001000
00000000
00010000
00000000
01000000
00000000
10000000
00000000
20020000
00000000
00000000
00000000
00000000
00000000
00000000
00000000
00000000
00000000
00000000
00000000
00000000
00000000
00000000
00000000
,
00000000
00000000
00000000
00000000
,
00000000
00030000
30010000
10000000
,
00010000
00000000
00100000
00001000
,
00100000
00000000
00000010
00010000
,
00001000
00000100
00001000
00010000
,
00000010
00000000
00001000
00000001
,
00001000
00000000
00000100
00010000
,
00000100
00000000
01000000
00001000
,
00010000
00100000
00010000
00001000
,
01000000
00000000
00100000
10000000
,
00010000
01000000
00001000
00010000
,
00000010
00001000
00000001
00000010
,
00000100
00010000
00001000
00100000
,
00010000
00000000
10000000
01000000
10000000
00000000
00010000
00000000
,
01000000
00100000
00010000
00001000
,
00000100
00000010
00001000
00000001
,
00001000
00000000
00000100
00000000
00000110
00011000
01100000
00000000
,
10000000
00010000
10000000
01000000
,
00010000
00001000
00000010
00000001
,
00001000
00000000
00000001
00000000
00000100
00000000
00001000
00010000
,
00000000
00010000
01000000
00000000
01000000
10000000
00100000
00000000
,
00010000
00001000
00000100
00001000
,
00010000
01000000
10000000
01000000
,
00010000
00000000
00001000
00000000
00000100
00000000
00000001
00011000
,
00100000
00001000
00010000
00000010
,
00000100
00001000
00010000
00000100
,
00100000
00001000
01000000
00100000
,
01000000
00001000
00000000
00010000
00000100
00000000
00000010
00000001
,
00001000
00000010
00000100
00001000
,
00100000
01000000
10000000
00010000
,
01000000
00100000
00010000
00000100
,
00000010
00011000
01000000
10000000
01000000
00100000
10000000
00100000
,
00010000
01000000
00001000
00010000
00000010
00000100
00001000
00000100
,
00000001
00000010
00000100
00001000
00000001
00000000
00000010
00000000
,
00000100
00000000
00010000
00000000
00001000
00000000
00100000
01000000
,
10000000
00010000
01000000
10000000
01000000
00100000
00010000
00100000
,
01000000
00001000
00010000
00000100
00000010
00001000
00000010
00000001
,
00001000
00000010
00000100
00000000
00000001
00000000
00001000
00000000
,
00000010
00000000
00000100
00000000
00001000
00000000
00010000
00001000
,
00010000
00001000
00010000
01000000
10000000
00100000
10000000
01000000
,
00010000
00001000
00100000
00001000
00010000
00000100
00010000
00001000
,
00000100
00000001
00000010
00000001
00000100
00001000
00010000
00100000
,
10000000
01000000
10000000
00010000
01000000
00010000
00100000
00001000
,
00100000
00010000
10000000
00010000
01000000
00001000
01000000
00100000
,
00010000
00001000
00000100
00000010
00001000
00000001
00000010
00001000
,
00010000
00100000
10000000
00000000
00000000
00000000
01000000
00000000
,
00000000
00010000
00000000
00000000
,
00000000
00022000
00000000
00000000
00000000
00000000
00000000
00000000
00000000
00000000
00000000
00000000
00000000
00000000
00000000
00000000
,
00000000
00000000
00000000
00000000
,
00000000
00000000
00000000
00000000
,
00000000
00000000
00000000
00000000
,
00000000
00000000
00000000
00000000
,
00000000
00000000
00000000
00000000
,
00000000
00000000
00000000
00000000
,
00000000
00000000
00000000
00000000
00000000
00000000
00000000
00033000
00000000
00000000
00000000
00000000
00000000
00000000
00000000
00000000
,
00000000
00000000
00000000
00000000
;
