#TITLE:Prince on a star;
#SUBTITLE:;
#ARTIST:SPIRITUAL RIDE;
#TITLETRANSLIT:;
#SUBTITLETRANSLIT:;
#ARTISTTRANSLIT:;
#CREDIT:;
#BANNER:Prince on a star.png;
#BACKGROUND:Prince on a star-bg.png;
#LYRICSPATH:;
#CDTITLE:./CDTITLES/DANCE DANCE REVOLUTION CLUB VERSION.PNG;
#MUSIC:Prince on a star.mp3;
#OFFSET:-0.062;
#SAMPLESTART:45.490;
#SAMPLELENGTH:12.000;
#SELECTABLE:YES;
#DISPLAYBPM:145.000;
#BPMS:0.000=145.000;
#STOPS:;
#BGCHANGES:;

//---------------dance-single - ----------------
#NOTES:
     dance-single:
     :
     Easy:
     5:
     0.289,0.370,0.077,0.000,0.000:
0000
0000
0000
0000
,
0000
0000
0000
0000
,
0000
0000
0000
0000
,
0000
0000
0000
0000
,
1000
0001
1000
0001
,
0010
0100
0010
0100
,
0010
1000
0010
0001
,
0100
1000
0010
0000
,
0100
0000
0010
0000
,
1000
0010
0001
0100
,
1000
0000
1000
1000
1000
0000
0001
0001
,
0001
0010
0100
1000
,
1000
0000
0001
0000
,
1000
1000
0100
0010
,
0100
0000
0010
0000
,
0001
0001
0010
0100
,
1000
0100
0010
0000
,
0001
0010
0100
0000
,
1000
1000
1000
0000
0010
0000
0010
0000
,
0001
0000
0001
0000
0100
0100
0100
0000
,
1000
0000
0000
0000
1000
1000
0000
0000
,
0001
0000
0000
0000
0001
0001
0000
0000
,
0100
0000
0000
0000
0100
0100
0000
0000
,
0010
0000
0000
0000
0010
0010
0000
0000
,
0001
1000
0001
1000
,
1000
0001
1000
0001
,
0110
1001
0100
0010
,
1001
0110
1000
0001
,
1000
0000
0010
0000
,
0001
0000
0100
0000
,
1000
0000
0000
0000
0010
0010
0010
0000
,
0001
0000
0000
0000
0100
0100
0100
0000
,
1000
0000
1000
0000
0001
0001
0001
0000
,
0100
0000
0100
0000
0010
0010
0010
0000
,
0100
1000
0100
0001
,
0100
1000
0100
0001
,
1000
0000
0000
0000
,
0001
0010
0110
0000
,
0001
0000
0000
0000
,
1000
0100
0110
0000
,
0100
0000
0010
0000
,
1000
0000
0001
0000
,
1000
0100
1000
0100
,
0001
0010
0001
0010
,
1000
0000
1000
0000
0001
0001
1000
0000
,
0100
0000
0100
0000
0010
0010
1000
0000
,
1000
0000
1000
0000
0001
0001
1000
0000
,
0001
0000
0001
0000
1000
1000
0001
0000
,
0100
0000
1000
0000
0010
0010
0010
0000
,
0010
0000
0001
0000
0100
0100
0100
0000
,
1000
0000
0010
0000
1000
0001
1000
0000
,
0001
0000
0100
0000
0001
1000
0001
0000
,
0110
0000
0000
0000
;

//---------------dance-single - ----------------
#NOTES:
     dance-single:
     :
     Medium:
     6:
     0.359,0.426,0.273,0.000,0.000:
0000
0000
0000
0000
,
0000
0000
0000
0000
,
0000
0000
0000
0000
,
0000
0000
0000
0000
,
1000
0010
0001
0100
,
0001
0010
1001
0000
,
0100
0100
0010
0010
,
1000
0001
1001
0000
,
1000
0100
0001
0010
,
0001
0000
1000
1000
1000
0000
0000
0000
,
0001
0001
0001
0000
0001
0000
1000
0000
,
0000
1100
0000
0101
,
1001
0000
1001
0000
0100
0100
0100
0000
,
0010
0010
0010
0000
1001
0000
0000
0000
,
0100
1000
0100
0001
,
0100
0000
1000
0000
1000
0100
0001
0000
,
1000
0100
1000
0000
0001
0000
0000
0000
,
0001
0010
0001
0000
1000
0000
0000
0000
,
1000
0001
1000
0000
0001
1000
0001
0000
,
0010
1000
0010
0000
0101
0000
0000
0000
,
0100
1000
0010
0001
,
0110
1000
0101
0000
,
1000
1000
1000
0000
1001
0000
0000
0000
,
0001
0001
0001
0000
1001
0000
0000
0000
,
0100
0001
0100
1000
,
0100
0001
0100
1000
,
0010
1001
0010
1000
,
0110
1001
0100
0001
,
1000
1000
0000
0000
0100
0100
0000
0000
,
0001
0001
0000
0000
0010
0010
0000
0000
,
1000
1000
0000
1000
0100
0100
0000
0100
,
0001
0001
0000
0001
0010
0010
0000
0010
,
1000
1000
1000
1000
0100
0100
0000
0100
,
0001
0001
0001
0001
0010
0010
0000
0010
,
0100
0000
1000
0000
0001
0010
1000
0000
,
0010
0000
0001
0000
1000
0100
0001
0000
,
1000
0000
0001
0000
,
0010
0001
0100
0000
,
0001
0000
1000
0000
,
0100
1000
0010
0000
,
0100
1000
0100
0001
,
0100
0001
0100
1000
,
0000
0001
0000
1000
,
0001
0101
0100
1100
,
1000
1000
1000
0000
0001
0001
0001
0000
,
0010
0010
0010
0000
0100
0100
0100
0000
,
1000
1000
0010
0000
0001
0001
0100
0000
,
0010
0010
1000
0000
0100
0100
0001
0000
,
1100
1010
1001
0000
,
0001
0101
1001
0000
,
0010
0000
0001
0000
1000
0100
0001
0000
,
1001
0000
0110
0000
0001
0010
1000
0000
,
0110
0000
0000
0000
;

//---------------dance-single - ----------------
#NOTES:
     dance-single:
     :
     Hard:
     7:
     0.395,0.426,0.317,0.000,0.005:  // measure 1
0000
0000
0000
0000
,  // measure 2
0000
0000
0000
0000
,  // measure 3
0000
0000
0000
0000
,  // measure 4
0000
0000
0000
0000
,  // measure 5
1000
0010
0001
0100
,  // measure 6
0001
0010
1001
0000
,  // measure 7
0100
0001
1100
0101
,  // measure 8
1000
0010
0100
0001
,  // measure 9
1000
0000
0010
0100
0010
0000
1000
0000
,  // measure 10
0001
0000
0100
0010
0100
0000
0001
0100
,  // measure 11
1000
0100
0001
0000
0001
0010
1000
0000
,  // measure 12
0000
0100
0000
0010
,  // measure 13
0110
0001
1000
0001
,  // measure 14
1001
1010
0101
0000
,  // measure 15
1000
0000
0001
0100
1000
0000
1001
0000
,  // measure 16
0001
0000
1000
0010
0001
0000
0000
0000
,  // measure 17
1000
0100
1000
0100
0101
0000
1000
0000
,  // measure 18
0001
0010
0001
0010
1010
0000
0000
0000
,  // measure 19
1000
0001
1000
0000
0001
1000
0001
0000
,  // measure 20
0010
0000
0010
0100
0001
0100
1000
0000
,  // measure 21
1000
0100
0001
0000
0001
0001
0000
0000
,  // measure 22
0001
0100
1000
0000
1000
1000
1000
0000
,  // measure 23
0010
0001
1000
0000
0100
0000
0010
0000
,  // measure 24
0100
1000
0001
0000
0010
0000
0001
0000
,  // measure 25
1000
0100
0010
0100
0001
0000
1000
0000
,  // measure 26
0001
0010
0100
0010
1000
0000
0001
0000
,  // measure 27
1100
0000
0101
0000
1000
0100
0001
0000
,  // measure 28
0011
0000
1010
0000
0001
0010
1000
0000
,  // measure 29
1000
0100
1000
0000
0100
0001
0100
0000
,  // measure 30
0001
0010
0001
0000
0010
1000
0010
0100
,  // measure 31
1000
0000
1000
0001
0100
0000
0100
1000
,  // measure 32
0001
0000
0001
0100
0010
0000
0010
0000
,  // measure 33
0110
0000
1001
0000
0100
0010
0100
0000
,  // measure 34
1000
0000
0001
1000
0010
0000
0010
0000
,  // measure 35
0100
0000
1000
0000
0001
0010
1000
0000
,  // measure 36
0010
0000
0001
0000
1000
0100
0001
0000
,  // measure 37
1000
0000
0100
0000
,  // measure 38
0010
0001
0010
0000
,  // measure 39
0001
0000
0010
0000
,  // measure 40
0100
1000
0100
0000
,  // measure 41
1000
0001
1000
0000
,  // measure 42
0010
0100
0010
0000
,  // measure 43
0100
0110
0010
1001
,  // measure 44
0000
0010
1001
0100
,  // measure 45
0110
1001
0001
0011
,  // measure 46
0110
1000
0001
1010
,  // measure 47
1000
0100
0001
0000
0001
0100
1000
0000
,  // measure 48
1000
0000
0000
0000
0001
0000
0000
0000
1000
0000
0000
0001
0000
0000
1000
0000
,  // measure 49
0110
1001
0010
1000
,  // measure 50
0010
0001
0101
1001
,  // measure 51
0010
0100
0010
1000
0001
0100
0010
0000
,  // measure 52
1000
0100
0010
0000
0001
0100
1000
0000
,  // measure 53
0110
0000
0000
0000
;

//---------------dance-double - ----------------
#NOTES:
     dance-double:
     :
     Easy:
     6:
     0.378,0.398,0.241,0.000,0.000:
00000000
00000000
00000000
00000000
,
00000000
00000000
00000000
00000000
,
00000000
00000000
00000000
00000000
,
00000000
00000000
00000000
00000000
,
01000000
10000000
01000000
00010000
,
00001000
00000100
00000001
00000110
,
00000010
00000001
00000100
00001000
,
00010000
00100000
10010000
00000000
,
10000000
01000000
00010000
00000000
10000000
01000000
00010000
00000000
,
00001000
00000100
00000001
00000000
00001000
00000100
00000001
00000000
,
00001000
00001100
00010000
00110000
,
00011000
01000000
00011000
00000010
,
00000100
00000000
00001000
00000000
00000001
00000100
00001000
00000000
,
00001000
00000010
00000001
00000000
00001000
00000000
00011000
00000000
,
00100000
00000000
00010000
00000000
10000000
00100000
00010000
00000000
,
00010000
01000000
10000000
00000000
00010000
00000000
00011000
00000000
,
00000110
00000000
00001001
00000000
00001000
00000100
00000001
00000000
,
00001000
00000100
00000001
00000000
00000100
00000000
00011000
00000000
,
00010000
10000000
01000000
00010000
,
01000000
00000000
10000000
00000000
01000000
00100000
00010000
00000000
,
00001000
00000001
00000010
00001000
,
00000010
00000000
00000001
00000000
00000010
00000100
00001000
00000000
,
00010000
10000000
01000000
00010000
,
00001000
00000001
00000010
00001000
,
00000100
00000100
00000100
00000000
00001000
00000000
00001000
00000000
,
01000000
01000000
01000000
00000000
10000000
00000000
10000000
00000000
,
01100000
10010000
00010000
10000000
,
10010000
00000000
01100000
00000000
10000000
01000000
00010000
00000000
,
00001000
00001000
00001000
00000000
00001000
00000100
00000001
00000000
,
00000001
00000001
00000001
00000000
00000001
00000100
00001000
00000000
,
00011000
00000000
01100000
00000000
10000000
10000000
10000000
00000000
,
10000000
00010000
01000000
00000000
10000000
01000000
00010000
00000000
,
00001000
00001000
00001000
00000000
00001000
00000000
00001000
00000000
,
00010000
00010000
00010000
00010000
00010000
00000000
10010000
00000000
,
10000000
01000000
00100000
00010000
,
00001000
00000100
00000010
00000001
,
00000001
00001000
00000000
00000000
00000001
00000000
00000000
00000000
,
00000100
00010000
00000000
00000000
00000100
00000000
00000000
00000000
,
00010000
00000010
00000000
00000000
00010000
00000000
00000000
00000000
,
10000000
00010000
00000000
00000000
10000000
00000000
00000000
00000000
,
00001000
00000001
00001000
00000000
00000000
00000000
00000000
00000000
,
00010000
00001000
00010000
00000000
00000000
00000000
00000000
00000000
,
10000000
00010000
10000000
00000000
01000000
00000000
00100000
00000000
,
00010000
00001000
00000100
00000110
,
00000100
00000000
00001000
00000000
00010000
00100000
01000000
00000000
,
10000000
00000000
00100000
00000000
00010000
00001000
00000100
00000000
,
00000001
00000010
00001000
00010000
,
00100000
00000000
01000000
00100000
00010000
00100000
10000000
00000000
,
10000000
00000000
01010000
00000000
00001000
00000100
00000010
00000000
,
00000001
00000000
00001010
00000000
00010000
00100000
01000000
00000000
,
10000000
00000000
00010000
00000000
00001000
00000010
00000001
00000000
,
00001000
00000000
00000100
00000000
00000001
00000010
00001000
00000000
,
00011000
00000000
00000000
00000000
;

//---------------dance-double - ----------------
#NOTES:
     dance-double:
     :
     Medium:
     7:
     0.408,0.455,0.514,0.000,0.000:
00000000
00000000
00000000
00000000
,
00000000
00000000
00000000
00000000
,
00000000
00000000
00000000
00000000
,
00000000
00000000
00000000
00000000
,
10000000
10000000
01010000
10100000
,
00010000
00010000
00110000
00000000
,
00010000
00100000
10000000
00000000
10000000
01000000
00010000
00000000
,
01100000
00110000
00011000
00000000
,
00000001
00000010
00000001
00000000
00001010
00000000
00000101
00000000
,
00001000
00000100
00001000
00000000
00001100
00000000
00000011
00000000
,
00001000
00000100
00000001
00000000
00000001
00000010
00001000
00000000
,
00000000
00001100
00000000
01010000
,
00010000
00000000
10000000
01000000
00010000
00000000
01100000
00000000
,
01000000
10000000
01100000
00000000
,
00010000
10000000
00010000
01100000
,
00010000
00001000
00000110
00000000
,
00001001
00000000
00000001
00000010
00001000
00000000
00000110
00000000
,
00000010
00000001
00001001
00000000
,
00000001
00000100
00001000
00000000
00001000
00000100
00000010
00000000
,
00000010
00000100
00001000
00000000
00010000
00100000
10000000
00000000
,
00100000
00011000
00010100
00001000
,
00001000
00000010
00001001
00000000
,
00001000
00000101
00000001
00001100
,
00000001
00001000
00011000
00000000
,
10000000
01000000
00100000
00000000
01000000
00000000
10010000
00000000
,
00010000
00100000
01000000
00000000
10010000
00000000
00010000
00000000
,
00011000
00000000
00001010
00000000
00001000
00000001
00001000
00000000
,
00011000
00000000
01010000
00000000
00010000
10000000
00010000
00000000
,
00010000
00100000
00010000
00100000
00010000
00100000
00010000
00000000
,
10000000
00100000
10000000
00100000
10000000
00000000
10010000
00000000
,
00011000
00001100
00001000
00001001
,
00000001
00000100
00000001
00000100
00000001
00000000
00001001
00000000
,
00011000
00000000
00110000
00000000
00010000
01000000
00010000
01000000
,
00010000
00000000
01000000
00000000
10000000
00100000
00010000
00000000
,
00001000
00000000
00000010
00000000
00000001
00000100
00001000
00000000
,
00010000
00000000
01000000
00000000
10000000
01000000
00010000
00000000
,
00001000
00010000
00000000
00000000
00010000
00000000
00000000
00000000
,
10000000
00000000
01000000
00010000
,
00010000
00000000
00001000
00000001
,
00000001
00000000
00001000
00001000
,
00010000
10000000
00010000
00001000
,
00001000
00000001
00001000
00000000
,
00001000
00001000
00011000
00000000
00010000
00010000
00011000
00000000
,
00010000
01100000
10010000
00000000
,
10000000
01000000
00100000
01000000
10000000
01000000
00010000
00000000
,
01000000
00100000
00010000
00001000
,
00000001
00000010
00000100
00000010
00000001
00000010
00001000
00000000
,
00000010
00000100
00001000
00010000
,
00101000
00000000
00010100
00000000
,
00001010
00000000
00110000
00000000
,
10000000
00000000
00010000
01000000
10000000
01000000
00010000
00000000
,
00001000
00000010
00000001
00000000
00000001
00000010
00001000
00000000
,
00011000
00000000
00000000
00000000
;
