#TITLE:Queen's Jamaica;
#SUBTITLE:(astria mix);
#ARTIST:Crunky boy (featuring Muhammad);
#TITLETRANSLIT:;
#SUBTITLETRANSLIT:;
#ARTISTTRANSLIT:;
#CREDIT:;
#BANNER:Queen's Jamaica (astria mix).png;
#BACKGROUND:Queen's Jamaica (astria mix)-bg.png;
#LYRICSPATH:;
#CDTITLE:./CDTITLES/HIP-HOP DASH.PNG;
#MUSIC:Queen's Jamaica (astria mix).mp3;
#OFFSET:-0.065;
#SAMPLESTART:0.090;
#SAMPLELENGTH:12.000;
#SELECTABLE:YES;
#DISPLAYBPM:94.000;
#BPMS:0.000=94.000;
#STOPS:;
#BGCHANGES:;

//---------------dance-single - ----------------
#NOTES:
     dance-single:
     :
     Easy:
     3:
     0.234,0.225,0.063,0.000,0.000:
0000
0000
0000
0000
,
0000
0000
0000
0000
,
0000
0000
0000
0000
,
0000
0000
0000
0000
,
0000
0001
0000
1000
0000
0010
0000
0100
,
0000
0001
0000
1000
0000
0010
0000
1001
,
0000
0001
0000
1000
0000
0010
0000
0100
,
0000
1000
0000
0001
0000
0100
0010
1001
,
0000
0001
0000
1000
0000
0010
0100
1001
,
0000
0001
0000
0100
0000
0010
0100
1001
,
0000
0010
0000
1000
0000
0001
0000
0100
,
0000
0010
0000
0100
0000
0001
1000
0100
,
0000
0001
1000
0000
0001
0000
1000
0000
,
0010
0000
0100
0001
1000
0010
0100
0001
,
1000
0001
0010
0100
,
0010
0000
1000
0001
0010
0100
0001
1000
,
0100
0001
1000
0000
1000
0000
0010
0000
,
0100
0010
0100
0001
,
1000
0001
1000
0000
0001
0000
0010
0000
,
0100
0000
1000
0000
0010
0000
0100
0010
,
0001
1000
0001
0000
0001
0000
0110
0000
,
1000
0010
1000
0001
,
0001
1000
0001
0000
0001
0000
0010
1000
,
0001
1000
0001
0100
,
0100
0001
1000
0000
0001
0000
0100
0000
,
0010
0000
0001
0000
1000
0000
0100
0010
,
0001
1000
0001
0000
1000
0000
0010
0000
,
0001
0000
1000
0000
0100
0000
0010
0100
,
0001
1000
0001
0000
0100
0000
0100
0000
,
1000
0100
0001
0100
;

//---------------dance-single - ----------------
#NOTES:
     dance-single:
     :
     Medium:
     5:
     0.252,0.263,0.227,0.000,0.000:
0000
0000
0000
0000
,
0000
0000
0000
0000
,
0000
0000
0000
0000
,
0000
0000
0000
0000
,
0000
0001
0000
1000
0000
0010
0000
0100
,
0000
0001
0010
0100
1000
0100
0010
1001
,
0000
0001
0000
1000
0000
0010
0000
0100
,
0000
1000
0100
0010
0001
0010
0100
1001
,
0000
0001
0000
1000
0000
0010
0100
1001
,
0000
0001
0000
0100
0000
1000
0110
1001
,
0000
0010
0000
0101
0000
0010
0000
1100
,
0000
0010
0000
0100
0000
0001
1000
0100
,
0001
1000
0000
0001
0000
1100
0000
0011
,
0000
0100
0001
1000
0010
0100
0001
1000
,
0000
0001
0000
1010
0000
0101
0000
0010
,
0000
1000
0001
0010
0100
0001
1000
0100
,
0001
1000
0000
1000
0000
0011
0000
1100
,
0000
0010
0000
0100
0000
0001
0000
1000
,
0001
1000
0000
0001
0000
1010
0000
0101
,
0000
1000
0000
0010
0000
0100
0010
0001
,
1000
0001
0000
0001
0000
0110
0000
1000
,
0000
0010
0000
1000
0000
0000
0001
0001
,
1000
0001
0000
0001
0000
0000
1000
0001
,
0000
1100
0000
0011
0000
0100
0010
1000
,
0001
1000
0000
1000
0000
0010
0000
0100
,
0000
0000
0000
1000
0000
0100
0010
0001
,
1000
0001
0000
1000
0000
0000
0000
0001
,
0000
0000
0000
0000
0000
0010
0100
0001
,
1000
0001
0000
0000
0000
0000
0000
1000
,
0000
0000
0000
0100
;

//---------------dance-single - ----------------
#NOTES:
     dance-single:
     :
     Hard:
     7:
     0.288,0.300,0.252,0.000,0.114:  // measure 1
0000
0000
0000
0000
,  // measure 2
0000
0000
0000
0000
,  // measure 3
0000
0000
0000
0000
,  // measure 4
0000
0000
0000
0000
,  // measure 5
0000
0001
0000
1000
0000
0010
0000
0100
,  // measure 6
0000
0001
0010
0100
1000
0101
0010
1100
,  // measure 7
0000
0001
0000
1000
0000
0010
0000
0100
,  // measure 8
0000
1000
0100
0010
0001
1010
0100
0011
,  // measure 9
0000
0001
0000
1000
0000
0010
1001
0110
,  // measure 10
0000
0001
0000
0100
0000
0001
0110
1001
,  // measure 11
0000
1100
0000
0101
0000
0011
0000
1010
,  // measure 12
0000
0100
0000
0010
0000
1000
0001
0100
,  // measure 13
0001
0010
0001
0010
0000
0000
0001
0000
0000
0000
1100
0000
0000
0000
0011
0000
,  // measure 14
0000
0100
0001
1000
0010
0100
0001
1000
,  // measure 15
0000
0010
0000
1000
0000
0001
0000
0100
,  // measure 16
0000
0001
1000
0010
0100
0001
1000
0010
,  // measure 17
1000
0100
1000
0100
0000
0000
1000
0000
0000
0000
0011
0000
0000
0000
1100
0000
,  // measure 18
0000
0010
0000
0100
0000
0001
0000
1000
,  // measure 19
0001
1000
0001
1000
0000
0000
0010
0000
0000
0000
0101
0000
0000
0000
1010
0000
,  // measure 20
0000
0100
0000
0001
0000
0100
0010
0001
,  // measure 21
1000
0001
1000
0001
0000
0000
0100
0000
0000
0000
0010
0010
0000
0000
0100
0000
,  // measure 22
0000
0001
0000
1000
0000
0000
0100
0010
,  // measure 23
1000
0001
1000
0001
0000
0000
1000
0000
0000
0000
0000
0000
0100
0000
0010
0000
,  // measure 24
0000
1100
0000
0011
0000
0100
0010
1000
,  // measure 25
0001
1000
0001
1000
0000
0000
0010
0000
0000
0000
0100
0000
0000
0000
1000
0001
,  // measure 26
0000
0000
0000
1000
0000
0100
0010
0001
,  // measure 27
1000
0000
0001
0000
0000
0000
1000
0000
0000
0000
0000
0000
0000
0000
0001
1000
,  // measure 28
0000
0000
0000
0000
0000
0010
0100
0001
,  // measure 29
1000
0001
1000
0001
0000
0000
0000
0000
0000
0000
0000
0000
0000
0000
1000
0001
,  // measure 30
0000
0000
0000
0100
;

//---------------dance-double - ----------------
#NOTES:
     dance-double:
     :
     Easy:
     4:
     0.234,0.263,0.050,0.000,0.000:
00000000
00000000
00000000
00000000
,
00000000
00000000
00000000
00000000
,
00000000
00000000
00000000
00000000
,
00000000
00000000
00000000
00000000
,
00000000
00001000
00000000
00010000
00000000
00001000
00000000
00100000
,
00000000
00010000
00100000
01000000
10000000
01000000
00100000
10010000
,
00000000
00010000
00000000
00001000
00000000
00000010
00000000
00000100
,
00000000
00001000
00000100
00000010
00000001
00000010
00000100
00001001
,
00000000
00010000
00000000
00001000
00000000
00100000
01000000
10010000
,
00000000
01000000
00000000
00001000
00000000
00010000
00000010
00001001
,
00000000
00000100
00000000
00000001
00000010
00000100
00010000
00001000
,
00100000
01000000
10000000
00010000
00000000
10000000
00100000
01000000
,
00010000
10000000
00000000
01000000
00000000
00001000
00000000
00010000
,
00000000
00000100
00001000
00000001
00000010
00000100
00001000
00000001
,
00000000
00001000
00000000
00000100
00000000
00010000
00000000
00001000
,
00000000
01000000
00010000
00100000
01000000
10000000
00010000
01000000
,
00010000
10000000
00000000
01000000
00000000
00001000
00000000
00010000
,
00000000
00000010
00000000
00000100
00000000
00000001
00000000
00001000
,
00000001
00001000
00000000
00001000
00000000
00000100
00000000
00010000
,
00000000
00001000
00000000
01000000
00000000
00100000
10000000
00010000
,
10000000
00010000
00000000
00010000
00000000
01000000
00000000
00001000
,
00000000
00010000
00000000
00000100
00000000
00000000
00001000
00000001
,
00001000
00000001
00000000
00000001
00000000
00000000
00001000
00001000
,
00000000
00000100
00000000
00010000
00000000
00001000
01000000
00010000
,
00001000
00010000
00000000
00010000
00000000
00001000
00000000
01000000
,
00000000
00000000
00000000
10000000
00000000
01000000
00010000
00001000
,
00000100
00001000
00000000
00000001
00000000
00000000
00000000
00010000
,
00000000
00000000
00000000
00000000
00000000
00000010
00000100
00000001
,
00001000
00000001
00000000
00000000
00000000
00000000
00000000
00010000
,
00000000
00000000
00000000
00000100
;

//---------------dance-double - ----------------
#NOTES:
     dance-double:
     :
     Medium:
     7:
     0.276,0.281,0.164,0.000,0.114:
00000000
00000000
00000000
00000000
,
00000000
00000000
00000000
00000000
,
00000000
00000000
00000000
00000000
,
00000000
00000000
00000000
00000000
,
00000000
00000010
00000000
00010000
00000000
00001000
00000000
01000000
,
00000000
00010000
00100000
01000000
10000000
01010000
00100000
11000000
,
00000000
01000000
00000000
00001000
00000000
00010000
00000000
00000010
,
00000000
00001000
00000100
00000010
00000001
00001010
00000100
00000011
,
00000000
00000100
00000000
00010000
00000000
01000000
10010000
01100000
,
00000000
00010000
00000000
00001000
00000000
00010000
00000010
00001001
,
00000000
00000100
00000000
00000011
00000000
00001100
00000000
00011000
,
00000000
01010000
00000000
10100000
00000000
01000000
00010000
00000100
,
00010000
00001000
00010000
00001000
00000000
00000000
01000000
00000000
00000000
00000000
00001000
00000000
00000000
00000000
00010000
00000000
,
00000000
00000100
00001000
00000001
00000010
00000100
00001000
00000001
,
00000000
00001010
00000000
00000100
00000000
00010000
00000000
00001000
,
00000000
01000000
00010000
00100000
01000000
10000000
00010000
01000000
,
10000000
00100000
10000000
00100000
00000000
00000000
01000000
00000000
00000000
00000000
00001000
00000000
00000000
00000000
00010000
00000000
,
00000000
00000010
00000000
00000100
00000000
00000001
00000000
00001000
,
00000001
00001000
00000001
00001000
00000000
00000000
00000001
00000000
00000000
00000000
00000010
00000000
00000000
00000000
00000100
00000000
,
00000000
00010000
00000000
00001000
00000000
01000000
00100000
00010000
,
10000000
00010000
10000000
00010000
00000000
00000000
00010000
00000000
00000000
00000000
01000000
01000000
00000000
00000000
00001000
00000000
,
00000000
00010000
00000000
00000100
00000000
00000000
00001000
00000001
,
00001000
00000001
00001000
00000001
00000000
00000000
00001000
00000000
00000000
00000000
00000000
00000000
00000001
00000000
00001000
00000000
,
00000000
00000100
00000000
00010000
00001000
00000000
00010000
00001000
,
00010000
00001000
00010000
00001000
00000000
00000000
00010000
00000000
00000000
00000000
00001000
00000000
00000000
00000000
01000000
00010000
,
00000000
00000000
00000000
10000000
00000000
01000000
00010000
00001000
,
00000100
00000000
00001000
00000000
00000000
00000000
00000001
00000000
00000000
00000000
00000000
00000000
00000000
00000000
00000100
00000010
,
00000000
00000000
00000000
00000000
00000000
00000010
00000100
00000001
,
00001000
00000001
00001000
00000001
00000000
00000000
00000000
00000000
00000000
00000000
00000000
00000000
00000000
00000000
00001000
00010000
,
00000000
00000000
00000000
01000000
;
