#TITLE:resonance;
#SUBTITLE:;
#ARTIST:NAOKI-EX;
#TITLETRANSLIT:;
#SUBTITLETRANSLIT:;
#ARTISTTRANSLIT:;
#CREDIT:;
#BANNER:resonance.png;
#BACKGROUND:resonance-bg.png;
#LYRICSPATH:;
#CDTITLE:./CDTITLES/DanceDanceRevolution Full-Full Party.png;
#MUSIC:resonance.ogg;
#OFFSET:0.000;
#SAMPLESTART:13.080;
#SAMPLELENGTH:15.000;
#SELECTABLE:YES;
#DISPLAYBPM:165.000;
#BPMS:0.000=165.138,4.000=165.011;
#STOPS:;
#BGCHANGES:;

//---------------dance-single - ----------------
#NOTES:
     dance-single:
     :
     Beginner:
     2:
     0.132,0.170,0.094,0.000,0.000:

0000
0000
0000
0000
,

0000
0000
0000
0000
,

0000
0000
0000
0000
,

0000
0000
0000
0000
,

0000
0000
0000
0000
,

0001
0000
1000
0000
,

0010
0000
0100
0000
,

1000
0000
0010
0000
,

0001
0000
0000
0000
,

1000
0000
1000
0000
,

0001
0000
0100
0000
,

0010
0000
0000
0000
,

1000
0000
0000
0000
,

0001
0000
0001
0000
,

1000
0000
0010
0000
,

0100
0000
0000
0000
,

0001
0000
0000
0000
,

0000
0000
0000
0000
,

1000
0000
1001
0000
,

0001
0000
0000
0000
,

0010
0000
0000
0000
,

0000
0000
0000
0000
,

1000
0000
1001
0000
,

0001
0000
0000
0000
,

0100
0000
0000
0000
,

0001
0000
1000
0000
,

1000
0000
0000
0000
,

0100
0000
0010
0000
,

0001
0000
0000
0000
,

1000
0000
0001
0000
,

0001
0000
0000
0000
,

0010
0000
0100
0000
,

1000
0000
0000
0000
,

0000
1001
0000
0000
,

0000
1001
0000
0000
,

0010
0000
0010
0000
,

0100
0000
0000
0000
,

0000
1001
0000
0000
,

0000
1001
0000
0000
,

0000
0000
0000
0000
,

0000
0000
0000
0000
,

1000
0000
1000
0000
,

0001
0000
0100
0000
,

0010
0000
0000
0000
,

1000
0000
0000
0000
,

0001
0000
0001
0000
,

1000
0000
0010
0000
,

0100
0000
0000
0000
,

0001
0000
0000
0000
,

0001
0000
0001
0000
,

1000
0000
0000
0000
,

0100
0000
0001
0000
,

0001
0000
0000
0000
,

1000
0000
1000
0000
,

0001
0000
0000
0000
,

0010
0000
1000
0000
,

1000
0000
0000
0000
,

0000
0000
0000
0000
,

0001
0000
1001
0000
,

1000
0000
0000
0000
,

0100
0000
0000
0000
,

0000
0000
0000
0000
,

0001
0000
1001
0000
,

1000
0000
0000
0000
,

0010
0000
0000
0000
,

1001
0000
0000
0000
,;

//---------------dance-single - ----------------
#NOTES:
     dance-single:
     :
     Easy:
     4:
     0.203,0.238,0.115,0.042,0.000:  // measure 1
0000
0000
0000
0000
,  // measure 2
0000
0000
0000
0000
,  // measure 3
0000
0000
0000
0000
,  // measure 4
0000
0000
0000
0000
,  // measure 5
0000
0000
0000
0000
,  // measure 6
1000
0000
1001
0000
,  // measure 7
0100
0000
0010
0000
,  // measure 8
0001
0000
0110
0000
,  // measure 9
1000
0000
0000
0000
,  // measure 10
1000
0001
1000
0001
,  // measure 11
1000
0000
0100
0000
,  // measure 12
0010
0000
0001
0000
,  // measure 13
0100
0000
0000
0000
,  // measure 14
1000
0001
1000
0001
,  // measure 15
1000
0000
0010
0000
,  // measure 16
0100
0000
0001
0000
,  // measure 17
0010
0000
0000
0000
,  // measure 18
2000
0000
0000
3000
,  // measure 19
0001
0000
1000
0001
,  // measure 20
0100
0000
0001
0000
,  // measure 21
0001
0000
0000
0000
,  // measure 22
2000
0000
0000
3000
,  // measure 23
0001
0000
1000
0001
,  // measure 24
0010
0000
0001
0000
,  // measure 25
1001
0000
0000
0000
,  // measure 26
0100
0000
1000
0000
,  // measure 27
0001
1000
0100
0000
,  // measure 28
1000
0000
1001
0000
,  // measure 29
0100
0000
0000
0000
,  // measure 30
0010
0000
0001
0000
,  // measure 31
1000
0001
0010
0000
,  // measure 32
0001
0000
1001
0000
,  // measure 33
0010
0000
0000
0000
,  // measure 34
0000
0110
0000
0001
,  // measure 35
0000
1001
0000
1000
,  // measure 36
0001
0000
1000
0000
,  // measure 37
1000
0100
0100
0000
,  // measure 38
0000
1001
0000
1000
,  // measure 39
0000
0110
0000
0001
,  // measure 40
0000
0000
0000
0000
,  // measure 41
0000
0000
0000
0000
,  // measure 42
1000
0001
1000
0001
,  // measure 43
1000
0000
0100
0000
,  // measure 44
0010
0000
0001
0000
,  // measure 45
0100
0000
0000
0000
,  // measure 46
1000
0001
1000
0001
,  // measure 47
1000
0000
0010
0000
,  // measure 48
0100
0000
0001
0000
,  // measure 49
0010
0000
0000
0000
,  // measure 50
1000
0000
1000
0001
,  // measure 51
1000
1000
0100
0000
,  // measure 52
0010
0010
0001
0000
,  // measure 53
0100
0000
0000
0000
,  // measure 54
0001
0000
0001
1000
,  // measure 55
0001
0001
0010
0000
,  // measure 56
0100
0100
1000
0000
,  // measure 57
0010
0000
0000
0000
,  // measure 58
0002
0000
0000
0003
,  // measure 59
1000
0000
0001
1000
,  // measure 60
0010
0000
1000
0000
,  // measure 61
1000
0000
0000
0000
,  // measure 62
0002
0000
0000
0003
,  // measure 63
1000
0000
0001
1000
,  // measure 64
0100
0000
1000
0000
,  // measure 65
1001
0000
0000
0000
,  // measure 66
0110
0000
0000
0000
;

//---------------dance-single - ----------------
#NOTES:
     dance-single:
     :
     Medium:
     8:
     0.431,0.476,0.220,0.209,0.000:

0000
0000
0000
0000
,

0000
0000
0000
0000
,

0000
0000
0000
0000
,

0000
0000
0000
0000
,

0000
0000
0000
0000
,

0100
0100
1010
0000
,

0100
0000
1001
0000
,

0100
0100
0110
0000
,

0100
0000
0000
0000
,

2000
3002
0023
0130
,

1000
0000
0001
0000
1000
0001
0100
0000
,

0010
1000
0100
0000
1000
0000
0100
0000
,

1000
0000
0100
0000
0001
1000
0100
0010
,

0002
2003
3020
0130
,

0001
0000
1000
0000
0001
1000
0100
0000
,

0010
0001
0100
0000
0001
0000
0100
0000
,

0001
0000
0100
0000
0001
1000
0001
1000
,

0200
0000
0010
0310
,

0001
0011
0010
0100
,

1000
0010
1000
0000
0001
0100
0010
0000
,

1000
0000
0100
1001
,

0020
0000
0100
0130
,

1000
1100
0100
0010
,

0001
0100
0001
0000
1000
0010
0100
0000
,

0001
0000
0010
1001
,

0010
0000
1000
0100
,

0010
0001
1000
0100
,

1000
0001
0000
1001
,

0100
0010
0100
0110
,

0100
0000
0001
0010
,

0100
1000
0001
0010
,

0001
1000
0100
1001
,

0010
0100
0010
0100
,

0001
0101
0001
1000
,

1000
1100
1000
0001
,

0010
0100
0001
0100
,

1000
0100
0010
0000
,

1000
1001
1000
0010
,

0001
1001
0001
0100
,

0010
0010
0000
0100
0100
0000
1001
1001
,

0000
0000
0000
0000
,

0002
2003
3200
0310
,

0001
0000
1000
0000
0001
1000
0010
0000
,

0100
0001
0010
0000
0001
0000
0010
0000
,

0001
0000
0100
0000
1000
0001
0100
0010
,

2000
3002
0203
0310
,

1000
0000
0001
0000
1000
0001
0010
0000
,

0100
1000
0010
0000
1000
0000
0010
0000
,

1000
0000
0010
0000
1000
0001
1000
0001
,

2000
3000
0020
0130
,

0001
1000
0001
0100
,

0001
0100
1000
0000
0100
0000
1000
0000
,

0001
0100
1000
0100
,

0002
1003
0200
0310
,

1000
0001
1000
0100
,

0010
1000
0100
0000
0010
0000
0001
0000
,

1000
0000
0100
0000
0001
1000
0001
1000
,

0020
0000
0100
0130
,

1000
1100
0100
0010
,

0001
0100
0001
0000
1000
0010
0100
0000
,

0001
0000
0010
1001
,

0200
0000
0010
0310
,

0001
0011
0010
0100
,

1000
0010
1000
0000
0001
0100
0010
0000
,

1000
0000
0100
1001
,

0110
0000
0000
0000
,;

//---------------dance-single - ----------------
#NOTES:
     dance-single:
     :
     Hard:
     11:
     0.580,0.612,0.293,0.209,0.105:
0000
0000
0000
0000
,
0000
0000
0000
0000
,
0000
0000
0000
0000
,
0000
0000
0000
0000
,
0000
0000
0000
0000
,
1000
0010
1010
0000
,
0110
0000
1001
0000
,
0001
0010
0110
0000
,
0100
0000
0000
0000
,
0020
0000
0000
0000
0032
0000
0000
0000
0023
0000
0000
0000
0130
0000
0000
0001
,
1000
0000
0000
0100
1000
0000
0100
0000
0010
0000
0001
0000
0100
0000
0001
0000
,
0010
1000
0100
0000
0001
0000
0100
0000
,
1000
0100
0010
0010
0001
0010
0100
1000
,
0020
0000
0000
0000
2030
0000
0000
0000
3020
0000
0000
0000
0130
0000
0000
1000
,
0001
0000
0000
0100
0001
0000
0100
0000
0010
0000
1000
0000
0100
0000
1000
0000
,
0010
0001
0100
0000
1000
0000
0100
0000
,
0001
0010
0100
0100
1000
0001
1000
0001
,
2000
0000
0000
0000
3100
0010
0001
0010
,
1000
0110
0001
1100
,
0011
0000
0000
1000
0100
0000
0010
0000
0001
0000
0010
0000
1000
0000
0010
0000
,
0000
0100
0100
1000
0000
0100
0100
0001
,
2000
0000
0000
0000
3010
0100
0001
0100
,
1000
0110
0001
1010
,
0101
0000
0000
1000
0010
0000
0100
0000
0001
0000
0100
0000
1000
0000
0100
0000
,
0000
0010
0010
1000
0000
0010
0010
0100
,
1000
0000
0100
0000
0001
0010
0100
0000
,
0001
0000
0100
0000
1000
0010
0100
0000
,
1000
0010
0001
0000
0010
0000
0011
0000
,
1000
0001
0100
0110
,
0010
0000
1000
0000
0100
0001
1000
0000
,
0100
0000
0001
0000
0010
0001
1000
0000
,
0010
1000
0100
0000
1000
0000
1100
0000
,
0001
0000
1000
0000
0010
0100
0110
0000
,
0001
0000
0000
1000
0000
0000
0010
0000
0100
0000
0001
0000
0100
0000
0000
0000
,
1000
0000
0000
0010
0000
0000
1000
0000
1000
0000
0100
0000
0010
0000
0000
0000
,
0001
0010
0001
1000
0001
0100
0010
0100
,
0001
1000
0100
0010
0001
0000
0100
0000
,
1000
0000
0000
0001
0000
0000
0100
0000
0010
0000
1000
0000
1010
0000
0000
0000
,
0001
0000
0000
0100
0000
0000
0001
0000
0001
0000
0010
0000
1100
0000
0000
0000
,
0011
0001
0000
1000
1100
0000
0001
1000
,
0000
0000
0000
0000
,
0200
0000
0000
0000
2300
0000
0000
0000
3200
0000
0000
0000
0310
0000
0000
1000
,
0001
0000
0000
0010
0001
0000
0010
0000
0100
0000
1000
0000
0010
0000
1000
0000
,
0100
0001
0010
0000
1000
0000
0010
0000
,
0001
0010
0100
0100
1000
0100
0010
0001
,
0200
0000
0000
0000
0302
0000
0000
0000
0203
0000
0000
0000
0310
0000
0000
0001
,
1000
0000
0000
0010
1000
0000
0010
0000
0100
0000
0001
0000
0010
0000
0001
0000
,
0100
1000
0010
0000
0001
0000
0010
0000
,
1000
0100
0010
0100
0001
1000
0001
1000
,
0020
0000
0000
0000
1030
0000
0000
0000
0201
0000
0000
0000
0310
0000
0000
0001
,
1000
0000
0000
0100
1000
0000
0000
0000
0010
0000
0001
0000
0100
0000
0001
0000
,
0010
1000
0100
0000
0001
0010
0100
0000
,
0001
0100
0010
0010
1000
0010
1000
0001
,
0210
0000
0000
0000
1300
0000
0000
0000
0021
0000
0000
0000
0130
0000
0000
1000
,
0001
0000
0000
0010
0001
0000
0000
0000
0100
0000
1000
0000
0010
0000
0000
0000
,
1000
0010
0001
0000
0100
1000
0001
0000
,
1000
0010
0100
0100
0001
1000
0001
1000
,
0002
0000
0000
0000
0103
0010
1000
0010
,
0001
0110
1000
0101
,
1010
0000
0000
0001
0100
0000
0010
0000
1000
0000
0010
0000
0001
0000
0010
0000
,
0000
0100
0100
0001
0000
0100
0100
1000
,
0002
0000
0000
0000
0013
0100
1000
0100
,
0001
0110
1000
0011
,
1100
0000
0000
0001
0010
0000
0100
0000
1000
0000
0100
0000
0001
0000
0100
0000
,
0000
0010
0010
0001
0000
0010
0010
0100
,
1001
0000
0000
0000
;

//---------------dance-double - ----------------
#NOTES:
     dance-double:
     :
     Easy:
     4:
     0.208,0.272,0.063,0.052,0.000:

00000000
00000000
00000000
00000000
,

00000000
00000000
00000000
00000000
,

00000000
00000000
00000000
00000000
,

00000000
00000000
00000000
00000000
,

00000000
00000000
00000000
00000000
,

00000001
00000000
00000100
00000000
,

00001000
00000000
00010000
00000000
,

00000010
00000000
00010000
00000000
,

00011000
00000000
00000000
00000000
,

00010000
01000000
00010000
01000000
,

10000000
00000000
00010000
00000000
,

00100000
00000000
00001000
00000000
,

00010000
00000000
00000000
00000000
,

00001000
00000100
00001000
00000100
,

00000001
00000000
00001000
00000000
,

00000010
00000000
00010000
00000000
,

00001000
00000000
00000000
00000000
,

00020000
00000000
00000000
00030000
,

00001000
00000010
00000001
00000000
,

00000100
00000000
00001000
00000000
,

00010000
00000000
00000000
00000000
,

00002000
00000000
00000000
00003000
,

00010000
00100000
10000000
00000000
,

01000000
00000000
00010000
00000000
,

00001000
00000000
00000000
00000000
,

00000100
00000000
00000001
00000000
,

00001000
00000001
00000100
00000000
,

00000010
00000001
00000100
00000000
,

00001000
00000000
00010000
00000000
,

01000000
00000000
10000000
00000000
,

00010000
10000000
01000000
00000000
,

00100000
10000000
01000000
00000000
,

00020000
00000000
00000000
00030000
,

00011000
00000000
00000010
00000000
,

00001001
00000000
00000100
00000000
,

00000010
00000001
00000001
00000000
,

00000100
00001000
00001000
00000000
,

00011000
00000000
00100000
00000000
,

10010000
00000000
01000000
00000000
,

00100000
00000000
00000000
00000000
,

00000000
00000000
00000000
00000000
,

00001000
00000100
00001000
00000100
,

00000001
00000000
00001000
00000000
,

00000010
00000000
00010000
00000000
,

00001000
00000000
00000000
00000000
,

00010000
01000000
00010000
01000000
,

10000000
00000000
00010000
00000000
,

00100000
00000000
00001000
00000000
,

00010000
00000000
00000000
00000000
,

00001000
00001000
00000100
00000000
,

00000001
00000001
00000010
00000000
,

00000010
00000010
00001000
00001000
,

00010000
00000000
00000000
00000000
,

00010000
00010000
01000000
00000000
,

10000000
10000000
00100000
00000000
,

00100000
00100000
00010000
00010000
,

00001000
00000000
00000000
00000000
,

00020000
00000000
00000000
00030000
,

00001000
00000010
00000001
00000000
,

00000100
00000000
00001000
00000000
,

00010000
00000000
00000000
00000000
,

00002000
00000000
00000000
00003000
,

00010000
00100000
10000000
00000000
,

01000000
00000000
00010000
00000000
,

00001000
00000000
00000000
00000000
,

00000110
00000000
00000000
00000000
,;

//---------------dance-double - ----------------
#NOTES:
     dance-double:
     :
     Medium:
     8:
     0.407,0.408,0.157,0.188,0.000:

00000000
00000000
00000000
00000000
,

00000000
00000000
00000000
00000000
,

00000000
00000000
00000000
00000000
,

00000000
00000000
00000000
00000000
,

00000000
00000000
00000000
00000000
,

00100000
10000000
01000000
00000000
,

00010000
00000000
00001000
00000000
,

00000010
00000001
00000100
00000000
,

00002002
00000000
00000000
00003003
,

00000002
00000010
00001000
00000103
,

00001000
00000000
00010000
00000000
00100000
10000000
01000000
00000000
,

00100000
00010000
01000000
00000000
00100000
00000000
01000000
00000000
,

10010000
00000000
00000000
00000000
01000000
00010000
01000000
00000000
,

20000000
00100000
00010000
31000000
,

00010000
00000000
00001000
00000000
00000010
00000001
00000100
00000000
,

00000010
00001000
00000100
00000000
00000010
00000000
00000100
00000000
,

00001001
00000000
00000000
00000000
00000100
00001000
00000100
00000000
,

00000002
00000000
00000100
00000103
,

00001000
00010000
00100000
10000000
,

00010000
00100000
00010000
00000000
10000000
00100000
10000000
00000000
,

01010000
00000000
01000000
01000000
,

20000000
00000000
01000000
31000000
,

00010000
00001000
00000010
00000001
,

00001000
00000010
00001000
00000000
00000001
00000010
00000001
00000000
,

00001100
00000000
00000100
00000100
,

00010000
00000010
00001000
00010000
,

00100000
10000000
00010000
01000000
,

10000000
00010000
01000000
00100000
,

01000000
01000000
00100000
00100000
,

00001000
00100000
00010000
00001000
,

00000010
00000001
00001000
00000100
,

00000001
00001000
00000100
00000010
,

00000220
00000000
00000000
00000330
,

00000010
00010000
00001000
00011000
,

00010000
01000000
10000000
10010000
,

00100000
01000000
10000000
01000000
,

00010000
00000000
00100000
01000000
,

00100000
00001000
00010000
00011000
,

00001000
00000100
00000001
00001001
,

00000010
00000010
00000000
00000100
00000100
00000000
00000001
00000001
,

00000000
00000000
00000000
00000000
,

00000002
00000010
00001000
00000103
,

00001000
00000000
00010000
00000000
00100000
10000000
01000000
00000000
,

00100000
00010000
01000000
00000000
00100000
00000000
01000000
00000000
,

10010000
00000000
00000000
00000000
01000000
00010000
01000000
00000000
,

20000000
00100000
00010000
31000000
,

00010000
00000000
00001000
00000000
00000010
00000001
00000100
00000000
,

00000010
00001000
00000100
00000000
00000010
00000000
00000100
00000000
,

00001001
00000000
00000000
00000000
00000100
00001000
00000100
00000000
,

00020000
00000010
00032000
00000010
,

00013000
00000000
01000000
00000000
10000000
00100000
01000000
00000000
,

10000000
01000000
00010000
00000000
00100000
00000000
01000000
00000000
,

00200000
00000000
00010000
01300000
,

00002000
00100000
00023000
00100000
,

00031000
00000000
00000100
00000000
00000001
00000010
00000100
00000000
,

00000001
00000100
00001000
00000000
00000010
00000000
00000100
00000000
,

00000020
00000000
00001000
00000130
,

00000002
00000000
00000100
00000103
,

00001000
00010000
00100000
10000000
,

00010000
00100000
00010000
00000000
10000000
00100000
10000000
00000000
,

01010000
00000000
01000000
01000000
,

20000000
00000000
01000000
31000000
,

00010000
00001000
00000010
00000001
,

00001000
00000010
00001000
00000000
00000001
00000010
00000001
00000000
,

00001100
00000010
00000001
00000100
,

00000110
00000000
00000000
00000000
,;

//---------------dance-double - ----------------
#NOTES:
     dance-double:
     :
     Hard:
     11:
     0.522,0.510,0.188,0.157,0.084:

00000000
00000000
00000000
00000000
,

00000000
00000000
00000000
00000000
,

00000000
00000000
00000000
00000000
,

00000000
00000000
00000000
00000000
,

00000000
00000000
00000000
00000000
,

00000001
00000010
00000001
00000000
,

00001000
00000010
00001000
00000000
,

00000100
00001000
00010000
00001000
,

00022000
00000000
00000000
00033000
,

10020000
00000000
00000000
00000000
00100000
00000000
00000000
00000000
10000000
00000000
00000000
00000000
01030000
00000000
00000000
00100000
,

01000000
00000000
00000000
00010000
00100000
00000000
01000000
00000000
00010000
00000000
00001000
00000000
00000100
00000000
00000000
00000000
,

00000010
00001000
00000100
00000000
00000010
00000001
00000100
00000000
,

00000010
00010000
00000100
00000010
00001000
00010000
00000100
00000000
,

00002001
00000000
00000000
00000000
00000010
00000000
00000000
00000000
00000001
00000000
00000000
00000000
00003100
00000000
00000000
00000010
,

00000100
00000000
00000000
00001000
00000010
00000000
00000100
00000000
00001000
00000000
00010000
00000000
01000000
00000000
00000000
00000000
,

00100000
00010000
01000000
00000000
00100000
10000000
01000000
00000000
,

00100000
00001000
01000000
00100000
00010000
00001000
01000000
00000000
,

00200000
10000000
00010000
10300000
,

00010000
01010000
00001000
00011000
,

00000010
00000100
00001000
00000000
00000010
00000100
00000001
00000000
,

00001000
00000100
00000100
00000001
00000000
00000100
00000100
00000000
,

00000020
00000001
00001000
00000031
,

00001000
00001100
00010000
00011000
,

00100000
01000000
00010000
00000000
00100000
01000000
10000000
00000000
,

00010000
01000000
01000000
10000000
00000000
01000000
01000000
00000000
,

00010000
00000000
00100000
00000000
10000000
01000000
00010000
00000000
,

00001000
00000000
00000100
00000000
00000001
00000010
00000100
00000000
,

00001000
00000000
00000010
00000000
00010000
00001000
00000100
00000000
,

00000010
00001000
00000100
00000110
,

00001000
00000000
00000010
00000000
00000001
00000100
00001000
00000000
,

00010000
00000000
01000000
00000000
10000000
00100000
01000000
00000000
,

00010000
00000000
00100000
00000000
00001000
00010000
01000000
00000000
,

00200000
00000000
00000000
00000000
01000000
01000000
01300000
00000000
,

10000000
00000000
00000000
00010000
00000000
00000000
00100000
00000000
00001000
00000000
00010000
00000000
00000100
00000000
00000000
00000000
,

00000010
00000000
00000000
00000100
00000000
00000000
00010000
00000000
00001000
00000000
00000100
00000000
00000001
00000000
00000000
00000000
,

00000010
00000001
00000100
00000010
00001000
00000100
00010000
00000000
,

00011000
00000000
00010000
01000000
,

00100000
00000000
00000000
00010000
00000000
00000000
01000000
00000000
00100000
00000000
00010000
00000000
00001000
00000000
00000000
00000000
,

00010000
00000000
00000000
00001000
00000000
00000000
00000010
00000000
00000001
00000000
00001000
00000000
00000010
00000000
00000000
00000000
,

00000100
00000001
00000000
00001000
00000100
00000000
00000010
00000100
,

00000000
00000000
00000000
00000000
,

00002001
00000000
00000000
00000000
00000010
00000000
00000000
00000000
00000001
00000000
00000000
00000000
00003100
00000000
00000000
00000010
,

00000100
00000000
00000000
00001000
00000010
00000000
00000100
00000000
00001000
00000000
00010000
00000000
01000000
00000000
00000000
00000000
,

00100000
00010000
01000000
00000000
00100000
10000000
01000000
00000000
,

00100000
00001000
01000000
00100000
00010000
00001000
01000000
00000000
,

10020000
00000000
00000000
00000000
00100000
00000000
00000000
00000000
10000000
00000000
00000000
00000000
01030000
00000000
00000000
00100000
,

01000000
00000000
00000000
00010000
00100000
00000000
01000000
00000000
00010000
00000000
00001000
00000000
00000100
00000000
00000000
00000000
,

00000010
00001000
00000100
00000000
00000010
00000001
00000100
00000000
,

00000010
00010000
00000100
00000010
00001000
00010000
00000100
00000000
,

00000120
00000000
00000000
00000000
00000001
00000000
00000000
00000000
00001030
00000000
00000000
00000000
00010000
00000000
00000000
00010000
,

01000000
00000000
00000000
01000000
10000000
00000000
00100000
00000000
01000000
00000000
00010000
00000000
10000000
00000000
00000000
00000000
,

01000000
00001000
00010000
00000010
00010000
00001000
01000000
00000000
,

00200000
00000000
00000000
00000000
01000000
01000000
01300000
00000000
,

01200000
00000000
00000000
00000000
10000000
00000000
00000000
00000000
00310000
00000000
00000000
00000000
00001000
00000000
00000000
00001000
,

00000100
00000000
00000000
00000100
00000001
00000000
00000010
00000000
00000100
00000000
00001000
00000000
00000001
00000000
00000000
00000000
,

00000100
00010000
00001000
00100000
00001000
00010000
00000100
00000000
,

00000020
00000000
00000000
00000000
00000100
00000100
00000130
00000000
,

00000020
00000001
00001000
00000031
,

00001000
00001100
00010000
00011000
,

00100000
01000000
00010000
00000000
00100000
01000000
10000000
00000000
,

00010000
01000000
01000000
10000000
00000000
01000000
01000000
00000000
,

00200000
10000000
00010000
10300000
,

00010000
01010000
00001000
00011000
,

00000010
00000100
00001000
00000000
00000010
00000100
00000001
00000000
,

00001000
00000100
00000100
00000001
00000000
00000100
00000100
00000000
,

00001001
00000000
00000000
00000000
,;
