#TITLE:Salamander;
#SUBTITLE:(Beat Crush mix);
#ARTIST:nite system;
#TITLETRANSLIT:;
#SUBTITLETRANSLIT:;
#ARTISTTRANSLIT:;
#CREDIT:;
#BANNER:Salamander (Beat Crush mix).png;
#BACKGROUND:Salamander (Beat Crush mix)-bg.png;
#LYRICSPATH:;
#CDTITLE:./CDTITLES/DANCE DANCE REVOLUTION CLUB VERSION.PNG;
#MUSIC:Salamander (Beat Crush mix).mp3;
#OFFSET:-0.066;
#SAMPLESTART:0.030;
#SAMPLELENGTH:12.000;
#SELECTABLE:YES;
#DISPLAYBPM:134.000;
#BPMS:0.000=134.000;
#STOPS:;
#BGCHANGES:;

//---------------dance-single - ----------------
#NOTES:
     dance-single:
     :
     Easy:
     4:
     0.314,0.352,0.309,0.000,0.086:
0000
0000
0000
0000
,
0000
0000
0000
0000
,
0000
0000
0000
0000
,
0000
0000
0000
0000
,
0010
1001
0100
0100
,
0010
0010
0000
0010
,
0100
1001
0010
0010
,
0100
0100
0000
0100
,
0010
1001
0100
0100
,
0100
1001
0010
0010
,
0010
1001
0100
0100
,
0010
0011
0100
1100
,
1001
0010
0100
0100
,
1000
0100
0010
0001
,
0001
0010
0100
1000
,
1000
0100
0010
0001
,
0100
0000
0000
0010
0000
0000
0000
0000
,
0010
0000
0000
0100
0000
0000
0000
0000
,
0100
0000
0000
1001
0000
0000
0000
0000
,
1001
0000
0000
0110
0000
0000
1001
0000
,
0100
0000
0000
0100
0000
0000
0100
0000
0000
0000
0000
0000
0000
0000
1000
0000
,
0001
0000
0000
0001
0000
0000
0001
0000
0000
0000
0000
0000
0100
0000
0000
0000
,
1000
0000
0000
1000
0000
0000
1000
0000
0000
0000
0000
0000
0000
0000
0010
0000
,
0001
0000
0000
1000
0000
0000
0001
0000
0000
0000
0000
0000
0001
0000
0000
0000
,
0100
0000
0000
0010
0000
0000
0100
0000
0000
0000
0000
0000
0000
0000
1000
0000
,
0001
0000
0000
1000
0000
0000
0001
0000
0000
0000
0000
0000
0100
0000
0000
0000
,
1000
0000
0000
0001
0000
0000
1000
0000
0000
0000
0000
0000
0000
0000
0010
0000
,
0001
0000
0000
1000
0000
0000
0001
0000
0000
0000
0000
0000
0010
0000
0000
0000
,
1001
0000
0000
0100
0000
0000
0100
0000
0000
0000
0000
0000
0000
0000
0010
0000
,
1000
0000
0000
0001
0000
0000
1000
0000
0000
0000
0000
0000
0100
0000
0000
0000
,
0010
0000
0000
0010
0000
0000
0010
0000
0000
0000
0000
0000
0000
0000
0010
0000
,
0100
0000
0000
0100
0000
0000
0100
0000
0000
0000
0000
0000
1001
0000
0000
0000
,
0110
0001
0010
0100
,
1000
0000
0010
0100
0000
0000
1001
0000
,
0110
0001
1000
0001
,
0011
1000
1100
0010
,
0010
1001
0100
0100
,
0010
1001
0010
0010
,
0100
1001
0010
0010
,
0100
0000
0000
0100
0000
0000
0100
0000
0000
0000
0000
0000
1000
0000
0001
0000
,
0010
1001
0100
0010
,
0100
1001
0010
0100
,
0010
1001
0010
0100
,
0010
0000
0000
0010
0000
0000
0010
0000
0000
0000
0000
0000
1000
0000
0001
0000
;

//---------------dance-single - ----------------
#NOTES:
     dance-single:
     :
     Medium:
     5:
     0.353,0.406,0.420,0.000,0.086:
0000
0000
0000
0000
,
0000
0000
0000
0000
,
0000
0000
0000
0000
,
0000
0000
0000
0000
,
0010
1001
0100
0100
,
0010
0000
0100
0000
0001
1000
0000
0010
,
0100
1001
0100
0100
,
0010
0000
0100
0000
0001
1000
0000
0010
,
0100
1001
0100
0100
,
0100
0000
1001
0000
0010
0100
0000
0001
,
0100
1001
0100
0100
,
0011
1100
0101
1010
,
1001
0010
0100
0100
,
1000
0000
0100
0000
0010
0000
0001
1000
,
0001
0000
0010
0000
0100
0000
1000
0001
,
1000
0000
0100
0000
0010
0000
0001
1000
,
0100
0000
0000
0010
0000
0000
0001
1000
,
0100
0000
0000
0100
0000
0000
0001
1000
,
0100
0000
0000
1001
0000
0000
0001
1000
,
0100
0000
0000
0110
0000
0000
1001
0000
,
0100
0000
0000
0010
0000
0000
0100
0000
0000
0000
0000
0000
0000
0000
1000
0000
,
0001
0000
0000
1000
0000
0000
0010
0000
0000
0000
0000
0000
0100
0000
0000
0000
,
1000
0000
0000
0001
0000
0000
1000
0000
0000
0000
0000
0000
0000
0000
0100
0000
,
0010
0000
0000
1000
0000
0000
0001
0000
0000
0000
0000
0000
0010
0000
0000
0000
,
0100
0000
0000
1000
0000
0000
0010
0000
0000
0000
0000
0000
0000
0000
0001
0000
,
1000
0000
0000
0010
0000
0000
0100
0000
0000
0000
0000
0000
0001
0000
0000
0000
,
1000
0000
0000
1000
0000
0000
0001
0000
0000
0000
0000
0000
0000
0000
0001
0000
,
1000
0000
0000
0100
0000
0000
0010
0000
0000
0000
0000
0000
0100
0000
0000
0000
,
1001
0000
0000
0100
0000
0000
0100
0000
0000
0000
0000
0000
0000
0000
0010
0000
,
0100
0000
0000
1000
0000
0000
0001
0000
0000
0000
0000
0000
0100
0000
0000
0000
,
0010
0000
0000
0010
0000
0000
0010
0000
0000
0000
0000
0000
0000
0000
0010
0000
,
0100
0000
0000
0100
0000
0000
0100
0000
0000
0000
0000
0000
1001
0000
0000
0000
,
0110
0001
0010
0100
,
1000
0000
0010
0100
0000
0000
1001
0000
,
0110
0001
1000
0001
,
0011
1100
0101
1010
,
0110
1001
0100
0100
,
0110
1001
0010
1001
,
0100
1001
0010
0010
,
0100
0000
0000
0100
0000
0000
0100
0000
0000
0000
0000
0000
0100
0000
0010
0000
,
0010
1001
0100
0101
,
1100
0010
0000
1001
,
0010
1001
0100
1001
,
0010
0000
0000
0010
0000
0000
0010
0000
0000
0000
0000
0000
1000
0000
0001
0000
;

//---------------dance-single - ----------------
#NOTES:
     dance-single:
     :
     Hard:
     7:
     0.432,0.434,0.642,0.000,0.093:  // measure 1
0000
0000
0000
0000
,  // measure 2
0000
0000
0000
0000
,  // measure 3
0000
0000
0000
0000
,  // measure 4
0000
0000
0000
0000
,  // measure 5
0010
0000
1001
0000
0100
0001
0100
0001
,  // measure 6
1000
0010
1000
0010
0100
0001
0000
0010
,  // measure 7
0100
0000
1001
0000
0010
1000
0010
1000
,  // measure 8
0001
0100
0001
0100
0010
1000
0000
0010
,  // measure 9
0100
0000
1001
0000
0100
0001
0100
0001
,  // measure 10
1000
0000
0110
0000
0001
1000
0000
0010
,  // measure 11
0100
0000
1001
0000
0010
0010
0100
0100
,  // measure 12
0010
1100
0010
0101
,  // measure 13
1001
0000
0010
0000
0100
0100
0010
0010
,  // measure 14
0001
0000
1100
0000
0010
0000
1000
0001
,  // measure 15
1000
0000
0010
0100
0010
0000
1000
0001
,  // measure 16
1000
0000
0100
0010
0100
0000
0001
1000
,  // measure 17
0100
0000
0000
1001
0000
0000
0010
1000
,  // measure 18
0100
0010
0000
0010
0000
0000
0001
1000
,  // measure 19
0010
0000
0000
0100
0000
0000
1000
0100
,  // measure 20
0001
0000
0000
0110
0000
0000
1001
0000
,  // measure 21
0100
0000
0000
0010
0000
0000
0100
0000
0000
0000
0000
0000
0000
0000
1000
0000
,  // measure 22
0001
0000
0000
1000
0000
0000
0001
0000
0000
0000
0000
0000
0001
0000
0000
0000
,  // measure 23
1000
0000
0000
0001
0000
0000
1000
0000
0000
0000
0000
0000
0000
0000
0100
0000
,  // measure 24
0010
0000
0000
0101
0000
0000
1100
0000
0000
0000
0000
0000
0100
0000
0000
0000
,  // measure 25
0001
0000
0000
1100
0000
0000
0101
0000
0000
0000
0000
0000
0000
0000
0001
0000
,  // measure 26
1000
0000
0000
0101
0000
0000
1100
0000
0000
0000
0000
0000
0100
0000
0000
0000
,  // measure 27
0010
0000
0000
1100
0000
0000
0101
0000
0000
0000
0000
0000
0000
0000
0100
0000
,  // measure 28
1000
0000
0000
0101
0000
0000
1100
0000
0000
0000
0000
0000
0100
0000
0000
0000
,  // measure 29
1001
0000
0000
0010
0000
0000
0010
0000
0000
0000
0000
0000
0000
0000
0100
0000
,  // measure 30
1010
0000
0000
0101
0000
0000
1010
0000
0000
0000
0000
0000
0100
0000
0000
0000
,  // measure 31
0011
0000
0000
1100
0000
0000
0101
0000
0000
0000
0000
0000
0000
0000
0100
0000
,  // measure 32
1010
0000
0000
0101
0000
0000
1100
0000
0000
0000
0000
0000
0110
0000
0000
0000
,  // measure 33
0001
1000
0001
1000
0010
0000
0100
0000
,  // measure 34
0010
0000
1000
0001
1000
0001
0100
0000
,  // measure 35
1000
0100
1000
0100
1000
0100
1000
0100
,  // measure 36
0011
1100
0001
1000
,  // measure 37
0110
1001
0100
0100
,  // measure 38
0110
1001
0010
1100
,  // measure 39
0010
0101
0010
1100
,  // measure 40
0010
0000
0000
0101
0000
0000
1100
0000
0000
0000
0000
0000
0010
0000
0100
0000
,  // measure 41
0100
1001
0100
0101
,  // measure 42
1100
0010
0000
0101
,  // measure 43
0010
1100
0010
1001
,  // measure 44
0010
0000
0000
1100
0000
0000
0101
0000
0000
0000
1000
0100
1000
0000
0001
0000
;

//---------------dance-double - ----------------
#NOTES:
     dance-double:
     :
     Easy:
     4:
     0.312,0.325,0.309,0.000,0.086:
00000000
00000000
00000000
00000000
,
00000000
00000000
00000000
00000000
,
00000000
00000000
00000000
00000000
,
00000000
00000000
00000000
00000000
,
00100000
10010000
01000000
00001000
,
00000100
00000010
00000000
00000001
,
00000100
00001001
00000100
00010000
,
00100000
01000000
00000000
00010000
,
01000000
00011000
00000100
00001000
,
00000100
00011000
00000100
00010000
,
01000000
10010000
01000000
00100000
,
10000000
00010000
01000000
00001000
,
00000110
00000001
00000100
00010000
,
00001000
00100000
01000000
00001000
,
00010000
00000010
00000100
00010000
,
00001000
01000000
00100000
00010000
,
01000000
00000000
00000000
00011000
00000000
00000000
00000000
00000000
,
00000100
00000000
00000000
00011000
00000000
00000000
00000000
00000000
,
01000000
00000000
00000000
00011000
00000000
00000000
00000000
00000000
,
00000100
00000000
00000000
00011000
00000000
00000000
01100000
00000000
,
10000000
00000000
00000000
10000000
00000000
00000000
10000000
00000000
00000000
00000000
00000000
00000000
00000000
00000000
00000000
00000000
,
01000000
00000000
00000000
01000000
00000000
00000000
01000000
00000000
00000000
00000000
00000000
00000000
01000000
00000000
00000000
00000000
,
00001000
00000000
00000000
00001000
00000000
00000000
00001000
00000000
00000000
00000000
00000000
00000000
00000000
00000000
00000100
00000000
,
00000001
00000000
00000000
00001000
00000000
00000000
00000001
00000000
00000000
00000000
00000000
00000000
00000100
00000000
00000000
00000000
,
00010000
00000000
00000000
00000100
00000000
00000000
00010000
00000000
00000000
00000000
00000000
00000000
00000000
00000000
01000000
00000000
,
10000000
00000000
00000000
00010000
00000000
00000000
10000000
00000000
00000000
00000000
00000000
00000000
00010000
00000000
00000000
00000000
,
00001000
00000000
00000000
01000000
00000000
00000000
00001000
00000000
00000000
00000000
00000000
00000000
00000000
00000000
00001000
00000000
,
00010000
00000000
00000000
00000100
00000000
00000000
00010000
00000000
00000000
00000000
00000000
00000000
00000100
00000000
00000000
00000000
,
00001001
00000000
00000000
00000100
00000000
00000000
00000100
00000000
00000000
00000000
00000000
00000000
00000000
00000000
00000100
00000000
,
00010000
00000000
00000000
00000010
00000000
00000000
00010000
00000000
00000000
00000000
00000000
00000000
01000000
00000000
00000000
00000000
,
00100000
00000000
00000000
00100000
00000000
00000000
00100000
00000000
00000000
00000000
00000000
00000000
00000000
00000000
00001000
00000000
,
00000100
00000000
00000000
00000100
00000000
00000000
00000100
00000000
00000000
00000000
00000000
00000000
00011000
00000000
00000000
00000000
,
01100000
00010000
01000000
10000000
,
00010000
00000000
01000000
00010000
00000000
00000000
00011000
00000000
,
00000110
00000001
00001000
00000100
,
00001001
00000100
00011000
00100000
,
01000000
10010000
01000000
00001000
,
00010000
00000110
00000001
00001000
,
00000100
00011000
00100000
01000000
,
00010000
00000000
00000000
00010000
00000000
00000000
00010000
00000000
00000000
00000000
00000000
00000000
00010000
00000000
10000000
00000000
,
00100000
10010000
01000000
00011000
,
00000100
00001001
00000100
00001000
,
00000010
00011000
01000000
00001000
,
00001000
00000000
00000000
00001000
00000000
00000000
00001000
00000000
00000000
00000000
00000000
00000000
00010000
00000000
00001000
00000000
;

//---------------dance-double - ----------------
#NOTES:
     dance-double:
     :
     Medium:
     6:
     0.358,0.406,0.457,0.000,0.086:
00000000
00000000
00000000
00000000
,
00000000
00000000
00000000
00000000
,
00000000
00000000
00000000
00000000
,
00000000
00000000
00000000
00000000
,
00100000
10010000
01000000
00001000
,
00000100
00000000
00000010
00000000
00000001
00001000
00000000
00000010
,
00000100
00001001
00000100
00010000
,
00100000
00000000
01000000
00000000
00010000
10000000
00000000
00100000
,
01000000
00011000
00000100
00001000
,
00000100
00000000
00011000
00000000
00000100
00010000
00000000
10000000
,
01000000
10010000
01000000
00100000
,
11000000
00110000
00001100
00000011
,
00001001
00000010
00000100
00010000
,
00001000
00000000
00100000
00000000
01000000
00000000
00010000
10000000
,
00010000
00000000
00000010
00000000
00000100
00000000
00001000
00000001
,
00001000
00000000
01000000
00000000
00100000
00000000
00010000
10000000
,
01000000
00000000
00000000
00011000
00000000
00000000
00000001
00001000
,
00000100
00000000
00000000
00011000
00000000
00000000
10000000
00010000
,
01000000
00000000
00000000
00011000
00000000
00000000
00000001
00001000
,
00000100
00000000
00000000
00011000
00000000
00000000
10010000
00000000
,
01000000
00000000
00000000
00100000
00000000
00000000
01000000
00000000
00000000
00000000
00000000
00000000
00000000
00000000
00010000
00000000
,
10000000
00000000
00000000
00010000
00000000
00000000
10000000
00000000
00000000
00000000
00000000
00000000
01000000
00000000
00000000
00000000
,
00001000
00000000
00000000
00010000
00000000
00000000
00001000
00000000
00000000
00000000
00000000
00000000
00000000
00000000
00000100
00000000
,
00000001
00000000
00000000
00001000
00000000
00000000
00000001
00000000
00000000
00000000
00000000
00000000
00000100
00000000
00000000
00000000
,
00010000
00000000
00000000
00001000
00000000
00000000
00010000
00000000
00000000
00000000
00000000
00000000
00000000
00000000
01000000
00000000
,
10000000
00000000
00000000
00100000
00000000
00000000
01000000
00000000
00000000
00000000
00000000
00000000
00010000
00000000
00000000
00000000
,
10000000
00000000
00000000
10000000
00000000
00000000
00010000
00000000
00000000
00000000
00000000
00000000
00000000
00000000
01000000
00000000
,
00001000
00000000
00000000
00010000
00000000
00000000
00001000
00000000
00000000
00000000
00000000
00000000
00000100
00000000
00000000
00000000
,
00001001
00000000
00000000
00000100
00000000
00000000
00000100
00000000
00000000
00000000
00000000
00000000
00000000
00000000
00000100
00000000
,
00010000
00000000
00000000
00001000
00000000
00000000
00010000
00000000
00000000
00000000
00000000
00000000
01000000
00000000
00000000
00000000
,
00100000
00000000
00000000
00001000
00000000
00000000
00010000
00000000
00000000
00000000
00000000
00000000
00000000
00000000
00000010
00000000
,
00000001
00000000
00000000
00001000
00000000
00000000
00000100
00000000
00000000
00000000
00000000
00000000
00011000
00000000
00000000
00000000
,
01100000
00010000
01000000
10000000
,
00010000
00000000
01000000
00010000
00000000
00000000
00011000
00000000
,
00000110
00000001
00001000
00000100
,
00001001
00000110
00011000
00011000
,
01100000
10010000
01000000
00011000
,
00000110
00001001
00000010
00001001
,
00000100
00011000
00100000
01000000
,
00010000
00000000
00000000
00001000
00000000
00000000
00010000
00000000
00000000
00000000
00000000
00000000
01000000
00000000
00100000
00000000
,
00100000
10010000
01000000
00011000
,
00001001
00000100
00000000
00011000
,
00000010
00001100
00010000
01010000
,
00001000
00000000
00000000
00010000
00000000
00000000
00001000
00000000
00000000
00000000
00000000
00000000
00010000
00000000
00001000
00000000
;

//---------------dance-double - ----------------
#NOTES:
     dance-double:
     :
     Hard:
     6:
     0.358,0.406,0.457,0.000,0.086:
00000000
00000000
00000000
00000000
,
00000000
00000000
00000000
00000000
,
00000000
00000000
00000000
00000000
,
00000000
00000000
00000000
00000000
,
00100000
10010000
01000000
00001000
,
00000100
00000000
00000010
00000000
00000001
00001000
00000000
00000010
,
00000100
00001001
00000100
00010000
,
00100000
00000000
01000000
00000000
00010000
10000000
00000000
00100000
,
01000000
00011000
00000100
00001000
,
00000100
00000000
00011000
00000000
00000100
00010000
00000000
10000000
,
01000000
10010000
01000000
00100000
,
11000000
00110000
00001100
00000011
,
00001001
00000010
00000100
00010000
,
00001000
00000000
00100000
00000000
01000000
00000000
00010000
10000000
,
00010000
00000000
00000010
00000000
00000100
00000000
00001000
00000001
,
00001000
00000000
01000000
00000000
00100000
00000000
00010000
10000000
,
01000000
00000000
00000000
00011000
00000000
00000000
00000001
00001000
,
00000100
00000000
00000000
00011000
00000000
00000000
10000000
00010000
,
01000000
00000000
00000000
00011000
00000000
00000000
00000001
00001000
,
00000100
00000000
00000000
00011000
00000000
00000000
10010000
00000000
,
01000000
00000000
00000000
00100000
00000000
00000000
01000000
00000000
00000000
00000000
00000000
00000000
00000000
00000000
00010000
00000000
,
10000000
00000000
00000000
00010000
00000000
00000000
10000000
00000000
00000000
00000000
00000000
00000000
01000000
00000000
00000000
00000000
,
00001000
00000000
00000000
00010000
00000000
00000000
00001000
00000000
00000000
00000000
00000000
00000000
00000000
00000000
00000100
00000000
,
00000001
00000000
00000000
00001000
00000000
00000000
00000001
00000000
00000000
00000000
00000000
00000000
00000100
00000000
00000000
00000000
,
00010000
00000000
00000000
00001000
00000000
00000000
00010000
00000000
00000000
00000000
00000000
00000000
00000000
00000000
01000000
00000000
,
10000000
00000000
00000000
00100000
00000000
00000000
01000000
00000000
00000000
00000000
00000000
00000000
00010000
00000000
00000000
00000000
,
10000000
00000000
00000000
10000000
00000000
00000000
00010000
00000000
00000000
00000000
00000000
00000000
00000000
00000000
01000000
00000000
,
00001000
00000000
00000000
00010000
00000000
00000000
00001000
00000000
00000000
00000000
00000000
00000000
00000100
00000000
00000000
00000000
,
00001001
00000000
00000000
00000100
00000000
00000000
00000100
00000000
00000000
00000000
00000000
00000000
00000000
00000000
00000100
00000000
,
00010000
00000000
00000000
00001000
00000000
00000000
00010000
00000000
00000000
00000000
00000000
00000000
01000000
00000000
00000000
00000000
,
00100000
00000000
00000000
00001000
00000000
00000000
00010000
00000000
00000000
00000000
00000000
00000000
00000000
00000000
00000010
00000000
,
00000001
00000000
00000000
00001000
00000000
00000000
00000100
00000000
00000000
00000000
00000000
00000000
00011000
00000000
00000000
00000000
,
01100000
00010000
01000000
10000000
,
00010000
00000000
01000000
00010000
00000000
00000000
00011000
00000000
,
00000110
00000001
00001000
00000100
,
00001001
00000110
00011000
00011000
,
01100000
10010000
01000000
00011000
,
00000110
00001001
00000010
00001001
,
00000100
00011000
00100000
01000000
,
00010000
00000000
00000000
00001000
00000000
00000000
00010000
00000000
00000000
00000000
00000000
00000000
01000000
00000000
00100000
00000000
,
00100000
10010000
01000000
00011000
,
00001001
00000100
00000000
00011000
,
00000010
00001100
00010000
01010000
,
00001000
00000000
00000000
00010000
00000000
00000000
00001000
00000000
00000000
00000000
00000000
00000000
00010000
00000000
00001000
00000000
;

//---------------dance-couple - ----------------
#NOTES:
     dance-couple:
     :
     Medium:
     4:
     0.628,0.705,1.000,0.000,0.086:
00000000
00000000
00000000
00000000
,
00000000
00000000
00000000
00000000
,
00000000
00000000
00000000
00000000
,
00000000
00000000
00000000
00000000
,
00100010
10011001
01000100
01000100
,
00100010
00100010
00000000
00100010
,
01000100
10011001
00100010
00100010
,
01000100
01000100
00000000
01000100
,
00100010
10011001
01000100
01000100
,
01000100
10011001
00100010
00100010
,
00100010
10011001
01000100
01000100
,
00100010
00110011
01000100
11001100
,
10011001
00100010
01000100
01000100
,
10001000
01000100
00100010
00010001
,
00010001
00100010
01000100
10001000
,
10001000
01000100
00100010
00010001
,
01000100
00000000
00000000
00100010
00000000
00000000
00000000
00000000
,
00100010
00000000
00000000
01000100
00000000
00000000
00000000
00000000
,
01000100
00000000
00000000
10011001
00000000
00000000
00000000
00000000
,
10011001
00000000
00000000
01100110
00000000
00000000
10011001
00000000
,
01000100
00000000
00000000
01000100
00000000
00000000
01000100
00000000
00000000
00000000
00000000
00000000
00000000
00000000
10001000
00000000
,
00010001
00000000
00000000
00010001
00000000
00000000
00010001
00000000
00000000
00000000
00000000
00000000
01000100
00000000
00000000
00000000
,
10001000
00000000
00000000
10001000
00000000
00000000
10001000
00000000
00000000
00000000
00000000
00000000
00000000
00000000
00100010
00000000
,
00010001
00000000
00000000
10001000
00000000
00000000
00010001
00000000
00000000
00000000
00000000
00000000
00010001
00000000
00000000
00000000
,
01000100
00000000
00000000
00100010
00000000
00000000
01000100
00000000
00000000
00000000
00000000
00000000
00000000
00000000
10001000
00000000
,
00010001
00000000
00000000
10001000
00000000
00000000
00010001
00000000
00000000
00000000
00000000
00000000
01000100
00000000
00000000
00000000
,
10001000
00000000
00000000
00010001
00000000
00000000
10001000
00000000
00000000
00000000
00000000
00000000
00000000
00000000
00100010
00000000
,
00010001
00000000
00000000
10001000
00000000
00000000
00010001
00000000
00000000
00000000
00000000
00000000
00100010
00000000
00000000
00000000
,
10011001
00000000
00000000
01000100
00000000
00000000
01000100
00000000
00000000
00000000
00000000
00000000
00000000
00000000
00100010
00000000
,
10001000
00000000
00000000
00010001
00000000
00000000
10001000
00000000
00000000
00000000
00000000
00000000
01000100
00000000
00000000
00000000
,
00100010
00000000
00000000
00100010
00000000
00000000
00100010
00000000
00000000
00000000
00000000
00000000
00000000
00000000
00100010
00000000
,
01000100
00000000
00000000
01000100
00000000
00000000
01000100
00000000
00000000
00000000
00000000
00000000
10011001
00000000
00000000
00000000
,
01100110
00010001
00100010
01000100
,
10001000
00000000
00100010
01000100
00000000
00000000
10011001
00000000
,
01100110
00010001
10001000
00010001
,
00110011
10001000
11001100
00100010
,
00100010
10011001
01000100
01000100
,
00100010
10011001
00100010
00100010
,
01000100
10011001
00100010
00100010
,
01000100
00000000
00000000
01000100
00000000
00000000
01000100
00000000
00000000
00000000
00000000
00000000
10001000
00000000
00010001
00000000
,
00100010
10011001
01000100
00100010
,
01000100
10011001
00100010
01000100
,
00100010
10011001
00100010
01000100
,
00100010
00000000
00000000
00100010
00000000
00000000
00100010
00000000
00000000
00000000
00000000
00000000
10001000
00000000
00010001
00000000
;

//---------------dance-solo - ----------------
#NOTES:
     dance-solo:
     :
     Easy:
     3:
     0.314,0.352,0.309,0.000,0.086:
000000
000000
000000
000000
,
000000
000000
000000
000000
,
000000
000000
000000
000000
,
000000
000000
000000
000000
,
000100
100001
001000
001000
,
000100
000100
000000
000100
,
001000
100001
000100
000100
,
001000
001000
000000
001000
,
000100
100001
001000
001000
,
001000
100001
000100
000100
,
000100
100001
001000
001000
,
000100
000101
001000
101000
,
100001
000100
001000
001000
,
100000
001000
000100
000001
,
000001
000100
001000
100000
,
100000
001000
000100
000001
,
001000
000000
000000
000100
000000
000000
000000
000000
,
000100
000000
000000
001000
000000
000000
000000
000000
,
001000
000000
000000
100001
000000
000000
000000
000000
,
100001
000000
000000
001100
000000
000000
100001
000000
,
001000
000000
000000
001000
000000
000000
001000
000000
000000
000000
000000
000000
000000
000000
100000
000000
,
000001
000000
000000
000001
000000
000000
000001
000000
000000
000000
000000
000000
001000
000000
000000
000000
,
100000
000000
000000
100000
000000
000000
100000
000000
000000
000000
000000
000000
000000
000000
000100
000000
,
000001
000000
000000
100000
000000
000000
000001
000000
000000
000000
000000
000000
000001
000000
000000
000000
,
001000
000000
000000
000100
000000
000000
001000
000000
000000
000000
000000
000000
000000
000000
100000
000000
,
000001
000000
000000
100000
000000
000000
000001
000000
000000
000000
000000
000000
001000
000000
000000
000000
,
100000
000000
000000
000001
000000
000000
100000
000000
000000
000000
000000
000000
000000
000000
000100
000000
,
000001
000000
000000
100000
000000
000000
000001
000000
000000
000000
000000
000000
000100
000000
000000
000000
,
100001
000000
000000
001000
000000
000000
001000
000000
000000
000000
000000
000000
000000
000000
000100
000000
,
100000
000000
000000
000001
000000
000000
100000
000000
000000
000000
000000
000000
001000
000000
000000
000000
,
000100
000000
000000
000100
000000
000000
000100
000000
000000
000000
000000
000000
000000
000000
000100
000000
,
001000
000000
000000
001000
000000
000000
001000
000000
000000
000000
000000
000000
100001
000000
000000
000000
,
001100
000001
000100
001000
,
100000
000000
000100
001000
000000
000000
100001
000000
,
001100
000001
100000
000001
,
000101
100000
101000
000100
,
000100
100001
001000
001000
,
000100
100001
000100
000100
,
001000
100001
000100
000100
,
001000
000000
000000
001000
000000
000000
001000
000000
000000
000000
000000
000000
100000
000000
000001
000000
,
000100
100001
001000
000100
,
001000
100001
000100
001000
,
000100
100001
000100
001000
,
000100
000000
000000
000100
000000
000000
000100
000000
000000
000000
000000
000000
100000
000000
000001
000000
;

//---------------dance-solo - ----------------
#NOTES:
     dance-solo:
     :
     Medium:
     4:
     0.353,0.406,0.420,0.000,0.086:
000000
000000
000000
000000
,
000000
000000
000000
000000
,
000000
000000
000000
000000
,
000000
000000
000000
000000
,
000100
100001
001000
001000
,
000100
000000
001000
000000
000001
100000
000000
000100
,
001000
100001
001000
001000
,
000100
000000
001000
000000
000001
100000
000000
000100
,
001000
100001
001000
001000
,
001000
000000
100001
000000
000100
001000
000000
000001
,
001000
100001
001000
001000
,
000101
101000
001001
100100
,
100001
000100
001000
001000
,
100000
000000
001000
000000
000100
000000
000001
100000
,
000001
000000
000100
000000
001000
000000
100000
000001
,
100000
000000
001000
000000
000100
000000
000001
100000
,
001000
000000
000000
000100
000000
000000
000001
100000
,
001000
000000
000000
001000
000000
000000
000001
100000
,
001000
000000
000000
100001
000000
000000
000001
100000
,
001000
000000
000000
001100
000000
000000
100001
000000
,
001000
000000
000000
000100
000000
000000
001000
000000
000000
000000
000000
000000
000000
000000
100000
000000
,
000001
000000
000000
100000
000000
000000
000100
000000
000000
000000
000000
000000
001000
000000
000000
000000
,
100000
000000
000000
000001
000000
000000
100000
000000
000000
000000
000000
000000
000000
000000
001000
000000
,
000100
000000
000000
100000
000000
000000
000001
000000
000000
000000
000000
000000
000100
000000
000000
000000
,
001000
000000
000000
100000
000000
000000
000100
000000
000000
000000
000000
000000
000000
000000
000001
000000
,
100000
000000
000000
000100
000000
000000
001000
000000
000000
000000
000000
000000
000001
000000
000000
000000
,
100000
000000
000000
100000
000000
000000
000001
000000
000000
000000
000000
000000
000000
000000
000001
000000
,
100000
000000
000000
001000
000000
000000
000100
000000
000000
000000
000000
000000
001000
000000
000000
000000
,
100001
000000
000000
001000
000000
000000
001000
000000
000000
000000
000000
000000
000000
000000
000100
000000
,
001000
000000
000000
100000
000000
000000
000001
000000
000000
000000
000000
000000
001000
000000
000000
000000
,
000100
000000
000000
000100
000000
000000
000100
000000
000000
000000
000000
000000
000000
000000
000100
000000
,
001000
000000
000000
001000
000000
000000
001000
000000
000000
000000
000000
000000
100001
000000
000000
000000
,
001100
000001
000100
001000
,
100000
000000
000100
001000
000000
000000
100001
000000
,
001100
000001
100000
000001
,
000101
101000
001001
100100
,
001100
100001
001000
001000
,
001100
100001
000100
100001
,
001000
100001
000100
000100
,
001000
000000
000000
001000
000000
000000
001000
000000
000000
000000
000000
000000
001000
000000
000100
000000
,
000100
100001
001000
001001
,
101000
000100
000000
100001
,
000100
100001
001000
100001
,
000100
000000
000000
000100
000000
000000
000100
000000
000000
000000
000000
000000
100000
000000
000001
000000
;

//---------------dance-solo - ----------------
#NOTES:
     dance-solo:
     :
     Hard:
     6:
     0.432,0.434,0.642,0.000,0.093:
000000
000000
000000
000000
,
000000
000000
000000
000000
,
000000
000000
000000
000000
,
000000
000000
000000
000000
,
000100
000000
100001
000000
001000
000001
001000
000001
,
100000
000100
100000
000100
001000
000001
000000
000100
,
001000
000000
100001
000000
000100
100000
000100
100000
,
000001
001000
000001
001000
000100
100000
000000
000100
,
001000
000000
100001
000000
001000
000001
001000
000001
,
100000
000000
001100
000000
000001
100000
000000
000100
,
001000
000000
100001
000000
000100
000100
001000
001000
,
000100
101000
000100
001001
,
100001
000000
000100
000000
001000
001000
000100
000100
,
000001
000000
101000
000000
000100
000000
100000
000001
,
100000
000000
000100
001000
000100
000000
100000
000001
,
100000
000000
001000
000100
001000
000000
000001
100000
,
001000
000000
000000
100001
000000
000000
000100
100000
,
001000
000100
000000
000100
000000
000000
000001
100000
,
000100
000000
000000
001000
000000
000000
100000
001000
,
000001
000000
000000
001100
000000
000000
100001
000000
,
001000
000000
000000
000100
000000
000000
001000
000000
000000
000000
000000
000000
000000
000000
100000
000000
,
000001
000000
000000
100000
000000
000000
000001
000000
000000
000000
000000
000000
000001
000000
000000
000000
,
100000
000000
000000
000001
000000
000000
100000
000000
000000
000000
000000
000000
000000
000000
001000
000000
,
000100
000000
000000
001001
000000
000000
101000
000000
000000
000000
000000
000000
001000
000000
000000
000000
,
000001
000000
000000
101000
000000
000000
001001
000000
000000
000000
000000
000000
000000
000000
000001
000000
,
100000
000000
000000
001001
000000
000000
101000
000000
000000
000000
000000
000000
001000
000000
000000
000000
,
000100
000000
000000
101000
000000
000000
001001
000000
000000
000000
000000
000000
000000
000000
001000
000000
,
100000
000000
000000
001001
000000
000000
101000
000000
000000
000000
000000
000000
001000
000000
000000
000000
,
100001
000000
000000
000100
000000
000000
000100
000000
000000
000000
000000
000000
000000
000000
001000
000000
,
100100
000000
000000
001001
000000
000000
100100
000000
000000
000000
000000
000000
001000
000000
000000
000000
,
000101
000000
000000
101000
000000
000000
001001
000000
000000
000000
000000
000000
000000
000000
001000
000000
,
100100
000000
000000
001001
000000
000000
101000
000000
000000
000000
000000
000000
001100
000000
000000
000000
,
000001
100000
000001
100000
000100
000000
001000
000000
,
000100
000000
100000
000001
100000
000001
001000
000000
,
100000
001000
100000
001000
100000
001000
100000
001000
,
000101
101000
000001
100000
,
001100
100001
001000
001000
,
001100
100001
000100
101000
,
000100
001001
000100
101000
,
000100
000000
000000
001001
000000
000000
101000
000000
000000
000000
000000
000000
000100
000000
001000
000000
,
001000
100001
001000
001001
,
101000
000100
000000
001001
,
000100
101000
000100
100001
,
000100
000000
000000
101000
000000
000000
001001
000000
000000
000000
100000
001000
100000
000000
000001
000000
;
