#TITLE:Secret Rendez-vous;
#SUBTITLE:;
#ARTIST:DIVAS;
#TITLETRANSLIT:;
#SUBTITLETRANSLIT:;
#ARTISTTRANSLIT:;
#CREDIT:;
#BANNER:Secret Rendez-vous.png;
#BACKGROUND:Secret Rendez-vous-bg.png;
#LYRICSPATH:;
#CDTITLE:./CDTITLES/DDRMAX2 -Dance Dance Revolution 7thMIX-.PNG;
#MUSIC:Secret Rendez-vous.ogg;
#OFFSET:0.000;
#SAMPLESTART:41.631;
#SAMPLELENGTH:15.000;
#SELECTABLE:YES;
#DISPLAYBPM:98.000;
#BPMS:0.000=98.093,4.000=98.004;
#STOPS:;
#BGCHANGES:;

//---------------dance-single - ----------------
#NOTES:
     dance-single:
     :
     Beginner:
     3:
     0.110,0.132,0.060,0.000,0.000:
0000
0000
0000
0000
,
0000
0000
0000
0000
,
0000
0000
0000
0000
,
0000
0000
0000
0000
,
0000
0000
0000
0000
,
1000
0000
0000
0001
,
0001
0000
0000
0010
,
0010
0000
0000
0100
,
0100
0000
0000
1000
,
1000
0000
0001
0001
,
0001
0000
0000
0010
,
0010
0000
0000
0100
,
0100
0000
0000
1000
,
1000
0000
0001
0000
,
1000
0000
0010
0000
,
0010
0000
0100
0000
,
1000
0000
0100
0000
,
0010
0000
0010
0010
,
0010
0000
0010
0010
,
0000
0100
0000
0100
,
0000
0001
0001
0001
,
0000
0000
0001
0001
,
0001
0000
1000
1000
,
1000
0000
0010
0000
,
1000
0000
0000
1001
,
1001
0000
0000
0010
,
0010
0000
0000
0110
,
0110
0000
0000
0100
,
0100
0000
0000
1001
,
1001
0000
0000
0000
,
0010
0000
0000
0000
,
0100
0000
0100
0000
,
0010
0000
1000
0000
,
0010
0000
0100
0000
,
0100
0000
0100
0000
,
0001
0000
0100
0000
,
0001
0000
0100
0000
,
0001
0000
1000
1000
,
1000
0000
0000
0000
,
0000
0000
0000
0000
;

//---------------dance-single - ----------------
#NOTES:
     dance-single:
     :
     Easy:
     4:
     0.154,0.215,0.120,0.020,0.000:
0000
0000
0000
0000
,
0000
0000
0000
0000
,
0000
0000
0000
0000
,
0000
0000
0000
0000
,
0000
0000
0000
0000
,
1000
0000
0000
0001
,
0001
0000
0000
0010
,
0010
0000
0000
0100
,
0100
0000
0000
1000
,
1000
0000
1000
0001
,
0001
0000
0001
0010
,
0010
0000
0010
0100
,
0100
0000
0100
1000
,
1000
0000
0001
0000
,
1000
0100
0010
0001
,
0010
0000
0100
0000
,
1000
0010
0100
0001
,
0010
0000
0010
0010
,
0010
0000
0010
0010
,
0001
0010
0100
1000
,
0001
0010
0100
1001
,
1000
0000
0001
0001
,
0001
0000
1000
1000
,
1000
0100
0010
0001
,
1000
0100
0010
1001
,
1001
0000
0000
1001
,
0110
0000
0000
0110
,
1001
0000
0000
0110
,
1001
0000
0000
1001
,
0010
0000
0000
0000
,
0010
0000
0000
0000
,
0100
0000
0100
0000
,
0010
0001
1000
0100
,
0010
0000
0100
0010
,
0100
0000
0100
0010
,
0001
0010
0100
1000
,
0001
0010
0100
1001
,
0001
0000
1000
1000
,
2002
0000
0000
0000
,
0000
3003
0000
0000
,
0000
0000
0000
0000
;

//---------------dance-single - ----------------
#NOTES:
     dance-single:
     :
     Medium:
     7:
     0.245,0.293,0.219,0.040,0.000:
0000
0000
0000
0000
,
0000
0000
0000
0000
,
0000
0000
0000
0000
,
0000
0000
0000
0000
,
0000
0000
0000
0000
,
0010
0000
1000
0000
0001
0100
0000
0000
,
0010
0000
1000
0000
0001
0100
0000
0000
,
0001
0010
0100
1000
,
0100
0000
0010
0000
0001
1000
0100
0000
,
0010
0000
0001
0000
1000
0100
0000
0000
,
0010
0000
0001
0000
1000
0100
0000
0000
,
1000
0010
0100
0001
,
0100
0000
0010
0000
1000
0001
0100
0000
,
0010
0000
0010
0000
0010
1000
0100
0000
,
0010
0000
0010
0000
0010
0001
0100
0000
,
0110
1000
0110
0001
,
1000
0100
0010
1001
,
0001
0000
0001
0000
0001
1000
0001
0000
,
1000
0000
1000
0000
1000
0001
1000
0000
,
1000
1100
0001
0101
,
1000
0000
0010
0000
0100
0001
1001
0000
,
1000
0000
1000
0000
1000
0001
1000
0000
,
0001
0000
0001
0000
0001
1000
0001
0000
,
0001
0101
1000
1100
,
0001
0000
0100
0000
0010
1000
1001
0000
,
0010
0000
0000
0000
0010
1000
1001
0000
,
1000
0000
0000
0000
0100
0010
0110
0000
,
0100
0000
0000
0000
0100
1000
1001
0000
,
0001
0000
0000
0000
0001
0100
0110
0000
,
0020
0000
0000
0000
0100
0100
0030
0000
,
0200
0000
0000
0000
0010
0010
0300
0000
,
0010
0000
0010
0000
0010
0100
0010
0000
,
0010
1000
0001
1001
,
0100
0000
1001
0000
0001
0100
0001
0000
,
1001
0000
1000
0000
0010
1000
0100
0000
,
1001
0110
1100
0101
,
1000
0100
0010
1001
,
0001
0000
1000
0000
0001
1000
0100
0010
,
2002
0000
0000
0000
,
0000
3003
0000
0000
,
0000
0000
0000
0000
;

//---------------dance-single - ----------------
#NOTES:
     dance-single:
     :
     Hard:
     12:
     0.404,0.450,0.329,0.139,0.428:
0000
0000
0000
0000
,
0000
0000
0000
0000
,
0000
0000
0000
0000
,
0000
0000
0000
0000
,
0000
0000
0000
0000
,
1000
0000
0010
1000
0010
0000
0100
0000
0001
0010
0001
0000
0000
0000
1000
0000
,
0001
0000
0010
0001
0010
0000
0100
0000
1000
0010
1000
0000
0001
0000
1000
0000
,
0010
0000
1000
0100
1000
0100
0000
0010
0001
0010
0001
0000
0000
1000
0001
1000
,
0100
1000
0000
0001
0000
0010
0000
0100
0000
1000
0000
0001
0000
1001
0000
0000
,
1000
0000
0100
1000
0100
0000
0010
0001
0010
0001
0100
0000
0000
0000
0010
0000
,
1000
0000
0001
0100
0001
0000
0100
0000
0010
1000
0010
0000
0100
0000
0001
0000
,
0010
0000
0001
1000
0100
1000
0010
1000
0000
0001
0100
0000
0000
0001
0100
1000
,
0100
0001
0000
1000
0000
0100
0000
0010
0000
0001
0000
1000
0000
1001
0000
0000
,
0110
0000
0000
1001
0000
0000
1000
0000
0100
0000
0010
0000
0001
0000
1000
0000
,
1100
0000
0000
0110
0000
0000
0011
0000
0000
0000
1000
0000
0001
0000
0010
0000
,
0101
0000
0110
1000
0000
1001
0000
0001
,
0010
0100
1000
1001
0000
1001
0010
0000
,
2001
0000
0000
0000
0000
0001
0000
0001
0000
0001
0000
0000
3000
0000
0000
0000
,
1002
0000
0000
0000
0000
1000
0000
1000
0000
1000
0000
0000
0003
0000
0000
0000
,
0001
0000
0010
0100
0000
1000
0100
1000
0010
0000
0100
0001
0000
0100
0010
1000
,
0100
0000
0101
1000
1100
0001
0011
0000
,
1002
0000
0000
0000
0000
1000
0000
1000
0000
1000
0000
0000
0003
0000
0000
0000
,
2001
0000
0000
0000
0000
0001
0000
0001
0000
0001
0000
0000
3000
0000
0000
0000
,
1001
0000
0000
0010
0100
0000
0000
0001
1000
0000
0000
0010
0100
0000
0000
0000
,
0011
0000
0101
0100
1100
0000
1010
0000
,
2002
0000
0000
0003
0000
0001
3001
0000
,
2002
0000
0000
3000
0000
1000
1003
0000
,
1001
0000
1000
0000
0001
0010
0001
0100
0010
0000
1000
0000
0100
1000
0010
0100
,
0010
0000
0000
0000
0010
0000
0000
0000
0001
1000
0001
0000
0001
1000
0001
1000
,
0002
0000
0000
0000
0000
2000
0000
0000
0000
0000
0000
0000
3003
0000
0000
0000
,
2000
0000
0000
0000
0000
0002
0000
0000
0000
0000
0000
0000
3003
0000
0000
1000
,
0001
0000
0000
0000
0000
0000
0000
0010
0100
0000
0000
0000
0000
0000
0000
1000
,
0001
0000
0000
0000
1100
0000
0000
0000
0000
0001
0000
0001
1000
0001
1000
0001
,
1000
0000
0001
0000
0010
0000
0100
0000
0010
0100
0010
0100
1000
0000
1000
0001
,
1000
0000
0010
0000
0100
0000
0001
0000
0010
0100
0010
0100
1000
0000
0001
0000
,
1001
0000
0000
0010
0100
0000
0000
0001
1000
0000
0000
0010
0100
0000
0001
0000
,
1100
0000
1001
0100
0110
0000
1001
0000
,
1000
0000
0000
0000
1000
0000
0000
0001
1000
0000
0000
0001
1000
0001
1000
0002
,
0200
0000
0000
0000
,
0000
0303
0000
0000
,
0000
0000
0000
0000
;

//---------------dance-double - ----------------
#NOTES:
     dance-double:
     :
     Easy:
     4:
     0.168,0.215,0.159,0.010,0.000:
00000000
00000000
00000000
00000000
,
00000000
00000000
00000000
00000000
,
00000000
00000000
00000000
00000000
,
00000000
00000000
00000000
00000000
,
00000000
00000000
00000000
00000000
,
00000010
00000000
00010000
00001000
,
01000000
00000000
00001000
00010000
,
00000100
00000000
00010000
00001000
,
00100000
00010000
01000000
00001000
,
00100000
00000000
01000000
00010000
,
00000010
00000000
00000100
00001000
,
00100000
00000000
01000000
00001000
,
00000010
00000000
00000100
00001000
,
00011000
00000000
01010000
00000000
,
10000000
01000000
00100000
00010000
,
00011000
00000000
00001100
00000000
,
00000001
00000100
00000010
00001000
,
00011000
00000000
00000000
00100000
,
00011000
00000000
00000000
00000010
,
00011000
01000000
00011000
00000100
,
00001000
00000001
00000010
00000100
,
00011000
00000000
00000000
00000100
,
00011000
00000000
00000000
01000000
,
00011000
00000010
00011000
00100000
,
00010000
10000000
00100000
01000000
,
01000000
00000000
00010000
00000000
,
00000010
00000000
00001000
00000000
,
00010000
00000000
00001000
00000000
,
01000000
00000000
00010000
10000000
,
01000000
00000000
00010000
00001000
,
00000100
00000000
00001000
00010000
,
00100000
00000000
00010000
00001000
,
00000010
00000000
00001000
00010000
,
01000000
00000000
00010000
00001000
,
00000100
00000000
00001000
00010000
,
00011000
00100000
00011000
00000010
,
00011000
00000100
00011000
01000000
,
00010000
00010000
00010000
00010000
,
00020000
00000000
00000000
00000000
,
00000000
00030000
00000000
00000000
,
00000000
00000000
00000000
00000000
;

//---------------dance-double - ----------------
#NOTES:
     dance-double:
     :
     Medium:
     8:
     0.270,0.313,0.398,0.020,0.000:
00000000
00000000
00000000
00000000
,
00000000
00000000
00000000
00000000
,
00000000
00000000
00000000
00000000
,
00000000
00000000
00000000
00000000
,
00000000
00000000
00000000
00000000
,
00100000
00000000
10000000
00000000
01000000
00000000
00010000
00001000
,
00000010
00000000
00000001
00000000
00000100
00000000
00001000
00010000
,
00100000
00000000
10000000
01000000
00010000
00001000
00000100
00000001
,
00000010
00000000
00000001
00000100
00001000
00010000
01000000
10000000
,
00100000
00000000
00100000
00000000
10000000
00010000
01000000
00000000
,
00100000
00000000
00100000
00000000
10000000
01000000
00010000
00001000
,
00000010
00000000
00000010
00000000
00000001
00001000
00000100
00000000
,
00000010
00000000
00000010
00000000
00000001
00000100
00001000
00010000
,
00100000
10000000
01000000
00010000
,
00001100
00010010
00001100
00010010
,
00000100
00000001
00000010
00001000
,
00110000
01001000
00110000
01001000
,
01100000
10000000
01000000
00010000
,
00000110
00000001
00000010
00001000
,
00011000
00010010
00011000
00101000
,
01100000
00011000
00000110
00011000
,
01100000
00000000
10000000
00010000
01000000
00000000
00001000
00000000
,
00000110
00000000
00000001
00001000
00000100
00000000
00010000
00000000
,
00011000
01001000
00011000
00010100
,
00011000
00001100
00011000
01010000
,
10010000
00000000
00000000
00000000
00010000
10000000
01000000
00000000
,
00011000
00000000
00000000
00000000
00000010
00000001
00000100
00000010
,
00001001
00000000
00000000
00000000
00001000
00000001
00000100
00000000
,
00011000
00000000
00000000
00000000
01000000
10000000
00100000
00000000
,
00021000
00000000
00000000
00000000
,
00001000
00000000
00000000
00030000
,
00001000
00100000
00010000
00000010
,
00011000
00101000
00011000
00010010
,
00001000
00000000
00000001
00000000
00001000
00000001
00000100
00000000
,
00010000
00000000
10000000
00000000
00010000
10000000
01000000
00000000
,
00001000
00001001
00001000
00010000
,
10010000
00010000
00001000
00011000
,
00100000
00000000
01000000
00000000
00010000
00001000
00000100
00000010
,
00000200
00000000
00000000
00000000
,
00000000
00000300
00000000
00000000
,
00000000
00000000
00000000
00000000
;

//---------------dance-double - ----------------
#NOTES:
     dance-double:
     :
     Hard:
     12:
     0.411,0.450,0.249,0.080,0.154:
00000000
00000000
00000000
00000000
,
00000000
00000000
00000000
00000000
,
00000000
00000000
00000000
00000000
,
00000000
00000000
00000000
00000000
,
00000000
00000000
00000000
00000000
,
00000100
00000000
00001000
00000000
00000001
00000000
00000100
00000000
00001000
00000000
00010000
00000000
00001000
00010000
00001000
00000000
,
00100000
00000000
01000000
00000000
10000000
00000000
00010000
00000000
01000000
10000000
01000000
00000000
00010000
00100000
00010000
00000000
,
10000000
00000000
01000000
00000000
00010000
00000000
00001000
00000000
01000000
00000000
00100000
00000000
10000000
00010000
10000000
00000000
,
00100000
01000000
00001000
00010000
00000010
00000100
00000001
00001000
,
00000100
00000000
00000010
00000000
00000001
00000000
00000100
00000000
00000010
00000000
00001000
00000000
00000100
00000010
00000100
00000000
,
00000010
00000000
00001000
00000000
00010000
00000000
00100000
00000000
01000000
00100000
01000000
00000000
00010000
00100000
00010000
00000000
,
01000000
00000000
00001000
00000000
00010000
00000000
00000100
00000000
00000010
00000000
00000001
00000000
00000100
00000010
00000100
00000000
,
00000001
00001000
00000001
00000000
00000010
00000100
00000010
00000000
00000100
00010000
00000100
00000000
00001000
00000001
00001000
00000000
,
00001001
00000000
00001100
00010000
00001000
01000000
00110000
00001000
,
00010000
00000000
00011000
00000000
00010010
00001000
00000100
00010000
,
00011000
00000000
01100000
10000000
01000000
00100000
00010000
01000000
,
01100000
00110000
00011000
00001100
,
00000210
00000001
00001000
00000301
,
00000120
00001000
00000001
00001030
,
00010000
00100000
10000000
01000000
00100000
00010000
01000000
00010000
,
00100000
00001000
00010000
00000010
00001000
00000100
00010000
01000000
,
01200000
10000000
00010000
10300000
,
02100000
00010000
10000000
03010000
,
00011000
00000000
00000000
00000000
00001100
00000000
00000000
00000000
00000010
00000001
00000010
00000001
00000010
00000000
00001000
00000000
,
00010000
00000000
00011000
00000000
00000010
00000001
00000100
00001000
,
00011000
00000000
00100000
00000000
10000000
00000000
01000000
00000000
00100000
00010000
00100000
00010000
00100000
00000000
00011000
00000000
,
00000010
00000000
00000001
00000000
00000100
00000000
00001000
00000000
00010000
00001000
00010000
00001000
00000100
00000000
00000001
00000000
,
00000200
00000010
00001000
00010300
,
00021000
01000000
10000000
00130000
,
01100000
00000000
00000000
00000000
10010000
00000000
00000000
00000000
00100000
10000000
00010000
10000000
01000000
00000000
00010000
00000000
,
00001000
00000000
00000100
00000000
00000010
00000000
00001000
00000000
00000001
00000010
00001000
00000010
00000001
00000000
00001000
00000000
,
00000100
00010000
00000100
00010000
00001000
00100000
00001000
00100000
,
00010000
10000000
00010000
10000000
11000000
00010000
00001000
00000100
,
00000101
00000000
00000010
00000000
00000001
00000000
00000100
00000000
00001000
00000000
00010000
00000000
00100000
10000000
00100000
10000000
,
00100000
00000000
01000000
00000000
00010000
00000000
10000000
00000000
00010000
00000000
01000000
00000000
00001000
00010000
00001000
00010000
,
00001000
00000000
00000100
00000000
00000001
00000000
00000010
00000000
00000001
00001000
00000001
00000000
00000001
00000010
00000100
00001000
,
00000010
00000100
00001000
00010000
01000000
10000000
00100000
01000000
,
00010000
00000000
00000000
00000000
10000000
00000000
00000000
00000000
00010000
00000000
10000000
00000000
01000000
00010000
00001000
00000200
,
00000020
00000000
00000000
00000000
,
00000000
00000330
00000000
00000000
,
00000000
00000000
00000000
00000000
;
