#TITLE:SEXY PLANET(FROM NONSTOP MEGAMIX);
#SUBTITLE:;
#ARTIST:Crystal Aliens;
#TITLETRANSLIT:;
#SUBTITLETRANSLIT:;
#ARTISTTRANSLIT:;
#CREDIT:;
#BANNER:SEXY PLANET(FROM NONSTOP MEGAMIX).png;
#BACKGROUND:SEXY PLANET(FROM NONSTOP MEGAMIX)-bg.png;
#LYRICSPATH:;
#CDTITLE:./CDTITLES/DDRMAX2 -Dance Dance Revolution 7thMIX-.PNG;
#MUSIC:SEXY PLANET(FROM NONSTOP MEGAMIX).ogg;
#OFFSET:0.000;
#SAMPLESTART:24.000;
#SAMPLELENGTH:15.000;
#SELECTABLE:YES;
#DISPLAYBPM:180.000;
#BPMS:0.000=180.000,4.000=180.000;
#STOPS:;
#BGCHANGES:;

//---------------dance-single - ----------------
#NOTES:
     dance-single:
     :
     Challenge:
     8:
     0.543,0.618,0.780,0.110,0.000:
0000
0000
0000
0000
,
0000
0000
0000
0000
,
0000
0000
0000
0000
,
0000
0000
0000
1000
,
1000
0000
0001
0000
0001
0000
0001
1000
,
0010
0000
0010
0000
0010
0000
0010
0100
,
0001
0000
0001
0000
,
0002
1000
1003
1001
,
0100
0000
0100
0000
0100
0000
0100
0001
,
1000
0000
1000
0000
1000
0000
1000
0010
,
0100
0101
1000
1100
,
0001
0011
1000
1010
,
0100
0101
1100
0101
,
1100
0101
1100
0101
,
1000
0000
1100
0100
0010
0000
0011
0001
,
1000
0010
0100
0000
1000
0010
0100
0000
,
0001
1000
0001
1000
0001
1000
0001
1000
,
0010
0100
0010
0100
0010
0100
0010
0010
,
1000
0001
0100
0010
,
1000
0000
1000
0000
1000
0001
1000
0000
,
0010
0010
0100
0100
,
0001
0011
1100
0011
,
1000
0010
0100
0001
,
0010
0000
0100
0000
0010
0100
0010
0000
,
0001
1000
0001
1000
,
0010
1010
0101
1010
,
0100
0101
0100
0101
,
0100
0101
0100
0101
,
0100
0101
0100
0101
,
1100
0000
0101
0000
1000
0001
0100
0000
,
0010
1010
0010
1010
,
0010
1010
0010
1010
,
0010
1010
0010
1010
,
1100
0000
1010
0000
0100
0001
0100
0001
,
2000
0000
0010
0000
0010
0000
3010
0200
,
0000
0001
0301
1001
,
1000
0000
0010
0000
0100
0000
0001
1000
,
0010
1000
0010
0000
0100
0000
1001
0000
,
2000
0000
3000
1001
,
0200
0000
0300
0110
,
0100
0000
0001
0000
1000
0000
0010
0010
,
0100
0001
0100
0000
0001
0000
1001
0000
,
1000
1000
1000
1000
,
2000
0000
3000
1001
,
0010
0010
0010
0010
,
0020
0000
0030
0110
,
0100
0001
1000
0000
1000
0010
0100
0000
,
1000
0000
1000
0000
1000
0100
0001
0000
,
1000
0010
0100
0000
0001
0100
0010
0000
,
1000
0010
0100
0001
1000
0000
1001
0000
,
1010
0000
0110
0000
,
1010
0000
0110
0000
,
1010
0110
1010
0110
,
1001
2002
3003
1001
,
0001
1000
0010
0100
,
0001
0000
0001
0000
0001
1000
0001
0000
,
0100
0100
0010
0010
,
1000
1100
0011
1100
,
0001
0100
0010
1000
,
0100
0000
0010
0000
0100
0010
0100
0000
,
1000
0001
1000
0001
,
0100
0101
1010
0101
,
0010
1010
0010
1010
,
0010
1010
0010
1010
,
0010
1010
0010
1010
,
0011
0000
1010
0000
0001
1000
0010
0000
,
0100
0101
0100
0101
,
0100
0101
0100
0101
,
0100
0101
0100
0101
,
0011
0000
0101
0000
0010
1000
0010
1000
,
0001
0100
0000
0100
,
0000
2002
0000
0000
,
0000
0000
0000
3003
,
0000
0000
0000
0000
;

//---------------dance-double - ----------------
#NOTES:
     dance-double:
     :
     Challenge:
     8:
     0.449,0.538,0.600,0.110,0.000:
00000000
00000000
00000000
00000000
,
00000000
00000000
00000000
00000000
,
00000000
00000000
00000000
00000000
,
00000000
00000000
00000000
00000000
,
10000000
01000000
00010000
00001000
,
00000100
00000100
00000010
00001001
,
00001100
00000000
00000000
01001000
,
00100000
10000000
00100000
01000000
,
00001000
00000000
00001000
00000000
,
00001000
00000000
00010000
00000000
00001000
00010000
00001000
00010000
,
00000010
00000000
00000000
00000000
00000000
00000100
00000001
00001000
,
00000010
00000000
00000000
00000000
00000000
00010000
00000000
01000000
,
10000000
00000000
00000000
00000000
00000000
00010000
00000000
00000010
,
00000001
00000000
00000000
00000000
00000000
00001000
00000000
00000010
,
00010000
00000000
00001000
00000000
,
01000000
00000000
00100000
00000000
,
10000000
10000000
10000000
10000000
,
10000000
00100000
10000000
00100000
10000000
00100000
01000000
00001000
,
00020000
00000000
00000000
00000000
,
00000000
00000000
00030000
00010100
,
00000100
00001000
00000010
00000100
,
00000001
00001000
00000001
00001001
,
00000100
00000000
00000100
00011000
,
00100000
00011000
00100000
00110000
,
02000000
00000000
00000000
03100000
,
10000000
00000000
00010000
00000000
10000000
00000000
00010000
01000000
,
00001000
01001000
00100000
00101000
,
00001000
00011000
01000000
01001000
,
00001000
00011000
00010000
00010010
,
00001000
00001010
00000100
00000100
,
00000001
00000101
00001000
00001100
,
00000100
00010100
00010000
00011000
,
00010000
00110000
01000000
01010000
,
10000000
11000000
10000000
10010000
,
02000000
00200000
03300000
10010000
,
01000000
00001000
00010000
00000010
,
00002000
00000002
00003003
00000110
,
00000001
00001000
00000010
00000000
,
00001000
00001000
00001000
00000010
,
00020000
00000100
00030100
00010100
,
00001000
01000000
00001000
01000000
,
00100000
01100000
01100000
00000000
,
10000000
01000000
00100000
00001000
,
00010000
00000010
00001000
00000001
,
00000100
00000010
00001000
00000100
,
00010000
00001000
01000000
00100000
,
10000000
10000000
10000000
00000000
10000000
10000000
10000000
00000000
,
10000000
01000000
00010000
00000000
10000000
01000000
00010000
00000000
,
01000000
00010000
00001000
00000100
,
00000020
00000000
00000000
00000030
,
00001001
00000000
00000110
00000000
,
00001001
00000000
00000110
00000000
,
00001001
00000110
00001001
00000110
,
00000010
00000000
00010000
00000000
00001000
00010000
00001000
01000000
,
00020000
00000000
00000000
00000000
,
00000000
00000000
00030000
00110000
,
00001000
00010000
00000010
00000100
,
00000001
00001000
00000001
00001001
,
00000100
00000000
00000100
00011000
,
00100000
00011000
00100000
00110000
,
02000000
00000000
00000000
03100000
,
10000000
00000000
00010000
00000000
10000000
00000000
00010000
01000000
,
00001000
01001000
00100000
00101000
,
00001000
00011000
01000000
01001000
,
00001000
00011000
00010000
00010010
,
00001000
00001010
00000100
00000100
,
00000001
00000101
00001000
00001100
,
00000100
00010100
00010000
00011000
,
00010000
00110000
01000000
01010000
,
10000000
11000000
00010000
01010000
,
11000000
01010000
11000000
01010000
,
00000000
20000000
00000000
00000000
00000000
00000000
30000000
00000000
,
00000000
00000000
00000000
00000000
;
