#TITLE:Share My Love;
#SUBTITLE:;
#ARTIST:Julie Frost;
#TITLETRANSLIT:;
#SUBTITLETRANSLIT:;
#ARTISTTRANSLIT:;
#CREDIT:;
#BANNER:Share My Love.png;
#BACKGROUND:Share My Love-bg.png;
#LYRICSPATH:;
#CDTITLE:./CDTITLES/DANCE DANCE REVOLUTION HOME VERSION.PNG;
#MUSIC:Share My Love.ogg;
#OFFSET:0.000;
#SAMPLESTART:63.270;
#SAMPLELENGTH:12.000;
#SELECTABLE:YES;
#DISPLAYBPM:125.000;
#BPMS:0.000=129.361,4.000=125.000;
#STOPS:;
#BGCHANGES:;

//---------------dance-single - ----------------
#NOTES:
     dance-single:
     :
     Beginner:
     1:
     0.104,0.125,0.000,0.000,0.000:
0000
0000
0000
0000
,
0000
0000
0000
0000
,
0000
0000
0000
0000
,
0000
0000
0000
0000
,
0000
0000
0000
0000
,
0010
0000
0000
0000
,
0000
0000
0000
0000
,
0100
0000
0000
0000
,
0010
0000
0000
0000
,
0001
0000
0000
0000
,
0010
0000
0000
0000
,
1000
0000
0000
0000
,
0100
0000
0000
0000
,
0100
0000
0000
0000
,
0001
0000
0000
0000
,
0001
0000
0000
0000
,
0100
0100
0000
0100
,
0000
0001
0000
0001
,
0000
0100
0000
0100
,
0000
0010
0000
0010
,
0000
1000
1000
1000
,
0000
0001
0000
1000
,
0000
0001
0000
1000
,
0000
0010
0000
0100
,
0000
0010
0010
0010
,
0000
1000
0000
1000
,
0000
1000
0000
1000
,
0000
1000
0000
0001
,
0000
0001
0000
0001
,
0001
0000
0100
0000
,
0100
0000
0100
0000
,
0010
0000
0010
0000
,
1000
1000
1000
0000
,
0010
0000
0000
0000
,
0100
0000
0100
0000
,
0001
0000
0000
0000
,
1000
0000
1000
0000
,
0010
0000
0000
0000
,
0100
0000
0100
0000
,
0001
0000
0000
0000
,
1000
0000
1000
0000
,
0010
0010
0000
0000
,
0000
0000
0000
0000
,
1000
1000
0000
0000
,
0000
0000
0000
0000
,
0100
0100
0000
0000
,
0000
0000
0000
0000
,
0001
0001
0000
0000
,
0010
0010
0000
1000
,
0000
0000
0000
0000
;

//---------------dance-single - ----------------
#NOTES:
     dance-single:
     :
     Easy:
     3:
     0.185,0.251,0.021,0.000,0.010:
0000
0000
0000
0000
,
0000
0000
0000
0000
,
0000
0000
0000
0000
,
0000
0000
0000
0000
,
0000
0000
0000
0000
,
0010
0000
0000
0000
,
0010
0000
0000
0000
,
0001
0000
1000
0000
,
0010
0000
0010
0100
,
0001
0000
1000
0000
,
0010
0000
0010
0100
,
0010
0000
1000
0000
,
0001
0000
1000
0010
,
0100
0001
1000
0001
,
0100
0100
0100
0010
,
0100
0001
1000
0001
,
0010
0010
0000
1000
,
0000
0000
0010
0000
,
0001
0000
0100
0000
,
1000
0000
0010
0000
,
1000
0000
1001
1001
,
0010
0001
0100
1000
,
0001
0001
0001
1000
,
0010
0001
0100
1000
,
0010
1000
0100
0001
,
0000
0100
0100
0100
,
0001
0001
0001
0001
,
0010
1000
0100
0001
,
0010
0001
1000
0000
,
1000
0010
0001
0100
,
0010
0010
0010
1000
,
1000
1000
1000
0000
,
0001
0000
0000
0000
,
0010
1000
0100
0001
,
0010
1000
0100
0001
,
1000
1000
1000
0010
,
0100
1000
0001
0010
,
0100
0100
0100
0010
,
0001
0100
1000
0001
,
0010
0010
0010
0000
,
0000
0000
0000
0000
,
0010
0000
0000
0000
0010
0000
0000
0010
0000
0000
0000
0000
0000
0000
0000
0000
,
0000
0000
0000
0000
,
0010
1000
0001
0000
,
0000
0000
0000
0000
,
0010
0000
0000
0000
0010
0000
0000
0010
0000
0000
0000
0000
0000
0000
0000
0000
,
0000
0000
0000
0000
,
0010
0001
1000
0000
,
0010
0010
0000
0100
,
0000
0000
0000
0000
;

//---------------dance-single - ----------------
#NOTES:
     dance-single:
     :
     Medium:
     5:
     0.282,0.326,0.237,0.000,0.098:
0000
0000
0000
0000
,
0000
0000
0000
0000
,
0000
0000
0000
0000
,
0000
0000
0000
0000
,
0000
0000
0000
0000
0000
0000
0000
0010
,
1000
0000
0000
0000
,
0010
0000
0000
0000
,
0001
0000
1000
0000
,
0010
0000
0010
0100
,
0001
0000
0100
0000
,
0001
0000
0000
0000
0010
0000
0000
0001
,
1000
0000
0100
0000
,
0010
0000
0000
0000
0000
0000
0000
0000
1000
0000
0000
0010
0000
0000
0100
0000
,
0001
0100
0010
1000
,
0010
0000
0000
0000
0010
0000
0000
0000
0010
0000
0000
1000
0000
0000
0100
0000
,
0001
1000
0001
0010
,
0010
0000
0100
0001
0000
1000
0000
0010
0000
0100
0000
0010
0100
0000
0010
0000
,
0000
0000
0010
0000
,
0001
0000
0100
0000
,
1000
0000
0010
0000
,
0100
0000
1010
0101
,
0010
0001
0100
1000
,
0001
0000
0001
0000
0001
0000
1000
1000
,
0010
0001
0100
1000
,
0010
1000
0100
0001
,
0000
1100
1100
1100
,
0101
0101
0101
0101
,
0010
1000
0100
0001
,
0010
0000
0000
0000
0001
0000
0000
0000
1000
0000
0000
0100
0000
0000
0001
0000
,
0010
1000
0100
0001
,
0010
0010
0010
1000
,
1000
1000
1000
0000
,
0010
0000
1000
0001
0000
0001
0000
0001
0000
0000
0000
0000
0000
0000
0000
0000
,
0010
0000
0010
0000
0010
0000
1000
0001
,
0100
0010
0001
1000
,
0010
0000
0000
0000
0011
0000
0000
1010
0000
0000
0000
0000
0100
0000
0000
0000
,
0001
1000
0010
0001
,
0100
0000
0000
0000
1100
0000
0000
0101
0000
0000
0000
0000
0010
0000
0000
0000
,
0001
0100
0010
1000
,
0010
0000
0000
0000
0011
0000
0000
1010
0000
0000
0000
0000
0100
0000
0000
0000
,
0001
0000
0010
0100
0010
0000
0000
0000
,
0100
1100
0101
1000
,
0010
0010
0010
1000
,
0010
0011
1010
0100
,
0010
1000
0001
0000
0100
0000
0010
0000
,
0100
1100
0101
0001
,
0010
1000
0001
0000
1000
0000
0100
0000
,
0010
1010
0011
0100
,
0010
0000
0100
0001
0000
1000
0000
0010
0000
0100
0000
0010
0100
0000
0000
0000
,
0000
0000
0000
0000
;

//---------------dance-single - ----------------
#NOTES:
     dance-single:
     :
     Hard:
     7:
     0.383,0.376,0.339,0.000,0.206:
0000
0000
0000
0000
,
0000
0000
0000
0000
,
0000
0000
0000
0000
,
0000
0000
0000
0000
,
0000
0000
0000
0000
0000
0000
0000
0000
0000
0000
0000
0010
0000
0000
1000
0000
,
0001
0000
0010
0000
0000
0100
0000
0000
0010
0000
0000
0100
0000
0000
1001
0000
,
0000
0000
0010
0000
0000
0100
0000
0000
0001
0000
0000
1000
0000
0000
1001
0000
,
0000
0000
0010
0000
0000
1000
0000
0000
0001
0000
0000
1000
0000
0000
0010
0000
,
0000
0000
0000
0000
0000
0000
0000
0000
0100
0000
0000
0000
0000
0000
0000
0000
0000
0000
0000
0000
0001
0000
0000
0000
0000
0000
0000
0000
0000
0000
0000
0000
1000
0000
0000
0000
0000
0001
0000
0000
0000
0000
1000
0000
0000
0000
0000
0000
0010
0000
0000
0000
0000
0000
0000
0000
0000
0000
0000
0000
0000
0000
0000
0000
,
0100
0101
0010
1100
,
0010
0000
0000
0000
0101
0000
0000
0000
0010
0000
0000
1000
0000
0000
0001
0000
,
0010
0101
0010
1100
,
0010
0000
0000
0000
0101
0000
0000
0000
1000
0000
0000
0001
0000
0000
0100
0000
,
1000
0100
0010
1100
,
0010
0000
0000
0000
0010
0000
0000
0000
0010
0000
0000
1000
0000
0000
0001
0000
,
0100
1000
0001
0010
,
0010
0000
0100
0001
0000
1000
0000
0010
0000
0100
0000
0010
0100
0000
0010
0000
,
0000
0000
0000
0000
0010
0001
1000
0100
,
0001
0000
1000
0000
0001
0010
1000
0100
,
1000
0000
0001
0000
1000
0000
0001
0010
,
1000
0000
0010
0101
,
0010
0000
0001
0000
0100
0001
0010
1000
,
0100
0000
0001
0000
0001
0000
1000
1000
,
0010
0000
0001
0000
0100
0000
1000
1000
,
0010
0000
0001
0000
1000
0100
0001
0000
,
0000
0011
1010
1100
,
0101
1100
1010
0011
,
0100
1001
0010
1001
,
0010
0000
0000
0000
0001
0000
0000
0000
1000
0000
0000
0100
0000
0000
0001
0000
,
0010
1000
0100
0001
,
0010
0000
0010
0000
0010
0000
1000
0001
,
0100
0000
0000
0000
0000
0000
0000
0000
0000
0000
0000
0000
0000
0000
0000
0000
0100
0000
0000
0000
0000
0000
0000
0000
0000
0000
0000
0000
0000
0000
0000
0000
0100
0000
0000
0000
0000
0000
0000
0000
0000
0000
0000
0000
0000
0000
0000
0000
0010
0000
0000
0000
0000
0100
0000
0000
0000
0000
0001
0000
0000
0000
0000
0000
,
1000
0000
0010
0100
0000
0010
0000
0100
0000
0000
0000
0000
0000
0000
0000
0000
,
0010
0000
0000
0000
0010
0000
0000
0010
0000
0000
0000
0000
1000
0000
0001
0000
,
0100
0000
0010
0000
1000
0000
0001
1000
,
0010
0000
0000
0000
0011
0000
0000
1010
0000
0000
0000
0000
0100
0000
0010
0000
,
0100
0000
0001
1000
0010
0000
1000
0001
,
0100
0000
0000
0000
0101
0000
0000
1100
0000
0000
0000
0000
0010
0000
1000
0000
,
0001
0000
0100
0000
0010
0000
0001
1000
,
0100
0000
0000
0000
1001
0000
0000
1001
0000
0000
0000
0000
0010
0000
0010
0000
,
1000
0000
0001
0100
0001
0000
1000
0010
,
0100
0000
1001
0000
1001
0000
0010
0100
,
0010
0000
0000
0000
1000
0000
0000
0010
0000
0000
0100
0000
0001
0000
1000
0000
,
0010
0000
0011
0000
1010
0000
0010
0100
,
0001
0000
1000
0000
0000
0010
0000
0100
0000
0001
0000
0000
1000
0000
0001
0000
,
0100
0000
1100
0000
0101
0000
0010
1000
,
0001
0000
0000
0100
0000
0001
0000
1000
0000
0000
0010
0000
0100
0000
0001
0000
,
0010
1010
0011
0100
,
0010
0000
0100
0001
0000
1000
0000
0010
0000
0100
0000
0010
0100
0000
0000
0000
,
0000
0000
0000
0000
;

//---------------dance-double - ----------------
#NOTES:
     dance-double:
     :
     Easy:
     3:
     0.194,0.251,0.021,0.000,0.010:
00000000
00000000
00000000
00000000
,
00000000
00000000
00000000
00000000
,
00000000
00000000
00000000
00000000
,
00000000
00000000
00000000
00000000
,
00000000
00000000
00000000
00000000
,
00100000
00000000
00000000
00000000
,
10000000
00000000
00000000
00000000
,
01000000
00000000
00010000
00000000
,
00000010
00000000
00001000
00000001
,
00000100
00000000
00000010
00000000
,
00010000
00000000
01000000
00000000
,
10000000
00000000
00100000
00000000
,
01000000
00000000
00010000
01000000
,
00001000
00000100
00000010
00001000
,
00000001
00000001
00000001
00000100
,
00000010
00001000
01000000
00100000
,
00010000
10000000
00000000
00100000
,
00000000
00000000
00100000
00000000
,
01000000
00000000
10000000
00000000
,
00010000
00000000
00000100
00000000
,
00000001
00000000
00001001
00001001
,
00000010
00000100
00000001
00001000
,
00000010
00000010
00000010
00000010
,
00001000
01000000
00100000
00010000
,
10000000
00100000
00010000
01000000
,
00000000
00010000
00010000
00010000
,
01000000
01000000
01000000
01000000
,
00001000
00010000
00000010
00000100
,
00000001
00000100
00001000
00000000
,
00000010
00001000
00000001
00000100
,
00000010
00000010
00000010
00001000
,
00001000
00001000
00001000
00000000
,
00100000
00000000
00000000
00000000
,
10000000
10000000
10000000
00100000
,
01000000
00001000
00000100
00000010
,
00001000
00000001
00000001
00000010
,
00001000
01000000
00100000
00010000
,
01000000
00100000
00100000
10000000
,
00010000
01000000
00010000
00000100
,
00000010
00000100
00000100
00000010
,
00001000
00000000
00000100
00000000
,
00001000
00000000
00000000
00000000
00010000
00000000
00000000
00010000
00000000
00000000
00000000
00000000
00000000
00000000
00000000
00000000
,
00000000
00000000
00000000
00000000
,
01000000
00000000
00000000
00000000
01000000
00000000
00000000
01000000
00000000
00000000
00000000
00000000
00010000
00000000
00000000
00000000
,
00000100
00000000
00000000
00000000
,
00000010
00001000
00000001
00000100
,
00000010
00000000
00000000
00000000
,
00010000
00100000
00100000
00000000
,
10000000
10000000
00000000
01000000
,
00000000
00000000
00000000
00000000
;

//---------------dance-double - ----------------
#NOTES:
     dance-double:
     :
     Medium:
     4:
     0.273,0.351,0.237,0.000,0.098:
00000000
00000000
00000000
00000000
,
00000000
00000000
00000000
00000000
,
00000000
00000000
00000000
00000000
,
00000000
00000000
00000000
00000000
,
00000000
00000000
00000000
00000000
00000000
00000000
00000000
00100000
,
10000000
00000000
00000000
00000000
,
01000000
00000000
00000000
00000000
,
00010000
00000000
00000100
00000000
,
00000010
00000000
00001000
00000001
,
00000100
00000000
00000010
00000000
,
00010000
00000000
00000000
00000000
01000000
00000000
00000000
00100000
,
01000000
00000000
00001000
00000000
,
00000100
00000000
00000000
00000000
00000000
00000000
00000000
00000000
00000001
00000000
00000000
00000010
00000000
00000000
00000100
00000000
,
00000001
00000100
00000010
00010000
,
01000000
00000000
00000000
00000000
01000000
00000000
00000000
00000000
01000000
00000000
00000000
00100000
00000000
00000000
10000000
00000000
,
01000000
00001000
00000100
00000010
,
00000010
00000000
00000100
00000001
00000000
00001000
00000000
00000010
00000000
00000100
00000000
00000010
00000100
00000000
00000010
00000000
,
00000000
00000000
00010000
00000000
,
00100000
00000000
10000000
00000000
,
01000000
00000000
00010000
00000000
,
00001000
00000000
00001010
00000101
,
00000010
00000001
00000100
00001000
,
00010000
00000000
00010000
00000000
00010000
00000000
00100000
00100000
,
10000000
01000000
00010000
00000100
,
00000010
00001000
00000001
00000100
,
00000000
00001010
00001010
00001010
,
00011000
00011000
00011000
00011000
,
01000000
00000000
00100000
00000000
10000000
00010000
01000000
00000000
,
00010000
00000000
00000000
00000000
00000100
00000000
00000000
00000000
00000010
00000000
00000000
00001000
00000000
00000000
00000001
00000000
,
00000100
00000010
00000001
00000100
,
00001000
00001000
00001000
01000000
,
01000000
01000000
01000000
00000000
,
00100000
00000000
01000000
00010000
00000000
00010000
00000000
00010000
00000000
00000000
00000000
00000000
00000000
00000000
00000000
00000000
,
10000000
10000000
10000000
00100000
,
00010000
00000100
00000010
00001000
,
00000010
00000000
00000000
00000000
00000011
00000000
00000000
00001010
00000000
00000000
00000000
00000000
00000100
00000000
00000000
00000000
,
00000010
00001000
01000000
00100000
,
01000000
00000000
00000000
00000000
01010000
00000000
00000000
11000000
00000000
00000000
00000000
00000000
00100000
00000000
00000000
00000000
,
01000000
00010000
00000100
00000010
,
00000100
00000000
00000000
00000000
00001100
00000000
00000000
00000101
00000000
00000000
00000000
00000000
00000010
00000000
00000000
00000000
,
00000100
00000000
00000000
00001000
00010000
00000000
00000000
00000000
,
00100000
00110000
10100000
01000000
,
00010000
00000100
00000000
00000000
,
00000010
00000011
00001010
00000100
,
00010000
00010000
00000000
00000000
00000000
00000000
00000000
00000000
,
00100000
00110000
10100000
00010000
,
01000000
00000000
00100000
00000000
10000000
00010000
01000000
00000000
,
00100000
10100000
00110000
01000000
,
00100000
00000000
01000000
00010000
00000000
10000000
00000000
00100000
00000000
01000000
00000000
00100000
01000000
00000000
00000000
00000000
,
00000000
00000000
00000000
00000000
;

//---------------dance-double - ----------------
#NOTES:
     dance-double:
     :
     Hard:
     5:
     0.382,0.376,0.339,0.000,0.201:
00000000
00000000
00000000
00000000
,
00000000
00000000
00000000
00000000
,
00000000
00000000
00000000
00000000
,
00000000
00000000
00000000
00000000
,
00000000
00000000
00000000
00000000
00000000
00000000
00000000
00000000
00000000
00000000
00000000
00100000
00000000
00000000
01000000
00000000
,
00010000
00000000
10000000
00000000
00000000
01000000
00000000
00000000
00010000
00000000
00000000
00000100
00000000
00000000
00000110
00000000
,
00000000
00000000
00000001
00000000
00000000
00000100
00000000
00000000
00000001
00000000
00000000
00001000
00000000
00000000
00001100
00000000
,
00000000
00000000
00010000
00000000
00000000
01000000
00000000
00000000
00100000
00000000
00000000
00010000
00000000
00000000
10000000
00000000
,
00000000
00000000
00000000
00000000
00000000
00000000
00000000
00000000
00010000
00000000
00000000
00000000
00000000
00000000
00000000
00000000
00000000
00000000
00000000
00000000
01000000
00000000
00000000
00000000
00000000
00000000
00000000
00000000
00000000
00000000
00000000
00000000
10000000
00000000
00000000
00000000
00000000
00010000
00000000
00000000
00000000
00000000
10000000
00000000
00000000
00000000
00000000
00000000
00100000
00000000
00000000
00000000
00000000
00000000
00000000
00000000
00000000
00000000
00000000
00000000
00000000
00000000
00000000
00000000
,
01000000
01010000
00001000
00001010
,
00000010
00000000
00000000
00000000
00000101
00000000
00000000
00000000
00000010
00000000
00000000
00001000
00000000
00000000
01000000
00000000
,
00100000
00110000
00100000
11000000
,
00100000
00000000
00000000
00000000
00110000
00000000
00000000
00000000
10000000
00000000
00000000
00010000
00000000
00000000
00000100
00000000
,
00000010
00001000
00000010
00001100
,
00000010
00000000
00000000
00000000
00000010
00000000
00000000
00000000
00000010
00000000
00000000
00000100
00000000
00000000
00000010
00000000
,
00010000
01000000
00100000
10000000
,
00100000
00000000
01000000
00010000
00000000
01000000
00000000
00001000
00000000
00010000
00000000
00000010
00000100
00000000
00000010
00000000
,
00000000
00000000
00000000
00000000
00000010
00000001
00000100
00001000
,
00010000
00000000
01000000
00000000
00100000
01000000
10000000
00010000
,
00100000
00000000
00010000
00000000
00000100
00000000
00000010
00000001
,
00000100
00000000
00000010
00001100
,
00010000
00000000
01000000
00000000
00100000
00010000
10000000
01000000
,
10000000
00000000
00010000
00000000
00000100
00000000
00000010
00001000
,
00000001
00000000
00000100
00000000
00010000
00000000
00100000
10000000
,
01000000
00000000
00010000
00000000
00000100
00000010
00001000
00000000
,
00000000
00000011
00001100
00011000
,
00110000
10100000
11000000
01010000
,
00001000
00001001
00000010
00001100
,
00000010
00000000
00000000
00000000
00010000
00000000
00000000
00000000
01000000
00000000
00000000
00100000
00000000
00000000
10000000
00000000
,
00100000
01000000
10000000
00010000
,
00000100
00000000
00000010
00000000
00001000
00000000
00000010
00000001
,
00000100
00000000
00000000
00000000
00000000
00000000
00000000
00000000
00000000
00000000
00000000
00000000
00000000
00000000
00000000
00000000
00000100
00000000
00000000
00000000
00000000
00000000
00000000
00000000
00000000
00000000
00000000
00000000
00000000
00000000
00000000
00000000
00000100
00000000
00000000
00000000
00000000
00000000
00000000
00000000
00000000
00000000
00000000
00000000
00000000
00000000
00000000
00000000
00000010
00000000
00000000
00000000
00000000
00010000
00000000
00000000
00000000
00000000
00001000
00000000
00000000
00000000
00000000
00000000
,
00010000
00000000
00001000
01000000
00000000
00010000
00000000
01000000
00000000
00000000
00000000
00000000
00000000
00000000
00000000
00000000
,
00100000
00000000
00000000
00000000
00010000
00000000
00000000
10000000
00000000
00000000
00000000
00000000
00010000
00000000
00000100
00000000
,
00000010
00000000
00001000
00000000
00000100
00000000
00010000
01000000
,
00100000
00000000
00000000
00000000
10010000
00000000
00000000
10010000
00000000
00000000
00000000
00000000
00100000
00000000
01000000
00000000
,
00010000
00000000
00000100
00000010
00001000
00000000
00000001
00000100
,
00000010
00000000
00011000
00000000
01010000
00000000
00100000
01000000
,
00010000
00000000
10000000
00000000
00100000
00000000
01000000
00010000
,
00000100
00000000
00000000
00000000
00001010
00000000
00000000
00000101
00000000
00000000
00000000
00000000
00000010
00000000
00000100
00000000
,
00000001
00000000
00000100
00010000
01000000
00000000
00100000
10000000
,
01000000
00000000
10010000
00000000
10010000
00000000
00100000
01000000
,
00010000
00000000
00000000
00000000
00000100
00000000
00000000
00000010
00000000
00000000
00001000
00000000
00000001
00000000
00000100
00000000
,
00000010
00000000
00001010
00000000
00000101
00000000
00000010
00001000
,
01000000
00000000
00100000
00000000
00000000
00010000
00000000
10000000
00000000
00100000
00000000
00000000
01000000
00000000
00000000
00000000
,
00100000
00000000
01010000
00000000
11000000
00000000
00100000
01000000
,
00010000
00000000
00000000
00000100
00000000
00000010
00000000
00001000
00000000
00000000
00000001
00000000
00000100
00000000
00000010
00000000
,
00001000
00011000
00110000
01000000
,
00100000
00000000
01000000
00010000
00000000
10000000
00000000
00100000
00000000
01000000
00000000
00100000
01000000
00000000
00000000
00000000
,
00000000
00000000
00000000
00000000
;
