#TITLE:siberite;
#SUBTITLE:;
#ARTIST:Captain KING;
#TITLETRANSLIT:;
#SUBTITLETRANSLIT:;
#ARTISTTRANSLIT:;
#GENRE:;
#CREDIT:;
#BANNER:siberite.png;
#BACKGROUND:siberite-bg.png;
#LYRICSPATH:;
#CDTITLE:./CDTitles/DDR A.png;
#MUSIC:siberite.ogg;
#OFFSET:0;
#SAMPLESTART:80.625;
#SAMPLELENGTH:15.000000; 
#SELECTABLE:YES;
#BPMS:0.000000=128.000000
;
#STOPS:
;
#BGCHANGES:;
#KEYSOUNDS:;
#ATTACKS:;

//---------------dance-single - ----------------
#NOTES:
     dance-single:
     :
     Hard:
     13:
     0.628404,0.689959,0.188907,0.044978,0.562222,463.000000,21.000000,5.000000,0.000000,0.000000,0.000000,0.628404,0.689959,0.188907,0.044978,0.562222,463.000000,21.000000,5.000000,0.000000,0.000000,0.000000:
0000
0000
0000
0000
,
0000
0000
0000
0000
,
0000
0000
0000
0000
,
0000
0000
0000
0000
,
0000
0000
0000
0000
,
0200
0000
0000
0000
,
0010
0000
0000
0000
0301
0010
1000
0010
,
1001
0000
0000
0000
,
1000
0000
0010
0000
1000
0100
0000
1000
0010
0100
0001
0010
0001
0100
0010
0000
,
1000
0000
0010
0000
0100
0001
0000
0100
0001
0000
0010
0000
0100
1000
0000
0000
,
0010
0000
0100
0000
0001
0100
0000
0001
0010
0000
0100
0000
1000
0100
0000
0000
,
1000
0000
0010
0000
0100
0001
0000
0100
0001
0000
0010
0000
0100
0000
1000
0000
,
0010
0000
1000
0100
0000
0010
0001
0000
1000
0000
0000
0000
0001
0000
0010
0000
,
0001
0010
0000
0001
0000
0100
0001
0000
0010
0100
0000
1000
0000
0000
0100
0000
,
0010
0000
0100
0000
1000
0100
0000
1000
0010
1000
0000
0100
0000
1000
0100
0000
,
1000
0000
0010
0000
0100
0000
0001
0100
0000
0010
1000
0000
0100
0000
1000
0100
,
1000
0010
0000
1000
0100
0010
0001
0100
0001
0010
0000
0001
0100
0010
1000
0100
,
1000
0010
0100
0010
1000
0100
0001
0100
,
1000
0000
0010
0000
0100
0000
0001
0000
0010
0000
0001
0000
0100
0000
0010
0100
,
0001
0010
0100
0010
0001
0100
1000
0100
,
0001
0000
0010
0000
0100
0000
1000
0000
0010
0000
1000
0000
0100
0000
0010
0100
,
1000
0010
0100
0010
1000
0100
0001
0100
,
1000
0000
0010
0000
0100
0000
0001
0000
0010
0000
0001
0000
0100
0000
0010
0100
,
0001
0010
0100
0010
0001
0100
0010
1000
,
0001
0000
0000
0000
1000
0000
0001
0010
0100
0000
1000
0000
0001
0000
0000
0000
,
1000
0000
0010
1000
0100
0000
1000
0000
0010
0000
0100
0001
0010
0000
0100
0000
,
1000
0000
0010
1000
0100
0000
1000
0000
0010
0000
1000
0100
1000
0000
0010
0100
,
0001
0000
0010
0001
0100
0000
0001
0000
0010
0000
0100
1000
0010
0000
0100
0000
,
0001
0000
0010
0001
0100
0000
0001
0000
0010
0000
0001
0000
0100
0000
0010
0100
,
0001
0000
0010
0001
0100
0000
0001
0000
0010
0000
0100
1000
0010
0000
0100
0000
,
0001
0000
0010
0001
0100
0000
0001
0000
0010
0000
0001
0100
0001
0000
0010
0100
,
1000
0000
0010
1000
0100
0000
1000
0000
0010
0000
0100
0001
0010
0000
0100
0000
,
1000
0000
0010
1000
0100
0000
1000
0000
0010
0000
1000
0000
0002
0000
2000
0000
,
0000
0000
0000
3003
,
0001
0000
0100
0000
0001
0000
0010
0001
0010
0000
0100
1000
0000
0010
0100
0001
,
0010
0000
0001
0000
0100
0000
1010
0000
0000
1000
0000
0000
0010
0000
0101
0000
,
0000
0000
0001
0000
0010
0000
1100
0000
0000
0010
0000
0000
1000
0000
0100
0000
,
0011
0000
0001
0000
0100
0000
1010
0000
0000
1000
0000
0000
0010
0000
0101
0000
,
0000
0000
0001
0000
0010
0000
1100
0000
0100
1000
0010
0000
0100
0001
0010
0000
,
1010
0000
1000
0000
0100
0000
0011
0000
0000
0001
0000
0000
0010
0000
1100
0000
,
0000
0000
0001
0000
0010
0000
0101
0000
0000
0010
0000
0000
0001
0000
0100
0000
,
1010
0000
1000
0000
0100
0000
0011
0000
0000
0001
0000
0000
0010
0000
0100
0000
,
1000
0000
0010
0000
1000
0000
0100
1000
0010
1000
0100
0010
0001
0100
0001
0000
,
1000
0000
0010
0000
0100
0000
0001
0000
0000
0010
0000
0000
0001
0000
0100
0000
,
0001
0000
0010
0000
0100
0000
1000
0000
0000
0010
0000
0000
1000
0000
0100
0000
,
0000
0000
1000
0000
0001
0000
0010
0000
0000
0001
0000
0000
1000
0000
0010
0000
,
0000
0000
1000
0000
0100
0000
0010
0000
0000
0001
0000
0010
0100
0000
1000
0001
,
0000
0000
0010
0000
0100
0000
1000
0000
0000
0010
0000
0000
1000
0000
0100
0000
,
0000
0000
1000
0000
0010
0000
0100
0000
0001
0010
0100
0000
1000
0000
0010
0100
,
0000
0000
0001
0000
0010
0000
0100
0000
1000
0010
0100
0000
0001
0000
0010
0100
,
1000
0000
0001
0000
0010
0000
0100
0000
0000
1000
0000
0000
0010
1000
0100
0010
,
0001
0000
0100
0001
0000
1000
0010
0000
1000
0100
0000
0010
0001
0100
0001
0000
,
1000
0000
0100
1000
0000
0001
0010
0000
0001
0100
0000
0010
1000
0100
1000
0000
,
0001
0000
0100
0001
0000
1000
0010
0000
1000
0100
0000
0010
0001
0100
0001
0000
,
1100
0000
0000
0011
0000
0000
1010
0000
0000
0000
1000
0000
0010
1000
0100
0000
,
1000
0010
1000
0100
0000
1000
0001
0010
0001
0100
0000
0001
0010
0100
1000
0000
,
0001
0010
0001
0100
0000
0001
1000
0010
1000
0100
0000
1000
0010
0100
0001
0000
,
1000
0000
0010
1000
0000
0001
0100
0000
0001
0010
0000
0001
0100
0010
1000
0000
,
0101
0000
0000
1010
0000
0000
0011
0000
0010
0000
0001
0000
0100
0010
1000
0000
,
2002
0000
0000
0000
,
3003
0000
0000
0000
;

//---------------dance-single - ----------------
#NOTES:
     dance-single:
     :
     Beginner:
     2:
     0.098951,0.130436,0.008996,0.000000,0.000000,76.000000,1.000000,0.000000,0.000000,0.000000,0.000000,0.098951,0.130436,0.008996,0.000000,0.000000,76.000000,1.000000,0.000000,0.000000,0.000000,0.000000:
0000
0000
0000
0000
,
0000
0000
0000
0000
,
0000
0000
0000
0000
,
0000
0000
0000
0000
,
0000
0000
0000
0000
,
0001
0000
0000
0000
,
1000
0000
0000
0000
,
0010
0000
0000
0000
,
1000
0000
0001
0000
,
1000
0000
0100
0000
,
1000
0000
0001
0001
,
0001
0000
0100
0000
,
0001
0000
1000
1000
,
1000
0000
0100
0000
,
1000
0000
0001
0001
,
0001
0000
0100
0000
,
0001
0000
1000
1000
,
1000
0000
0000
0000
,
0010
0000
0000
0000
,
0100
0000
0000
0000
,
0001
0000
0100
0000
,
0001
0000
0000
0000
,
0010
0000
0000
0000
,
0100
0000
0000
0000
,
1000
0000
0100
0000
,
1000
0000
0000
0000
,
0010
0000
0000
0000
,
0100
0000
0000
0000
,
0001
0000
0100
0000
,
0001
0000
0000
0000
,
0010
0000
0000
0000
,
0100
0000
0000
0000
,
1000
0000
0100
0000
,
0000
0000
0000
0000
,
0000
0000
0000
0000
,
1000
0000
0000
0000
,
0010
0000
0000
0000
,
0100
0000
0000
0000
,
0001
0000
1000
0000
,
0001
0000
0000
0000
,
0010
0000
0000
0000
,
0100
0000
0000
0000
,
1000
0000
0000
0000
,
0001
0000
0000
0000
,
0010
0000
0000
0000
,
0100
0000
0000
0000
,
1000
0000
0010
0000
,
1000
0000
0000
0000
,
0010
0000
0000
0000
,
0100
0000
0000
0000
,
0001
0000
0010
0000
,
0001
0000
0000
0000
,
1000
0000
0000
0000
,
0001
0000
0000
0000
,
1000
0000
0010
0010
,
0010
0000
0000
0000
,
0100
0000
0000
0000
,
0010
0000
0000
0000
,
0100
0000
0001
0000
,
1001
0000
0000
0000
;

//---------------dance-single - ----------------
#NOTES:
     dance-single:
     :
     Easy:
     5:
     0.246735,0.238832,0.053973,0.035982,0.000000,182.000000,6.000000,4.000000,0.000000,0.000000,0.000000,0.246735,0.238832,0.053973,0.035982,0.000000,182.000000,6.000000,4.000000,0.000000,0.000000,0.000000:
0000
0000
0000
0000
,
0000
0000
0000
0000
,
0000
0000
0000
0000
,
0000
0000
0000
0000
,
0000
0000
0000
0000
,
1000
0000
0001
0000
,
1000
0000
0010
0100
,
0001
0000
0000
0000
,
1000
0010
0100
0010
,
1000
0100
0010
0000
,
0001
0100
0010
0000
,
1000
0100
0010
0001
,
0100
0010
1000
0000
,
0001
0100
0010
0000
,
1000
0100
0010
0000
,
0001
0100
0010
1000
,
0100
1000
0001
0000
,
1000
0010
1000
0001
,
0010
0100
1000
0000
,
0001
0010
0001
1000
,
0010
0100
0001
0000
,
1000
0010
1000
0001
,
0010
0100
1000
0000
,
0001
0010
0001
1000
,
0010
0000
1000
0100
,
1000
0010
0100
0001
,
0010
0001
1000
0000
,
0001
0010
0100
1000
,
0010
1000
0001
0000
,
1000
0010
0100
0001
,
0010
0001
1000
0000
,
0001
0010
0100
1000
,
0010
1000
0100
2000
,
0002
0000
0000
3003
,
1000
1000
0010
0100
,
0001
0010
0001
0100
,
0001
0010
0100
0000
,
1000
0010
1000
0100
,
1000
0010
0100
0000
,
0001
0010
0001
0100
,
0001
0010
0100
0000
,
1000
0010
1000
0100
,
1000
0001
1001
0000
,
1000
0001
0010
0001
,
0100
0010
0000
1001
,
0000
0110
0000
1001
,
0000
0000
0001
0100
,
0001
1000
0010
1000
,
0000
0100
0010
0001
,
0000
0100
0010
1000
,
0000
0001
0010
0100
,
1000
0010
1000
0100
,
0010
0001
0100
0001
,
0010
0100
1000
0010
,
1000
0001
1001
0000
,
0001
0010
0001
0100
,
0010
1000
0100
1000
,
0010
0100
0001
0010
,
0001
0100
0001
1000
,
2002
0000
0000
0000
,
3003
0000
0000
0000
;

//---------------dance-single - ----------------
#NOTES:
     dance-single:
     :
     Medium:
     10:
     0.462629,0.477664,0.071964,0.035982,0.000000,348.000000,8.000000,4.000000,0.000000,0.000000,0.000000,0.462629,0.477664,0.071964,0.035982,0.000000,348.000000,8.000000,4.000000,0.000000,0.000000,0.000000:
0000
0000
0000
0000
,
0000
0000
0000
0000
,
0000
0000
0000
0000
,
0000
0000
0000
0000
,
0000
0000
0000
0000
,
1010
0000
0000
0000
,
1000
0000
0000
0000
0010
1000
0100
0010
,
0001
0000
0000
0000
,
1000
0010
1000
0100
1000
0010
0100
0001
,
1000
0010
0100
0001
0010
0100
1000
0000
,
0010
0100
0001
0010
0001
0100
0010
0000
,
1000
0010
0100
0001
0010
0100
1000
0010
,
1000
0100
0010
0001
1000
0000
0000
0000
,
0001
0010
0100
1000
0010
0100
0001
0000
,
0010
0100
1000
0010
1000
0100
0010
0000
,
0001
0010
0100
1000
0010
0100
0001
0010
,
0001
0100
0010
1000
0001
0000
0010
0100
,
1000
0000
0010
0000
1000
0100
0001
0100
,
1000
0000
0010
0000
1000
0001
0100
0000
,
0001
0000
0010
0000
0001
0100
1000
0100
,
0001
0000
0010
0000
0100
1000
0001
0000
,
1000
0000
0010
0000
1000
0100
0001
0100
,
1000
0000
0010
0000
0100
0001
1000
0000
,
0001
0000
0010
0000
0001
0100
1000
0100
,
0001
0000
1000
0000
0001
0010
0100
0000
,
1000
0010
0100
0001
1000
0010
0100
0001
,
0010
0100
1000
0001
0100
0010
1000
0001
,
0010
0001
0100
0010
1000
0100
0010
0001
,
0100
0010
1000
0100
1000
0010
0100
0000
,
0001
0010
0100
1000
0001
0010
0100
1000
,
0010
0100
0001
1000
0100
0010
0001
1000
,
0010
1000
0100
0010
0001
0100
0010
1000
,
0100
0010
0001
0100
0001
0010
0002
2000
,
0000
0000
0000
3003
,
1000
0010
1000
0100
0010
0001
0100
0000
,
0010
1000
0100
0010
0000
0001
0100
0010
,
0000
1000
0100
0010
0000
0001
0100
0001
,
0010
0001
0100
0010
0000
1000
0100
0010
,
0000
0001
0100
0010
1000
0100
0010
0100
,
0010
0001
0100
0010
0000
1000
0100
0010
,
0000
0001
0100
0010
0000
1000
0100
1000
,
0010
1000
0100
0010
0000
0001
0100
0010
,
1000
0100
1000
0010
0100
0100
0001
0000
,
1000
0010
0100
0001
0000
0000
0001
0010
,
0001
0100
0010
1000
0000
0000
0010
1000
,
0000
0001
0010
0001
0000
0000
1000
0010
,
0000
1000
0100
0010
0000
0001
0100
0010
,
0000
1000
0100
1000
0000
0000
0010
1000
,
0000
0001
0010
0100
1000
0100
0010
0001
,
0000
1000
0010
0100
0001
0010
0100
1000
,
0000
0001
0100
0010
0000
1000
0100
0010
,
0001
0100
0001
0010
0100
1000
0010
1000
,
0001
0100
0001
0010
0100
1000
0010
1000
,
1000
0100
1000
0010
0100
1000
0010
1000
,
1100
0000
0101
0000
0011
0001
0010
0100
,
1000
0100
1000
0010
0100
0001
0010
0001
,
0001
0100
0001
0010
0100
1000
0010
1000
,
1000
0100
1000
0010
0100
0001
0010
0001
,
0101
0000
1100
0000
1010
1000
0010
1000
,
2002
0000
0000
0000
,
3003
0000
0000
0000
;

//---------------dance-double - ----------------
#NOTES:
     dance-double:
     :
     Easy:
     6:
     0.246735,0.290669,0.062969,0.035982,0.000000,181.000000,7.000000,4.000000,0.000000,0.000000,0.000000,0.246735,0.290669,0.062969,0.035982,0.000000,181.000000,7.000000,4.000000,0.000000,0.000000,0.000000:
00000000
00000000
00000000
00000000
,
00000000
00000000
00000000
00000000
,
00000000
00000000
00000000
00000000
,
00000000
00000000
00000000
00000000
,
00000000
00000000
00000000
00000000
,
00010000
00000000
00100000
00000000
,
10000000
00000000
01000000
10000000
,
10010000
00000000
00000000
00000000
,
00010000
10000000
00100000
00010000
,
00001000
00000010
00000001
00000000
,
00000001
00000100
00001000
00000000
,
00010000
00100000
10000000
01000000
,
10000000
00100000
00010000
00000000
,
00001000
00000010
00000001
00000000
,
00000001
00000100
00001000
00000000
,
00010000
00100000
10000000
01000000
,
10000000
00100000
00010000
00000000
,
00001000
00000010
00000001
00000100
,
00000010
00001000
00000100
00000000
,
00010000
00100000
10000000
01000000
,
00100000
00010000
01000000
00000000
,
00001000
00000010
00000001
00000100
,
00000010
00001000
00000100
00000000
,
00010000
00100000
10000000
01000000
,
10000000
00000000
00100000
00010000
,
00001000
00000010
00000001
00000100
,
00001000
00000100
00000010
00000000
,
00010000
00100000
10000000
01000000
,
00010000
01000000
00100000
00000000
,
00001000
00000010
00000001
00000100
,
00001000
00000100
00000010
00000000
,
00010000
00100000
10000000
01000000
,
00010000
00001000
00010000
00022000
,
00000000
00000000
00033000
00000000
,
00001000
00000010
00001000
00000000
,
00010000
00100000
10000000
01000000
,
10000000
00100000
00010000
00000000
,
00001000
00000010
00000001
00000100
,
00000001
00000010
00001000
00000000
,
00010000
00100000
10000000
01000000
,
10000000
00100000
00010000
00000000
,
00001000
00000010
00000001
00000100
,
00000001
00000010
00001000
00000000
,
00010000
00100000
01000000
00010000
,
00100000
00001000
00000000
00011000
,
00000000
00001010
00000000
00000110
,
00000000
00000000
00000100
00001000
,
00010000
00100000
01000000
00010000
,
00000000
00100000
00001000
00010000
,
00000000
00000010
00001000
00000100
,
00001000
00000010
00000100
00001000
,
00010000
01000000
10000000
00100000
,
10000000
01000000
00010000
00001000
,
00000100
00000001
00000010
00000001
,
00001000
00000001
00001001
00000000
,
00000001
00000010
00001000
00010000
,
00100000
10000000
01000000
10000000
,
00100000
00010000
00001000
00000010
,
00000001
00000100
00001000
00010000
,
00022000
00000000
00000000
00033000
;

//---------------dance-double - ----------------
#NOTES:
     dance-double:
     :
     Medium:
     11:
     0.453633,0.476652,0.053973,0.035982,0.000000,343.000000,6.000000,4.000000,0.000000,0.000000,0.000000,0.453633,0.476652,0.053973,0.035982,0.000000,343.000000,6.000000,4.000000,0.000000,0.000000,0.000000:
00000000
00000000
00000000
00000000
,  // measure 0
00000000
00000000
00000000
00000000
,  // measure 1
00000000
00000000
00000000
00000000
,  // measure 2
00000000
00000000
00000000
00000000
,  // measure 3
00000000
00000000
00000000
00000000
,  // measure 4
00010000
00000000
00000000
00000000
,  // measure 5
00100000
00000000
00000000
00000000
10000000
01000000
10000000
00000000
,  // measure 6
10100000
00000000
00000000
00000000
,  // measure 7
10000000
00100000
10000000
01000000
10000000
00100000
01000000
00001000
,  // measure 8
00010000
00000010
00000100
00000001
00000010
00000100
00001000
00000000
,  // measure 9
00000010
00000100
00000001
00000010
00000001
00000100
00000010
00010000
,  // measure 10
00001000
00100000
01000000
10000000
00100000
01000000
00010000
00000000
,  // measure 11
10000000
00100000
01000000
00001000
00010000
00000000
00000000
00000000
,  // measure 12
00010000
00000010
00000100
00000001
00000010
00000100
00001000
00000000
,  // measure 13
00000010
00000100
00000001
00000010
00000001
00000100
00000010
00010000
,  // measure 14
00001000
00100000
01000000
10000000
00100000
01000000
00010000
00000000
,  // measure 15
10000000
01000000
00100000
00010000
10000000
00000000
00100000
00010000
,  // measure 16
00001000
00000000
00000010
00000000
00000001
00000100
00001000
00000100
,  // measure 17
00000001
00000000
00000010
00000000
00000001
00000100
00001000
00000000
,  // measure 18
00010000
00000000
00100000
00000000
10000000
01000000
00010000
01000000
,  // measure 19
10000000
00000000
00100000
00000000
10000000
01000000
00010000
00000000
,  // measure 20
00001000
00000000
00000010
00000000
00000001
00000100
00001000
00000100
,  // measure 21
00000001
00000000
00000010
00000000
00000001
00000100
00001000
00000000
,  // measure 22
00010000
00000000
00100000
00000000
10000000
01000000
00010000
01000000
,  // measure 23
10000000
00000000
00100000
00000000
10000000
01000000
00010000
00000000
,  // measure 24
00001000
00000010
00000001
00000100
00000001
00000010
00000100
00010000
,  // measure 25
00000010
00000100
00000001
00000100
00000001
00000010
00001000
00010000
,  // measure 26
00100000
10000000
01000000
10000000
00100000
01000000
00010000
00100000
,  // measure 27
00010000
01000000
00100000
10000000
01000000
00000000
01000000
00010000
,  // measure 28
00001000
00000010
00000001
00000100
00000001
00000010
00000100
00010000
,  // measure 29
00000010
00000100
00000001
00000100
00000001
00000010
00001000
00010000
,  // measure 30
00100000
10000000
01000000
10000000
00100000
01000000
00010000
00100000
,  // measure 31
00010000
01000000
00100000
10000000
01000000
00010000
00002000
00020000
,  // measure 32
00000000
00000000
00000000
00000000
00000000
00033000
00000000
00000000
,  // measure 33
00001000
00000010
00000001
00000100
00000001
00000010
00001000
00000000
,  // measure 34
00010000
00100000
10000000
01000000
00000000
10000000
00100000
01000000
,  // measure 35
00000000
00010000
00100000
01000000
00000000
10000000
00100000
00010000
,  // measure 36
00001000
00000010
00000001
00000100
00000000
00000001
00000010
00000100
,  // measure 37
00000000
00001000
00000010
00000100
00000001
00000010
00001000
00000000
,  // measure 38
00010000
00100000
10000000
01000000
00000000
10000000
00100000
01000000
,  // measure 39
00000000
00010000
00100000
01000000
00000000
10000000
00100000
00010000
,  // measure 40
00001000
00000010
00000001
00000100
00000000
00000001
00000010
00000100
,  // measure 41
00010000
00000010
00001000
00000100
00000010
00000001
00000100
00000000
,  // measure 42
00001000
00100000
00010000
01000000
00000000
00000000
00010000
00100000
,  // measure 43
00010000
01000000
00100000
10000000
00000000
00000000
01000000
00010000
,  // measure 44
00000000
00000010
00001000
00000100
00000000
00000000
00000010
00000001
,  // measure 45
00000000
00001000
00000010
00000100
00001000
00010000
00001000
00000000
,  // measure 46
00000000
00100000
00010000
01000000
00000000
00010000
00100000
00010000
,  // measure 47
00000000
00010000
01000000
00100000
10000000
01000000
00010000
00001000
,  // measure 48
00000000
00001000
00000010
00000001
00000100
00000001
00000010
00000001
,  // measure 49
00000000
00000001
00000100
00000010
00000100
00000000
00001000
00000000
,  // measure 50
00010000
01000000
10000000
00100000
00010000
00100000
10000000
01000000
,  // measure 51
10000000
00100000
01000000
00010000
00100000
00001000
00010000
00000000
,  // measure 52
00001000
00000100
00000001
00000010
00001000
00000010
00000001
00000100
,  // measure 53
00000010
00000000
00001100
00000000
00000011
00000000
00000010
00001000
,  // measure 54
00010000
01000000
10000000
00100000
00010000
00100000
10000000
01000000
,  // measure 55
10000000
00100000
01000000
00010000
00100000
00001000
00010000
00000000
,  // measure 56
00001000
00000100
00000001
00000010
00001000
00000010
00000001
00000100
,  // measure 57
00000010
00000000
00001100
00000000
00000011
00000001
00000100
00001000
,  // measure 58
00022000
00000000
00000000
00000000
00000000
00000000
00000000
00033000
;

//---------------dance-double - ----------------
#NOTES:
     dance-double:
     :
     Hard:
     14:
     0.619408,0.663422,0.170916,0.035982,0.548729,459.000000,19.000000,4.000000,0.000000,0.000000,0.000000,0.619408,0.663422,0.170916,0.035982,0.548729,459.000000,19.000000,4.000000,0.000000,0.000000,0.000000:
00000000
00000000
00000000
00000000
,  // measure 0
00000000
00000000
00000000
00000000
,  // measure 1
00000000
00000000
00000000
00000000
,  // measure 2
00000000
00000000
00000000
00000000
,  // measure 3
00000000
00000000
00000000
00000000
,  // measure 4
00000000
00000000
00000000
00000000
,  // measure 5
00100000
00000000
00000000
00000000
00100000
00010000
01000000
00100000
,  // measure 6
10100000
00000000
00000000
00000000
,  // measure 7
10000000
00000000
00100000
00000000
10000000
01000000
00000000
10000000
00100000
01000000
00010000
01000000
00001000
00010000
00001000
00000000
,  // measure 8
00010000
00000000
00000010
00000000
00000100
00000001
00000000
00000100
00000001
00000000
00000010
00000000
00000100
00001000
00000000
00000000
,  // measure 9
00000010
00000000
00000100
00000000
00000001
00000100
00000000
00000001
00000010
00000000
00000100
00000000
00010000
00001000
00000000
00010000
,  // measure 10
00001000
00000000
00100000
00000000
01000000
10000000
00000000
01000000
10000000
00000000
00100000
00000000
01000000
00000000
00010000
00000000
,  // measure 11
00100000
00000000
00010000
01000000
00000000
00100000
10000000
00000000
00010000
00000000
00000000
00000000
01000000
00000000
00001000
00000000
,  // measure 12
00010000
00000010
00000000
00000100
00000000
00000001
00000100
00000000
00000001
00000010
00000000
00000100
00000000
00000000
00001000
00000000
,  // measure 13
00000010
00000000
00000100
00000000
00000001
00000010
00000000
00000100
00001000
00000010
00000000
00001000
00000000
00000100
00010000
00000000
,  // measure 14
00001000
00000000
00100000
00000000
01000000
00000000
10000000
01000000
00000000
10000000
00100000
00000000
01000000
00000000
00010000
00100000
,  // measure 15
01000000
10000000
00000000
00100000
10000000
01000000
00100000
00010000
01000000
00010000
00000000
00100000
00010000
01000000
00001000
00010000
,  // measure 16
00001000
00000010
00000001
00000100
00001000
00000100
00000001
00000010
,  // measure 17
00000100
00000000
00001000
00000000
00000100
00000000
00000010
00000000
00000001
00000000
00000100
00000000
00000010
00000000
00000100
00001000
,  // measure 18
00010000
00100000
10000000
01000000
00010000
01000000
10000000
00100000
,  // measure 19
01000000
00000000
00010000
00000000
01000000
00000000
00100000
00000000
10000000
00000000
01000000
00000000
00100000
00000000
01000000
00010000
,  // measure 20
00001000
00000010
00000001
00000100
00001000
00000100
00000001
00000010
,  // measure 21
00000100
00000000
00001000
00000000
00000100
00000000
00000010
00000000
00000001
00000000
00000100
00000000
00000010
00000000
00000100
00001000
,  // measure 22
00010000
00100000
10000000
01000000
00010000
01000000
10000000
00100000
,  // measure 23
01000000
00000000
00010000
00000000
00100000
00000000
01000000
10000000
00100000
00000000
00010000
00000000
00011000
00000000
00000000
00000000
,  // measure 24
00001000
00000000
00000010
00000001
00000100
00000000
00000001
00000000
00000010
00000000
00000001
00000100
00000010
00000000
00001000
00000000
,  // measure 25
00000100
00000000
00001000
00000010
00000100
00000000
00000001
00000000
00000010
00000000
00000001
00000100
00000010
00000000
00000100
00001000
,  // measure 26
00010000
00000000
00100000
10000000
01000000
00000000
10000000
00000000
00100000
00000000
10000000
01000000
00100000
00000000
00010000
00000000
,  // measure 27
01000000
00000000
00010000
00100000
01000000
00000000
10000000
00000000
00100000
00000000
10000000
00000000
01000000
00000000
00010000
00000000
,  // measure 28
00001000
00000000
00000010
00000001
00000100
00000000
00000001
00000000
00000010
00000000
00000001
00000100
00000010
00000000
00001000
00000000
,  // measure 29
00000100
00000000
00001000
00000010
00000100
00000000
00000001
00000000
00000010
00000000
00000001
00000100
00000010
00000000
00000100
00001000
,  // measure 30
00010000
00000000
00100000
10000000
01000000
00000000
10000000
00000000
00100000
00000000
10000000
01000000
00100000
00000000
00010000
00000000
,  // measure 31
01000000
00000000
00010000
00100000
01000000
00000000
10000000
00000000
00100000
00000000
01000000
00000000
00002000
00000000
00020000
00000000
,  // measure 32
00000000
00000000
00000000
00033000
,  // measure 33
00010000
00000000
00000010
00000000
00001000
00000000
00000100
00001000
00000010
00000000
00000100
00000001
00000000
00000010
00000100
00010000
,  // measure 34
00001000
00000000
00000010
00000000
00000001
00000000
00000101
00000000
00000000
00000001
00000000
00000000
00000010
00000000
00001100
00000000
,  // measure 35
00000000
00000000
00000100
00000000
00010000
00000000
00010010
00000000
00000000
00000100
00000000
00000000
00000010
00000000
00001000
00000000
,  // measure 36
00010000
00000000
00100000
00000000
10000000
00000000
11000000
00000000
00000000
10000000
00000000
00000000
00100000
00000000
01010000
00000000
,  // measure 37
00000000
00000000
01000000
00000000
00001000
00000000
00101000
00000000
00100000
00010000
01000000
00000000
00100000
00000000
00010000
00000000
,  // measure 38
00001000
00000000
00000010
00000000
00000001
00000000
00000101
00000000
00000000
00000001
00000000
00000000
00000010
00000000
00001100
00000000
,  // measure 39
00000000
00000000
00000100
00000000
00010000
00000000
00010010
00000000
00000000
00000100
00000000
00000000
00000010
00000000
00001000
00000000
,  // measure 40
00010000
00000000
00100000
00000000
10000000
00000000
11000000
00000000
00000000
10000000
00000000
00000000
00100000
00000000
01000000
00000000
,  // measure 41
00001000
00000000
00100000
00000000
01000000
00000000
10000000
01000000
10000000
00100000
01000000
00010000
00100000
00001000
00010000
00000000
,  // measure 42
00001000
00000000
00000010
00000000
00000001
00000000
00000100
00000000
00000000
00000010
00000000
00000000
00001000
00000000
00000100
00000000
,  // measure 43
00000010
00000000
00000001
00000000
00000100
00000000
00000010
00000000
00000000
00001000
00000000
00000000
00000100
00000000
00010000
00000000
,  // measure 44
00000000
00000000
00100000
00000000
10000000
00000000
01000000
00000000
00000000
10000000
00000000
00000000
00100000
00000000
01000000
00000000
,  // measure 45
00000000
00000000
00010000
00000000
00100000
00000000
00010000
00000000
00000000
00100000
00000000
01000000
10000000
00000000
00100000
01000000
,  // measure 46
00000000
00000000
00001000
00000000
00000010
00000000
00000001
00000000
00000000
00000100
00000000
00000000
00000001
00000000
00000010
00000000
,  // measure 47
00000000
00000000
00000001
00000000
00000100
00000000
00000010
00000000
00001000
00000100
00000010
00000000
00000001
00000000
00000100
00000010
,  // measure 48
00000000
00000000
00010000
00000000
01000000
00000000
10000000
00000000
00100000
10000000
01000000
00000000
00100000
00000000
00010000
01000000
,  // measure 49
00000000
00000000
00010000
00000000
00100000
00000000
01000000
00000000
00000000
10000000
00000000
00000000
00010000
01000000
00001000
00010000
,  // measure 50
00000010
00000000
00001000
00000100
00000000
00001000
00000010
00000000
00000100
00000001
00000000
00000010
00000001
00000100
00000001
00000000
,  // measure 51
00000010
00000000
00000100
00001000
00000000
00000010
00001000
00000000
00000100
00001000
00000000
00000010
00010000
00000000
00001000
00000000
,  // measure 52
00100000
00000000
00010000
01000000
00000000
00010000
00100000
00000000
01000000
10000000
00000000
00100000
10000000
01000000
10000000
00000000
,  // measure 53
00110000
00000000
00000000
11000000
00000000
00000000
01010000
00000000
00000000
00000000
01000000
00000000
00001000
00010000
00000010
00000000
,  // measure 54
00001000
00000010
00001000
00000100
00000000
00001000
00000001
00000010
00000001
00000100
00000000
00000001
00000010
00000100
00001000
00000000
,  // measure 55
00000001
00000010
00000001
00000100
00000000
00000001
00001000
00000010
00001000
00000100
00000000
00010000
00001000
00000000
00010000
00000000
,  // measure 56
00100000
00000000
10000000
01000000
00000000
10000000
00100000
00000000
01000000
00010000
00000000
00100000
01000000
00100000
00010000
00000000
,  // measure 57
11000000
00000000
00000000
00110000
00000000
00000000
10100000
00000000
00010000
00000000
01000000
00000000
00001000
00010000
00001000
00000000
,  // measure 58
00022000
00000000
00000000
00000000
,  // measure 59
00033000
00000000
00000000
00000000
;
