#TITLE:ska a go go;
#SUBTITLE:(CLUB ANOTHER VER.);
#ARTIST:THE BALD HEAD;
#TITLETRANSLIT:;
#SUBTITLETRANSLIT:;
#ARTISTTRANSLIT:;
#CREDIT:;
#BANNER:ska a go go (CLUB ANOTHER VER.).png;
#BACKGROUND:ska a go go (CLUB ANOTHER VER.)-bg.png;
#LYRICSPATH:;
#CDTITLE:./CDTITLES/BEATMANIA CLASSICS.PNG;
#MUSIC:ska a go go (CLUB ANOTHER VER.).mp3;
#OFFSET:-0.058;
#SAMPLESTART:44.050;
#SAMPLELENGTH:12.000;
#SELECTABLE:YES;
#DISPLAYBPM:144.000:160.000;
#BPMS:0.000=160.000,100.000=144.000,112.000=160.000;
#STOPS:;
#BGCHANGES:;

//---------------dance-single - ----------------
#NOTES:
     dance-single:
     :
     Easy:
     6:
     0.352,0.545,0.093,0.000,0.047:
0000
0000
0000
0000
,
0000
0000
0000
0000
,
0000
0000
0000
0000
,
0000
0000
0000
0000
,
0000
0000
0000
0000
,
1000
1000
1000
1000
,
0001
0001
0001
0001
,
1000
1000
1000
1000
,
0001
0001
0001
0001
,
0000
0001
0000
0001
0000
0001
0000
0001
,
0000
1000
0000
1000
0001
0000
1001
0000
,
0000
0001
0000
0001
0000
0001
0000
0001
,
1000
0000
0000
0000
0000
0000
0000
0000
0000
0000
1000
0000
0000
0000
0000
0000
0000
0000
0000
0000
0000
1000
0000
0000
0000
0000
0000
0000
0000
0000
0000
0000
0001
0000
0000
0000
0000
0000
0000
0000
0000
0000
0001
0000
0000
0000
0000
0000
0000
0000
0000
0000
0000
0001
0000
0000
0000
0000
0000
0000
0000
0000
0000
0000
,
0000
1000
0000
1000
0000
1000
0000
1000
,
0000
0000
0000
0000
,
0000
0001
0000
0001
0000
0001
0000
0001
,
0000
0000
0000
0000
,
0000
1000
0000
1000
0000
1000
0000
1000
,
0000
0000
0000
0000
,
0000
0001
0000
0001
0000
0001
0000
0001
,
0000
0000
0000
0000
,
0000
1000
0000
1000
0000
1000
0000
1000
,
0000
1000
0000
1000
0000
1000
0000
1000
,
0000
1000
0000
1000
0000
1000
0000
1000
,
0000
1000
0000
1000
0001
0000
1001
0000
,
0100
0000
0010
0000
,
0001
0000
1000
0000
,
0100
0000
0010
0000
,
1000
0000
0000
0000
0000
0000
0000
0000
0000
0000
1000
0000
0000
0000
0000
0000
0000
0000
0000
0000
0000
1000
0000
0000
0000
0000
0000
0000
0000
0000
0000
0000
0001
0000
0000
0000
0000
0000
0000
0000
0000
0000
0001
0000
0000
0000
0000
0000
0000
0000
0000
0000
0000
0001
0000
0000
0000
0000
0000
0000
0000
0000
0000
0000
,
0100
0010
1000
0000
,
0100
0010
0001
0000
,
0100
0010
1000
0000
,
0100
0010
0001
0000
,
1000
0010
0100
0000
,
0001
0010
0100
0000
,
1001
0000
0110
0000
,
1001
0110
1001
0110
,
1000
0001
0010
0100
,
1000
0001
0010
0100
,
1000
0001
0010
0100
,
1000
1000
0000
0000
0001
0001
0000
0000
,
0100
0010
1000
0001
,
0100
0010
1000
0001
,
0100
0010
1000
0001
,
0100
0100
0000
0000
0010
0010
0000
0000
,
1000
0001
1000
0001
1000
0001
0001
0001
,
1000
0001
1000
0001
1000
0001
0001
0001
,
1000
0001
1000
0001
1000
0001
0001
0001
,
1000
0000
0000
0000
,
0001
1000
0010
0100
0001
1000
1000
1000
,
0001
1000
0010
0100
0001
1000
1000
1000
,
0001
1000
0010
0100
0001
1000
1000
1000
,
0001
1000
0010
0100
0000
0000
0000
0000
,
0001
0010
0100
1000
0001
0100
0100
0100
,
0010
1000
0100
0010
0001
0100
0100
0100
;

//---------------dance-single - ----------------
#NOTES:
     dance-single:
     :
     Medium:
     8:
     0.572,1.000,0.117,0.000,0.432:
0000
0000
0000
0000
,
0000
0000
0000
0000
,
0000
0000
0000
0000
,
0000
0000
0000
0000
,
0000
0000
0000
0000
,
0000
1000
0000
1000
0000
1000
0000
1000
,
0100
0001
0000
0001
0000
0001
0000
0001
,
0010
1000
0000
1000
0000
1000
0000
1000
,
0100
0001
0000
0001
0000
0001
0000
0001
,
0000
1000
0000
1000
0000
1000
0000
1000
,
0010
0100
0000
0100
0001
0000
1010
0000
,
0000
0001
0000
0100
0000
0010
0000
1000
,
0001
0000
0000
0000
0000
0000
0000
0000
0000
0000
0010
0000
0000
0000
0000
0000
0000
0000
0000
0000
0000
0100
0000
0000
0000
0000
0000
0000
0000
0000
0000
0000
1000
0000
0000
0000
0000
0000
0000
0000
0000
0000
0010
0000
0000
0000
0000
0000
0000
0000
0000
0000
0000
0100
0000
0000
0000
0000
0000
0000
0000
0000
0000
0000
,
0000
1000
0000
1000
0000
1000
0000
1000
,
0000
0000
0000
0000
0001
0010
0001
0000
,
0000
0001
0000
0001
0000
0001
0000
0001
,
0000
0000
0000
0000
1000
0010
1000
0000
,
0000
1000
0000
1000
0000
1000
0000
1000
,
0000
0000
0000
0000
0100
1000
1010
0000
,
0000
0001
0000
0001
0000
0001
0000
0001
,
0000
0000
0000
0000
0100
0001
0011
0000
,
0001
1000
0001
0010
0001
0100
0001
1000
,
0001
0010
0001
0100
0001
1000
0001
0010
,
0001
0100
0001
1000
0001
0010
0001
0100
,
0001
1000
0001
0010
0100
0000
1001
0000
,
0100
0100
0100
0000
0010
0010
0010
0000
,
0001
0001
0001
0000
1000
1000
1000
0000
,
0100
0100
0100
0000
0010
0010
0010
0000
,
0001
0000
0000
0000
0000
0000
0000
0000
0000
0000
0010
0000
0000
0000
0000
0000
0000
0000
0000
0000
0000
0100
0000
0000
0000
0000
0000
0000
0000
0000
0000
0000
1000
0000
0000
0000
0000
0000
0000
0000
0000
0000
0010
0000
0000
0000
0000
0000
0000
0000
0000
0000
0000
0100
0000
0000
0000
0000
0000
0000
0000
0000
0000
0000
,
0000
0000
0000
0000
0000
0100
0010
1000
,
0000
0000
0000
0000
0000
0100
0010
0001
,
0000
0000
0000
0000
0000
0100
0010
1000
,
0000
0000
0000
0000
0000
0100
0010
0001
,
0000
0000
0000
0000
0000
1000
0010
0100
,
0000
0000
0000
0000
0000
0001
0010
0100
,
1001
0000
0110
0000
,
1100
0011
0101
1010
,
0100
0001
1000
0010
0100
0001
1000
0010
,
0100
0001
1000
0010
0100
0001
1000
0010
,
0100
0001
1000
0010
0100
0001
1000
0010
,
0100
0100
0000
0000
0001
0001
0000
0000
,
1000
0100
0010
0001
1000
0100
0010
0001
,
1000
0100
0010
0001
1000
0100
0010
0001
,
1000
0100
0010
0001
1000
0100
0010
0001
,
1000
1000
0000
0000
0100
0100
0000
0000
,
0001
0010
0001
0010
0001
0010
0001
0010
0001
0010
0001
0010
0001
0010
0001
0010
,
0001
0010
0001
0010
0001
0010
0001
0010
0001
0010
0001
0010
0001
0010
0001
0010
,
0001
0010
0001
0010
0001
0010
0001
0010
0001
0010
0001
0010
0001
0010
0001
0010
,
0001
0000
0000
0000
,
1000
0100
1000
0100
1000
0100
1000
0100
1000
0100
1000
0100
1000
0100
1000
0100
,
1000
0100
1000
0100
1000
0100
1000
0100
1000
0100
1000
0100
1000
0100
1000
0100
,
1000
0100
1000
0100
1000
0100
1000
0100
1000
0100
1000
0100
1000
0100
1000
0100
,
1000
0100
1000
0100
0000
0000
0000
0000
0000
0000
0000
0000
0000
0000
0000
0000
,
0010
0100
0010
0100
0010
0100
0010
0100
0010
0100
0010
0100
0010
0100
0010
0100
,
0010
0100
0010
0100
0010
0100
0010
0100
0010
0100
0010
0100
0010
0100
0010
0100
;

//---------------dance-single - ----------------
#NOTES:
     dance-single:
     :
     Hard:
     9:
     0.667,1.000,0.199,0.000,0.304:  // measure 1
0000
0000
0000
0000
,  // measure 2
0000
0000
0000
0000
,  // measure 3
0000
0000
0000
0000
,  // measure 4
0000
0000
0000
0000
,  // measure 5
0000
0000
0000
0000
,  // measure 6
0100
1000
0100
1000
0100
1000
0100
1000
,  // measure 7
0100
0001
1000
0001
1000
0001
1000
0001
,  // measure 8
1000
0010
0100
0010
0100
0010
0100
0010
,  // measure 9
0100
1000
0001
1000
0001
1000
0001
0000
,  // measure 10
0000
1000
0000
1000
0000
1000
0000
1000
,  // measure 11
0100
0010
0001
1000
0100
0010
1001
0000
,  // measure 12
0010
0001
1000
0100
0010
0001
0100
1000
,  // measure 13
0011
0000
0000
0000
0000
0000
0000
0000
0000
0000
1001
0000
0000
0000
0000
0000
0000
0000
0000
0000
0000
0101
0000
0000
0000
0000
0000
0000
0000
0000
0000
0000
1010
0000
0000
0000
0000
0000
0000
0000
0000
0000
1001
0000
0000
0000
0000
0000
0000
0000
0000
0000
0000
1100
0000
0000
0000
0000
0000
0000
0000
0000
0000
0000
,  // measure 14
0000
1000
0000
0100
0000
0010
0000
0001
,  // measure 15
1000
0010
1000
0100
0001
0100
0001
0000
,  // measure 16
0000
0010
0000
0001
0000
0100
0000
1000
,  // measure 17
0100
0010
0100
0001
1000
0100
1000
0000
,  // measure 18
0000
1000
0000
0100
0000
0010
0000
0001
,  // measure 19
1000
0010
1000
0100
0001
0100
1100
0000
,  // measure 20
0000
0001
0000
0010
0000
0100
0000
1000
,  // measure 21
0001
0010
0001
0100
1000
0100
0101
0000
,  // measure 22
1000
0010
0001
0010
1000
0010
0001
0010
,  // measure 23
1000
0010
0001
0010
1000
0010
0001
0010
,  // measure 24
1000
0100
0001
0100
1000
0010
0001
0010
,  // measure 25
1000
0100
0001
0100
1010
0000
0101
0000
,  // measure 26
0010
1000
0010
1000
0100
0001
0100
0001
,  // measure 27
1000
0010
1000
0010
0001
0100
0001
0100
,  // measure 28
0010
1000
0010
1000
0100
0001
0100
0001
,  // measure 29
0011
0000
0000
0000
0000
0000
0000
0000
0000
0000
1001
0000
0000
0000
0000
0000
0000
0000
0000
0000
0000
0101
0000
0000
0000
0000
0000
0000
0000
0000
0000
0000
1010
0000
0000
0000
0000
0000
0000
0000
0000
0000
1001
0000
0000
0000
0000
0000
0000
0000
0000
0000
0000
1100
0000
0000
0000
0000
0000
0000
0000
0000
0000
0000
,  // measure 30
0001
0000
0010
0000
0100
1000
0010
0100
,  // measure 31
0001
0000
0010
0000
0100
1000
0010
0100
,  // measure 32
0001
0000
1000
0000
0100
0010
0001
0100
,  // measure 33
0001
0000
1000
0000
0100
0010
0001
0100
,  // measure 34
1000
0000
0100
0000
0001
0010
0100
1000
,  // measure 35
0001
0000
0100
0000
0010
1000
0100
0001
,  // measure 36
0100
1000
0000
1000
0001
0010
0000
0010
,  // measure 37
0100
1000
0001
0100
0010
1000
0001
0010
,  // measure 38
0100
1000
0010
0100
0001
1000
0100
0010
,  // measure 39
0001
1000
0010
0100
0001
0010
0100
1000
,  // measure 40
0010
0100
0001
1000
0100
0010
0001
0100
,  // measure 41
0010
0010
1000
0100
0001
0001
0000
0000
,  // measure 42
1000
0010
0100
1000
0100
0001
0010
0100
,  // measure 43
1000
0010
0100
0001
0010
0100
1000
0010
,  // measure 44
0100
0001
0010
1000
0010
0001
0100
0010
,  // measure 45
1000
1000
0001
0010
0100
0100
0000
0000
,  // measure 46
1000
0001
1000
0010
0100
0001
0001
0001
,  // measure 47
1000
0100
0010
0001
0100
0010
0010
0010
,  // measure 48
1000
0010
0001
0010
1000
0100
0100
0100
,  // measure 49
0001
0000
0000
0000
,  // measure 50
1000
0001
1000
0001
1000
0001
1000
0001
1000
0001
1000
0001
1000
0001
1000
0001
,  // measure 51
1000
0001
1000
0001
1000
0001
1000
0001
1000
0001
1000
0001
1000
0001
1000
0001
,  // measure 52
1000
0001
1000
0001
1000
0001
1000
0001
1000
0001
1000
0001
1000
0001
1000
0001
,  // measure 53
1000
0001
1000
0001
1000
0001
1000
0001
0000
0000
0000
0000
0000
0000
0000
0000
,  // measure 54
0010
0100
0010
0100
0010
0100
0010
0100
0010
0100
0010
0100
0010
0100
0010
0100
,  // measure 55
0010
0100
0010
0100
0010
0100
0010
0100
0010
0100
0010
0100
0010
0100
0010
0100
;

//---------------dance-double - ----------------
#NOTES:
     dance-double:
     :
     Easy:
     6:
     0.352,0.540,0.315,0.000,0.035:
00000000
00000000
00000000
00000000
,
00000000
00000000
00000000
00000000
,
00000000
00000000
00000000
00000000
,
00000000
00000000
00000000
00000000
,
00000000
00000000
00000000
00000000
,
10000000
10000000
10000000
10000000
,
00010000
00010000
00010000
00010000
,
00001000
00001000
00001000
00001000
,
00000001
00000001
00000001
00000001
,
00000000
00000001
00000000
00000001
00000000
00000001
00000000
00000001
,
00000000
00000100
00000000
00000100
00001000
00000000
00011000
00000000
,
00000000
00010000
00000000
00010000
00000000
00010000
00000000
00010000
,
10000000
00000000
00000000
00000000
00000000
00000000
00000000
00000000
00000000
00000000
10000000
00000000
00000000
00000000
00000000
00000000
00000000
00000000
00000000
00000000
00000000
10000000
00000000
00000000
00000000
00000000
00000000
00000000
00000000
00000000
00000000
00000000
00010000
00000000
00000000
00000000
00000000
00000000
00000000
00000000
00000000
00000000
00010000
00000000
00000000
00000000
00000000
00000000
00000000
00000000
00000000
00000000
00000000
00010000
00000000
00000000
00000000
00000000
00000000
00000000
00000000
00000000
00000000
00000000
,
00000000
10000000
00000000
10000000
00000000
00010000
00000000
00010000
,
00000000
00000000
00000000
00000000
,
00000000
00001000
00000000
00001000
00000000
00000001
00000000
00000001
,
00000000
00000000
00000000
00000000
,
00000000
00000010
00000000
00000010
00000000
00000100
00000000
00000100
,
00000000
00000000
00000000
00000000
,
00000000
00100000
00000000
00100000
00000000
01000000
00000000
01000000
,
00000000
00000000
00000000
00000000
,
00000000
10000000
00000000
01000000
00000000
00100000
00000000
00010000
,
00000000
01000000
00000000
00001000
00000000
00010000
00000000
00000010
,
00000000
00001000
00000000
00000001
00000000
00000100
00000000
00000010
,
00000000
00001000
00000000
00000100
00010000
00000000
00011000
00000000
,
01000000
00000000
00100000
00000000
,
10000000
00000000
01000000
00000000
,
00010000
00000000
00001000
00000000
,
00011000
00000000
00000000
00000000
00000000
00000000
00000000
00000000
00000000
00000000
00011000
00000000
00000000
00000000
00000000
00000000
00000000
00000000
00000000
00000000
00000000
00011000
00000000
00000000
00000000
00000000
00000000
00000000
00000000
00000000
00000000
00000000
00000000
00000000
00000000
00000000
00000000
00000000
00000000
00000000
00000000
00000000
00000000
00000000
00000000
00000000
00000000
00000000
00001000
00000000
00000000
00000000
00000000
00000000
00000000
00000000
00000000
00000000
00000000
00000000
00000000
00000000
00000000
00000000
,
00100000
00000000
00010010
00000000
,
00001000
00010000
00000000
00001000
,
00100000
00000000
00010010
00000000
,
00001000
00010000
00000000
00001000
,
10000000
00000000
00010001
00000000
,
00001000
00010000
00001000
00000000
,
00010000
00000000
01100000
00000000
,
10011000
01100110
00010001
00000100
,
00000010
00001000
00000100
00000000
,
00001000
00010000
00000010
00100100
,
00000001
00000000
00001000
00000000
00000001
00000001
00000000
00000000
,
00001000
00001000
00000000
00000000
00000010
00000000
00000000
00000000
,
00001000
00010000
00000000
10000000
,
00101000
01000000
00000100
00010010
,
00001000
00000000
00000000
00010000
,
01000000
01000000
00000000
00000000
00100000
00100000
00000000
00000000
,
10000000
00101000
01001000
00011000
00100000
00000100
00000010
00000001
,
00010100
00000010
00000010
00000010
00001000
00000100
00000000
00001000
,
00000000
00000000
00010000
00000000
01000000
00100000
00100000
00100000
,
10000000
00000000
00000000
00000000
,
10000000
01001000
00101000
00011000
01000000
00000100
00000010
00000001
,
00010100
00000010
00000010
00000010
00001000
00000100
00000000
00001000
,
00000000
00000000
00010000
00000000
00100000
01000000
01000000
01000000
,
10000000
00100000
01000000
00010000
00000000
00000000
00000000
00000000
,
10000000
00101000
01001000
00011000
00100000
00000100
00001000
00000010
,
00010100
00000001
00000001
00000001
00000000
00000000
00000000
00000000
;

//---------------dance-double - ----------------
#NOTES:
     dance-double:
     :
     Medium:
     8:
     0.579,1.000,0.117,0.000,0.444:
00000000
00000000
00000000
00000000
,
00000000
00000000
00000000
00000000
,
00000000
00000000
00000000
00000000
,
00000000
00000000
00000000
00000000
,
00000000
00000000
00000000
00000000
,
00000000
10000000
00000000
10000000
00000000
10000000
00000000
10000000
,
01000000
00010000
00000000
00010000
00000000
00010000
00000000
00010000
,
00001000
00000100
00000000
00000100
00000000
00000100
00000000
00000100
,
00000001
00000010
00000000
00000010
00000000
00000010
00000000
00000010
,
00000000
00000100
00000000
00000100
00000000
00000100
00000000
00000100
,
00001000
00000010
00000000
00000010
00010000
00000000
00011000
00000000
,
00000000
00001000
00000000
01000000
00000000
00100000
00000000
10000000
,
01000000
00000000
00000000
00000000
00000000
00000000
00000000
00000000
00000000
00000000
00100000
00000000
00000000
00000000
00000000
00000000
00000000
00000000
00000000
00000000
00000000
00010000
00000000
00000000
00000000
00000000
00000000
00000000
00000000
00000000
00000000
00000000
01000000
00000000
00000000
00000000
00000000
00000000
00000000
00000000
00000000
00000000
00001000
00000000
00000000
00000000
00000000
00000000
00000000
00000000
00000000
00000000
00000000
00010000
00000000
00000000
00000000
00000000
00000000
00000000
00000000
00000000
00000000
00000000
,
00000000
00001000
00000000
00001000
00000000
00000010
00000000
00000001
,
00000000
00000000
00000000
00000000
00001000
00000100
00010000
00000000
,
00000000
00010000
00000000
00010000
00000000
00100000
00000000
10000000
,
00000000
00000000
00000000
00000000
00010000
01000000
00001000
00000000
,
00000000
00001000
00000000
00001000
00000000
00000010
00000000
00000001
,
00000000
00000000
00000000
00000000
00001000
00000100
00001100
00000000
,
00000000
00010000
00000000
00010000
00000000
00100000
00000000
10000000
,
00000000
00000000
00000000
00000000
00010000
01000000
01010000
00000000
,
00100000
10000000
01000000
00100000
00010000
01000000
00001000
00010000
,
00000100
00000010
00000001
00000100
00000010
00001000
00000100
00010000
,
00001000
01000000
00010000
00100000
01000000
10000000
00100000
01000000
,
00001000
00010000
00000100
00000010
00000001
00000000
00001100
00000000
,
00010000
00010000
00010000
00000000
00001000
00001000
00001000
00000000
,
01000000
01000000
01000000
00000000
00100000
00100000
00100000
00000000
,
10000000
10000000
10000000
00000000
01000000
01000000
01000000
00000000
,
00100000
00000000
00000000
00000000
00000000
00000000
00000000
00000000
00000000
00000000
00010000
00000000
00000000
00000000
00000000
00000000
00000000
00000000
00000000
00000000
00000000
01000000
00000000
00000000
00000000
00000000
00000000
00000000
00000000
00000000
00000000
00000000
00001000
00000000
00000000
00000000
00000000
00000000
00000000
00000000
00000000
00000000
00010000
00000000
00000000
00000000
00000000
00000000
00000000
00000000
00000000
00000000
00000000
00000100
00000000
00000000
00000000
00000000
00000000
00000000
00000000
00000000
00000000
00000000
,
00000000
00000000
00000000
00000000
00000000
00000010
00000100
00000001
,
00000000
00000000
00000000
00000000
00000000
00001000
00000100
00010000
,
00000000
00000000
00000000
00000000
00000000
00001000
01000000
00100000
,
00000000
00000000
00000000
00000000
00000000
10000000
01000000
00100000
,
00000000
00000000
00000000
00000000
00000000
00010000
01000000
00001000
,
00000000
00000000
00000000
00000000
00000000
00010000
00000100
00000010
,
00001001
00000000
00011000
00000000
,
10010000
00101000
00010100
00001001
,
00000100
00010000
00000010
00001000
00000100
00010000
00000010
00001000
,
00000100
00010000
00000010
00001000
00000100
00010000
00000010
00001000
,
00000100
00010000
00000010
00001000
00000100
00010000
00000010
00001000
,
00000100
00000100
00000000
00000000
00010000
00010000
00000000
00000000
,
00001000
01000000
00010000
00100000
00001000
01000000
00010000
00100000
,
00001000
01000000
00010000
00100000
00001000
01000000
00010000
00100000
,
00001000
01000000
00010000
00100000
00001000
01000000
00010000
00100000
,
01000000
01000000
00000000
00000000
10000000
10000000
00000000
00000000
,
10000000
00100000
10000000
00100000
10000000
00100000
10000000
00100000
10000000
00100000
10000000
00100000
10000000
00100000
10000000
00100000
,
10000000
00100000
10000000
00100000
10000000
00100000
10000000
00100000
10000000
00100000
10000000
00100000
10000000
00100000
10000000
00100000
,
10000000
00100000
10000000
00100000
10000000
00100000
10000000
00100000
10000000
00100000
10000000
00100000
10000000
00100000
10000000
00100000
,
10000000
00000000
00000000
00000000
,
00000001
00000100
00000001
00000100
00000001
00000100
00000001
00000100
00000001
00000100
00000001
00000100
00000001
00000100
00000001
00000100
,
00000001
00000100
00000001
00000100
00000001
00000100
00000001
00000100
00000001
00000100
00000001
00000100
00000001
00000100
00000001
00000100
,
00000001
00000100
00000001
00000100
00000001
00000100
00000001
00000100
00000001
00000100
00000001
00000100
00000001
00000100
00000001
00000100
,
00000001
00000100
00000001
00000100
00000001
00000100
00000001
00000100
00000000
00000000
00000000
00000000
00000000
00000000
00000000
00000000
,
00010000
00001000
00010000
00001000
00010000
00001000
00010000
00001000
00010000
00001000
00010000
00001000
00010000
00001000
00010000
00001000
,
00010000
00001000
00010000
00001000
00010000
00001000
00010000
00001000
00010000
00001000
00010000
00001000
00010000
00001000
00010000
00001000
;
