#TITLE:SO DEEP (PERFECT SPHERE REMIX);
#SUBTITLE:;
#ARTIST:SILVERTEAR;
#TITLETRANSLIT:;
#SUBTITLETRANSLIT:;
#ARTISTTRANSLIT:;
#CREDIT:;
#BANNER:SO DEEP (PERFECT SPHERE REMIX).png;
#BACKGROUND:SO DEEP (PERFECT SPHERE REMIX)-bg.png;
#LYRICSPATH:;
#CDTITLE:./CDTITLES/Dancemania The Best of World Trance -FANTASIA-.PNG;
#MUSIC:SO DEEP (PERFECT SPHERE REMIX).ogg;
#OFFSET:0.000;
#SAMPLESTART:8.560;
#SAMPLELENGTH:15.000;
#SELECTABLE:YES;
#DISPLAYBPM:140.000;
#BPMS:0.000=139.731,4.000=140.018;
#STOPS:;
#BGCHANGES:;

//---------------dance-single - ----------------
#NOTES:
     dance-single:
     :
     Beginner:
     1:
     0.167,0.221,0.198,0.000,0.000:
0000
0000
0000
0000
,
0000
0000
0000
0000
,
0000
0000
0000
0000
,
0000
0000
0000
0000
,
0000
0000
0000
0000
,
1000
0000
0000
0000
,
0001
0000
0000
0000
,
1000
0000
0000
0000
,
0001
0000
0000
0000
,
0010
0000
0000
0000
,
0100
0000
0000
0000
,
0110
0000
0000
0000
,
1001
0000
0000
0000
,
1000
1000
0000
0000
,
0001
0001
0000
0000
,
1000
1000
0000
0000
,
0001
0001
0000
0000
,
0010
0010
0000
0000
,
0100
0100
0000
0000
,
0110
0110
0000
0000
,
1001
1001
0000
0000
,
1000
0000
1000
0000
,
1000
0000
1000
0000
,
0001
0000
0001
0000
,
0001
0000
0001
0000
,
0010
0000
0000
0000
,
0100
0000
0000
0000
,
1001
0000
1001
0000
,
1001
0000
1001
0000
,
0010
0010
0010
0000
,
0100
0100
0100
0000
,
0010
0010
0010
0000
,
0100
0100
0100
0000
,
0001
0001
0001
0000
,
1000
1000
1000
0000
,
1001
0000
0000
0000
,
1001
1001
1001
0000
,
0001
0000
0000
0000
,
0001
0000
0010
0010
,
0010
0000
0000
0000
,
0010
0000
1000
1000
,
1000
0000
0000
0000
,
1000
0000
0100
0100
,
0100
0000
0000
0000
,
0100
0000
0001
0001
,
0001
0000
0001
0000
,
0010
0000
0010
0000
,
1000
0000
1000
0000
,
0100
0000
0100
0000
,
0001
0000
1001
0000
,
0010
0000
0110
0000
,
1000
0000
1001
0000
,
0100
0000
0110
0000
,
1001
0000
0000
0000
,
0000
0000
0000
0000
;

//---------------dance-single - ----------------
#NOTES:
     dance-single:
     :
     Easy:
     3:
     0.234,0.364,0.188,0.333,0.000:
0000
0000
0000
0000
,
0000
0000
0000
0000
,
0000
0000
0000
0000
,
0000
0000
0000
0000
,
0000
0000
0000
0000
,
0010
0000
0000
1000
,
0001
0000
0000
1000
,
0100
0000
0000
0000
,
0010
0000
0001
0100
,
0001
0000
0000
1000
,
0010
0000
0000
1000
,
0002
0000
0000
0003
,
0100
0000
0010
1000
,
0010
0000
0000
0100
,
0010
0000
1000
0001
,
2000
0000
0000
3000
,
0001
0000
0010
0100
,
0010
0000
0000
0001
,
1000
0000
0000
0000
,
2002
0000
0000
3003
,
2002
0000
3003
0010
,
0200
0000
0000
0301
,
2000
0000
0000
3010
,
0200
0000
0000
0300
,
0020
0000
0030
0100
,
0002
0000
0000
0103
,
0020
0000
0000
1030
,
0200
0000
0000
0300
,
2000
0000
3000
0010
,
2200
0000
3300
0010
,
0202
0000
0303
0010
,
2020
0000
0000
3030
,
0022
0000
0033
1000
,
0220
0000
0330
0001
,
0220
0000
0330
0010
,
1100
0000
0011
0000
,
0101
0000
1010
0000
,
0001
0000
0001
0000
,
1000
0000
0001
0001
,
1000
0000
1000
0000
,
0001
0000
1000
1000
,
0010
0000
1000
1000
,
0001
0000
0100
0100
,
0001
0000
1000
0000
,
0010
0000
1000
0100
,
1000
0000
0001
0001
,
1000
0000
0010
0010
,
1001
0000
1001
0000
,
0010
0000
0100
0100
,
0001
1000
0001
1000
,
0001
1000
0001
1000
,
2002
3003
2002
3003
,
0010
0001
1000
1001
,
0220
0000
0000
0330
,
0000
0000
0000
0000
;

//---------------dance-single - ----------------
#NOTES:
     dance-single:
     :
     Medium:
     5:
     0.426,0.504,0.615,0.375,0.000:
0000
0000
0000
0000
,
0000
0000
0000
0000
,
0000
0000
0000
0000
,
0000
0000
0000
0000
,
0000
0000
0000
0000
,
0001
0001
0000
1100
,
1000
1000
0000
0101
,
0010
0010
0000
1001
,
0010
0001
1000
0100
,
1000
1000
0000
0011
,
0001
0001
0000
1010
,
0100
0100
0000
1001
,
0001
0010
0100
1000
,
0011
1001
0000
0101
,
1010
1001
0000
1100
,
0110
0110
0000
1001
,
0011
1100
1010
0101
,
0110
2002
3003
0110
,
1001
0220
0330
1001
,
1010
0022
0033
1001
,
0110
0000
1001
0000
0110
0000
0010
0001
,
0200
0000
0000
0000
0300
0000
0010
1000
,
0200
0000
0000
0000
0300
0000
1000
0001
,
2002
0000
0000
0000
,
0000
0000
0000
0000
3003
0000
0010
1000
,
0200
0000
0000
0000
0300
0000
0010
0001
,
0200
0000
0000
0000
0300
0000
0001
1000
,
2200
0000
3300
0022
0000
0033
0202
0000
,
0303
2020
0000
3030
1001
0000
0100
0001
,
0020
0000
0000
0000
0030
0000
0100
0001
,
0020
0000
0000
0000
0030
0000
0100
0010
,
0220
0000
0000
0000
,
0000
0000
0000
0000
0330
0000
0100
0001
,
2000
0000
0000
0000
3000
0000
0001
0010
,
0200
0000
0000
0000
0300
0000
1000
0001
,
0022
0000
0033
0202
0000
0303
2200
0000
,
3300
2020
0000
3030
0110
0000
1001
0000
,
0010
0001
0010
0000
0010
1000
0010
0000
,
0010
0100
0010
0000
1001
0000
1001
0000
,
0010
1000
0010
0000
0010
0001
0010
0000
,
0010
0100
0010
0000
1001
0000
1001
0000
,
0100
0001
0100
0000
0100
1000
0100
0000
,
0100
0010
0100
0000
1001
0000
1001
0000
,
0100
1000
0100
0000
0100
0001
0100
0000
,
0100
0010
0100
0000
1001
0000
1001
0000
,
0010
1000
0100
0000
0010
0001
0100
0000
,
0010
1000
0100
0000
0010
0001
0100
0000
,
0100
0001
0010
0000
0100
1000
0010
0000
,
0100
0001
0010
0000
0100
1000
0010
0000
,
0100
0001
1010
0000
1000
0010
0101
0000
,
0010
1000
1100
0000
0010
0001
0101
0000
,
1000
0001
0110
0000
0100
0010
1001
0000
,
0010
1000
0100
0010
0001
0100
0010
1000
,
2002
0000
0000
3003
,
0000
0000
0000
0000
;

//---------------dance-single - ----------------
#NOTES:
     dance-single:
     :
     Hard:
     9:
     0.747,0.644,0.021,0.021,0.984:
0000
0000
0000
0000
,
0000
0000
0000
0000
,
0000
0000
0000
0000
,
0000
0000
0000
0000
,
0000
0000
0000
0000
,
1000
0100
0000
0100
1000
0000
1000
0001
0000
0001
1000
0000
0010
0000
0010
0000
,
0010
1000
0000
1000
0001
0000
0001
0100
0000
0100
0010
0000
1000
0000
1000
0000
,
1000
0100
0000
0100
1000
0000
1000
0001
0000
0001
1000
0000
0010
0000
0010
0000
,
0010
1000
0000
1000
0001
0000
0001
0100
0000
0100
0010
0000
1000
0000
1000
0000
,
0001
0100
0000
0100
0001
0000
0001
1000
0000
1000
0001
0000
0010
0000
0010
0000
,
0010
0001
0000
0001
1000
0000
1000
0100
0000
0100
0010
0000
0001
0000
0001
0000
,
0001
0100
0000
0100
0001
0000
0001
1000
0000
1000
0001
0000
0010
0000
0010
0000
,
0010
0001
0000
0001
1000
0000
1000
0100
0000
0100
0010
0000
0001
0000
0001
0000
,
1000
0001
0000
0001
0100
0000
0100
0010
0000
0010
1000
0000
0001
0000
0001
0000
,
0001
1000
0000
1000
0100
0000
0100
0010
0000
0010
0001
0000
1000
0001
1000
0000
,
0010
0100
0000
0100
0001
0000
0001
1000
0000
1000
0010
0000
0100
0000
0100
0000
,
0100
0010
0000
0010
1000
0000
1000
0001
0000
0001
0100
0000
0010
0100
0010
0000
,
1000
0001
0000
0001
0100
0000
0100
0010
0000
0010
1000
0000
0001
0000
0001
0000
,
0001
1000
0000
1000
0100
0000
0100
0010
0000
0010
0001
0000
1000
0001
1000
0000
,
0010
0100
0000
0100
0001
0000
0001
1000
0000
1000
0010
0000
0100
0000
0100
0000
,
0100
0010
0000
0010
1000
0000
1000
0001
0000
0001
0100
0000
0010
0100
0010
0000
,
1000
0100
1000
0000
0001
0000
1000
0100
1000
0000
0001
0000
1000
0000
1000
0000
,
0001
0100
0000
0100
0001
0000
0001
0010
0000
0010
0001
0000
1000
0000
1000
0000
,
0001
0010
0001
0000
1000
0000
0001
0010
0001
0000
1000
0000
0001
0000
0001
0000
,
1000
0010
0000
0010
1000
0000
1000
0100
0000
0100
1000
0000
0001
0000
0001
0000
,
1000
0100
1000
0000
0001
0000
1000
0100
1000
0000
0001
0000
1000
0000
1000
0000
,
0001
0100
0000
0100
0001
0000
0001
0010
0000
0010
0001
0000
1000
0000
1000
0000
,
0001
0010
0001
0000
1000
0000
0001
0010
0001
0000
1000
0000
0001
0000
0001
0000
,
1000
0010
0000
0010
1000
0000
1000
0100
0000
0100
1000
0000
0001
0000
0001
0000
,
1000
0001
1000
0000
0100
0000
1000
0001
1000
0000
0010
0000
1000
0001
1000
0000
,
0001
0100
0000
0100
0001
0000
0001
1000
0000
1000
0100
0000
0010
0000
0010
0000
,
0001
1000
0001
0000
0100
0000
0001
1000
0001
0000
0010
0000
0001
1000
0001
0000
,
1000
0100
0000
0100
1000
0000
1000
0001
0000
0001
0100
0000
0010
0000
0010
0000
,
1000
0001
1000
0000
0010
0000
1000
0001
1000
0000
0100
0000
1000
0001
1000
0000
,
0001
0010
0000
0010
0001
0000
0001
1000
0000
1000
0010
0000
0100
0000
0100
0000
,
0001
1000
0001
0000
0010
0000
0001
1000
0001
0000
0100
0000
0001
1000
0001
0000
,
1000
0010
0000
0010
1000
0000
1000
0001
0000
0001
0010
0000
0100
0000
0100
0000
,
0000
0010
0000
0010
0100
0000
0100
0000
1000
0001
0000
0001
1000
0000
0001
0000
,
0100
0001
0000
0001
1000
0000
0001
0000
1000
0100
1000
0000
1000
0100
1000
0000
,
0000
0010
0000
0010
0100
0000
0100
0000
0001
1000
0000
1000
0001
0000
1000
0000
,
0100
1000
0000
1000
0001
0000
1000
0000
0001
0100
0001
0000
0001
0100
0001
0000
,
0000
0100
0000
0100
0010
0000
0010
0000
1000
0001
0000
0001
1000
0000
0001
0000
,
0010
0001
0000
0001
1000
0000
0001
0000
1000
0010
1000
0000
1000
0010
1000
0000
,
0000
0100
0000
0100
0010
0000
0010
0000
0001
1000
0000
1000
0001
0000
1000
0000
,
0010
1000
0000
1000
0001
0000
1000
0000
0001
0010
0001
0000
0001
0010
0001
0000
,
1000
0001
0000
1000
0001
0000
0100
0000
0001
1000
0000
0001
1000
0000
0100
0000
,
1000
0001
0000
0001
1000
0000
0010
0000
1000
0100
1000
0000
0001
0100
0001
0100
,
0001
1000
0000
0001
1000
0000
0100
0000
1000
0001
0000
1000
0001
0000
0100
0000
,
0001
1000
0000
1000
0001
0000
0010
0000
0001
0100
0001
0000
1000
0100
1000
0100
,
1000
0001
0000
1000
0001
0000
0010
0000
0001
1000
0000
0001
1000
0000
0010
0000
,
1000
0001
0000
0001
1000
0000
0100
0000
1000
0010
1000
0000
0001
0010
0001
0010
,
0001
1000
0000
0001
1000
0000
0010
0000
1000
0001
0000
1000
0001
0000
0010
0000
,
0001
1000
0000
1000
0001
0000
1001
0000
0001
0010
0001
0010
0100
1000
0100
1000
,
2002
0000
0000
3003
,
0000
0000
0000
0000
;

//---------------dance-double - ----------------
#NOTES:
     dance-double:
     :
     Easy:
     2:
     0.170,0.224,0.219,0.052,0.000:
00000000
00000000
00000000
00000000
,
00000000
00000000
00000000
00000000
,
00000000
00000000
00000000
00000000
,
00000000
00000000
00000000
00000000
,
00000000
00000000
00000000
00000000
,
00100000
00000000
00000000
10000000
,
00010000
00000000
00000000
10000000
,
01000000
00000000
00000000
00000000
,
00010000
00000000
00001000
00000010
,
00000001
00000000
00000000
00000100
,
00000001
00000000
00000000
00001000
,
00000010
00000000
00000000
00000000
,
00000000
00000000
00000001
00000010
,
00000100
00000000
00000000
00001000
,
01000000
00000000
10000000
00100000
,
01000000
00000000
00000000
00000000
,
00010000
00000000
10000000
00010000
,
01000000
00000000
00000000
00001000
,
00010000
00000000
00000100
00001000
,
00000001
00000000
00000000
00000000
,
00001000
00000000
00000000
00000010
,
00000100
00000000
00000000
00000010
,
00001000
00000000
00000000
00001000
,
02000000
00000000
00000000
00000000
,
00000000
00000000
03000000
00100000
,
10000000
00000000
00000000
00100000
,
01000000
00000000
00000000
00001000
,
00020000
00000000
00000000
00030000
,
00002000
00000000
00003000
00000000
,
00000011
00000000
00000000
00000000
,
00000101
00000000
00000000
00000000
,
00001010
00000000
00000000
00000000
,
00000001
00000000
00000001
00000000
,
00001100
00000000
00000000
00000000
,
00011000
00000000
00000000
00000000
,
00001000
00000000
00010000
00000000
,
00001000
00000000
01000000
00000000
,
10100000
00000000
00110000
00000000
,
10010000
00000000
00000000
00000000
,
00000011
00000000
00001010
00000000
,
00001001
00000000
00000000
00000000
,
01010000
00000000
11000000
00000000
,
10010000
00000000
00000000
00000000
,
00001100
00000000
00000101
00000000
,
00001001
00000000
00000000
00000000
,
00100000
00100000
10010000
00000000
,
01000000
01000000
10010000
00000000
,
00001000
00000000
00010000
00000000
,
00000010
00000010
00001001
00000000
,
00000001
00000000
00000100
00000000
,
00001000
00000000
00010000
00000000
,
00100000
00000000
10000000
00000000
,
00010000
00000000
10000000
01000000
,
00022000
00000000
00000000
00033000
,
00000000
00000000
00000000
00000000
;

//---------------dance-double - ----------------
#NOTES:
     dance-double:
     :
     Medium:
     6:
     0.347,0.448,0.229,0.083,0.000:
00000000
00000000
00000000
00000000
,
00000000
00000000
00000000
00000000
,
00000000
00000000
00000000
00000000
,
00000000
00000000
00000000
00000000
,
00000000
00000000
00000000
00000000
,
00000010
00000001
00000000
00001100
,
00000010
00001000
00000000
00000101
,
00000010
00000001
00000100
00001000
,
00010000
00100000
10000000
01000000
,
00100000
00010000
00000000
11000000
,
00100000
10000000
00000000
01010000
,
00100000
10000000
01000000
00010000
,
00001000
00000010
00000001
00000100
,
00000010
00001000
00000001
00000110
,
00000001
00000010
00000100
00001001
,
00000001
00000100
00001000
00010000
,
00100000
10000000
00100000
10000000
,
00100000
10000000
00010000
01100000
,
10000000
01000000
00100000
10010000
,
10000000
01000000
00010000
00001000
,
00000010
00000000
00000001
00000000
00000001
00000000
00000100
00001000
,
00010000
00000000
00000000
00000000
00000000
00000000
00100000
10000000
,
01000000
00000000
00000000
00000000
00000000
00000000
00010000
00001000
,
00000010
00000001
00001000
00000001
,
00000100
00000000
00000001
00000000
00001000
00000000
00000001
00000100
,
00001000
00000000
00000000
00000000
00000000
00000000
00010000
00100000
,
10000000
00000000
00000000
00000000
00000000
00000000
01000000
00010000
,
00001000
00000000
00000000
00100000
00000000
00000000
01000000
00000000
,
00000000
10000000
00000000
00000000
00010000
00000000
10000000
01000000
,
00010000
00000000
00000000
00000000
00000000
00000000
00001000
00010000
,
00100000
00000000
00000000
01000000
,
00100000
10000000
00010000
01000000
,
00010000
00000000
10000000
00000000
00010000
00000000
10000000
00010000
,
02000000
00000000
00000000
00000000
00000000
00000000
03001000
00010000
,
00002000
00000000
00000000
00000000
00000000
00000000
00003010
00000001
,
00000200
00000000
00000000
00002300
00000000
00000000
00023000
00000000
,
00000000
00230000
00000000
00000000
10300000
00000000
01010000
00000000
,
00100000
10000000
00100000
00000000
10000000
01000000
10000000
00000000
,
01000000
00010000
01000000
00000000
00010000
00001000
00010000
00000000
,
00001000
00000010
00001000
00000000
00000010
00000001
00000010
00000000
,
00000001
00000100
00000001
00000000
00001001
00000000
00001001
00000000
,
00000010
00000001
00000100
00000000
00000001
00000100
00001000
00000000
,
00000100
00001000
00010000
00000000
00001000
00010000
00100000
00000000
,
00010000
00100000
10000000
00000000
00100000
10000000
01000000
00000000
,
10000000
01000000
00010000
00000000
01100000
00000000
00000000
00000000
,
00100000
10000000
01000000
00000000
01000000
00010000
00001000
00000000
,
00001000
00000010
00000001
00000000
00000001
00000100
00001000
00000000
,
00001000
00010000
00100000
00000000
00100000
10000000
01000000
00000000
,
01000000
00010000
00001000
00000000
00001001
00000000
00000000
00000000
,
00000010
00000001
00000100
00000000
00001000
00010000
00100000
00000000
,
10000000
01000000
00010000
00000000
00001000
00000010
00000001
00000000
,
00001100
00000011
00000101
00001010
,
00011000
01010000
11000000
01100000
,
20020000
00000000
00000000
30030000
,
00000000
00000000
00000000
00000000
;

//---------------dance-double - ----------------
#NOTES:
     dance-double:
     :
     Hard:
     9:
     0.586,0.532,0.094,0.021,0.396:
00000000
00000000
00000000
00000000
,
00000000
00000000
00000000
00000000
,
00000000
00000000
00000000
00000000
,
00000000
00000000
00000000
00000000
,
00000000
00000000
00000000
00000000
,
00000010
00000100
00001000
00000001
00000100
00001000
00010000
00000100
,
00010000
00100000
10000000
01000000
00100000
00010000
10000000
00100000
,
10000000
01000000
00010000
00001000
01000000
00001000
00000010
00000001
,
00000100
00000010
00001000
00000100
00000010
00000001
00000100
00000010
,
00001000
00000100
00010000
00100000
10000000
01000000
00100000
00010000
,
10000000
01000000
00010000
00001000
00000010
00000001
00000100
00000001
,
00001000
00000100
00010000
00100000
10000000
01000000
00100000
00010000
,
01000000
00001000
00010000
00000100
00000010
00000001
00001000
00000100
,
00000010
00000100
00001000
00000001
00000100
00001000
00010000
00000100
,
00010000
00100000
10000000
01000000
00100000
00010000
10000000
00100000
,
10000000
01000000
00010000
00001000
01000000
00001000
00000010
00000001
,
00000100
00000010
00001000
00000100
00000010
00000001
00000100
00000010
,
00001000
00000100
00010000
00100000
10000000
01000000
00100000
00010000
,
10000000
01000000
00010000
00001000
00000010
00000001
00000100
00000001
,
00001000
00000100
00010000
00100000
10000000
01000000
00100000
00010000
,
01000000
00001000
00010000
00000100
00000010
00000001
00001000
00000100
,
00000010
00000001
00000000
00000000
00000001
00000100
00000000
00000000
00000100
00001000
00000000
00000000
00001000
00010000
00000000
00000000
,
00010000
00100000
00000000
00000000
00100000
10000000
00000000
00000000
10000000
01000000
00000000
00000000
01000000
10000000
00000000
00000000
,
10000000
01000000
00000000
00000000
01000000
00010000
00000000
00000000
00010000
00001000
00000000
00000000
00001000
00000010
00000000
00000000
,
00000010
00000001
00000000
00000000
00000001
00000100
00000000
00000000
00000100
00000010
00000000
00000000
00001000
00000001
00000000
00000000
,
00000010
00000001
00000000
00000000
00000001
00000100
00000000
00000000
00000100
00001000
00000000
00000000
00001000
00010000
00000000
00000000
,
00010000
00100000
00000000
00000000
00100000
10000000
00000000
00000000
10000000
01000000
00000000
00000000
01000000
10000000
00000000
00000000
,
10000000
01000000
00000000
00000000
01000000
00010000
00000000
00000000
00010000
00001000
00000000
00000000
00001000
00000010
00000000
00000000
,
00000010
00000001
00000000
00000000
00000001
00000100
00000000
00000000
00000100
00000010
00000000
00000000
00001000
00000001
00000000
00000000
,
00000010
00000001
00000010
00000000
00000100
00000000
00000000
00000000
00001000
00000100
00001000
00000000
00000010
00000000
00000000
00000000
,
00001000
00000001
00001000
00000000
00000010
00000000
00000000
00000000
00000100
00000001
00001000
00000000
00000100
00000000
00000000
00000000
,
00000010
00000001
00001000
00000100
00000010
00000001
00000100
00001000
,
00010000
00100000
10000000
01000000
00100000
00010000
10000000
01000000
,
00100000
00010000
00100000
00000000
11000000
00000000
00000000
00000000
10000000
01000000
10000000
00000000
01010000
00000000
00000000
00000000
,
00010000
01000000
00010000
00000000
10100000
00000000
00000000
00000000
00100000
10000000
00100000
00000000
01010000
00000000
00000000
00000000
,
00100000
01000000
00010000
10000000
00100000
10000000
01000000
00010000
,
00001000
00000010
00000001
00000100
00000010
00001000
00000001
00000100
,
00000001
00000100
00000000
00000100
00000001
00000000
00000000
00000000
00000010
00001000
00000000
00001000
00000010
00000000
00000000
00000000
,
00010000
00001000
00000000
00001000
00010000
00000000
00000000
00000000
00010000
00001000
00010000
00000000
00011000
00000000
00000000
00000000
,
00100000
10000000
00000000
10000000
00100000
00000000
00000000
00000000
00010000
01000000
00000000
01000000
00010000
00000000
00000000
00000000
,
00001000
00010000
00000000
00010000
00001000
00000000
00000000
00000000
00001000
00010000
00001000
00000000
00011000
00000000
00000000
00000000
,
00100000
10000000
00000000
00000000
01000000
00010000
00000000
00000000
00001000
00000010
00000000
00000000
00000001
00000100
00000000
00000000
,
00001000
00010000
00000000
00000000
00100000
10000000
00000000
00000000
01000000
00010000
00000000
00000000
00001000
00000010
00000000
00000000
,
00000001
00001000
00000010
00000100
00001000
01000000
00100000
10000000
,
00010000
00100000
01000000
00010000
00000100
00000010
00000001
00001000
,
00000001
00000100
00000000
00000010
00000000
00000000
00001000
00000000
00000100
00001000
00000000
00000001
00000010
00000000
00000000
00000000
,
00000001
00001000
00000100
00000010
00000001
00000100
00001000
00100000
,
00010000
01000000
00000000
00100000
00000000
00000000
10000000
00000000
01000000
10000000
00000000
00010000
00100000
00000000
00000000
00000000
,
00010000
01000000
00100000
10000000
01000000
00010000
00001000
00000010
,
00000001
00000100
00000000
00000100
00000001
00000000
00000000
00000000
00001000
00000100
00000000
00000100
00001000
00000000
00000000
00000000
,
00000001
00001000
00000100
00000010
00000001
00000100
00001000
00100000
,
01000000
10000000
00000000
10000000
01000000
00000000
00000000
00000000
00110000
00000000
00000000
00000000
11000000
00000000
00000000
00000000
,
10000000
01000000
00010000
00001000
00000010
00000001
00000100
00001000
,
20020000
00000000
00000000
30030000
,
00000000
00000000
00000000
00000000
;
