#TITLE:SO MANY MEN;
#SUBTITLE:;
#ARTIST:ME & MY;
#TITLETRANSLIT:;
#SUBTITLETRANSLIT:;
#ARTISTTRANSLIT:;
#CREDIT:;
#BANNER:SO MANY MEN.png;
#BACKGROUND:SO MANY MEN-bg.png;
#LYRICSPATH:;
#CDTITLE:./CDTITLES/ZIPMANIA II.PNG;
#MUSIC:SO MANY MEN.ogg;
#OFFSET:0.000;
#SAMPLESTART:48.356;
#SAMPLELENGTH:15.000;
#SELECTABLE:YES;
#DISPLAYBPM:120.000;
#BPMS:0.000=120.358,96.000=120.244,100.000=110.321,101.000=120.389,148.000=120.248,156.000=121.732;
#STOPS:;
#BGCHANGES:;

//---------------dance-single - ----------------
#NOTES:
     dance-single:
     :
     Beginner:
     1:
     0.089,0.139,0.057,0.000,0.000:
0000
0000
0000
0000
,
0000
0000
0000
0000
,
0000
0000
0000
0000
,
0000
0000
0000
0000
,
0000
0000
0000
0000
,
0000
0100
0000
0100
,
0000
0001
0000
0001
,
0000
1000
0000
1000
,
0000
0010
0000
0010
,
0010
0000
0000
0000
,
1000
0000
0000
0000
,
0001
0000
0000
0000
,
1000
0000
0000
0000
,
0001
0001
0000
0000
,
1000
1000
0000
0000
,
0010
0000
0100
0000
,
0010
0000
0100
0000
,
0001
0000
0000
0000
,
1000
0000
0000
0000
,
0001
0000
0000
0000
,
1000
0000
0000
0000
,
0100
0000
0000
0000
,
0001
0000
0000
0000
,
1000
1000
1000
1000
,
1000
0000
0000
0000
,
1001
0000
0000
0000
,
0001
0000
0000
0000
,
1000
0000
0000
0000
,
0010
0000
0000
0000
,
1001
0000
0000
0000
,
0010
0000
0000
0000
,
1000
0000
0000
0000
,
0100
0000
0000
0000
,
1001
0000
0000
0000
,
0010
0000
0000
0000
,
1000
0000
0000
0000
,
0001
0000
0000
0000
,
1001
0000
0000
0000
,
0010
0000
0000
0000
,
1000
1000
0000
0000
,
0001
0001
0000
0000
,
0110
0000
0000
0000
;

//---------------dance-single - ----------------
#NOTES:
     dance-single:
     :
     Easy:
     3:
     0.204,0.209,0.136,0.000,0.000:
0000
0000
0000
0000
,
0000
0000
0000
0000
,
0000
0000
0000
0000
,
0000
0000
0000
0000
,
0000
0010
0001
1000
,
1001
0000
1000
0100
,
0001
0100
1000
0100
,
0001
0100
1000
0100
,
0001
0100
1000
0001
,
1001
0000
0001
0000
,
0000
0000
1000
0000
,
0000
0000
0001
0000
,
0000
0000
1000
0000
,
0001
0000
1000
0000
,
1000
0000
0001
0000
,
0001
0001
1000
1000
,
0000
0000
1000
0001
,
1001
0001
0100
0100
,
1000
1000
0010
0010
,
0001
0001
0100
0100
,
1000
1000
0010
0010
,
0001
0000
0100
0000
,
1000
0000
0100
0000
,
0100
0010
0001
0001
,
0010
0100
1000
0001
,
1001
0000
0000
0100
,
0110
1000
0100
0001
,
0100
0000
1000
0001
,
0100
0010
1000
0001
,
1001
0000
0000
0010
,
0110
0001
0100
1000
,
0100
0000
1000
0001
,
0100
0010
1000
0001
,
1001
0000
0000
0010
,
0110
0010
0100
1000
,
0001
0000
1000
0001
,
0100
0010
1000
0001
,
1001
0000
0000
0010
,
0110
0010
0100
1000
,
0001
0000
1000
0001
,
0100
0010
0001
1000
,
1001
0000
0000
0000
;

//---------------dance-single - ----------------
#NOTES:
     dance-single:
     :
     Medium:
     5:
     0.263,0.278,0.158,0.000,0.000:
0000
0000
0000
0000
,
0000
0000
0000
0000
,
0000
0000
0000
0000
,
0000
0000
0000
0000
,
0000
0010
0001
1000
,
1001
0000
0000
0000
1000
0000
1000
0100
,
0001
0000
0100
0000
0001
0000
0001
0100
,
1000
0000
0100
0000
1000
0000
1000
0100
,
0001
0100
1000
0001
,
1001
0001
0000
0001
,
0000
1000
0000
1000
,
0000
0001
0000
0001
,
0000
1000
0000
1000
,
0001
0010
0001
0000
0100
0000
0000
0000
,
1000
0100
1000
0000
0010
0000
0000
0000
,
0001
0100
1000
0000
1000
0100
0001
0000
,
0000
0000
1000
0001
,
1001
0001
0100
0100
,
1000
1000
0010
0010
,
0001
0010
0001
0000
0100
0001
0100
0000
,
1000
0100
1000
0000
0010
1000
0010
0000
,
1000
0100
0001
0000
0101
0000
0000
0000
,
0001
0100
1000
0000
1100
0000
0000
0000
,
0100
0010
0001
0001
,
0010
0100
1000
0001
,
1001
0000
0000
0000
0000
0010
0100
0010
,
0110
0000
0100
0000
1000
0000
1000
0100
,
0001
0000
0000
0000
1000
0100
0001
0000
,
0100
0010
1000
0001
,
1001
0000
0000
0000
0000
0100
0010
0100
,
0110
0000
0100
0000
0001
0000
0001
0100
,
1000
0000
0000
0000
0001
0100
1000
0000
,
0100
0010
0001
1000
,
1001
0000
0000
0000
0000
0010
0100
0010
,
0110
0010
0100
0001
,
1000
0000
0000
0000
1000
0100
0001
0000
,
0100
0010
1000
0001
,
1001
0000
0000
0000
0000
0100
0010
0100
,
0110
0010
0100
1000
,
0001
0000
0000
0000
0001
0100
1000
0000
,
0100
0010
0001
1000
,
1001
0000
0000
0000
;

//---------------dance-single - ----------------
#NOTES:
     dance-single:
     :
     Hard:
     6:
     0.347,0.394,0.249,0.000,0.000:
0000
0000
0000
0000
,
0000
0000
0000
0000
,
0000
0000
0000
0000
,
0000
0000
0000
0000
,
0000
0010
0011
1100
,
1001
0000
0001
0100
1000
0000
1000
0100
,
0001
0000
0001
0100
1000
0000
1000
0100
,
0001
0000
0001
0100
1000
0000
1000
0100
,
0001
0100
1100
0011
,
1001
0100
0001
0100
,
1000
0100
0001
0100
,
0001
0000
0100
0000
0010
1000
0100
0000
,
1000
0000
0100
0000
0010
0001
0100
0000
,
0001
0010
0001
0010
0100
0000
0000
0000
,
1000
0100
1000
0100
0010
0000
0000
0000
,
0001
0100
1000
0000
1000
0100
0001
0000
,
0000
0000
1000
0001
,
1001
0001
0100
0100
,
1000
1000
0010
0010
,
0001
0010
0001
0010
0100
0001
0100
0001
,
1000
0000
0000
0010
,
1000
0100
0001
0100
0101
0000
0010
0000
,
0001
0100
1000
0100
1100
0000
0100
1000
,
1000
0100
0010
0001
0001
0010
0100
1000
,
1000
0000
0010
0001
0100
0010
1000
0000
,
1001
0000
0000
0000
0000
0010
0100
0010
,
0110
0000
0001
0100
1000
0000
1000
0100
,
0001
0000
0000
0000
1000
0100
0001
0100
,
0101
0000
0010
1000
0100
0010
0001
0000
,
1001
0000
0000
0000
0000
0100
0010
0100
,
0110
0000
1000
0100
0001
0000
0001
0100
,
1000
0000
0000
0000
0001
0100
1000
0100
,
1100
0000
0010
0001
0100
0010
1000
0000
,
1001
0000
0000
0000
0000
0010
0100
0010
,
0110
0000
0010
0010
0100
0100
0001
0001
,
1000
0000
0000
0000
1000
0100
0001
0100
,
0101
0000
0010
1000
0100
0010
0001
0000
,
1001
0000
0000
0000
0000
0100
0010
0100
,
0110
0000
0010
0010
0100
0100
1000
1000
,
0001
0000
0000
0000
0001
0100
1000
0100
,
1100
0000
0100
0010
0001
0100
1000
0000
,
1001
0000
0000
0000
;

//---------------dance-double - ----------------
#NOTES:
     dance-double:
     :
     Easy:
     3:
     0.194,0.232,0.068,0.000,0.000:
00000000
00000000
00000000
00000000
,
00000000
00000000
00000000
00000000
,
00000000
00000000
00000000
00000000
,
00000000
00000000
00000000
00000000
,
00000000
00000000
00000000
00000000
,
00000000
00000000
00000000
01000000
,
00000000
00010000
00000000
01000000
,
00000000
10000000
00000000
00100000
,
00000000
00010000
00000000
00001000
,
00000000
00000100
00000000
00000001
,
00000000
00000100
00000000
00001000
,
00000000
00000010
00000000
00000100
,
00000000
00000001
00000100
00001000
,
00000000
00010000
00000000
01000000
,
00000000
10000000
00000000
00010000
,
01000000
10000000
00100000
00010000
,
00001000
00010000
00100000
10000000
,
00000000
01000000
00000000
00100000
,
00000000
01000000
00000000
00010000
,
00000000
00001000
00000000
01000000
,
00000000
10000000
01000000
00010000
,
00000000
00001000
00000000
00000010
,
00000000
00001000
00000000
00010000
,
00000100
00000001
00000100
00001000
,
00010000
01000000
00100000
00100000
,
10010000
01000000
00010000
00001000
,
00000100
00000100
00000010
00000001
,
00001000
00000100
00000010
00000001
,
00001000
00000100
00000100
00000100
,
00001001
00000100
00001000
00010000
,
01000000
01000000
00100000
10000000
,
00010000
01000000
00100000
10000000
,
00010000
01000000
01000000
01000000
,
01100000
00010000
00001000
00000100
,
00010000
00000100
00000001
00000001
,
00000110
00001000
00000100
00000001
,
00001000
00000100
00000100
00000100
,
00000110
00001000
00010000
01000000
,
00001000
01000000
00100000
00100000
,
01100000
00010000
01000000
10000000
,
00010000
01000000
01000000
10000000
,
01000000
00000000
00000000
00000000
;

//---------------dance-double - ----------------
#NOTES:
     dance-double:
     :
     Medium:
     4:
     0.234,0.255,0.068,0.000,0.000:
00000000
00000000
00000000
00000000
,
00000000
00000000
00000000
00000000
,
00000000
00000000
00000000
00000000
,
00000000
00000000
00000000
00000000
,
00000000
00000000
00000000
00000000
,
00000000
10000000
00010000
01000000
,
00000000
00010000
10000000
01000000
,
00000000
00100000
00010000
00001000
,
00000000
00000010
00001000
00000100
,
00000000
00000001
00000100
00001000
,
00000000
00001000
00000100
00000001
,
00000100
00001000
01000000
10000000
,
01000000
00010000
00001000
00000100
,
00000001
00000100
00001000
00000100
,
00001000
00000100
00000001
00000100
,
00000010
00000001
00000100
00001000
,
00010000
01000000
00010000
00001000
,
00000100
00010000
00000100
00010000
,
01000000
00001000
01000000
00001000
,
00000100
00010000
01000000
10000000
,
00010000
10000000
00010000
01000000
,
10000000
00100000
00010000
00001000
,
00000100
00010000
00100000
00001000
,
00000100
00000100
00010000
00000100
,
00000001
00000001
00001000
00001000
,
00000101
00000010
00000100
00001000
,
00000001
00000010
00001000
00010000
,
00100000
00010000
00001000
00000100
,
00010000
01000000
10000000
10000000
,
00110000
10000000
01000000
00010000
,
01000000
10000000
01000000
01000000
,
00010000
00001000
01000000
00001000
,
01000000
10000000
00100000
01000000
,
10100000
00010000
00001000
00000100
,
00000101
00001000
00010000
00100000
,
10000000
00100000
00010000
00100000
,
10000000
01000000
00010000
00100000
,
11000000
00010000
00001000
00000010
,
00000011
00001000
00010000
01000000
,
00001000
00000100
00010000
00000100
,
00010000
00000100
00000001
00000010
,
00000100
00000000
00000000
00000000
;

//---------------dance-double - ----------------
#NOTES:
     dance-double:
     :
     Hard:
     7:
     0.368,0.417,0.091,0.000,0.000:
00000000
00000000
00000000
00000000
,
00000000
00000000
00000000
00000000
,
00000000
00000000
00000000
00000000
,
00000000
00000000
00000000
00000000
,
00000000
00000000
00000000
00000000
,
10000000
01000000
00100000
00010000
,
00001000
00000100
00010000
00000010
,
00010000
01000000
00001000
00100000
,
00001000
00000100
00000010
00000001
,
00001000
00000001
00000100
00000000
00000001
00001000
00000100
00000000
,
00001000
00000001
00000100
00000000
00000001
00001000
00000100
00000000
,
00000010
00000001
00000100
00000001
00000010
00000001
00000100
00001000
,
00010000
01000000
10000000
00100000
10000000
01000000
10000000
00000000
,
00010000
10000000
01000000
00000000
10000000
00010000
01000000
00000000
,
00010000
10000000
01000000
00000000
10000000
00010000
01000000
00000000
,
00100000
10000000
01000000
10000000
00100000
10000000
01000000
00010000
,
00001000
00000100
00000001
00000010
00000001
00000100
00000001
00000000
,
00001000
00010000
10000000
00010000
,
00001000
00000001
00001000
00010000
,
01000000
00001000
00000100
00010000
,
01000000
00001000
00000100
00010000
,
10000000
00001000
00000001
00010000
,
10000000
00001000
00000001
00010000
,
00100000
00001000
00000010
00010000
,
01000000
10000000
00010000
01000000
,
00100000
10000000
01010000
00000000
10000000
00010000
01000000
00000000
,
00100000
00010000
01000000
00000000
01100000
10010000
01100000
00000000
,
00010000
00001000
00010000
00001000
00000100
00001000
00000100
00000001
,
00000100
00000001
00000010
00000001
00000010
00000100
00000010
00000000
,
00000010
00000001
00001100
00000000
00000001
00001000
00000100
00000000
,
00000010
00001000
00000100
00000000
00000110
00001001
00000110
00000000
,
00001000
00010000
00001000
00010000
01000000
00010000
01000000
10000000
,
01000000
10000000
00100000
10000000
00100000
01000000
00100000
00000000
,
00100000
10000000
00010000
01000000
00010000
10000000
00100000
01000000
,
00100000
00100000
10000000
10000000
00010000
00010000
01000000
01000000
,
00100000
00010000
00001000
00010000
01000000
00010000
00001000
00000010
,
00001000
00010000
00001000
00000100
00000001
00000010
00001000
00000000
,
00000010
00000001
00001000
00000100
00001000
00000001
00000010
00000100
,
00000010
00000010
00000001
00000001
00001000
00001000
00000100
00000100
,
00000010
00001000
00010000
00001000
00000100
00001000
00010000
00100000
,
00010000
00001000
00010000
01000000
10000000
00100000
00010000
00100000
,
01000000
00000000
00000000
00000000
;
