#TITLE:SP-TRIP MACHINE~JUNGLE MIX~;
#SUBTITLE:;
#ARTIST:DE-SIRE;
#TITLETRANSLIT:;
#SUBTITLETRANSLIT:;
#ARTISTTRANSLIT:;
#CREDIT:;
#BANNER:SP-TRIP MACHINE~JUNGLE MIX~.png;
#BACKGROUND:SP-TRIP MACHINE~JUNGLE MIX~-bg.png;
#LYRICSPATH:;
#CDTITLE:./CDTITLES/DANCE DANCE REVOLUTION 2NDMIX.PNG;
#MUSIC:SP-TRIP MACHINE~JUNGLE MIX~.ogg;
#OFFSET:0.000;
#SAMPLESTART:13.240;
#SAMPLELENGTH:15.000;
#SELECTABLE:YES;
#DISPLAYBPM:160.000;
#BPMS:0.000=160.285,20.000=160.171;
#STOPS:;
#BGCHANGES:;

//---------------dance-single - ----------------
#NOTES:
     dance-single:
     :
     Beginner:
     4:
     0.148,0.284,0.156,0.000,0.000:
0000
0000
0000
0000
,
0000
0000
0000
0000
,
0000
0000
0000
0000
,
0000
0000
0000
0000
,
0000
0000
0000
0000
,
0000
0000
0000
0000
,
0000
0000
0000
0000
,
0000
0000
0000
0000
,
0000
0000
0000
0000
,
0010
0000
0000
0000
,
0000
1000
0000
1000
,
1000
0000
0000
0000
,
0000
0001
0000
0001
,
0001
0000
0000
0000
,
0000
0100
0000
0100
,
0100
0000
0000
0000
,
0000
0010
0000
0010
,
0010
0000
0000
0000
,
1000
0000
0001
0001
,
0001
0000
0000
0000
,
0100
0000
0010
0010
,
0010
0000
0000
0000
,
1000
0000
1000
1000
,
1000
0000
0000
0000
,
0001
0000
0000
0000
,
0001
0000
0000
0100
,
0100
0000
0000
0000
,
1000
0000
0001
0000
,
1000
0000
0001
0000
,
0100
0000
0000
0100
,
0100
0000
0001
0000
,
1000
0000
1000
0000
,
0010
0000
0000
0000
,
0100
0000
0000
0000
,
0000
0000
0000
0000
,
0100
0000
0000
0000
,
0000
0000
0000
0000
,
1001
1001
0000
0000
,
0000
0000
1001
1001
,
1001
0000
0000
0000
,
0000
0000
0000
0110
,
0110
0000
0000
0000
,
0001
0000
0001
0000
,
1000
0000
1000
0000
,
0010
0000
0010
0000
,
0100
0000
0100
0000
,
0001
0000
0001
0000
,
1001
0000
1001
0000
,
1001
1001
1001
1001
,
0000
0000
0000
0000
,
1000
0000
0001
0001
,
0001
0000
0000
0000
,
0100
0000
0010
0010
,
0010
0000
0000
0000
,
1000
0000
0100
0100
,
0100
0000
0000
0000
,
0010
0000
0000
1001
,
0000
0000
0000
0000
;

//---------------dance-single - ----------------
#NOTES:
     dance-single:
     :
     Easy:
     8:
     0.326,0.413,0.122,0.000,0.000:
0000
0000
0000
0000
,
0000
0000
0000
0000
,
0000
0000
0000
0000
,
0000
0000
0000
0000
,
0000
0000
0000
0000
,
0000
0000
0000
0000
,
0000
0000
0000
0000
,
0000
0000
0000
0000
,
0000
0000
0000
0000
,
0000
0010
0000
0010
,
0000
1000
0100
0001
,
0010
1000
0100
0000
0001
0000
1000
0000
,
0001
0100
0001
0101
,
0000
0010
0000
0010
,
0000
0001
0100
1000
,
0010
0001
0100
0000
1000
0000
0001
0000
,
1000
0100
1000
1100
,
1001
0000
0100
0000
0010
0100
0010
0000
,
1000
0000
0001
0000
0010
0100
0010
0000
,
0010
0000
0001
0000
1000
0010
0001
0000
,
0110
1001
0100
1000
,
0001
0000
0100
0000
,
1000
0000
0010
0100
,
0001
1000
0100
0100
,
0001
0001
0001
0001
,
0001
0010
0000
0000
0000
0000
0001
0100
,
0000
0010
0001
0100
0000
0000
0000
0000
,
0000
0000
0100
0000
0000
0100
0000
0000
,
0010
0001
1000
0010
,
0100
0001
1000
0100
,
0000
0100
1000
0010
1000
0100
0000
0000
,
0000
0000
0100
0000
0000
0100
0000
0000
,
1000
0001
0100
0010
,
0010
0000
0100
0000
0001
1000
0000
0000
,
0000
0010
0000
1000
0100
0000
0101
0000
,
0010
0000
0100
0000
1000
0001
0000
0010
,
0000
1000
0000
0100
1000
0100
0001
0000
,
0010
0000
0100
0000
1000
0001
0000
0000
,
0000
0010
0000
0001
0100
0000
1100
0000
,
0010
0000
0100
0000
0001
1000
0000
0010
,
0000
0001
0000
0100
0001
0100
1000
0000
,
0010
1000
0000
0100
0000
0000
0010
0000
,
0001
1000
0110
1001
,
0010
0001
0100
0001
0000
0100
0010
0000
,
0010
0100
0000
0100
0000
0100
0000
0001
,
1000
0100
0001
1000
,
0110
0001
1000
0100
,
1000
0000
0001
0000
,
1000
0001
0100
0010
,
0100
1000
0000
0010
0001
0000
0000
0000
,
1000
0100
0001
0100
1000
0000
0101
0000
,
0010
0001
0000
0100
1000
0000
0000
0000
,
0010
0100
0000
0100
0000
0100
0000
0001
,
1000
0010
0001
1000
,
0010
0100
0000
0100
0000
0100
0000
0001
,
1000
0010
1000
0001
,
0100
0010
1000
0001
,
0000
0100
0000
0000
0000
0000
0000
0000
,
0000
0000
0000
0000
;

//---------------dance-single - ----------------
#NOTES:
     dance-single:
     :
     Medium:
     9:
     0.370,0.477,0.178,0.000,0.000:
0000
0000
0000
0000
,
0000
0000
0000
0000
,
0000
0000
0000
0000
,
0000
0000
0000
0000
,
0000
0000
0000
0000
,
0000
0000
0000
0000
,
0000
0000
0000
0000
,
0000
0000
0000
0000
,
0000
0000
0000
0000
,
0010
0000
0010
0000
0000
1000
0100
0001
,
0000
1000
0010
0001
,
1000
0010
0001
0000
1000
0000
0100
0000
,
1001
0100
0010
1001
,
0010
0000
0010
0000
0000
0001
0100
1000
,
0000
0001
0010
1000
,
0001
0010
1000
0000
0001
0000
0100
0000
,
1001
0100
0010
1001
,
0001
0000
0010
0000
0100
0010
0001
0000
,
1000
0000
0010
0000
0100
0010
1000
0000
,
0010
0010
0100
0010
0000
0100
0010
0000
,
0011
1100
0101
0110
,
1001
0010
0001
1000
,
1001
1000
0001
0100
,
0001
1000
0100
0100
,
0010
0001
0100
1000
0100
0001
0010
0000
,
0001
0010
1000
0000
0000
0000
0001
0100
,
0000
1000
0001
0100
0000
0000
0000
0000
,
0010
0000
0100
0000
0000
0100
0000
0000
,
1000
0100
0010
1000
,
0001
0100
0010
0001
,
0000
0001
0100
0010
1000
0100
0000
0000
,
0000
0000
0100
0000
0000
0100
0000
0000
,
1000
0100
0010
0001
,
0010
1000
0100
0010
0001
0100
0000
0000
,
0000
0001
0000
1000
0010
0000
0101
0000
,
0010
0001
0100
0010
1000
0100
0000
0001
,
0000
1000
0000
0100
0010
0001
0100
0000
,
0010
0001
0100
0010
1000
0100
0000
0000
,
0000
1000
0000
0001
0010
0000
1100
0000
,
0010
1000
0100
0010
0001
0100
0000
1000
,
0000
0001
0000
0100
0010
1000
0100
0000
,
0001
0100
0000
1000
0000
0000
0001
0000
,
1010
0100
0010
0101
,
1000
0100
0010
0001
0000
0100
1000
0000
,
0010
1000
0000
0100
0000
0001
0000
0010
,
0100
0010
0001
0100
,
0010
1000
0100
0110
,
1000
0000
0001
0000
,
1000
0001
0100
0010
,
1000
0100
0000
0001
0100
0000
0000
0000
,
0010
0001
0010
0100
1000
0000
1100
0000
,
0001
0100
0000
1000
0100
0000
0000
0000
,
0010
1000
0000
0100
0000
0001
0000
0010
,
0100
0010
0001
0100
,
0010
1000
0000
0100
0000
0001
0000
0010
,
0100
0010
1000
0001
,
0100
0010
1000
0001
,
0000
0100
0000
0000
0000
0000
0000
0000
,
0000
0000
0000
0000
;

//---------------dance-single - ----------------
#NOTES:
     dance-single:
     :
     Hard:
     10:
     0.424,0.540,0.245,0.000,0.000:
0000
0000
0000
0000
,
0000
0000
0000
0000
,
0000
0000
0000
0000
,
0000
0000
0000
0000
,
0000
0000
0000
0000
,
0000
0000
0000
0000
,
0000
0000
0000
0000
,
0000
0000
0000
0000
,
0000
0000
0000
0000
,
0010
0100
0010
0000
0000
0001
0100
1000
,
0000
0000
0001
1000
0001
1000
0100
0000
,
0001
0010
1000
0000
0001
0000
0100
0000
,
0001
1000
0100
0010
0100
1000
0001
0000
,
0010
0100
0010
0000
0000
1000
0100
0001
,
0000
0000
1000
0001
1000
0001
0100
0000
,
1000
0010
0001
0000
1000
0000
0100
0000
,
1000
0001
0100
0010
0100
0001
1000
0000
,
0001
0010
0100
0100
0100
0010
0001
0000
,
1000
0010
0100
0100
0100
0010
1000
0000
,
0010
0001
1000
0100
0000
0001
1000
0000
,
0101
1100
0011
1010
,
1001
0000
0010
0000
0001
0001
1000
1000
,
1001
0000
1000
1000
0001
0001
0100
0000
,
0001
0000
1000
0000
0100
0100
0100
0000
,
0010
0001
0010
0100
0010
1000
0010
0100
,
0001
0100
1000
0000
0000
0000
0001
1000
,
0000
0001
1000
0100
0000
0000
0000
0000
,
0010
0001
0001
0000
0000
0100
0000
0000
,
1000
0100
0010
1000
,
0001
0100
0010
0001
,
0000
0001
0100
0010
1000
0100
0000
0000
,
0000
0000
0100
0000
0000
0100
0000
0000
,
0001
0010
0100
1000
,
0001
0010
1000
0001
0100
1000
0000
0000
,
0000
0101
0000
1010
0010
0000
0101
0000
,
1000
0010
0001
1000
0100
0001
0000
1000
,
0000
1001
0000
0001
0100
1000
0100
0000
,
1000
0010
0001
1000
0100
0001
0000
0000
,
0000
1100
0000
0011
0010
0000
1100
0000
,
0001
0010
1000
0001
0100
1000
0000
0001
,
0000
1001
0000
1000
0100
0001
0100
0000
,
0001
0100
0000
1000
0000
0000
0001
0000
,
1000
0010
0100
0001
0010
0100
0001
0000
,
1000
0100
0010
0001
0000
1000
0100
0000
,
0010
1000
0000
0101
0000
1010
0000
0010
,
0100
0000
0010
0001
0001
0000
0100
0000
,
0010
1000
1000
0000
0100
0000
0110
0000
,
1000
0000
0001
0000
,
1000
0001
0100
0010
,
1000
0010
0000
0010
0001
0000
0000
0000
,
0010
0001
0010
1000
0010
0000
0101
0000
,
0001
0010
0000
0100
1000
0000
0000
0000
,
0010
1000
0000
0101
0000
1010
0000
0010
,
0100
0010
0100
0100
,
0010
1000
0000
0101
0000
1010
0000
0010
,
0100
0010
1000
0001
,
0100
0010
1000
0001
,
0000
0100
0000
0000
0000
0000
0000
0000
,
0000
0000
0000
0000
;

//---------------dance-double - ----------------
#NOTES:
     dance-double:
     :
     Easy:
     8:
     0.337,0.413,0.156,0.000,0.000:
00000000
00000000
00000000
00000000
,
00000000
00000000
00000000
00000000
,
00000000
00000000
00000000
00000000
,
00000000
00000000
00000000
00000000
,
00000000
00000000
00000000
00000000
,
00000000
00000000
00000000
00000000
,
00000000
00000000
00000000
00000000
,
00000000
00000000
00000000
00000000
,
00000000
00000000
00000000
00000000
,
01000000
10000000
00100000
00010000
,
10000000
01000000
00010000
00001000
,
00000100
00000001
00000010
00001000
,
00000001
00000100
00001000
00010000
,
01000000
10000000
00010000
10000000
,
00100000
01000000
00010000
00001000
,
00000100
00000001
00001000
00000001
,
00000010
00000100
00001000
00010000
,
10010000
00000000
01000000
00000000
10000000
01000000
00010000
00000000
,
00001000
00000000
00000100
00000000
00000001
00000010
00000001
00000000
,
00000010
00000000
00000010
00000000
00000100
00000001
00000100
00000000
,
00000010
00000100
00001001
00011000
,
10010000
00100000
00100000
00100000
,
10010000
01000000
01000000
01000000
,
10010000
00010000
00100000
01000000
,
10000000
01000000
00100000
00010000
,
00100000
00010000
00000000
00000000
00000000
00000000
00001000
00000100
,
00000000
00000001
00000100
00001000
00000000
00000000
00000000
00000000
,
00000000
00000000
00000001
00000000
00000000
00000001
00000000
00000000
,
00000010
00000001
00000100
00001000
,
00010000
01000000
10000000
00100000
,
00000000
00100000
10000000
01000000
00010000
01000000
00000000
00000000
,
00000000
00000000
01000000
00000000
00000000
01000000
00000000
00000000
,
10000000
00010000
01000000
00100000
,
01000000
00000000
00010000
00000000
01000000
10000000
00000000
00000000
,
00000000
00100000
00000000
00010000
11000000
00000000
00110000
00000000
,
01000000
00000000
00010000
00000000
01000000
10000000
00000000
00100000
,
00000000
10000000
00000000
00100000
01000000
00010000
00001000
00000000
,
00000100
00000000
00000001
00000000
00000100
00001000
00000000
00000000
,
00000000
00000001
00000000
00000001
00000100
00000000
00001001
00000000
,
00000100
00000000
00000001
00000000
00000100
00001000
00000000
00000100
,
00000000
00000010
00000000
00000001
00000100
00001000
00010000
00000000
,
00100000
01000000
00000000
01000000
00000000
00000000
01000000
00000000
,
00100000
01000000
00000000
00100000
,
01000000
00100000
01000000
00100000
00000000
01000000
00100000
00000000
,
00100000
01000000
00000000
01000000
00000000
01000000
00000000
00010000
,
10000000
00000000
00100000
00000000
,
10010000
01000000
00010000
00001000
,
00000100
00000000
00000001
00000000
,
00001010
00000101
00000110
00001001
,
00000010
00000100
00000000
00000001
00001000
00000000
00000000
00000000
,
00000001
00000010
00001000
00000010
00001000
00000000
00000001
00000000
,
00000100
00000001
00000000
00001000
00000010
00000000
00000000
00000000
,
00000010
00000100
00000000
00000100
00000000
00000100
00000000
00000001
,
00001000
00000100
00001000
00010000
,
00100000
01000000
00000000
01000000
00000000
01000000
00000000
00010000
,
10000000
00100000
10000000
00010000
,
01000000
00100000
10000000
00010000
,
00000000
01000000
00000000
00000000
00000000
00000000
00000000
00000000
,
00000000
00000000
00000000
00000000
;

//---------------dance-double - ----------------
#NOTES:
     dance-double:
     :
     Medium:
     9:
     0.386,0.477,0.178,0.000,0.000:
00000000
00000000
00000000
00000000
,
00000000
00000000
00000000
00000000
,
00000000
00000000
00000000
00000000
,
00000000
00000000
00000000
00000000
,
00000000
00000000
00000000
00000000
,
00000000
00000000
00000000
00000000
,
00000000
00000000
00000000
00000000
,
00000000
00000000
00000000
00000000
,
00000000
00000000
00000000
00000000
,
01000000
00000000
00010000
00000000
00000000
01000000
10000000
00010000
,
00000000
00000000
01000000
00010000
00001000
00000100
00000001
00000000
,
00000100
00000001
00000010
00000000
00001000
00000000
00010000
00000000
,
11000000
00010000
00000100
00000001
,
00000100
00000000
00001000
00000000
00000000
00000010
00000001
00001000
,
00000000
00000000
00000100
00001000
00010000
01000000
10000000
00000000
,
01000000
10000000
00100000
00000000
00010000
00000000
00001000
00000000
,
00000101
00001000
01000000
10000000
,
01000000
00000000
11000000
00000000
00100000
00010000
11000000
00000000
,
00010000
00000000
11000000
00000000
00010000
01000000
00010000
00000000
,
00001000
00000100
00000001
00000010
00000000
00000001
00000100
00000000
,
00001100
00000011
00001001
00011000
,
10010000
00100000
01000000
00100000
,
10010000
00000000
00000100
00000001
00000010
00001000
00000010
00000000
,
00000001
00001000
00010000
00100000
,
10000000
01000000
00010000
00001000
00000100
00000001
00000001
00000000
,
00001000
00000010
00000001
00000000
00000000
00000000
00001000
00000100
,
00000000
00000010
00000100
00000001
00000000
00000000
00000000
00000000
,
00000001
00000000
00001000
00000000
00000000
00010000
00000000
00000000
,
01000000
10000000
00100000
00010000
,
01000000
00100000
00010000
01100000
,
00000000
10000000
01000000
00010000
00001000
00000100
00000000
00000000
,
00000000
00000000
00000100
00000000
00000000
00000001
00000000
00000000
,
00000100
00001000
00010000
01000000
,
00100000
10000000
00010000
01000000
00100000
00010000
00000000
00000000
,
00000000
00001000
00000000
00000100
00000001
00000000
00001000
00000000
,
00100000
00010000
01000000
00100000
10000000
01000000
00000000
00010000
,
00000000
00001000
00000000
00000100
00000001
00000010
00001000
00000000
,
00100000
10000000
00010000
01000000
00100000
00010000
00000000
00000000
,
00000000
00001000
00000000
00000100
00000001
00000000
00001000
00000000
,
00100000
00010000
01000000
00100000
10000000
01000000
00000000
00010000
,
00000000
00001000
00000000
00000100
00000001
00000010
00001000
00000000
,
00000001
00000100
00000000
00001000
00000000
00000000
00010000
00000000
,
00000001
00001000
00010000
10000000
,
00010000
01000000
00100000
10000000
00000000
00100000
00010000
00000000
,
00010000
00100000
00000000
11000000
00000000
10010000
00000000
00100000
,
01000000
01000000
00100000
01000000
,
10010000
00010000
00100000
10000000
,
10000000
00000000
01000000
00000000
,
00010000
00001000
00000100
00000001
,
00001000
00000100
00000000
00000001
00000100
00000000
00000000
00000000
,
00001000
00000001
00000010
00000100
00000010
00000000
00001001
00000000
,
00000100
00001000
00000000
00010000
01000000
00000000
00000000
00000000
,
10000000
01000000
00000000
00010000
00000000
00001000
00000000
00000100
,
00000001
00000010
00001000
00000010
00000000
00000001
00001000
00000000
,
00000001
00000100
00000000
00001000
00000000
00010000
00000000
01000000
,
10000000
00100000
10000000
00010000
,
01000000
00000000
00100000
00000000
10000000
01000000
00010000
00100000
,
00000000
10000000
00000000
00000000
00000000
00000000
00000000
00000000
,
00000000
00000000
00000000
00000000
;

//---------------dance-double - ----------------
#NOTES:
     dance-double:
     :
     Hard:
     10:
     0.415,0.413,0.122,0.000,0.000:
00000000
00000000
00000000
00000000
,
00000000
00000000
00000000
00000000
,
00000000
00000000
00000000
00000000
,
00000000
00000000
00000000
00000000
,
00000000
00000000
00000000
00000000
,
00000000
00000000
00000000
00000000
,
00000000
00000000
00000000
00000000
,
00000000
00000000
00000000
00000000
,
00000000
00000000
00000000
00000000
,
00000001
00000010
00001000
00000000
00000000
00010000
00100000
10000000
,
00000000
01000000
00100000
00010000
01000000
00100000
10000000
01000000
,
00100000
00010000
01000000
00000000
00000000
00001000
00010000
00000010
,
00000000
00000100
00000001
00000010
00001000
00010000
00100000
10000000
,
01000000
00100000
00001000
00000000
00000000
00010000
00000100
00001000
,
00000000
00000001
00000100
00000010
00001000
00000100
00010000
00001000
,
10000000
00100000
01000000
00000000
00000000
00001000
00000100
00000001
,
00000000
00001000
00000100
00010000
00001000
00100000
01000000
10000000
,
00010000
01000000
00001000
00000000
00000000
00010000
00010000
00000000
,
00000000
00000000
00000000
00000100
00001000
00001000
00000001
00000001
,
00000100
00000010
00001000
00000000
00000000
01000000
01000000
00000000
,
00000000
10000000
00000000
00010000
00000000
01000000
00000000
00001000
,
00010000
00000100
00000010
00000000
00000000
00000001
00000001
00000000
,
00000000
00000000
00000000
00000100
00000010
00000010
00010000
00010000
,
00001000
01000000
00100000
00000000
00000000
00010000
00010000
00000000
,
00000000
00001000
00000100
00000001
00001000
00000100
00010000
00001000
,
01000000
00100000
10000000
01000000
,
00000000
00100000
00001000
00010000
00000000
00000100
00000000
00000000
,
00000000
00000000
00001001
00000000
00000000
00010100
00000000
00000000
,
00000000
00001000
00100000
00010000
10000000
01000000
00100000
00010000
,
00000000
01000000
00001000
00000000
00000100
00000000
00000001
00000000
,
00000000
00001000
00000100
00010000
00001000
00100000
00000000
00000000
,
00000000
00000000
10010000
00000000
00000000
01001000
00000000
00000000
,
00000000
00010000
00000100
00000001
00000010
00001000
00000100
00000000
,
00010000
00001000
00100000
00000000
10010000
00000000
00000000
00000000
,
00000000
01000000
00000000
01000000
00100000
00010000
01000000
00000000
,
00001000
00000100
00000001
00000000
00001100
00000000
00000000
00010000
,
00000000
00001000
00000000
00010000
00001000
00100000
01000000
00000000
,
10000000
00010000
01000000
00000000
00011000
00000000
00000000
00000000
,
00000000
00000100
00000000
00000100
00000010
00000001
00000100
00000000
,
00000010
00010000
00001000
00000000
00110000
00000000
00000000
01000000
,
00000000
01000000
00000000
10000000
00100000
01000000
00010000
00000000
,
00100000
00001000
00010000
00000100
00000000
00001000
00001000
00000000
,
00000000
00000000
00000000
00000001
00000100
00000010
00001000
00000100
,
00000000
00000000
00011000
00000000
00000000
10010000
00000000
00000000
,
00000000
00100000
00000000
01000000
00000000
00001000
00000000
00010000
,
00000100
00000010
00000001
00000000
00000000
00000100
00000100
00000000
,
00000000
00000000
00000000
00000010
00010000
00001000
01000000
00010000
,
10000000
10000000
10000000
00000000
01000000
01000000
01000000
00000000
,
00100000
00000000
00001000
00000000
00010000
00000100
00000010
00000000
,
00000001
00000001
00000001
00000000
00001000
00001000
00001000
00000000
,
00000100
00000100
00000000
00010000
00000000
00001000
00100000
01000000
,
10000000
00100000
01000000
00000000
00000000
00010000
00010000
00000000
,
00000000
00100000
00001000
00010000
00000100
00000010
00000001
00000100
,
00000010
00000010
00000010
00000000
00000000
00001000
00001000
00000000
,
00000000
00000100
00000000
00010000
00000000
01000000
10000000
00100000
,
01000000
00010000
00100000
00001000
00000000
00010000
00000100
00000000
,
00000010
00000001
00000100
00000010
00000000
00000010
00001000
00000000
,
00000000
00011000
00000000
00000000
00000000
00000000
00000000
00000000
,
00000000
00000000
00000000
00000000
;

//---------------dance-couple - ----------------
#NOTES:
     dance-couple:
     :
     Easy:
     6:
     0.613,0.826,1.000,0.000,0.000:
00000000
00000000
00000000
00000000
,
00000000
00000000
00000000
00000000
,
00000000
00000000
00000000
00000000
,
00000000
00000000
00000000
00000000
,
00000000
00000000
00000000
00000000
,
00000000
00000000
00000000
00000000
,
00000000
00000000
00000000
00000000
,
00000000
00000000
00000000
00000000
,
00000000
00000000
00000000
00000000
,
00000000
00100010
00000000
00100010
,
00000000
10000001
01000010
00011000
,
00100010
10000001
00100010
00000000
00011000
00000000
10000001
00000000
,
00011000
01000100
00011000
01011100
,
00000000
00100010
00000000
00100010
,
00000000
00011000
01000100
10000001
,
00100010
00011000
00100010
00000000
10000001
00000000
00011000
00000000
,
10000001
01000100
10000001
11000101
,
00010000
00000000
00100100
00000000
01000000
10000000
00100100
00000000
,
00001000
00000000
01000010
00000000
00000100
00000001
01000010
00000000
,
00100010
00000000
00010001
00000000
10001000
00100010
00010001
00000000
,
01100110
10011001
01000100
10001000
,
00010001
00000000
01000100
00000000
,
10001000
00000000
00100010
01000100
,
00010001
10001000
01000100
00100010
,
01000100
01000100
01000100
01000100
,
10000001
00100010
00000000
00000000
00000000
00000000
10000001
01000100
,
00000000
00100010
10000001
01000100
00000000
00000000
00000000
00000000
,
00000000
00000000
01000100
00000000
00000000
01000100
00000000
00000000
,
01000001
00010001
10000001
01000001
,
10001000
10000010
10001000
10000100
,
00000000
01000100
10000001
00100010
10000001
01000100
00000000
00000000
,
00000000
00000000
01000100
00000000
00000000
01000100
00000000
00000000
,
10001000
00010001
01000100
00100010
,
00100010
00000000
01000100
00000000
00010001
10001000
00000000
00000000
,
01000000
00000010
00000000
00001000
01000100
00000000
00000101
00000000
,
00100010
00000000
01000100
00000000
10001000
00010001
00000000
00000010
,
01000000
00001000
00000000
00000100
01001000
00000100
00000001
00000000
,
00100010
00000000
01000100
00000000
10001000
00010001
00000000
00000000
,
00000100
00100000
00000000
00010000
01000100
00000000
11000000
00000000
,
00100010
00000000
01000100
00000000
00010001
10001000
00000000
00100000
,
00000100
00010000
00000000
01000000
00010100
01000000
10000000
00000000
,
01000010
00011000
00000000
10000001
00000000
00000000
00100100
00000000
,
00010010
10000100
01101001
10010110
,
00100100
10000001
01000010
00011000
00000000
00100100
01000010
00000000
,
00100010
01000100
00000000
01000100
00000000
01000100
00000000
00010001
,
10001000
01000100
00010001
10001000
,
01100110
00010001
10001000
01000100
,
10001000
00000000
00010001
00000000
,
10001000
00010001
01000100
00100010
,
00010100
10000010
00000000
00010001
01000100
00000000
00000000
00101000
,
01000001
00010100
00101000
00000000
10000010
00000000
00010100
00000000
,
00101000
00010001
00000000
10000100
01000010
00000000
00000000
00000000
,
00100010
01000100
00000000
01000100
00000000
01000100
00000000
00010001
,
10001000
01000100
00100010
00010001
,
00100010
01000100
00000000
01000100
00000000
01000100
00000000
00010001
,
10001000
00100010
10001000
00010001
,
01000100
00100010
10001000
00010001
,
00000000
01000100
00000000
00000000
00000000
00000000
00000000
00000000
,
00000000
00000000
00000000
00000000
;

//---------------dance-couple - ----------------
#NOTES:
     dance-couple:
     :
     Medium:
     7:
     0.651,0.794,1.000,0.000,0.000:
00000000
00000000
00000000
00000000
,
00000000
00000000
00000000
00000000
,
00000000
00000000
00000000
00000000
,
00000000
00000000
00000000
00000000
,
00000000
00000000
00000000
00000000
,
00000000
00000000
00000000
00000000
,
00000000
00000000
00000000
00000000
,
00000000
00000000
00000000
00000000
,
00000000
00000000
00000000
00000000
,
00100010
00000000
00100010
00000000
00000000
10000001
01000100
00011000
,
00000000
10000001
00100010
00011000
,
10000001
00100010
00011000
00000000
10000001
00000000
01000100
00000000
,
10011001
01000100
00100010
10011001
,
00100010
00000000
00100010
00000000
00000000
00011000
01000100
10000001
,
00000000
00011000
00100010
10000001
,
00011000
00100010
10000001
00000000
00011000
00000000
01000100
00000000
,
10011001
01000100
00100010
10011001
,
00001000
00000000
01000010
00000000
00000100
00000010
01000001
00000000
,
00010000
00000000
00100100
00000000
01000000
00100000
10000100
00000000
,
00100010
00100010
01000100
00100010
00000000
01000100
00100010
00000000
,
00111010
11000101
01011100
01100110
,
10011001
00000000
00100010
01000100
,
00010000
00100100
01000000
10000100
,
00000001
01000010
00000100
01001000
,
00100010
00011000
01000100
10000001
01000100
00011000
00100010
00000000
,
00010001
00100010
10001000
00000000
00000000
00000000
00010001
01000100
,
00000000
10001000
00010001
01000100
00000000
00000000
00000000
00000000
,
00100010
00000000
01000100
00000000
00000000
01000100
00000000
00000000
,
10000000
00100100
00010000
01000100
,
00000001
01000010
00001000
01000100
,
00000000
10000001
01000100
00100010
00011000
01000100
00000000
00000000
,
00000000
00000000
01000100
00000000
00000000
01000100
00000000
00000000
,
10001000
01000100
00100010
00010001
,
00000010
00001000
10000100
00000010
00000001
00000100
01000000
00000000
,
00000000
00000001
00010000
00001000
00000010
00000000
00100101
00000000
,
00000010
00000001
10000100
00000010
00001000
00000100
01000000
00000001
,
00000000
00001000
00010000
00000100
00000010
00000001
00100100
00000000
,
00100000
00010000
01000001
00100000
10000000
01000000
00000100
00000000
,
00000000
10000000
00001000
00010000
00100000
00000000
11000010
00000000
,
00100000
10000000
01000001
00100000
00010000
01000000
00000100
10000000
,
00000000
00010000
00001000
01000000
00100000
10000000
01000010
00000000
,
00010001
01000000
00000000
10000000
00000000
00000000
00011000
00000000
,
10101010
01000100
00100010
01010101
,
00010001
00000100
00000000
00001000
00000000
00000000
10000001
00000000
,
00100010
10000001
00000000
01000100
00000000
00011000
00000000
00100010
,
01000100
00010001
10001000
01000100
,
10011001
01000010
00100100
00011000
,
10001000
00000000
00010001
00000000
,
10001000
00010001
01000100
00100010
,
00011000
01000100
00000000
10000001
00100010
00000000
00000000
00000000
,
00100010
10000001
00100010
00011000
00100010
00000000
00111010
00000000
,
10000001
01000100
00000000
00011000
01000100
00000000
00000000
00000000
,
00100010
10000001
00000000
01000100
00000000
00011000
00000000
00100010
,
01000100
00100010
00011000
01000100
,
00100010
10000001
00000000
01000100
00000000
00011000
00000000
00100010
,
01000100
00100010
10001000
00010001
,
01000100
00100010
10001000
00010001
,
00000000
01000100
00000000
00000000
00000000
00000000
00000000
00000000
,
00000000
00000000
00000000
00000000
;

//---------------dance-couple - ----------------
#NOTES:
     dance-couple:
     :
     Hard:
     8:
     0.788,1.000,1.000,0.000,0.000:
00000000
00000000
00000000
00000000
,
00000000
00000000
00000000
00000000
,
00000000
00000000
00000000
00000000
,
00000000
00000000
00000000
00000000
,
00000000
00000000
00000000
00000000
,
00000000
00000000
00000000
00000000
,
00000000
00000000
00000000
00000000
,
00000000
00000000
00000000
00000000
,
00000000
00000000
00000000
00000000
,
00100010
01000100
00100010
00000000
00000000
00011000
01000100
10000001
,
00000000
00000000
00011000
10000001
00011000
10000001
01000100
00000000
,
00011000
00100010
10000001
00000000
00011000
00000000
01000100
00000000
,
00011000
10000001
01000100
00100010
01000100
10000001
00011000
00000000
,
00100010
01000100
00100010
00000000
00000000
10000001
01000100
00011000
,
00000000
00000000
10000001
00011000
10000001
00011000
01000100
00000000
,
10000001
00100010
00011000
00000000
10000001
00000000
01000100
00000000
,
10000001
00011000
01000100
00100010
01000100
00011000
10000001
00000000
,
00010001
00100000
01000100
01000000
01000100
00100000
00010001
00000000
,
10001000
00000010
01000100
00000100
01000100
00000010
10001000
00000000
,
00100010
00010001
10001000
01000100
00000000
00010001
10001000
00000000
,
01010101
11001100
00110011
10101010
,
10011001
00000000
00100010
00000000
00011000
00011000
10000001
10000001
,
10011001
00000000
10000001
10000001
00011000
00011000
01000100
00000000
,
00011000
00000000
10000001
00000000
01000100
01000100
01000100
00000000
,
00100010
00011000
00100010
01000100
00100010
10000001
00100010
01000100
,
00010001
01000100
10001000
00000000
00000000
00000000
00010001
10001000
,
00000000
00010001
10001000
01000100
00000000
00000000
00000000
00000000
,
00100010
00010001
00010001
00000000
00000000
01000100
00000000
00000000
,
10000100
01000100
00100100
10000100
,
01000001
01000100
01000010
01000001
,
00000000
00010001
01000100
00100010
10001000
01000100
00000000
00000000
,
00000000
00000000
01000100
00000000
00000000
01000100
00000000
00000000
,
00010001
00100010
01000100
10001000
,
00010001
00100000
10001000
00010000
01000100
10000000
00000000
00000000
,
00000000
01010000
00000000
10100000
00100010
00000000
01010101
00000000
,
10001000
00100000
00010001
10000000
01000100
00010000
00000000
10000000
,
00000000
10010000
00000000
00010000
01000100
10000000
01000100
00000000
,
10001000
00000010
00010001
00001000
01000100
00000001
00000000
00000000
,
00000000
00001100
00000000
00000011
00100010
00000000
11001100
00000000
,
00010001
00000010
10001000
00000001
01000100
00001000
00000000
00000001
,
00000000
00001001
00000000
00001000
01000100
00000001
01000100
00000000
,
00011000
01000100
00000000
10000001
00000000
00000000
00011000
00000000
,
10000001
00100010
01000100
00011000
00100010
01000100
00011000
00000000
,
10000001
01000100
00100010
00011000
00000000
10000001
01000100
00000000
,
00100010
10000001
00000000
01011100
00000000
10100011
00000000
00100010
,
01000100
00000000
00100100
00010000
00010100
00000000
01000100
00000000
,
00100010
00001000
00101000
00000000
00100100
00000000
01100110
00000000
,
10001000
00000000
00010001
00000000
,
10001000
00010001
01000100
00100010
,
10000001
00100010
00000000
00100010
00011000
00000000
00000000
00000000
,
00100010
00011000
00100010
10000001
00100010
00000000
01011100
00000000
,
00011000
00100010
00000000
01000100
10000001
00000000
00000000
00000000
,
00100010
10000001
00000000
01011100
00000000
10100011
00000000
00100010
,
01000100
00100010
01000100
01000100
,
00100010
10000001
00000000
01011100
00000000
10100011
00000000
00100010
,
01000100
00100010
10000001
00011000
,
01000100
00100010
10000001
00011000
,
00000000
01000100
00000000
00000000
00000000
00000000
00000000
00000000
,
00000000
00000000
00000000
00000000
;

//---------------dance-solo - ----------------
#NOTES:
     dance-solo:
     :
     Easy:
     6:
     0.326,0.413,0.122,0.000,0.000:
000000
000000
000000
000000
,
000000
000000
000000
000000
,
000000
000000
000000
000000
,
000000
000000
000000
000000
,
000000
000000
000000
000000
,
000000
000000
000000
000000
,
000000
000000
000000
000000
,
000000
000000
000000
000000
,
000000
000000
000000
000000
,
000000
010000
000000
000010
,
000000
100000
001000
000001
,
000100
100000
001000
000000
000001
000000
010000
000000
,
000010
001000
000100
100010
,
000000
000100
000000
000100
,
000000
000001
001000
100000
,
000100
000010
001000
000000
100000
000000
000001
000000
,
010000
001000
100000
011000
,
100001
000000
001000
000000
000100
001000
000010
000000
,
100000
000000
000001
000000
000100
001000
010000
000000
,
000100
000000
000001
000000
100000
000100
000010
000000
,
001100
100001
001000
010000
,
000001
000000
001000
000000
,
100000
000000
000100
001000
,
000010
100000
001000
001000
,
000001
000001
000001
000001
,
000001
010000
000000
000000
000000
000000
000010
001000
,
000000
000100
000001
001000
000000
000000
000000
000000
,
000000
000000
001000
000000
000000
001000
000000
000000
,
000100
000001
100000
000010
,
001000
000001
100000
001000
,
000000
001000
010000
000100
100000
001000
000000
000000
,
000000
000000
001000
000000
000000
001000
000000
000000
,
010000
000001
001000
000010
,
000100
000000
001000
000000
000001
100000
000000
000000
,
000000
000100
000000
100000
001000
000000
001001
000000
,
000100
000000
001000
000000
100000
000001
000000
010000
,
000000
100000
000000
001000
010000
001000
000001
000000
,
000100
000000
001000
000000
100000
000001
000000
000000
,
000000
000100
000000
000001
001000
000000
011000
000000
,
000001
000000
001000
000000
000010
100000
000000
000100
,
000000
000001
000000
001000
000010
001000
100000
000000
,
000100
010000
000000
001000
000000
000000
000100
000000
,
000001
100000
001100
100001
,
000100
000010
001000
000001
000000
001000
000100
000000
,
010000
001000
000000
001000
000000
001000
000000
000001
,
100000
001000
000001
010000
,
001100
000001
100000
001000
,
010000
000000
000001
000000
,
100000
000010
001000
000100
,
001000
100000
000000
000010
000001
000000
000000
000000
,
010000
001000
000001
001000
100000
000000
001001
000000
,
000100
000010
000000
001000
100000
000000
000000
000000
,
000100
001000
000000
001000
000000
001000
000000
000010
,
100000
000100
000001
010000
,
000100
001000
000000
001000
000000
001000
000000
000001
,
100000
000010
010000
000001
,
001000
000100
100000
000010
,
000000
001000
000000
000000
000000
000000
000000
000000
;

//---------------dance-solo - ----------------
#NOTES:
     dance-solo:
     :
     Medium:
     7:
     0.370,0.477,0.178,0.000,0.000:
000000
000000
000000
000000
,
000000
000000
000000
000000
,
000000
000000
000000
000000
,
000000
000000
000000
000000
,
000000
000000
000000
000000
,
000000
000000
000000
000000
,
000000
000000
000000
000000
,
000000
000000
000000
000000
,
000000
000000
000000
000000
,
000010
000000
000010
000000
000000
100000
001000
000001
,
000000
010000
000100
000001
,
100000
000100
000001
000000
100000
000000
001000
000000
,
010010
001000
000100
100001
,
000100
000000
000100
000000
000000
000010
001000
010000
,
000000
000001
000100
100000
,
000010
000100
100000
000000
000001
000000
001000
000000
,
100001
001000
000100
100001
,
000010
000000
000100
000000
001000
000100
000010
000000
,
100000
000000
000100
000000
001000
000100
100000
000000
,
000010
000010
010000
000100
000000
001000
000010
000000
,
000101
011000
001010
100100
,
001001
000100
000010
010000
,
100001
010000
000010
001000
,
000001
100000
001000
001000
,
000100
000001
001000
010000
001000
000010
000100
000000
,
000001
000100
010000
000000
000000
000000
000001
001000
,
000000
010000
000010
001000
000000
000000
000000
000000
,
000100
000000
001000
000000
000000
001000
000000
000000
,
100000
001000
000100
010000
,
000001
001000
000100
000010
,
000000
000001
001000
000100
100000
001000
000000
000000
,
000000
000000
001000
000000
000000
001000
000000
000000
,
010000
001000
000100
000001
,
000010
100000
001000
010000
000001
001000
000000
000000
,
000000
000010
000000
010000
000100
000000
001001
000000
,
000100
000010
001000
000100
100000
001000
000000
000001
,
000000
010000
000000
000100
001000
000010
100000
000000
,
000100
000010
001000
000100
100000
001000
000000
000000
,
000000
010000
000000
000001
000100
000000
101000
000000
,
000100
010000
001000
000100
000001
001000
000000
100000
,
000000
000010
000000
001000
000100
100000
001000
000000
,
000001
001000
000000
100000
000000
000000
000010
000000
,
010100
001000
000100
001001
,
100000
001000
010000
000001
000000
001000
100000
000000
,
000100
010000
000000
001000
000000
000001
000000
000100
,
001000
010000
000001
001000
,
000100
100000
001000
000101
,
010000
000000
000010
000000
,
100000
000001
001000
000100
,
100000
001000
000000
000001
001000
000000
000000
000000
,
010000
000001
000100
001000
100000
000000
011000
000000
,
000001
001000
000000
100000
001000
000000
000000
000000
,
000010
100000
000000
001000
000000
000001
000000
010000
,
001000
000100
000001
001000
,
000010
100000
000000
001000
000000
000001
000000
000100
,
001000
010000
100000
000001
,
001000
000010
100000
000001
,
000000
001000
000000
000000
000000
000000
000000
000000
;

//---------------dance-solo - ----------------
#NOTES:
     dance-solo:
     :
     Hard:
     8:
     0.424,0.540,0.245,0.000,0.000:
000000
000000
000000
000000
,
000000
000000
000000
000000
,
000000
000000
000000
000000
,
000000
000000
000000
000000
,
000000
000000
000000
000000
,
000000
000000
000000
000000
,
000000
000000
000000
000000
,
000000
000000
000000
000000
,
000000
000000
000000
000000
,
000100
001000
000010
000000
000000
000001
001000
010000
,
000000
000000
000001
010000
000010
100000
001000
000000
,
000001
000100
010000
000000
000010
000000
001000
000000
,
000001
100000
001000
000100
000001
010000
000010
000000
,
000100
001000
000100
000000
000000
010000
001000
000010
,
000000
000000
100000
000001
100000
000001
001000
000000
,
010000
000100
000001
000000
100000
000000
001000
000000
,
100000
000010
001000
000100
001000
000001
010000
000000
,
000001
000100
001000
001000
001000
010000
000001
000000
,
100000
000100
001000
001000
001000
000010
100000
000000
,
000100
000001
100000
001000
000000
000001
010000
000000
,
001010
011000
000101
100100
,
010010
000000
000100
000000
000001
000001
100000
100000
,
100001
000000
010000
010000
000010
000010
001000
000000
,
000001
000000
100000
000000
001000
001000
001000
000000
,
000100
000001
100000
001000
000100
010000
000100
001000
,
000010
001000
100000
000000
000000
000000
000001
010000
,
000000
000010
100000
001000
000000
000000
000000
000000
,
000100
000001
000001
000000
000000
001000
000000
000000
,
100000
001000
000100
010000
,
000001
001000
000100
000010
,
000000
000001
001000
000100
100000
001000
000000
000000
,
000000
000000
001000
000000
000000
001000
000000
000000
,
000001
000100
001000
010000
,
000010
000100
100000
000001
001000
100000
000000
000000
,
000000
001001
000000
100100
000010
000000
001001
000000
,
100000
000100
000001
010000
001000
000001
000000
100000
,
000000
100010
000000
000010
001000
100000
001000
000000
,
010000
000100
000001
100000
001000
000001
000000
000000
,
000000
011000
000000
000101
000100
000000
101000
000000
,
000001
000100
100000
000010
001000
100000
000000
000010
,
000000
010010
000000
010000
001000
000001
001000
000000
,
000010
001000
000000
100000
000000
000000
000001
000000
,
010000
000100
001000
000010
000100
001000
000001
000000
,
010000
001000
000100
000001
000000
100000
001000
000000
,
000100
100000
000000
001010
000000
100100
000000
000010
,
001000
000000
000100
000001
000001
000000
001000
000000
,
000100
100000
100000
000000
001000
000000
001100
000000
,
010000
000000
000010
000000
,
010000
000010
001000
000100
,
100000
000100
000000
000100
000010
000000
000000
000000
,
000100
000001
010000
100000
000100
000000
001010
000000
,
000001
000100
000000
010000
100000
000000
000000
000000
,
000100
100000
000000
001010
000000
100100
000000
000010
,
001000
000100
001000
001000
,
000010
100000
000000
001001
000000
010100
000000
000010
,
001000
000100
100000
000001
,
001000
000100
010000
000010
,
000000
001000
000000
000000
000000
000000
000000
000000
;
