#TITLE:Starian;
#SUBTITLE:;
#ARTIST:DUKE;
#TITLETRANSLIT:;
#SUBTITLETRANSLIT:;
#ARTISTTRANSLIT:;
#CREDIT:;
#BANNER:Starian.png;
#BACKGROUND:Starian-bg.png;
#LYRICSPATH:;
#CDTITLE:./CDTITLES/KOREAN DANCE MUSIC.png;
#MUSIC:Starian.mp3;
#OFFSET:-0.054;
#SAMPLESTART:33.086;
#SAMPLELENGTH:15.000;
#SELECTABLE:YES;
#BPMS:0.000=135.570;
#STOPS:;
#BGCHANGES:;

//---------------dance-single - ----------------
#NOTES:
     dance-single:
     :
     Easy:
     3:
     0.347,0.385,0.540,0.000,0.000:
0000
0000
0000
0000
,
0000
0000
0000
0000
,
0000
0000
0000
0000
,
0000
0000
0000
0000
,
0001
0001
0001
0100
,
1000
1000
1000
0100
,
0001
0001
0100
1000
,
0010
0001
0001
0100
,
1001
0100
1001
0100
,
1001
1001
0100
1001
,
1000
0000
1000
0010
,
0001
0000
0001
0010
,
1000
0100
0001
0100
,
1001
1001
0100
1000
,
0001
0000
0001
0010
,
1000
0000
1000
0010
,
0001
0100
1000
0100
,
1001
1001
0100
0001
,
1000
1000
1000
1000
,
0110
0001
0110
1000
,
0001
0100
1000
0100
,
0110
1000
0110
0001
,
1000
0100
0001
0100
,
0010
0010
0100
0100
,
0010
1001
0100
1001
,
0110
0001
0110
1000
,
0001
0100
1000
0100
,
0001
0001
0001
1001
,
1000
1000
1000
1001
,
0001
1001
1000
1001
,
0110
1001
0110
1001
,
0001
0000
0001
0001
,
0100
1000
1001
1001
,
1000
0000
1000
1000
,
0100
0001
1001
1001
,
0001
0000
0001
0001
,
0100
1000
1001
1001
,
1000
0000
1000
1000
,
0100
0001
1001
1001
,
0010
0000
0100
1001
,
0010
0000
0100
1001
,
0100
0001
0100
1000
,
0110
1000
0110
0001
,
0010
0000
0100
1001
,
0010
0000
0100
1001
,
0100
0001
0100
1000
,
0110
1000
0110
0001
,
0110
1000
1000
1000
,
0110
0001
0001
0001
,
0110
1000
0110
0001
,
0110
1001
0110
1001
,
1000
0000
1000
0000
,
0001
0000
0001
0000
,
1000
1001
0001
1001
,
1000
1001
0001
1001
,
1001
0000
0000
0000
;

//---------------dance-single - ----------------
#NOTES:
     dance-single:
     :
     Medium:
     5:
     0.402,0.413,0.560,0.000,0.000:
0000
0000
0000
0000
,
0000
0000
0000
0000
,
0000
0000
0000
0000
,
0000
0000
0000
0000
,
0010
0000
0010
0001
0100
0000
0101
0000
,
0010
0010
1000
0100
,
0010
0000
0010
1000
0100
0000
1100
0000
,
0010
0010
0001
0100
,
1000
0100
1000
0000
1001
0000
1001
0000
,
0001
0100
0001
0000
1001
0000
1001
0000
,
1000
1000
1100
0001
,
0010
1100
0001
0101
,
0010
1000
0010
0001
,
0010
0010
0100
1001
,
0001
0001
0101
1000
,
0010
0101
1000
1100
,
0010
0001
0010
1000
,
0010
0010
0100
1001
,
0001
0001
0010
1000
,
0010
1000
1100
1001
,
0100
0001
0100
0001
,
0010
0001
0101
1001
,
0100
1000
0100
1000
,
0010
1000
0100
0000
0001
0000
0001
0000
,
0010
0001
0100
0000
1000
0000
1000
0000
,
1001
1001
0100
1001
,
1000
1100
0001
0101
,
0010
1001
0100
1001
,
1100
0001
1100
0001
,
0010
1001
0100
1001
,
0101
1100
1001
1001
,
0001
0100
1000
0000
0001
0000
0001
0000
,
1000
0100
0001
0000
1000
0000
1000
0000
,
0001
0100
1000
0000
0001
0000
0001
0000
,
1000
0100
0001
0000
1000
0000
1000
0000
,
0001
0100
0100
0000
1000
0000
1000
0000
,
1000
0100
0100
0000
0001
0000
0001
0000
,
0001
0100
0100
0000
1000
0000
1000
0000
,
1000
0100
0100
0000
0001
0000
0001
0000
,
0010
0100
1100
0101
,
0010
1000
0100
0001
,
0101
1010
0101
0101
,
1000
1000
0100
0001
,
0010
0100
0101
1100
,
0010
0001
0100
1000
,
1100
0011
1100
1100
,
0001
0001
0100
1000
,
0010
1000
0001
0000
0101
0000
1001
0000
,
0010
0001
1000
0000
1100
0000
1001
0000
,
0100
0001
1000
0000
0100
1000
0001
0000
,
0010
0001
1000
0000
0010
1000
0001
0000
,
0100
0001
1001
0100
,
1001
0100
0100
1001
,
0100
1000
1001
0100
,
1001
0100
0100
1001
,
1001
0000
0000
0000
;

//---------------dance-single - ----------------
#NOTES:
     dance-single:
     :
     Hard:
     7:
     0.489,0.798,0.450,0.000,0.000:
0000
0000
0000
0000
,
0000
0000
0000
0000
,
0000
0000
0000
0000
,
0000
0000
0000
0000
,
0001
0100
1000
0000
1000
0100
0001
0000
,
0001
1000
1001
0000
0001
0001
0001
0000
,
1000
0100
0001
0000
0001
0100
1000
0000
,
1000
0001
1001
0000
1000
1000
1000
0000
,
0001
0100
0010
0000
0001
1000
1000
0000
,
1000
0100
0010
0000
1000
0001
0001
0000
,
0010
0000
0100
0000
1001
0000
0010
0100
,
0001
0000
1000
0000
1100
0000
0010
0100
,
0010
0000
0001
0000
1000
0000
0010
0001
,
1000
0000
1001
0000
0110
0000
0001
1000
,
1000
0000
0010
0000
0101
0000
1000
0100
,
0001
0000
0110
0000
0001
0000
1000
0010
,
0100
0000
0101
0000
1100
0000
0010
0100
,
1000
0001
0110
0010
,
1000
1000
0001
0001
,
1000
0100
1000
0000
0001
0100
0001
0000
,
1000
0100
1000
0000
0001
0100
0001
0000
,
0010
1000
0100
0000
0010
0001
0100
0000
,
0010
1000
0100
0000
0010
0001
0100
0000
,
0010
0010
1000
1000
0100
0100
0010
0010
,
0001
0001
0100
0100
0010
0010
1000
1000
,
0001
0010
1000
0000
1000
0010
0001
0000
,
0001
0010
1000
0000
1000
0010
0001
0000
,
0010
0010
1000
1000
0100
0100
0001
0001
,
0010
0010
1001
1001
0100
0100
1001
1001
,
1100
1100
1001
1001
0101
0101
1001
1001
,
0010
0010
1000
1000
0001
0001
1001
0000
,
0110
0000
0001
0001
1000
0100
0100
0000
,
0011
0000
1000
1000
0100
0001
0001
0000
,
1100
0000
0010
0010
0001
0100
0100
0000
,
0101
0000
1000
1000
0100
0010
0010
0000
,
1001
0000
0010
0010
0100
0010
0010
0000
,
0110
0000
1000
1000
0001
0010
0010
0000
,
1100
0000
0010
0010
0100
0001
0001
0000
,
1010
0000
0100
0100
0001
0010
0010
0000
,
1000
0000
0100
0000
0001
0000
0010
0100
,
0010
0000
1001
0000
0100
0000
0001
0100
,
0001
0000
0010
0000
1000
0000
0001
1000
,
0100
0000
0001
0000
0100
0000
0010
1000
,
0001
0000
0101
0000
1001
0000
0010
0100
,
0001
0000
1100
0000
0101
0000
0010
1000
,
0100
0000
1001
0000
0110
0000
0001
0100
,
1000
0110
1001
0110
,
1000
0000
0001
0000
0010
0001
0100
0000
,
0110
0000
0101
0000
1000
0100
0001
0000
,
0010
0001
1000
0000
0100
1000
0001
0000
,
1000
1000
0100
0100
0001
0001
0001
0000
,
1000
0100
1000
0000
0001
0100
0001
0000
,
1000
0100
1000
0000
0001
0100
0001
0000
,
0010
1000
0100
0000
0010
0001
0100
0000
,
0010
1000
0100
0000
0010
0001
0100
0000
,
1001
0000
0000
0000
;

//---------------dance-double - ----------------
#NOTES:
     dance-double:
     :
     Easy:
     4:
     0.330,0.358,0.260,0.000,0.000:
00000000
00000000
00000000
00000000
,
00000000
00000000
00000000
00000000
,
00000000
00000000
00000000
00000000
,
00000000
00000000
00000000
00000000
,
10000000
10000000
01000000
00010000
,
01100000
10010000
00011000
00001001
,
00000010
00000010
00000001
00000001
,
00000100
00000100
00001000
00001000
,
00000110
00001000
00010000
01100000
,
00010000
00010000
10000000
10000000
,
00010000
00100000
00010000
00001000
,
00010000
01000000
10000000
10000000
,
00010000
01000000
10000000
01000000
,
01100000
00010000
00001000
00000110
,
00000001
00000001
00001000
00001000
,
00000001
00000100
00001000
00010000
,
00000100
00000001
00000010
00000010
,
00001000
00001000
00000100
00000100
,
00000001
00000001
00000001
00000001
,
00001001
00000100
00001001
00000100
,
00000010
00000110
00001000
00010000
,
00100000
00100000
00001000
00001000
,
00000010
00001000
00010000
01100000
,
10000000
00100000
00010000
00100000
,
01000000
01000000
00100000
01000000
,
10010000
01000000
10010000
01000000
,
01100000
00010000
00001000
00000110
,
00000001
00000010
00001000
00010000
,
00100000
00100000
10000000
10000000
,
10000000
01000000
00010000
00001000
,
00000100
00000100
00000001
00000001
,
00000010
00000001
00000010
00001000
,
00000010
00000100
00000010
00000100
,
00000010
00000010
00000001
00000100
,
00000110
00001000
00010000
01100000
,
00100000
10000000
00100000
00010000
,
00100000
01000000
00100000
01000000
,
00100000
00100000
10000000
01000000
,
01100000
00010000
00001000
00000110
,
00000001
00000001
00000100
00001000
,
00000110
00000001
00000110
00001000
,
00000001
00000010
00001000
00001000
,
00000110
00001000
00010000
01100000
,
10000000
10000000
00100000
00010000
,
01000000
01000000
10000000
00100000
,
01000000
01000000
00100000
01000000
,
10010000
01100000
00010000
00001000
,
00000010
00000010
00010000
00010000
,
01000000
01000000
00001000
00001000
,
00000010
00000010
00010000
00010000
,
01000000
00001000
00000100
00000001
,
00000001
00000001
00000010
00001000
,
00010000
00010000
00100000
10000000
,
10000000
10000000
01000000
00010000
,
00001000
00001000
00000100
00000001
,
00000010
00000000
00000000
00000000
;

//---------------dance-double - ----------------
#NOTES:
     dance-double:
     :
     Medium:
     6:
     0.400,0.440,0.510,0.000,0.000:
00000000
00000000
00000000
00000000
,
00000000
00000000
00000000
00000000
,
00000000
00000000
00000000
00000000
,
00000000
00000000
00000000
00000000
,
00010000
00000000
00100000
00000000
10000000
00000000
01000000
00010000
,
00001000
01100000
00010000
00001000
,
01000000
00000000
01100000
00000000
00010000
00000000
00001000
00010000
,
01000000
10000000
00110000
10000000
,
01100000
00000000
00010000
00000000
10000000
00000000
01000000
00010000
,
00001000
00000110
00001001
00000100
,
00000010
00001000
00000100
00001001
,
00000010
00000001
00000100
00000010
,
00001100
00000011
00001000
00000100
,
00001000
00010000
01100000
10010000
,
00100000
00010000
00100000
10000000
,
00011000
00001001
00000100
00001000
,
00010000
01100000
10000000
01100000
,
10000000
01000000
00010000
00001000
,
00000100
00000100
00001000
00010000
,
00000010
00001000
00010000
00000000
01000000
00010000
00001000
00000000
,
00010100
00011000
00010100
00011000
,
00100000
00010000
00001000
00000000
00000100
00001000
00010000
00000000
,
01001000
00011000
01001000
00011000
,
00001000
00010000
00000010
00000000
00000010
00010000
00001000
00000000
,
00101000
00011000
00100000
00011000
,
00000010
00001000
00010000
00000000
01000000
00010000
00001000
00000000
,
00010100
00011000
00010100
00011000
,
00010000
00010000
01000000
01000000
,
10000000
01100000
00010000
00001000
,
00001000
00001000
00000100
00000100
,
00000001
00000110
00001000
00010000
,
01000000
00000000
01000000
00000000
01000000
00000000
00010000
00001000
,
00000100
00000000
00000100
00000000
00000100
00000000
00001000
00010000
,
01000000
00000000
01000000
00000000
01000000
00000000
00010000
00001000
,
00000100
00000000
00000100
00000000
00000100
00000000
00001000
00010000
,
01000000
00000000
00100000
00000000
00100000
00000000
10000000
00010000
,
01000000
00000000
00100000
00000000
00100000
00000000
10000000
00100000
,
00010000
00000000
00100000
00000000
00100000
00000000
10000000
00100000
,
01000000
00100000
00100000
00100000
,
00010000
00100000
01000000
01000000
,
01001000
01010000
01001000
01010000
,
01000000
01000000
00100000
00100000
,
00101000
00110000
00101000
00110000
,
01100000
00010000
00001000
00000110
,
00000001
00000001
00001000
00001000
,
00000001
00001010
00000101
00000010
,
00001000
00001000
00000100
00000100
,
00000010
00000100
00001000
00000000
00010000
00000000
01100000
00000000
,
00100000
01000000
00010000
00000000
00001000
00000000
00000110
00000000
,
00000010
00000100
00001000
00000000
00010000
00000000
01100000
00000000
,
00100000
01000000
00010000
00000000
00001000
00000000
00000110
00000000
,
00001000
00000010
00000001
00000000
00000010
00000000
00001000
00000000
,
00000001
00000100
00000110
00001000
,
00010000
01100000
01000000
10000000
,
00010000
00000000
00100000
00000000
10000000
00100000
00010000
00000000
,
01100000
00000000
00000000
00000000
;

//---------------dance-double - ----------------
#NOTES:
     dance-double:
     :
     Hard:
     7:
     0.480,0.440,0.250,0.000,0.000:
00000000
00000000
00000000
00000000
,
00000000
00000000
00000000
00000000
,
00000000
00000000
00000000
00000000
,
00000000
00000000
00000000
00000000
,
10000000
01000000
10000000
00000000
00010000
01000000
00010000
00000000
,
01001000
00011000
00010100
00001100
,
00000001
00001000
00000010
00000000
00000010
00001000
00000001
00000000
,
00000001
00000100
00001000
00000000
00000001
00000100
00001000
00000000
,
00000001
00000001
00000010
00000010
00001000
00001000
00000100
00000000
,
00010100
00011000
01001000
01010000
,
00100000
10000000
01000000
00000000
00100000
00010000
01000000
00000000
,
01000000
00001000
00010000
00000000
00001000
00010000
00000100
00000000
,
00000100
00001000
00000010
00000000
00000100
00000001
00000010
00000000
,
00000010
00000010
00001000
00001000
00000100
00000100
00000001
00000000
,
00000001
00000010
00001000
00000000
00000001
00000100
00001000
00000000
,
00000010
00010000
00001000
00000000
00010000
00001000
00100000
00000000
,
00010000
01000000
10000000
00000000
00010000
00100000
10000000
00000000
,
00100000
00100000
00010000
00010000
01000000
01000000
10000000
00000000
,
10000000
00010000
10000000
10000000
00010000
00010000
00010000
00000000
,
10000000
01000000
00010000
00000000
00010000
01000000
00010000
00000000
,
01000000
00010000
00001000
00000000
00001000
00010000
00001000
00000000
,
00010000
00001000
00000100
00000000
00000100
00001000
00000100
00000000
,
00001000
00000100
00000001
00000000
00000001
00000100
00000001
00000000
,
00001001
00000101
00001001
00001100
,
00001001
00011000
10010000
01100000
,
00100000
01000000
00100000
00000000
00010000
10000000
10000000
00000000
,
00010000
00010000
01000000
01000000
10000000
10000000
01000000
00000000
,
10000000
00010000
01000000
00001000
00010000
00000100
00001000
00000001
,
00000001
00000100
00000100
00001000
00001000
00000010
00000010
00000000
,
00000001
00001000
00000100
00010000
00001000
01000000
00010000
10000000
,
10000000
01000000
01000000
00010000
00010000
00100000
00100000
00000000
,
11000000
00000000
00110000
00000000
10000000
01000000
00010000
00000000
,
01100000
00000000
00110000
00000000
00001000
00010000
00010000
00000000
,
00001100
00000000
00000011
00000000
00000100
00001000
00000001
00000000
,
00000011
00000000
00001001
00000000
00000001
00000010
00001000
00000000
,
00000001
00000100
00001000
00000000
00000100
00000000
00001000
00000000
,
00000100
00001000
00010000
00000000
00001000
00000000
00010000
00000000
,
00001000
00010000
01000000
00000000
00010000
00000000
01000000
00000000
,
00010000
01000000
10000000
00000000
01000000
00000000
10000000
00000000
,
00100000
00000000
10000000
00010000
01000000
00000000
00001000
01000000
,
00010000
00000000
00100000
00001000
00010000
00000000
00001000
00000100
,
00000001
00000000
00001000
00000010
00000100
00000000
00000001
00000010
,
00000100
00000000
00001000
00000010
00010000
00000000
00001000
00100000
,
00010000
00000000
01000000
00001000
00010000
00000000
00010000
01000000
,
10000000
00000000
10000000
00100000
00010000
00000000
00100000
01000000
,
00010000
00000000
00001000
00100000
00010000
00000000
00100000
00001000
,
00010000
00000000
00001000
00000100
00000001
00000000
00000010
00000000
,
00000001
00000100
00000010
00001000
00000100
00010000
00001000
00100000
,
00010000
01000000
00100000
10000000
01000000
00100000
00100000
00000000
,
10000000
10000000
00100000
00100000
01000000
01000000
00010000
00010000
,
00100000
00100000
00001000
00001000
00010000
00010000
00001000
00000000
,
00000010
00010000
00001000
00100000
00001000
00010000
00001000
00000000
,
01000000
00001000
00010000
00000100
00010000
00001000
00010000
00000000
,
00000010
00001000
00010000
00100000
00010000
00001000
00010000
00000000
,
00001000
00010000
01000000
10000000
01000000
00010000
01000000
00000000
,
01100000
00000000
00000000
00000000
;
