#TITLE:Star Trail;
#SUBTITLE:;
#ARTIST:Nhato;
#TITLETRANSLIT:;
#SUBTITLETRANSLIT:;
#ARTISTTRANSLIT:;
#GENRE:;
#CREDIT:;
#BANNER:Star Trail.png;
#BACKGROUND:Star Trail-bg.png;
#LYRICSPATH:;
#CDTITLE:./CDTitles/beatmania IIDX 19 Lincle.png;
#MUSIC:Star Trail.ogg;
#OFFSET:0.000000;
#SAMPLESTART:16.216000;
#SAMPLELENGTH:14.959999;
#SELECTABLE:YES;
#DISPLAYBPM:74.000000:148.000000;
#BPMS:0.000000=74.000000
,20.000000=148.000000
,164.000000=74.000000
,172.000000=148.000000
;
#STOPS:
;
#BGCHANGES:
;
#KEYSOUNDS:;
#ATTACKS:;

//---------------dance-single - ----------------
#NOTES:
     dance-single:
     :
     Hard:
     13:
     0.554762,0.742500,0.033333,0.166667,0.495833,466.000000,462.000000,4.000000,20.000000,0.000000,0.000000,0.554762,0.742500,0.033333,0.166667,0.495833,466.000000,462.000000,4.000000,20.000000,0.000000,0.000000:
0000
0000
0000
0000
,
0000
0000
0000
0000
,
0000
0000
0000
0000
,
0000
0000
0000
0000
,
0000
0000
0000
0000
,
1000
0000
0010
0000
1000
0000
0010
0000
1000
0000
0001
0000
0010
0000
0100
0010
,
0100
1000
0001
0100
0001
0010
0001
0010
,
0001
0000
0100
0000
0001
0000
0100
0000
0001
0000
1000
0000
0100
0000
0010
0001
,
0010
0000
0001
0000
1000
0000
0010
0000
1000
0001
0010
0001
0010
0001
0010
0001
,
1000
0000
0010
0000
1000
0000
0010
0000
0100
0000
0001
0000
0010
0000
0001
0100
,
0001
0010
0100
0010
0001
0010
0100
1000
,
0001
0010
0001
0010
0001
0000
1000
0001
1000
0000
0010
1000
0010
0000
0100
0001
,
0200
0000
0000
0000
,
0301
0000
0010
0000
0001
0000
0010
0000
0100
0000
0010
0100
0000
0000
1000
0000
,
0010
0000
1000
0000
0010
0000
1000
0000
0010
0000
0100
0010
0000
0000
0100
0000
,
0001
0000
0000
0000
0010
0000
0000
0000
0001
0000
0000
0000
0100
0000
0000
0000
0010
0000
0000
0000
0100
0000
0000
0000
0010
0000
0000
0000
0000
0000
1000
0000
0000
0100
0000
0000
0000
0000
0000
0000
0000
0000
1000
0000
0000
0000
0000
0000
,
0002
0000
2003
0000
,
3001
0000
0100
0000
0001
0000
0100
0000
1000
0000
0100
1000
0000
0000
0100
0000
,
0010
0000
0100
0000
0010
0000
0100
0000
0001
0000
0010
0001
0000
0000
0010
0000
,
0001
0000
0010
0000
1000
0000
0010
0000
0001
0000
0100
0001
0000
0000
0100
0000
,
0202
0000
0000
0000
0000
0000
0000
0000
0303
0000
0000
0000
0001
0010
0001
0010
,
0100
0000
0000
1000
0000
0000
0010
0000
0000
0001
0000
0000
0010
0000
0100
0010
,
0100
0000
0000
0001
0000
0000
0010
0000
0000
1000
0000
0000
0010
0000
0001
0010
,
0001
0000
0000
0100
0000
0000
0010
0000
0000
0001
0000
0000
1000
0000
0100
0010
,
0100
0000
0000
0001
0000
0000
0010
0000
0000
1000
0000
0000
0001
0000
0100
0000
,
1000
0000
0100
0000
1000
0000
0100
0000
0010
0000
0100
0010
0000
0001
0000
1000
,
0010
0000
1000
0000
0010
0000
1000
0000
0100
0000
1000
0100
0000
0010
0000
0001
,
0100
0000
0001
0000
0100
0000
0010
0000
0100
0000
0001
1000
0000
1000
0000
0001
,
0020
0000
0000
0000
0130
1000
0100
1000
0200
0000
0000
0000
0310
0001
0010
0001
,
0100
0000
0000
0001
0000
0000
0010
0000
0000
1000
0000
0000
0010
0000
0100
0010
,
0100
0000
0000
1000
0000
0000
0010
0000
0000
0001
0000
0000
0010
0000
1000
0010
,
1000
0000
0000
0100
0000
0000
0010
0000
0000
1000
0000
0000
0001
0000
0100
0010
,
0100
0000
0000
1000
0000
0000
0010
0000
0000
0001
0000
0000
1000
0000
0100
0000
,
0001
0000
0100
0000
0001
0000
0100
0000
0010
0000
0100
0010
0000
1000
0000
1000
,
0010
0000
1000
0000
0010
0000
1000
0000
0100
0000
1000
0100
0000
0100
0000
0010
,
0100
0010
0100
0010
0100
0010
0100
0010
0100
0000
1000
0001
0000
0001
0000
1000
,
0010
0000
1000
0000
0100
1000
0100
1000
0100
0000
0002
0000
0000
0000
0000
0000
,
0203
0000
1300
0010
1000
0010
1000
0100
,
0010
0100
1000
0010
0001
0010
1000
0010
,
2000
0000
3001
0010
0001
0100
0001
1000
,
0100
0010
0100
0010
0001
0100
1000
0100
,
0002
0000
0103
0000
1100
0000
1000
0100
0010
1000
0100
0000
0101
0000
0001
0100
,
0020
0000
0000
0000
0130
0000
0000
0000
1001
0000
0000
0000
1000
0000
0010
0000
0100
0000
0001
0000
0000
0010
0000
0000
0100
0000
0010
0000
0001
0000
0010
0000
,
0002
0000
1003
0010
0001
0010
0001
0010
,
0100
0001
0100
0000
0001
0010
0001
0000
0100
0010
0100
0000
0010
1000
0010
0000
,
0020
0000
0130
0001
0010
1000
0010
0001
,
0010
0001
0010
0000
0100
1000
0100
0000
1000
0010
1000
0000
0001
0100
0001
0000
,
0200
0000
0310
1000
0100
0001
0100
1000
,
0010
1000
0010
0000
0100
0010
0100
0000
0001
1000
0001
0000
0010
0001
0010
0000
,
2000
0000
3010
0001
0100
1000
0100
0001
,
0010
1000
0010
0000
0001
0010
0001
0000
1000
0100
1000
0000
0010
0100
0010
0100
,
0001
0000
1000
0000
0001
0000
0000
0000
0010
0000
0001
0010
0001
0000
1000
0010
,
0000
1000
0010
1000
0010
0000
0100
0000
0010
0000
0000
1000
0000
0000
0010
0000
,
1000
0100
1000
0100
1000
0000
0001
0000
1000
0000
0000
0010
0000
0000
0001
0000
,
1000
0000
0000
0000
0000
0000
0000
0000
0000
0100
0000
0000
0000
0000
0000
0000
0000
0000
0001
0000
0000
0000
0000
0000
0000
0000
0000
0010
0000
0000
0000
0000
0000
0000
0000
0000
0001
0000
0000
0000
0010
0000
0000
0000
0001
0000
0000
0000
,
0010
0000
0100
0000
1000
0000
0010
0000
0100
0000
0001
0000
0100
0000
0010
0100
,
0010
0000
0100
0001
0100
0000
0001
0000
0010
0000
0000
0100
0000
0000
0001
0000
,
0100
0000
1000
0000
0010
0000
0001
0000
1000
0000
0100
0000
0001
0010
0001
0200
,
0000
0000
0000
0000
0000
0000
0000
0000
0000
0000
0000
0000
0310
1000
0010
1000
,
0200
0000
0000
0000
0001
0000
0000
1000
,
0000
0000
0000
0000
0000
0000
0000
0000
0000
0000
0000
0000
0000
0000
1300
0001
,
0020
0000
0000
0000
0001
0000
0000
0100
,
0000
0000
0000
0000
0000
0130
1000
0010
,
0002
0000
0000
0000
,
0000
0000
0000
0000
,
0000
0000
0000
0000
,
0003
0000
0000
0000
;

//---------------dance-single - ----------------
#NOTES:
     dance-single:
     :
     Beginner:
     2:
     0.080952,0.137500,0.008333,0.075000,0.000000,68.000000,67.000000,1.000000,9.000000,0.000000,0.000000,0.080952,0.137500,0.008333,0.075000,0.000000,68.000000,67.000000,1.000000,9.000000,0.000000,0.000000:
0000
0000
0000
0000
,
0000
0000
0000
0000
,
0000
0000
0000
0000
,
0000
0000
0000
0000
,
0000
0000
0000
0000
,
1000
0000
0001
0000
,
1000
0000
0000
0000
,
0001
0000
1000
0000
,
0001
0000
0000
0000
,
0010
0000
0001
0000
,
0010
0000
0000
0000
,
0001
0000
1000
0000
,
0001
0000
0000
0000
,
0010
0000
0000
0000
,
1000
0000
0000
0000
,
0001
0000
0000
0000
,
0010
0000
0100
0000
,
0010
0000
0000
0000
,
0001
0000
0000
0000
,
1000
0000
0000
0000
,
1001
0000
0000
0000
,
0001
0000
1000
0000
,
0010
0000
0000
0000
,
1000
0000
0001
0000
,
0010
0000
0000
0000
,
0001
0000
0000
0000
,
1000
0000
0000
0000
,
0010
0000
0000
0000
,
1000
0000
0001
0000
,
1000
0000
0001
0000
,
0010
0000
0000
0000
,
0001
0000
1000
0000
,
0010
0000
0000
0000
,
1000
0000
0001
0000
,
0100
0000
0001
0000
,
1000
0000
0000
0000
,
0001
0000
0000
0000
,
0020
0000
0000
0000
,
0030
0000
0000
0000
,
2000
0000
0000
0000
,
3000
0000
0000
0000
,
0200
0000
0300
0000
,
0002
0000
0000
0000
0000
0000
0000
0003
,
0020
0000
0000
0000
,
0030
0000
0000
0000
,
2000
0000
0000
0000
,
3000
0000
0000
0000
,
0002
0000
0000
0000
,
0003
0000
0000
0000
,
0020
0000
0000
0000
,
0030
0000
0000
0000
,
0100
0000
0010
0000
,
0100
0000
0000
0000
,
1000
0000
0001
0000
,
1000
0000
0000
0000
,
0010
0000
0100
0000
,
0010
0000
0000
0000
,
0100
0000
0001
0000
,
0100
0000
0000
0000
,
0001
0000
0000
0000
,
0000
0000
0000
0000
,
1000
0000
0000
0000
,
0000
0000
0000
0000
,
0020
0000
0000
0000
,
0000
0000
0000
0000
,
0000
0000
0000
0000
,
0030
0000
0000
0000
;

//---------------dance-single - ----------------
#NOTES:
     dance-single:
     :
     Medium:
     9:
     0.369048,0.440000,0.208333,0.116667,0.000000,310.000000,285.000000,25.000000,14.000000,0.000000,0.000000,0.369048,0.440000,0.208333,0.116667,0.000000,310.000000,285.000000,25.000000,14.000000,0.000000,0.000000:
0000
0000
0000
0000
,
0000
0000
0000
0000
,
0000
0000
0000
0000
,
0000
0000
0000
0000
,
0000
0000
0000
0000
,
1000
0000
0010
0000
1000
0000
0010
0100
,
0001
0100
0010
0000
1000
0010
1000
0000
,
0001
0000
0010
0000
0001
0000
0010
0100
,
1000
0100
0010
0000
0100
1000
0100
1000
,
0001
0010
1000
0010
,
0001
0000
0010
0001
1000
0000
0001
0000
,
1000
0110
1001
0110
,
0002
0000
0000
0000
,
0103
0010
0100
0000
0001
0100
1000
0000
,
0100
0010
0100
0000
1000
0100
0001
0000
,
0100
0010
1000
0001
0100
0000
0010
0000
,
2000
0000
3002
0000
,
1003
0010
1000
0000
0001
0100
1000
0000
,
0100
0001
0100
0000
1000
0100
0001
0000
,
0010
0100
1000
0001
0010
0000
0100
0000
,
2200
0000
0000
3300
,
0101
0000
1100
0000
0001
0100
0001
0000
,
1100
0000
0101
0000
1000
0100
1000
0000
,
0011
0000
0101
0000
0010
0100
0010
0000
,
1100
0000
1010
0000
0100
0010
0100
0000
,
0001
0100
1000
0000
1000
0100
0001
0000
,
0001
0100
1000
0000
1000
0100
0001
0000
,
0100
0001
0100
0001
0100
0001
0100
0000
,
0020
0000
0000
0000
2000
0000
0000
3030
,
1100
0000
0101
0000
1000
0100
1000
0000
,
0101
0000
1100
0000
0001
0100
0001
0000
,
1010
0000
1100
0000
0010
0100
0010
0000
,
0101
0000
0011
0000
0100
0010
0100
0000
,
0010
0100
0001
0000
1002
0000
0000
0000
,
0013
0100
1000
0000
2001
0000
0000
0000
,
3100
1000
0100
1000
0100
1000
0100
0000
,
2000
0000
0001
0100
,
3100
0010
0001
0000
1000
0100
0010
0000
,
0001
1000
0100
0000
0010
0001
1000
0000
,
0001
0100
0010
0000
1000
0001
0100
0000
,
0010
1000
0001
0000
0100
0010
1000
0000
,
0001
0000
0110
0000
1000
0010
1001
0000
,
0100
0000
0011
0000
0100
1000
0100
0010
,
0001
0000
0001
0000
0100
0010
0100
0001
,
1000
0100
0010
0000
0010
0100
1000
0000
,
0010
0000
0010
0000
1000
0001
1000
0100
,
0010
0100
1000
0000
1000
0010
1000
0000
,
0100
0000
0100
0000
0010
0001
0010
0001
,
0100
0010
1000
0000
1000
0010
0100
0000
,
0001
0000
0001
0000
0100
0001
0100
0010
,
1000
0100
0010
0001
0010
0100
1000
0000
,
0001
0000
1000
0000
0001
0000
0000
1000
,
0010
0000
1000
0100
0000
1000
0001
0000
,
0010
0001
0100
1000
0100
0000
0000
0001
,
0010
0000
0001
0100
0000
0001
1000
0100
,
0010
0000
0001
0000
0010
0000
0100
0010
,
0000
0100
1000
0000
0100
0001
0000
0100
,
1000
0000
0010
0000
1000
0000
0001
0020
,
0000
0000
0000
0000
,
0032
0000
0000
0000
0010
0000
0000
1000
,
0000
0000
0000
0000
,
0203
0000
0000
0000
0010
0000
0000
0001
,
0000
0000
0000
0000
0300
0001
1000
0010
,
0200
0000
0000
0000
,
0000
0000
0000
0000
,
0000
0000
0000
0000
,
0300
0000
0000
0000
;

//---------------dance-single - ----------------
#NOTES:
     dance-single:
     :
     Easy:
     5:
     0.200000,0.275000,0.083333,0.158333,0.000000,168.000000,158.000000,10.000000,19.000000,0.000000,0.000000,0.200000,0.275000,0.083333,0.158333,0.000000,168.000000,158.000000,10.000000,19.000000,0.000000,0.000000:
0000
0000
0000
0000
,
0000
0000
0000
0000
,
0000
0000
0000
0000
,
0000
0000
0000
0000
,
0000
0000
0000
0000
,
1000
1000
0100
0000
,
0010
0010
0001
0000
,
0001
0001
0100
0000
,
0010
0010
1000
0000
,
0001
0001
0010
0000
,
0100
0100
1000
0000
,
0010
1000
0010
1000
,
0002
0000
0000
0003
,
0010
0001
1000
0000
,
0001
1000
0100
0000
,
0010
0001
1000
0000
,
0001
0000
1000
0001
,
1000
0001
0010
0000
,
0100
1000
0001
0000
,
0010
0001
1000
0001
,
0200
0000
0000
0310
,
1001
0000
0010
0001
,
1001
0000
0010
0100
,
0110
0000
0001
1000
,
1001
0000
0100
0010
,
0110
0000
0100
0100
,
2000
0000
0001
0001
,
3002
0000
0100
0100
,
0203
0000
0000
0310
,
1001
0000
0010
1000
,
1001
0000
0010
0100
,
0110
0000
1000
0001
,
1001
0000
0100
0010
,
0210
0000
0001
0000
,
0010
0000
0001
0000
,
0320
0000
0100
0000
,
1000
0000
0100
0000
,
2030
0000
3100
0000
,
0010
0000
0001
0000
,
0020
0000
0130
0000
,
1000
0000
0001
0000
,
0200
0301
0010
0100
,
2000
3001
0100
0010
,
1000
0100
0010
0001
,
0010
0100
2000
0000
,
3001
0100
0010
1000
,
0010
0100
0002
0000
,
1003
0100
0010
0100
,
0010
0100
2000
0000
,
3001
0100
0010
0100
,
0010
0100
0002
0000
,
1003
0000
0010
0000
,
0100
0010
0100
0000
,
0001
1000
0001
0000
,
1000
0100
1000
0000
,
0001
1000
0010
0000
,
0100
0001
1000
0000
,
0010
0100
0010
0000
,
2000
0000
0000
0000
,
3002
0000
0000
0000
,
0000
0000
0000
0000
,
0203
0000
0000
0000
,
0000
0000
0000
0000
,
0020
0000
0000
0000
,
0000
0000
0000
0000
,
0000
0000
0000
0000
,
0330
0000
0000
0000
;

//---------------dance-double - ----------------
#NOTES:
     dance-double:
     :
     Easy:
     6:
     0.201190,0.275000,0.100000,0.141667,0.000000,169.000000,157.000000,12.000000,17.000000,0.000000,0.000000,0.201190,0.275000,0.100000,0.141667,0.000000,169.000000,157.000000,12.000000,17.000000,0.000000,0.000000:
  // measure 0
00000000
00000000
00000000
00000000
,  // measure 1
00000000
00000000
00000000
00000000
,  // measure 2
00000000
00000000
00000000
00000000
,  // measure 3
00000000
00000000
00000000
00000000
,  // measure 4
00000000
00000000
00000000
00000000
,  // measure 5
10000000
10000000
01000000
00000000
,  // measure 6
00100000
00100000
01000000
00000000
,  // measure 7
00010000
00010000
00001000
00000000
,  // measure 8
00000010
00000010
00000100
00001000
,  // measure 9
00000001
00000001
00000100
00000000
,  // measure 10
00000010
00000010
00000100
00000000
,  // measure 11
00001000
00001000
00010000
00000000
,  // measure 12
00002000
00000000
00000000
00003000
,  // measure 13
00100000
00010000
01000000
00000000
,  // measure 14
00010000
00100000
00001000
00000000
,  // measure 15
01000000
00010000
00100000
00000000
,  // measure 16
00001000
00000000
00010000
00000000
,  // measure 17
00000010
00001000
00000100
00000000
,  // measure 18
00001000
00000010
00010000
00000000
,  // measure 19
00000100
00001000
00000010
00010000
,  // measure 20
00002000
00000000
00000000
00013000
,  // measure 21
00001100
00000000
00000010
00001000
,  // measure 22
00001100
00000000
00010000
00000100
,  // measure 23
00001100
00000000
00000001
00000010
,  // measure 24
00001100
00000000
00010000
00000100
,  // measure 25
00000010
00000001
00001001
00000000
,  // measure 26
00000100
00001000
00011000
00000000
,  // measure 27
00010000
00100000
01100000
00000000
,  // measure 28
20000000
00000000
00000000
30010000
,  // measure 29
01010000
00000000
00100000
00010000
,  // measure 30
01010000
00000000
00001000
01000000
,  // measure 31
01010000
00000000
10000000
00100000
,  // measure 32
01010000
00000000
00001000
01000000
,  // measure 33
01020000
00000000
00100000
00000000
,  // measure 34
01000000
00000000
00100000
00000000
,  // measure 35
00032000
00000000
00000100
00000000
,  // measure 36
00000010
00000000
00000100
00000000
,  // measure 37
00023000
00000000
00130000
00000000
,  // measure 38
01000000
00000000
10000000
00000000
,  // measure 39
02000000
00000000
03100000
00000000
,  // measure 40
00010000
00000000
00001000
00000000
,  // measure 41
00000200
00000310
00000001
00000010
,  // measure 42
00000200
00001300
00010000
00100000
,  // measure 43
01000000
00100000
00010000
00001000
,  // measure 44
00000100
00000010
00000002
00000000
,  // measure 45
00000103
00000010
00001000
00010000
,  // measure 46
01000000
00100000
20000000
00000000
,  // measure 47
31000000
00010000
00001000
00010000
,  // measure 48
00001000
00000010
00000002
00000000
,  // measure 49
00000103
00001000
00010000
00100000
,  // measure 50
10000000
00100000
00020000
00000000
,  // measure 51
00031000
00000000
00010000
00000000
,  // measure 52
00000100
00000010
00000100
00000000
,  // measure 53
00001000
00000001
00001000
00000000
,  // measure 54
00000010
00010000
00001000
00000000
,  // measure 55
00100000
00001000
00010000
00000000
,  // measure 56
00100000
01000000
00010000
00000000
,  // measure 57
10000000
00010000
10000000
00000000
,  // measure 58
00200000
00000000
00000000
00000000
,  // measure 59
02300000
00000000
00000000
00000000
,  // measure 60
00000000
00000000
00000000
00000000
,  // measure 61
03002000
00000000
00000000
00000000
,  // measure 62
00000000
00000000
00000000
00000000
,  // measure 63
00003200
00000000
00000000
00000000
,  // measure 64
00000000
00000000
00000000
00000000
,  // measure 65
00000000
00000000
00000000
00000000
,  // measure 66
00000300
00000000
00000000
00000000
;

//---------------dance-double - ----------------
#NOTES:
     dance-double:
     :
     Medium:
     9:
     0.333333,0.440000,0.225000,0.125000,0.000000,280.000000,253.000000,27.000000,15.000000,0.000000,0.000000,0.333333,0.440000,0.225000,0.125000,0.000000,280.000000,253.000000,27.000000,15.000000,0.000000,0.000000:
  // measure 0
00000000
00000000
00000000
00000000
,  // measure 1
00000000
00000000
00000000
00000000
,  // measure 2
00000000
00000000
00000000
00000000
,  // measure 3
00000000
00000000
00000000
00000000
,  // measure 4
00000000
00000000
00000000
00000000
,  // measure 5
10000000
00000000
00010000
00000000
00100000
00000000
00010000
01000000
,  // measure 6
00010000
00100000
00001000
00000010
,  // measure 7
00000001
00000000
00001000
00000000
00000010
00000000
00001000
00000100
,  // measure 8
00001000
00000010
00010000
00100000
,  // measure 9
10000000
00000000
00010000
00000000
00100000
00000000
00001000
00010000
,  // measure 10
00001000
00100000
00001000
00000010
,  // measure 11
00000001
00001001
00000110
00001010
,  // measure 12
00020000
00000000
00000000
00000000
,  // measure 13
00130000
01000000
00100000
00000000
01000000
00000000
00010000
00000000
,  // measure 14
00100000
01000000
00100000
00000000
00010000
00000000
00001000
00000000
,  // measure 15
00000100
00001000
00000100
00001000
00000010
00000000
00001000
00000000
,  // measure 16
00002000
00000000
00003002
00000000
,  // measure 17
00000013
00000100
00000010
00000000
00000100
00000000
00001000
00000000
,  // measure 18
00000010
00000100
00000010
00000000
00001000
00000000
00010000
00000000
,  // measure 19
01000000
00010000
01000000
00010000
00100000
00000000
00010000
00000000
,  // measure 20
02020000
00000000
00000000
03030000
,  // measure 21
11000000
00000000
01010000
00000000
10000000
01000000
00100000
00000000
,  // measure 22
01010000
00000000
11000000
00000000
00010000
01000000
00100000
00000000
,  // measure 23
00110000
00000000
00011000
00000000
00010000
00100000
00010000
00000000
,  // measure 24
00011000
00000000
00001010
00000000
00001000
00000100
00001000
00000000
,  // measure 25
00000001
00000100
00000110
00000010
,  // measure 26
00001000
00010000
01100000
01000000
,  // measure 27
00010000
01000000
00010000
01000000
00010000
00000000
00100000
00000000
,  // measure 28
00002000
00000000
00003010
00000001
,  // measure 29
00000101
00000000
00001100
00000000
00000001
00000100
00000010
00000000
,  // measure 30
00001100
00000000
00000101
00000000
00001000
00000100
00000010
00000000
,  // measure 31
00001010
00000000
00011000
00000000
00001000
00000010
00001000
00000000
,  // measure 32
00011000
00000000
00110000
00000000
00010000
00001000
00010000
00000000
,  // measure 33
01000000
01000000
01200000
00000000
,  // measure 34
00301000
00010000
00010200
00000000
,  // measure 35
00001300
00000100
00001000
00000100
00000010
00000000
00000001
00000000
,  // measure 36
00002000
00000000
00000001
00000100
,  // measure 37
00003002
00000000
00000103
00001000
,  // measure 38
00010000
01000000
10000000
01000000
,  // measure 39
00020000
00000000
00031000
00000010
,  // measure 40
00000001
00000100
00001000
00000100
,  // measure 41
00000001
00000000
00001100
00000000
00000100
00010000
00011000
00000000
,  // measure 42
00100000
00000000
00110000
00000000
01000000
10000000
01000000
00100000
,  // measure 43
00010000
00000000
00010000
00000000
01000000
00100000
01000000
00000000
,  // measure 44
00001000
01000000
00010000
00000000
00010000
00100000
00001000
00000000
,  // measure 45
00010000
00000000
00010000
00000000
00000010
00010000
00000010
00000000
,  // measure 46
00010000
00001000
00100000
00000000
00100000
00001000
00010000
00000000
,  // measure 47
00000100
00000000
00000100
00000000
00000010
00000001
00000010
00000000
,  // measure 48
00000100
00010000
00001000
00000000
00001000
00010000
00000010
00000000
,  // measure 49
00000001
00000000
00000001
00000000
00000010
00001000
00000010
00000000
,  // measure 50
00001000
00000100
00000010
00000001
00000010
00000100
00001000
00000000
,  // measure 51
00000001
00000000
00001000
00000000
00010000
00000000
00000000
00001000
,  // measure 52
00000010
00000000
00010000
00001000
00000000
01000000
00001000
00000000
,  // measure 53
00010000
00001000
00010000
01000000
10000000
00000000
00000000
00010000
,  // measure 54
00100000
00000000
00001000
00010000
00000000
00000010
00010000
00000100
,  // measure 55
00001000
00000000
00000001
00000000
00001000
00000000
00010000
00001000
,  // measure 56
00000000
00000010
00001000
00000000
00000100
00010000
00000000
00001000
,  // measure 57
00010000
00000000
01000000
00000000
10000000
00000000
00010000
00200000
,  // measure 58
00000000
00000000
00000000
00000000
,  // measure 59
00302000
00000000
00000000
00000000
00000000
00000000
00000000
00010000
,  // measure 60
00000000
00000000
00000000
00000000
,  // measure 61
00003200
00000000
00000000
00000000
00000000
00000000
00000000
00000001
,  // measure 62
00000000
00000000
00000000
00000000
00000300
00000001
00001000
00000010
,  // measure 63
00000200
00000000
00000000
00000000
,  // measure 64
00000000
00000000
00000000
00000000
,  // measure 65
00000000
00000000
00000000
00000000
,  // measure 66
00000300
00000000
00000000
00000000
;

//---------------dance-double - ----------------
#NOTES:
     dance-double:
     :
     Hard:
     13:
     0.541667,0.687500,0.033333,0.158333,0.470833,455.000000,451.000000,4.000000,19.000000,0.000000,0.000000,0.541667,0.687500,0.033333,0.158333,0.470833,455.000000,451.000000,4.000000,19.000000,0.000000,0.000000:
  // measure 0
00000000
00000000
00000000
00000000
,  // measure 1
00000000
00000000
00000000
00000000
,  // measure 2
00000000
00000000
00000000
00000000
,  // measure 3
00000000
00000000
00000000
00000000
,  // measure 4
00000000
00000000
00000000
00000000
,  // measure 5
10000000
00000000
00100000
00000000
10000000
00000000
00100000
00000000
00010000
00000000
00001000
00000000
00000100
00000000
00000010
00000100
,  // measure 6
00000010
00000100
00001000
00010000
00100000
00010000
00001000
00000100
,  // measure 7
00000001
00000000
00000010
00000000
00000001
00000000
00000010
00000000
00001000
00000000
00010000
00000000
01000000
00000000
00100000
01000000
,  // measure 8
00100000
01000000
00010000
00001000
00010000
00000010
00010000
00001000
,  // measure 9
00010000
00000000
00001000
00000000
00000010
00000000
00000001
00000000
00000100
00000000
00000001
00000000
00000010
00000000
00000001
00000010
,  // measure 10
00000001
00000100
00001000
00010000
00100000
10000000
00100000
10000000
,  // measure 11
00010000
00100000
00010000
00100000
00010000
00000000
10000000
00010000
10000000
00000000
00100000
10000000
00100000
00000000
01000000
00010000
,  // measure 12
02000000
00000000
00000000
00000000
,  // measure 13
03010000
00000000
00100000
00000000
00010000
00000000
00100000
00000000
00001000
00000000
00000010
00001000
00000000
00000000
00010000
00000000
,  // measure 14
00000010
00000000
00001000
00000000
00000010
00000000
00001000
00000000
00010000
00000000
01000000
00010000
00000000
00000000
00001000
00000000
,  // measure 15
00000010
00000000
00000000
00000000
00001000
00000000
00000000
00000000
00000010
00000000
00000000
00000000
00000100
00000000
00000000
00000000
00000001
00000000
00000000
00000000
00000100
00000000
00000000
00000000
00000001
00000000
00000000
00000000
00000000
00000000
00001000
00000000
00000000
00000100
00000000
00000000
00000000
00000000
00000000
00000000
00000000
00000000
00000100
00000000
00000000
00000000
00000000
00000000
,  // measure 16
00020000
00000000
00030200
00000000
,  // measure 17
00001300
00000000
00000010
00000000
00001000
00000000
00000010
00000000
00010000
00000000
00100000
00010000
00000000
00000000
00001000
00000000
,  // measure 18
00100000
00000000
00010000
00000000
00100000
00000000
00010000
00000000
00001000
00000000
00000100
00001000
00000000
00000000
00010000
00000000
,  // measure 19
00100000
00000000
10000000
00000000
00100000
00000000
00010000
00000000
10000000
00000000
00100000
01000000
00000000
00000000
00010000
00000000
,  // measure 20
02020000
00000000
00000000
00000000
00000000
00000000
00000000
00000000
03030000
00000000
00000000
00000000
00010000
00100000
00010000
00100000
,  // measure 21
01000000
00000000
00000000
10000000
00000000
00000000
00100000
00000000
00000000
00010000
00000000
00000000
00000010
00000000
00000100
00000010
,  // measure 22
00000100
00000000
00000000
00000001
00000000
00000000
00000100
00000000
00000000
00001000
00000000
00000000
01000000
00000000
00100000
01000000
,  // measure 23
00100000
00000000
00000000
10000000
00000000
00000000
01000000
00000000
00000000
00010000
00000000
00000000
00000100
00000000
00000010
00000100
,  // measure 24
00000010
00000000
00000000
00000001
00000000
00000000
00000010
00000000
00000000
00001000
00000000
00000000
00100000
00000000
01000000
00000000
,  // measure 25
10000000
00000000
01000000
00000000
10000000
00000000
01000000
00000000
00100000
00000000
01000000
00100000
00000000
00010000
00000000
00100000
,  // measure 26
00001000
00000000
00010000
00000000
00001000
00000000
00010000
00000000
00001000
00000000
00000100
00000010
00000000
00001000
00000000
00000100
,  // measure 27
00001000
00000000
00000100
00000000
00001000
00000000
00000010
00000000
00001000
00000000
00000001
00000010
00000000
00000010
00000000
00001000
,  // measure 28
00020000
00000000
00000000
00000000
00031000
00010000
00001000
00010000
00002000
00000000
00000000
00000000
00013000
00000010
00001000
00000010
,  // measure 29
00000100
00000000
00000000
00000001
00000000
00000000
00000010
00000000
00000000
00001000
00000000
00000000
00100000
00000000
01000000
00100000
,  // measure 30
01000000
00000000
00000000
10000000
00000000
00000000
01000000
00000000
00000000
00010000
00000000
00000000
00000100
00000000
00000010
00000100
,  // measure 31
00000010
00000000
00000000
00000001
00000000
00000000
00000100
00000000
00000000
00001000
00000000
00000000
01000000
00000000
00100000
01000000
,  // measure 32
00100000
00000000
00000000
10000000
00000000
00000000
00100000
00000000
00000000
00010000
00000000
00000000
00000010
00000000
00000100
00000000
,  // measure 33
00000001
00000000
00000100
00000000
00000001
00000000
00000100
00000000
00000010
00000000
00000100
00000010
00000000
00001000
00000000
00000010
,  // measure 34
00010000
00000000
00001000
00000000
00010000
00000000
00001000
00000000
00010000
00000000
01000000
00100000
00000000
00010000
00000000
01000000
,  // measure 35
00010000
01000000
00010000
01000000
00010000
01000000
00010000
01000000
00010000
00000000
10000000
00100000
00000000
00100000
00000000
00010000
,  // measure 36
00001000
00000000
00010000
00000000
00001000
00010000
00001000
00010000
00001000
00000000
00020000
00000000
00000000
00000000
00000000
00000000
,  // measure 37
00030100
00000010
00000001
00000000
00000100
00001000
00010000
00000000
,  // measure 38
00000100
00000010
00000001
00000000
00000100
00001000
00010000
00000000
,  // measure 39
00000010
00010000
00001000
00000000
00000100
00000010
00010000
00000000
,  // measure 40
00001000
00000100
00000010
00000000
00010000
00001000
00000100
00001000
,  // measure 41
00020000
00000000
00031000
00000000
00000110
00000000
00000010
00001000
00010000
00001000
00010000
00000000
00011000
00000000
00010000
01000000
,  // measure 42
20000000
00000000
00000000
00000000
00000000
00000000
30010000
00000000
00000000
00000000
00000000
00000000
01010000
00000000
00000000
00000000
00000000
00000000
00010000
00000000
00000000
00100000
00000000
00000000
01000000
00000000
00000000
00100000
00000000
00000000
00000000
00000000
00001000
00000000
00000000
00000000
00020000
00000000
00000000
00000000
00000000
00000000
00031000
00000000
00000000
00000000
00000000
00000000
,  // measure 43
00000020
00000000
00000031
00001000
00000100
00001000
00000100
00001000
,  // measure 44
00000001
00000010
00000001
00000000
00001000
00000010
00001000
00000000
00000001
00000100
00000001
00000000
00001000
00000001
00001000
00000000
,  // measure 45
00000200
00000000
00000310
00000100
00000010
00000001
00000010
00000100
,  // measure 46
00001000
00000010
00001000
00000000
00000010
00010000
00000010
00000000
00010000
00001000
00010000
00000000
00001000
00100000
00001000
00000000
,  // measure 47
00020000
00000000
00130000
01000000
10000000
01000000
00100000
00010000
,  // measure 48
00001000
00010000
00001000
00000000
00100000
01000000
00100000
00000000
00010000
10000000
00010000
00000000
01000000
00100000
01000000
00000000
,  // measure 49
20000000
00000000
31000000
00010000
00001000
00010000
01000000
00010000
,  // measure 50
00100000
00010000
00100000
00000000
00001000
00100000
00001000
00000000
00010000
00001000
00010000
00000000
00000100
00000010
00000100
00000010
,  // measure 51
00000001
00000000
00001000
00000000
00000001
00000000
00000000
00000000
00000100
00000000
00000010
00001000
00000010
00000000
00001000
00000100
,  // measure 52
00000000
00010000
00000100
00010000
00000100
00000000
00010000
00000000
00001000
00100000
00000000
00000000
00000000
00000000
00010000
00000000
,  // measure 53
01000000
00010000
01000000
00010000
01000000
00000000
00010000
00000000
10000000
00000000
00000000
01000000
00000000
00000000
00010000
00000000
,  // measure 54
00001000
00000000
00000000
00000000
00000000
00000000
00000000
00000000
00000000
00010000
00000000
00000000
00000000
00000000
00000000
00000000
00000000
00000000
01000000
00000000
00000000
00000000
00000000
00000000
00000000
00000000
00000000
00010000
00000000
00000000
00000000
00000000
00000000
00000000
00000000
00000000
00001000
00000000
00000000
00000000
00010000
00000000
00000000
00000000
00001000
00000000
00000000
00000000
,  // measure 55
00010000
00000000
00000100
00000000
00000010
00000000
00001000
00000000
00000010
00000000
00000001
00000000
00000010
00000000
00000001
00000010
,  // measure 56
00000001
00000000
00000100
00000010
00000100
00000000
00000010
00000000
00000100
00000000
00000000
00001000
00000000
00000000
00010000
00000000
,  // measure 57
00100000
00000000
10000000
00000000
00010000
00000000
00100000
00000000
00010000
00000000
01000000
00000000
00100000
10000000
00100000
20000000
,  // measure 58
00000000
00000000
00000000
00000000
00000000
00000000
00000000
00000000
00000000
00000000
00000000
00000000
31000000
10000000
01000000
10000000
,  // measure 59
02000000
00000000
00000000
00000000
00100000
00000000
00000000
10000000
,  // measure 60
00000000
00000000
00000000
00000000
00000000
00000000
00000000
00000000
00000000
00000000
00000000
00000000
00000000
00000000
13000000
00010000
,  // measure 61
00200000
00000000
00000000
00000000
00010000
00000000
00000000
01000000
,  // measure 62
00000000
00000000
00000000
00000000
00000000
01300000
00010000
00001000
,  // measure 63
00000020
00000000
00000000
00000000
,  // measure 64
00000000
00000000
00000000
00000000
,  // measure 65
00000000
00000000
00000000
00000000
,  // measure 66
00000030
00000000
00000000
00000000
;
