#TITLE:stoic (EXTREME version);
#SUBTITLE:;
#ARTIST:TaQ;
#TITLETRANSLIT:;
#SUBTITLETRANSLIT:;
#ARTISTTRANSLIT:;
#CREDIT:;
#BANNER:stoic (EXTREME version).png;
#BACKGROUND:stoic (EXTREME version)-bg.png;
#LYRICSPATH:;
#CDTITLE:./CDTITLES/beatmaniaIIDX.PNG;
#MUSIC:stoic (EXTREME version).ogg;
#OFFSET:0.000;
#SAMPLESTART:58.839;
#SAMPLELENGTH:15.000;
#SELECTABLE:YES;
#DISPLAYBPM:155.000;
#BPMS:0.000=155.172,4.000=155.002,215.750=118.421,216.000=155.000;
#STOPS:215.750=0.467
;
#BGCHANGES:;

//---------------dance-single - ----------------
#NOTES:
     dance-single:
     :
     Beginner:
     3:
     0.183,0.221,0.219,0.000,0.000:
0000
0000
0000
0000
,
0000
0000
0000
0000
,
0000
0000
0000
0000
,
0000
0000
0000
0000
,
0000
0000
0000
0000
,
0001
0000
0000
0000
,
0010
0000
0000
0000
,
1000
0000
0000
0000
,
0100
0000
0000
0000
,
1001
0000
0000
0000
,
0110
0000
0000
0000
,
1001
0000
0000
0000
,
1001
0000
0000
0000
,
0001
0000
0001
0000
,
1000
0000
1000
0000
,
0010
0000
0010
0000
,
0100
0000
0100
0000
,
0001
0000
0010
0000
,
1000
0000
0010
0000
,
0100
0000
0010
0000
,
0001
0000
1000
0000
,
1001
0000
0000
0000
,
0001
0000
1001
0000
,
0100
0000
0110
0000
,
1000
0000
1001
0000
,
0010
0000
0110
0000
,
1000
0000
0110
0000
,
0001
0000
0110
0000
,
0100
0000
1001
0000
,
0010
0000
1001
0000
,
0010
0010
0010
0000
,
0100
0100
0100
0000
,
0001
0001
0001
0000
,
1000
1000
1000
0000
,
0001
0000
0001
0000
,
0010
0000
0010
0000
,
1000
0000
1000
0000
,
0100
0000
0100
0000
,
0010
0000
0110
0000
,
0001
0000
1001
0000
,
0100
0000
0110
0000
,
1000
0000
1001
0000
,
0001
0000
1001
0000
,
1000
0000
1001
0000
,
0001
0000
0110
0000
,
1000
0000
0110
0000
,
0001
0000
0001
0000
,
0001
0000
1000
0000
,
1000
0000
1000
0000
,
1000
0000
0001
0000
,
0001
0000
1000
0000
,
1000
0000
0001
0000
,
0100
0000
0100
0000
,
1000
0000
0100
0000
,
0000
0000
0000
0000
,
0100
0000
0000
0000
,
1000
0000
0000
0000
,
0001
0000
0000
0000
,
1000
0000
0100
0000
,
0001
0000
0100
0000
,
0001
0000
0010
0000
,
0000
0000
0000
0000
;

//---------------dance-single - ----------------
#NOTES:
     dance-single:
     :
     Easy:
     5:
     0.237,0.349,0.260,0.000,0.000:
0000
0000
0000
0000
,
0000
0000
0000
0000
,
0000
0000
0000
0000
,
0000
0000
0000
0000
,
0000
0000
0000
0000
,
0001
0000
0000
0000
,
0010
0000
0000
0000
,
1000
0000
0000
0000
,
0100
0000
0000
0000
,
1001
0000
0000
0000
,
0110
0000
0000
0000
,
1001
0000
0000
0000
,
1001
0000
0000
0000
,
0001
0000
0001
0000
,
1000
0000
1000
0000
,
0010
0000
0010
0000
,
0100
0000
0100
0000
,
0001
0000
0010
0000
,
1000
0000
0010
0000
,
0100
0000
0010
0000
,
0001
0000
1000
0000
,
1001
0000
0000
0000
,
0001
0000
1001
0000
,
0100
0000
0110
0000
,
1000
0000
1001
0000
,
0010
0000
0110
0000
,
1000
0000
0110
0000
,
0001
0000
0110
0000
,
0100
0000
1001
0000
,
0010
0000
1001
0000
,
0010
0010
0010
0000
,
0100
0100
0100
0000
,
0001
0001
0001
0000
,
1000
1000
1000
0000
,
0001
1000
0001
0000
,
0010
0100
0010
0000
,
1000
0001
1000
0000
,
0100
0010
0100
0000
,
0010
0100
0110
0000
,
0001
1000
1001
0000
,
0100
0010
0110
0000
,
1000
0001
1001
0000
,
0001
0010
1001
0000
,
1000
0100
1001
0000
,
0001
1000
0110
0000
,
1000
0001
0110
0000
,
0001
1000
0001
1000
,
0001
0010
1000
0010
,
1000
0001
1000
0001
,
1000
0100
0001
0100
,
0001
0100
1000
1001
,
1000
0010
0001
1001
,
0100
0010
0100
0010
,
1000
0001
0100
1001
,
0000
0000
0000
0000
,
0100
0000
0000
0000
,
1000
0000
0000
0000
,
0001
0000
0000
0000
,
1000
0001
0100
0000
,
0001
1000
0100
0000
,
0001
0000
1000
0000
0010
0000
0000
1001
,
0000
0000
0000
0000
;

//---------------dance-single - ----------------
#NOTES:
     dance-single:
     :
     Medium:
     9:
     0.436,0.539,0.198,0.042,0.000:
0000
0000
0000
0000
,
0000
0000
0000
0000
,
0000
0000
0000
0000
,
0000
0000
0000
0000
,
0000
0000
0000
0000
,
0010
1000
0001
1000
,
0001
1000
0001
1000
,
0100
0001
1000
0001
,
1000
0001
1000
0001
,
0100
1000
0100
0001
,
0100
1000
0100
0001
,
0010
1000
0010
0001
,
0100
0100
0100
0100
,
0010
0001
0100
1001
,
0010
1000
0100
1001
,
0001
0100
1000
0110
,
1000
0100
0001
0110
,
0010
1000
0010
0101
,
0010
0001
0010
1100
,
0001
0100
0001
1010
,
1000
0100
1000
0011
,
1000
1000
1000
1000
,
0001
0000
1000
0000
0000
0100
0100
0000
,
0010
0000
0100
0000
0000
1000
1000
0000
,
0001
0000
1000
0000
0000
0010
0010
0000
,
0100
0000
0010
0000
0000
0001
0001
0000
,
0010
0000
0101
0000
0000
1000
0001
0000
,
0010
0000
1100
0000
0000
0001
1000
0000
,
0010
0000
1001
0000
0000
0100
0010
0000
,
0001
0001
0001
0001
,
0010
0002
0100
0103
,
0010
2000
0100
3100
,
0010
0200
0001
1300
,
0100
0020
1000
0031
,
0001
0110
0100
1000
,
1000
0110
0100
0001
,
0010
1001
0010
0100
,
0010
0010
0010
0010
,
0001
0000
1100
0000
0010
1000
0010
0000
,
1000
0000
0101
0000
0010
0001
0010
0000
,
0001
0000
1010
0000
0100
0001
0100
0000
,
1000
0000
0011
0000
0100
1000
0100
0000
,
1000
0010
1000
0000
0001
0010
0001
0000
,
0100
0010
0100
0000
0010
1000
0010
0000
,
0100
0001
0100
0000
0010
0100
0010
0000
,
0001
1000
0001
1000
0001
1000
0001
0000
,
1000
0100
1000
0010
1000
0100
1000
0000
,
0001
0010
0001
0100
0001
0010
0001
0000
,
1000
0100
0010
0001
0010
0100
1000
0000
,
0001
0010
0100
1000
0100
0010
0001
0000
,
1000
0100
1000
0100
0010
0001
1000
0010
,
0100
0001
1000
0010
1000
0100
1000
0001
,
0100
0010
1000
0010
0100
0001
0010
0100
,
0010
0001
1000
0010
0100
0001
1000
0000
,
0001
1000
0001
1000
,
0010
1000
0010
1000
,
0010
0100
0010
0100
,
0001
0100
0001
0100
,
0001
0100
0001
0000
1000
0100
1000
0000
,
0001
0100
1000
0000
1000
0100
0001
0000
,
1000
0010
1000
0001
0100
0000
0000
1001
,
0000
0000
0000
0000
;

//---------------dance-single - ----------------
#NOTES:
     dance-single:
     :
     Hard:
     13:
     0.576,0.729,0.438,0.031,0.031:
0000
0000
0000
0000
,
0000
0000
0000
0000
,
0000
0000
0000
0000
,
0000
0000
0000
0000
,
0000
0000
0000
0000
,
0100
0001
1000
0001
,
1000
0001
0100
0001
,
0010
1000
0001
1000
,
0001
1000
0010
1000
,
1000
0000
0001
0000
1000
0100
0001
0000
,
0001
0000
1000
0000
0001
0100
1000
0000
,
0010
0000
0100
0000
0010
1000
0100
0000
,
0010
0000
0100
0000
0010
0001
0100
0000
,
0010
1000
0001
0000
1000
0000
0110
0000
,
0010
0001
1000
0000
0001
0000
0110
0000
,
1000
0100
0001
0000
0010
0000
0101
0000
,
0001
0100
1000
0000
0010
0000
1100
0000
,
0001
0100
0101
0000
1000
0000
1100
0000
,
0010
0001
0011
0000
1000
0000
1010
0000
,
0100
0010
0110
0000
0001
0000
1001
0000
,
0010
0100
0110
0000
1000
0000
1001
0000
,
0020
0000
0000
0030
,
1000
0100
1000
0000
0010
0100
0010
0000
,
0001
0010
0001
0000
0100
0010
0100
0000
,
1000
0001
0010
0000
0100
0010
1000
0000
,
0001
0100
0010
0000
0100
1000
0001
0000
,
1000
0010
1010
0000
0100
1000
1100
0000
,
0010
0100
0110
0000
0001
1000
1001
0000
,
0010
1000
0101
0000
0010
0001
1100
0000
,
0001
0100
1010
0000
1000
0010
0101
0000
,
2000
0000
0001
0000
0100
0100
0100
0000
,
0000
0000
0001
0000
0010
0010
3010
0000
,
0002
0000
1000
0000
0100
0100
0100
0000
,
0000
0000
1000
0000
0010
0010
0013
0000
,
0001
1000
0010
0100
0001
0010
0100
0000
,
0010
0100
0001
0010
0001
1000
0100
0000
,
0010
0001
0100
0001
1000
0100
0010
0000
,
1000
0010
0100
0001
1000
0100
0010
0000
,
0001
1000
0001
0010
0100
0010
0001
0100
,
1000
0010
0100
0010
1000
0001
0100
0001
,
0010
1000
0100
1000
0010
0100
0001
0010
,
1000
0001
0100
0001
1000
0010
0101
0000
,
0010
1000
0110
1000
0010
0100
0001
1000
,
0001
0100
1001
0100
0001
1000
0010
0100
,
1000
0001
1010
0001
1000
0010
0100
0001
,
0010
0001
1100
0001
1000
0100
0010
0001
,
0100
1000
0110
1000
0001
1000
0101
1000
,
0010
0100
1010
0100
0001
0100
1001
0100
,
1000
0001
1100
0001
0100
0001
0110
0001
,
1000
0010
1001
0010
0100
0010
0101
0010
,
0001
1000
0110
1000
0010
0100
1001
0100
,
1000
0001
0110
0001
0100
0010
1001
0100
,
0010
1000
0100
1000
0010
0100
0001
0010
,
0001
0100
0001
0000
1000
0001
1000
0000
0010
1000
0010
1000
0010
1000
0010
1000
,
0001
1000
0001
1000
,
0010
0100
0010
0100
,
0001
1000
0001
1000
,
0010
0100
0010
0100
,
0001
0100
0101
0010
1000
0001
1001
0100
,
1000
0010
1010
0100
0010
0100
0110
0001
,
1000
0010
0100
0001
0100
0000
0000
1001
,
0000
0000
0000
0000
;

//---------------dance-double - ----------------
#NOTES:
     dance-double:
     :
     Easy:
     4:
     0.235,0.317,0.281,0.000,0.000:
00000000
00000000
00000000
00000000
,
00000000
00000000
00000000
00000000
,
00000000
00000000
00000000
00000000
,
00000000
00000000
00000000
00000000
,
00000000
00000000
00000000
00000000
,
00100000
00000000
00000000
00000000
,
10000000
00000000
00000000
00000000
,
01000000
00000000
00000000
00000000
,
00011000
00000000
00000000
00000000
,
00000110
00000000
00000000
00000000
,
00001001
00000000
00000000
00000000
,
00000110
00000000
00000000
00000000
,
00011000
00000000
00000000
00000000
,
01000000
00000000
01000000
00000000
,
10000000
00000000
10000000
00000000
,
00100000
00000000
00100000
00000000
,
00010000
00000000
00010000
00000000
,
00001000
00000000
00010000
00000000
,
00000010
00000000
00000100
00000000
,
00000001
00000000
00001000
00000000
,
00000100
00000000
00010000
00000000
,
00011000
00000000
00000000
00000000
,
00100000
00000000
01100000
00000000
,
10000000
00000000
10010000
00000000
,
01000000
00000000
01100000
00000000
,
00010000
00000000
00011000
00000000
,
00001000
00000000
00000110
00000000
,
00000100
00000000
00001001
00000000
,
00000001
00000000
00000110
00000000
,
00000010
00000000
00011000
00000000
,
00100000
00100000
00100000
00000000
,
00010000
00010000
00010000
00000000
,
10000000
10000000
10000000
00000000
,
01000000
01000000
01000000
00000000
,
00001000
00010000
00001000
00000000
,
00000010
00000100
00000010
00000000
,
00001000
00000001
00001000
00000000
,
00000100
00000010
00000100
00000000
,
00010000
00001000
00011000
00000000
,
00100000
01000000
01100000
00000000
,
00010000
10000000
10010000
00000000
,
01000000
00100000
01100000
00000000
,
00010000
00001000
00011000
00000000
,
00000010
00000001
00000110
00000000
,
00001000
00000001
00000110
00000000
,
00000010
00000100
00001001
00000000
,
00001000
00000100
00001000
00000100
,
00010000
00001000
00010000
00001000
,
00100000
00010000
00100000
00010000
,
10000000
00010000
10000000
00010000
,
01000000
00100000
01000000
01100000
,
00000000
00001000
00010000
00011000
,
00000010
00000100
00000010
00000110
,
00000000
00010000
00001000
00011000
,
00000000
00000000
00000000
00000000
,
01000000
00000000
00000000
00000000
,
00010000
00000000
00000000
00000000
,
00001000
00000000
00000000
00000000
,
00000001
00001000
00000100
00000000
,
00010000
00001000
00010000
00000000
,
00001000
00000000
00010000
00000000
00000000
00000000
00000000
00011000
,
00000000
00000000
00000000
00000000
;

//---------------dance-double - ----------------
#NOTES:
     dance-double:
     :
     Medium:
     10:
     0.415,0.507,0.146,0.000,0.000:
00000000
00000000
00000000
00000000
,
00000000
00000000
00000000
00000000
,
00000000
00000000
00000000
00000000
,
00000000
00000000
00000000
00000000
,
00000000
00000000
00000000
00000000
,
00100000
10000000
00100000
10000000
,
00010000
01000000
00010000
01000000
,
00100000
00001000
00010000
00001000
,
00010000
00000010
00001000
00000010
,
00000100
00000001
00000100
00001000
,
00000010
00000001
00000100
00001000
,
00010000
01000000
10000000
00010000
,
01000000
01000000
01000000
01000000
,
00100000
00010000
01000000
10010000
,
00100000
10000000
01000000
10010000
,
10000000
01000000
00010000
00011000
,
00000010
00001000
00000100
00001001
,
00000100
00000010
00000100
00001001
,
00000001
00000100
00001000
00011000
,
00100000
00010000
01000000
10010000
,
01000000
00100000
01000000
10010000
,
01000000
01000000
01000000
01000000
,
00100000
00000000
00010000
00000000
00000000
00001000
00010000
00000000
,
00000010
00000000
00000100
00000000
00000000
00000001
00001000
00000000
,
00000010
00000000
00001000
00000000
00000000
00010000
00001000
00000000
,
01000000
00000000
00100000
00000000
00000000
10000000
00010000
00000000
,
01000000
00000000
11000000
00000000
00000000
10000000
01000000
00000000
,
00010000
00000000
00011000
00000000
00000000
00000010
00001000
00000000
,
00000001
00000000
00000101
00000000
00000000
00000001
00000100
00000000
,
00000001
00001000
00010000
10000000
,
00100000
10000000
01000000
00010000
,
00100000
10000000
01000000
00010000
,
00001000
00000010
00000001
00000100
,
00001000
00010000
00001000
00000010
,
00000001
00000100
00001000
00010000
,
00100000
01100000
10000000
00010000
,
10000000
11000000
00010000
00001000
,
00000010
00000010
00000010
00000010
,
00000001
00000000
00001000
00000000
00000010
00001000
00000010
00000000
,
00010000
00000000
00001000
00000000
00010000
00001000
00010000
00000000
,
00100000
00000000
00010000
00000000
10000000
00100000
10000000
00000000
,
00010000
00000000
01000000
00000000
00001000
00010000
00001000
00000000
,
00000010
00001000
00000010
00000000
00000001
00000100
00000001
00000000
,
00001000
00000100
00001000
00000000
00010000
00001000
00010000
00000000
,
01000000
00100000
01000000
00000000
10000000
00010000
10000000
00000000
,
00100000
00100000
00100000
00100000
,
10000000
01000000
10000000
01000000
00100000
00010000
00100000
00000000
,
00001000
00010000
00001000
00010000
00000010
00001000
00000010
00000000
,
00000100
00000001
00000100
00000001
00001000
00000010
00001000
00000000
,
00000100
00010000
00000100
00010000
00001000
00010000
00001000
00000000
,
00100000
00010000
10000000
00010000
00100000
00010000
10000000
00000000
,
10000000
01000000
00100000
00010000
00100000
00001000
00010000
00000000
,
00000010
00001000
00000010
00001000
00000001
00000100
00000001
00000010
,
00000001
00000100
00000010
00001000
00000010
00010000
00001000
00000000
,
00100000
00010000
00100000
00010000
,
10000000
01000000
10000000
01000000
,
00100000
00001000
00100000
00001000
,
00010000
00000100
00010000
00000100
,
00001000
00000100
00001000
00000000
00000001
00000100
00000001
00000000
,
00000010
00001000
00000010
00000000
00010000
00000100
00010000
00000000
,
00001000
00010000
00001000
00010000
00001000
00000000
00000000
00011000
,
00000000
00000000
00000000
00000000
;

//---------------dance-double - ----------------
#NOTES:
     dance-double:
     :
     Hard:
     12:
     0.536,0.571,0.281,0.000,0.000:
00000000
00000000
00000000
00000000
,
00000000
00000000
00000000
00000000
,
00000000
00000000
00000000
00000000
,
00000000
00000000
00000000
00000000
,
00000000
00000000
00000000
00000000
,
00100000
10000000
01000000
00010000
,
10000000
01000000
00010000
00001000
,
00000010
00000001
00000100
00001000
,
00000001
00000100
00001000
00010000
,
01000000
00000000
10000000
00000000
10000000
01000000
00010000
00000000
,
01000000
00000000
00010000
00000000
00001000
00000010
00000001
00000000
,
00000100
00000000
00000001
00000000
00000001
00000100
00001000
00000000
,
00000100
00000000
00001000
00000000
00010000
00100000
10000000
00000000
,
01000000
10000000
00100000
00000000
10000000
00000000
11000000
00000000
,
00100000
00010000
01000000
00000000
00010000
00000000
00110000
00000000
,
01000000
00010000
00001000
00000000
00010000
00000000
00011000
00000000
,
00010000
00001000
00000100
00000000
00000001
00000000
00000101
00000000
,
00000100
00000001
00000010
00000000
00000001
00000000
00000101
00000000
,
00000010
00001000
00000100
00000000
00001000
00000000
00001010
00000000
,
00000100
00001000
00010000
00000000
00001000
00000000
00011000
00000000
,
00001000
00010000
01000000
00000000
10000000
00000000
11000000
00000000
,
10000000
00010000
00001000
00000001
,
00000010
00000001
00000010
00000000
00000100
00001000
00000100
00000000
,
00010000
00001000
00010000
00000000
00100000
10000000
00100000
00000000
,
10000000
01000000
00100000
00000000
00100000
01000000
00010000
00000000
,
00010000
00001000
00000010
00000000
00000010
00000001
00001000
00000000
,
00000001
00001000
00001001
00000000
00000100
00000010
00000110
00000000
,
00001000
00010000
00011000
00000000
00100000
01000000
01100000
00000000
,
10000000
10000000
11000000
00000000
00010000
00010000
00110000
00000000
,
00001000
00001000
00001010
00000000
00000001
00000001
00000101
00000000
,
00001000
00000000
00000001
00000000
00000010
00000100
00000100
00000000
,
00001000
00000000
00010000
00000000
01000000
00100000
00100000
00000000
,
00010000
00000000
10000000
00000000
00100000
01000000
01000000
00000000
,
00010000
00000000
00001000
00000000
00000100
00000010
00000010
00000000
,
00001000
00000010
00000100
00000010
00000001
00000010
00001000
00000000
,
00000001
00000100
00000010
00000100
00001000
00010000
00100000
00000000
,
00010000
00100000
01000000
00100000
10000000
00100000
00010000
00000000
,
10000000
01000000
00100000
01000000
00010000
00001000
00000010
00000000
,
00000001
00000100
00000001
00000100
00001000
00000100
00001000
00000100
,
00000010
00000100
00001000
00010000
00100000
00010000
00100000
01000000
,
10000000
01000000
10000000
01000000
00010000
01000000
00010000
01000000
,
00100000
01000000
00010000
00001000
00000100
00001000
00010000
00100000
,
10000000
01000000
00100000
01000000
00010000
10000000
01000000
00010000
,
10000000
01000000
00010000
00001000
00000010
00000001
00001000
00000010
,
00000001
00001000
00001010
00000000
00000100
00000001
00000100
00001000
,
00010000
00100000
00110000
00000000
00010000
10000000
01000000
10000000
,
01000000
00100000
01100000
00000000
01000000
00010000
00001000
00000100
,
00000010
00000100
00000110
00000000
00000100
00001000
00010000
00100000
,
01000000
00100000
01100000
00000000
00010000
01000000
10000000
01000000
,
00010000
00001000
00011000
00000000
00000010
00000100
00000010
00001000
,
00000100
00000001
00000101
00000000
00000010
00001000
00001010
00000100
,
00001000
00010000
00011000
00000000
00010000
00100000
00110000
00000000
,
10000000
01000000
10000000
01000000
00100000
00010000
00100000
00010000
,
00100000
01000000
00010000
00001000
00010000
00001000
00000100
00000010
,
00000001
00000100
00001000
00000100
,
00000001
00000100
00001000
00010000
,
00100000
10000000
00100000
00010000
,
00100000
10000000
01000000
00010000
,
00001000
00000100
00001000
00000100
00000001
00000010
00000001
00000010
,
00000100
00001000
00000100
00001000
00000010
00000001
00000010
00000001
,
00000010
00000100
00001000
00010000
00001000
00000000
00000000
00011000
,
00000000
00000000
00000000
00000000
;
