#TITLE:STRICTLY BUSINESS;
#SUBTITLE:;
#ARTIST:MANTRONIK VS EPMD;
#TITLETRANSLIT:;
#SUBTITLETRANSLIT:;
#ARTISTTRANSLIT:;
#CREDIT:;
#BANNER:STRICTLY BUSINESS.png;
#BACKGROUND:STRICTLY BUSINESS-bg.png;
#LYRICSPATH:STRICTLY BUSINESS.lrc;
#CDTITLE:./CDTITLES/DANCEMANIA WINTERS.PNG;
#MUSIC:STRICTLY BUSINESS.ogg;
#OFFSET:0.000;
#SAMPLESTART:61.261;
#SAMPLELENGTH:15.000;
#SELECTABLE:YES;
#DISPLAYBPM:125.000;
#BPMS:0.000=125.365,28.000=125.243;
#STOPS:;
#BGCHANGES:;

//---------------dance-single - ----------------
#NOTES:
     dance-single:
     :
     Easy:
     4:
     0.257,0.283,0.000,0.000,0.000:
0000
0000
0000
0000
,
0000
0000
0000
0000
,
0000
0000
0000
0000
,
0000
0000
0000
0000
,
0000
0000
0000
0000
,
0000
0000
0000
0000
,
0000
0000
0000
0000
,
0000
0001
0000
0010
,
0000
0000
1000
0100
,
0000
0001
0000
0010
,
1000
0001
0010
0100
,
0001
0100
1000
0000
0001
0100
1000
0000
,
0100
0001
0010
1000
,
0100
0001
0010
1000
,
0100
0001
0010
1000
,
0100
0001
0010
1000
,
0100
0000
0100
0000
0001
0100
1000
0000
,
0100
0001
0010
1000
,
0100
0001
0010
0100
,
0001
0010
1000
0100
,
0001
0010
1000
0001
,
0100
1000
0010
0001
,
0100
1000
0010
0100
,
1000
0010
0001
0100
,
1000
0000
0010
0000
0001
0100
1000
0000
,
0100
0001
0010
1000
,
0100
0001
0010
0100
,
0001
0010
1000
0100
,
0001
0010
1000
0001
,
0100
1000
0010
0001
,
0100
1000
0010
0001
,
0100
0000
0100
0000
0001
0100
1000
0000
,
0001
0100
1000
0000
0100
0000
0001
0000
,
0100
1000
0100
0001
,
0001
0100
1000
0000
0100
0000
0001
0000
,
0100
1000
0100
0001
,
0001
1000
0100
0001
,
0100
1000
0100
0001
,
0001
0100
1000
0000
0100
0000
0001
0000
,
0100
1000
0100
0001
,
0100
1000
0100
0001
,
0100
1000
0100
0001
,
0100
1000
0100
0001
,
0100
1000
0100
0001
,
0001
1000
0100
0001
,
0100
1000
0100
0001
,
0001
0100
1000
0000
0100
0000
0001
0000
,
0100
1000
0100
0100
;

//---------------dance-single - ----------------
#NOTES:
     dance-single:
     :
     Medium:
     5:
     0.308,0.335,0.248,0.000,0.000:
0000
0000
0000
0000
,
0000
0000
0000
0000
,
0000
0000
0000
0000
,
0000
0000
0000
0000
,
0000
0000
0000
0000
,
0000
0000
0000
0000
,
0000
0000
0000
0000
,
0000
0001
0000
0010
,
0000
0000
1000
0100
,
0000
0001
0000
0010
,
1000
0001
0010
0100
,
0001
0100
1000
0000
0001
0100
1000
0000
,
0100
1001
0100
0001
,
0100
1000
0100
0010
,
0100
1001
0100
0001
,
0100
1000
0100
0010
,
0100
0000
1000
0000
0001
0100
1000
0000
,
0100
0110
0001
0100
,
1000
0010
0001
0100
,
0100
0110
1000
0100
,
0001
0000
0010
0000
1000
0100
0001
0000
,
0010
1001
0100
0101
,
0010
0110
1000
0100
,
0001
0010
0100
0001
,
1100
0000
0000
0000
0001
0100
1000
0000
,
0010
1001
0100
0101
,
0010
0110
0001
0100
,
1000
0010
0100
1000
,
0101
0000
0000
0000
1000
0100
0001
0000
,
0100
0100
1000
0110
,
1000
0100
0001
0010
,
0100
0000
1000
0000
0001
0100
1000
0000
,
0001
0100
1000
0000
0100
0000
0001
0000
,
0100
0000
0110
0000
1000
0100
0001
0000
,
0001
0100
1000
0000
0100
0000
0001
0000
,
0100
0000
0110
0000
1000
0100
0001
0000
,
0001
1000
0100
0001
,
0100
0000
0110
0000
1000
0100
0001
0000
,
0001
0100
1000
0000
0100
0000
0001
0000
,
0100
0000
0110
0000
1000
0100
0001
0000
,
0100
0000
0110
0000
1000
0100
0001
0000
,
0100
0000
0110
0000
1000
0100
0001
0000
,
0100
0000
0110
0000
1000
0100
0001
0000
,
0100
0000
0110
0000
1000
0100
0001
0000
,
0001
1000
0100
0001
,
0100
0000
0110
0000
1000
0100
0001
0000
,
0001
0100
1000
0000
0100
0000
0001
0000
,
0100
0000
0110
0000
1000
0100
0001
0000
;

//---------------dance-single - ----------------
#NOTES:
     dance-single:
     :
     Hard:
     6:
     0.311,0.335,0.108,0.000,0.000:
0000
0000
0000
0000
,
0000
0000
0000
0000
,
0000
0000
0000
0000
,
0000
0000
0000
0000
,
0000
0000
0000
0000
,
0000
0000
0000
0000
,
0000
0000
0000
0000
,
0000
0000
0000
0000
,
0000
0000
0000
0000
,
0000
0001
0000
0010
,
1000
0001
0010
0100
,
0010
1000
0100
0000
0001
0100
1000
0000
,
0100
1001
0100
0001
,
0100
1010
0100
0010
,
0100
1001
0100
0001
,
0100
1010
0100
0010
,
0100
0000
1000
0000
0001
0100
1000
0000
,
0010
1000
0001
1100
,
0100
0000
0001
0100
1000
0010
0001
0000
,
0010
0001
1000
0101
,
0100
0000
1000
0100
0001
0010
1000
0000
,
0010
1000
0100
0001
,
0001
0000
0100
1000
0010
1000
0100
0000
,
0010
0001
0100
1000
,
1000
0000
0100
0001
0010
0001
0100
0000
,
1000
0010
1001
0100
,
0010
0000
0110
0000
0001
0100
1000
0000
,
0001
0010
1001
0100
,
0010
0000
0110
0000
1000
0100
0001
0000
,
0100
0001
0010
1000
,
0010
0001
0100
1000
,
0100
0000
0001
0000
1000
0100
0001
0000
,
0001
0010
1000
0000
0100
0000
0001
0000
,
1000
0100
0001
0000
0100
1000
0010
0000
,
0001
0010
1000
0000
0100
0000
0001
0000
,
1000
0100
0001
0000
0100
1000
0010
0000
,
0001
1000
0100
0001
,
1000
0100
0001
0000
0100
1000
0010
0000
,
0001
0010
1000
0000
0100
0000
0001
0000
,
1000
0100
0001
0000
0100
1000
0010
0000
,
0010
0001
0100
0000
0001
0100
1000
0000
,
1000
0100
0001
0000
0100
0001
0010
0000
,
0010
1000
0100
0000
1000
0100
0001
0000
,
0001
0100
1000
0000
0100
1000
0010
0000
,
0001
1000
0100
0001
,
1000
0100
0001
0000
0100
1000
0010
0000
,
0001
0010
1000
0000
0100
0000
0001
0000
,
1000
0100
0001
0000
0100
1000
0001
0000
;

//---------------dance-double - ----------------
#NOTES:
     dance-double:
     :
     Easy:
     5:
     0.254,0.283,0.000,0.000,0.000:
00000000
00000000
00000000
00000000
,
00000000
00000000
00000000
00000000
,
00000000
00000000
00000000
00000000
,
00000000
00000000
00000000
00000000
,
00000000
00000000
00000000
00000000
,
00000000
00000000
00000000
00000000
,
00000000
00000000
00000000
00000000
,
00000000
00000000
00000000
00000000
,
00000000
00000000
00000000
00000000
,
00000000
01000000
01000000
00000000
,
00000000
00000100
00000100
00000000
,
00000100
00001000
00010000
00000000
01000000
00010000
00001000
00000000
,
00000010
00001000
00000100
00001000
,
00100000
00010000
01000000
00010000
,
00000010
00001000
00000100
00001000
,
00100000
00010000
01000000
00010000
,
00000010
00001000
00000000
00001000
,
00000010
00001000
00000100
00001000
,
00100000
00010000
01000000
00010000
,
00000000
00001000
00000000
00001000
,
00000010
00000001
00001000
00000100
,
00100000
10000000
00010000
01000000
,
00000010
00000001
00001000
00000100
,
00100000
10000000
00010000
01000000
,
00001000
00010000
01000000
00010000
,
00000010
00001000
00000100
00001000
,
00100000
00010000
01000000
00010000
,
01000000
10000000
00001000
01000000
,
00000100
00000001
00010000
00000100
,
01000000
10000000
00001000
01000000
,
00000100
00000001
00010000
00000100
,
00000010
00000000
00001000
00000000
01000000
00010000
00001000
00000000
,
00000100
00010000
01000000
10000000
,
00010000
00000000
00001000
00000000
01000000
00010000
00001000
00000000
,
00000100
00001000
00010000
00000000
01000000
00000000
10000000
00000000
,
00010000
00000000
00001000
00000000
01000000
00010000
00001000
00000000
,
00000100
00010000
01000000
10000000
,
00010000
00000000
00001000
00000000
01000000
00010000
00001000
00000000
,
00000100
00001000
00010000
00000000
01000000
00000000
10000000
00000000
,
00010000
00000000
00001000
00000000
01000000
00010000
00001000
00000000
,
00000010
00000000
00001000
00000000
01000000
00010000
00001000
00000000
,
00000010
00000000
00001000
00000000
01000000
00010000
00001000
00000000
,
00000010
00000000
00001000
00000000
01000000
00010000
00001000
00000000
,
00000010
00000000
00001000
00000000
01000000
00010000
00001000
00000000
,
00000100
00010000
01000000
10000000
,
00010000
00000000
00001000
00000000
01000000
00010000
00001000
00000000
,
00000100
00001000
00010000
00000000
01000000
00000000
10000000
00000000
,
00010000
00000000
00001000
00000000
01000000
00010000
00001000
00000000
;

//---------------dance-double - ----------------
#NOTES:
     dance-double:
     :
     Medium:
     6:
     0.307,0.335,0.151,0.000,0.000:
00000000
00000000
00000000
00000000
,
00000000
00000000
00000000
00000000
,
00000000
00000000
00000000
00000000
,
00000000
00000000
00000000
00000000
,
00000000
00000000
00000000
00000000
,
00000000
00000000
00000000
00000000
,
00000000
00000000
00000000
00000000
,
00000000
00000000
00000000
00000000
,
00000000
00000000
00000000
00000000
,
00000000
01000000
00000000
00000100
,
00001000
00000100
00000001
00000010
,
00000001
00000100
00001000
00000000
00010000
00000000
10000000
00000000
,
00110000
10000000
01000000
00010000
,
10100000
01000000
00010000
00100000
,
11000000
00010000
00100000
10000000
,
01010000
00100000
10000000
01000000
,
00100000
00000000
01000000
00000000
01000000
00010000
00001000
00000000
,
00000010
00000001
00001000
00000100
,
00000011
00000100
00000100
00001000
,
00000110
00001001
00000100
00000001
,
00000010
00000000
00001000
00000000
00000100
00001000
00010000
00000000
,
00100000
10000000
00010000
01000000
,
10100000
01000000
01000000
00010000
,
01100000
10010000
01000000
10000000
,
00100000
00000000
00010000
00000000
01000000
00010000
00001000
00000000
,
00001100
00000011
00000100
00000010
,
00001000
00000001
00001000
00010000
,
01010000
10100000
01000000
00100000
,
00010000
10000000
00010000
00001000
,
00000100
00001000
00000010
00000001
,
00000100
00001000
00000010
00000001
,
00000100
00000000
00001000
00000000
00000010
00000001
00000100
00000000
,
00000100
00001000
00010000
00000000
01000000
00000000
00001000
00000000
,
00010000
01000000
10000000
00000000
01000000
00010000
00001000
00000000
,
00000100
00001000
00010000
00000000
01000000
00000000
00001000
00000000
,
00010000
01000000
10000000
00000000
01000000
00010000
00001000
00000000
,
00000100
00001000
00010000
00000000
01000000
00000000
00001000
00000000
,
00010000
01000000
10000000
00000000
01000000
00010000
00001000
00000000
,
00000100
00001000
00010000
00000000
01000000
00000000
00001000
00000000
,
00010000
01000000
10000000
00000000
01000000
00010000
00001000
00000000
,
00000010
00001000
00010000
00000000
01000000
00010000
00001000
00000000
,
00000010
00001000
00010000
00000000
01000000
00010000
00001000
00000000
,
00000010
00001000
00010000
00000000
01000000
00010000
00001000
00000000
,
00000010
00001000
00010000
00000000
01000000
00010000
00001000
00000000
,
01000000
00010000
00001000
00000000
00000100
00000000
00010000
00000000
,
00001000
00000100
00000001
00000000
00000100
00001000
00010000
00000000
,
01000000
00010000
00001000
00000000
00000100
00000000
00010000
00000000
,
00001000
00000100
00000001
00000000
00000100
00001000
00010000
00000000
;

//---------------dance-couple - ----------------
#NOTES:
     dance-couple:
     :
     Easy:
     4:
     0.499,0.566,1.000,0.000,0.000:
00000000
00000000
00000000
00000000
,
00000000
00000000
00000000
00000000
,
00000000
00000000
00000000
00000000
,
00000000
00000000
00000000
00000000
,
00000000
00000000
00000000
00000000
,
00000000
00000000
00000000
00000000
,
00000000
00000000
00000000
00000000
,
00000000
00010001
00000000
00100010
,
00000000
00000000
10001000
01000100
,
00000000
00010001
00000000
00100010
,
10001000
00010001
00100010
01000100
,
00010001
01000100
10001000
00000000
00010001
01000100
10001000
00000000
,
01000100
00010001
00100010
10001000
,
01000100
00010001
00100010
10001000
,
01000100
00010001
00100010
10001000
,
01000100
00010001
00100010
10001000
,
01000100
00000000
01000100
00000000
00010001
01000100
10001000
00000000
,
01000100
00011000
00100010
10000001
,
01000100
00011000
00100010
01000100
,
00011000
00100010
10000001
01000100
,
00011000
00100010
10000001
00011000
,
01000100
10000001
00100010
00011000
,
01000100
10000001
00100010
01000100
,
10000001
00100010
00011000
01000100
,
10000001
00000000
00100010
00000000
00011000
01000100
10000001
00000000
,
01000100
00011000
00100010
10000001
,
01000100
00011000
00100010
01000100
,
00011000
00100010
10000001
01000100
,
00011000
00100010
10000001
00011000
,
01000100
10000001
00100010
00011000
,
01000100
10000001
00100010
00011000
,
01000100
00000000
01000100
00000000
00010001
01000100
10001000
00000000
,
00010001
01000100
10001000
00000000
01000100
00000000
00010001
00000000
,
01000100
10001000
01000100
00010001
,
00000001
00000100
10001000
00000000
00000100
00000000
00010001
00000000
,
00000100
10001000
00000100
00010001
,
00010001
10001000
01000100
00010001
,
01000100
10001000
01000100
00010001
,
00010000
01000000
10001000
00000000
01000000
00000000
00010001
00000000
,
01000000
10001000
01000000
00010001
,
01000100
10001000
01000100
00010001
,
01000100
10001000
01000100
00010001
,
01000100
10001000
01000100
00010001
,
01000100
10001000
01000100
00010001
,
00010001
10001000
01000100
00010001
,
01000100
10001000
01000100
00010001
,
00010001
01000100
10001000
00000000
01000100
00000000
00010001
00000000
,
01000100
10001000
01000100
01000100
;

//---------------dance-couple - ----------------
#NOTES:
     dance-couple:
     :
     Medium:
     5:
     0.582,0.669,1.000,0.000,0.000:
00000000
00000000
00000000
00000000
,
00000000
00000000
00000000
00000000
,
00000000
00000000
00000000
00000000
,
00000000
00000000
00000000
00000000
,
00000000
00000000
00000000
00000000
,
00000000
00000000
00000000
00000000
,
00000000
00000000
00000000
00000000
,
00000000
00010001
00000000
00100010
,
00000000
00000000
10001000
01000100
,
00000000
00010001
00000000
00100010
,
10001000
00010001
00100010
01000100
,
00010001
01000100
10001000
00000000
00010001
01000100
10001000
00000000
,
01000100
10011001
01000100
00010001
,
01000100
10001000
01000100
00100010
,
01000100
10011001
01000100
00010001
,
01000100
10001000
01000100
00100010
,
01000100
00000000
10001000
00000000
00010001
01000100
10001000
00000000
,
01000100
01100110
00010001
01000100
,
10001000
00100010
00010001
00010001
,
01000100
01100110
10001000
01000100
,
00010001
00000000
00100010
00000000
10001000
01000100
00010001
00000000
,
00100000
10010000
01000000
01010101
,
00100000
01100000
10000000
01000100
,
00010000
00100000
01000000
00010001
,
11001100
00000000
00000000
00000000
00010001
01000100
10001000
00000000
,
00000010
00001001
00000100
01010101
,
00000010
00000110
00000001
01000100
,
00001000
00000010
00000100
10001000
,
01010101
00000000
00000000
00000000
10001000
01000100
00010001
00000000
,
01000100
01000100
10001000
01100110
,
10001000
01000100
00010001
00100010
,
01000100
00000000
10001000
00000000
00010001
01000100
10001000
00000000
,
00010001
01000100
10001000
00000000
01000100
00000000
00010001
00000000
,
01000100
00000000
01100110
00000000
10001000
01000100
00010001
00000000
,
00010001
01000100
10001000
00000000
01000100
00000000
00010001
00000000
,
01000100
00000000
01100110
00000000
10001000
01000100
00010001
00000000
,
00010001
10001000
01000100
00010001
,
01000100
00000000
01100110
00000000
10001000
01000100
00010001
00000000
,
00010001
01000100
10001000
00000000
01000100
00000000
00010001
00000000
,
01000100
00000000
01100110
00000000
10001000
01000100
00010001
00000000
,
01000100
00000000
01100110
00000000
10001000
01000100
00010001
00000000
,
01000100
00000000
01100110
00000000
10001000
01000100
00010001
00000000
,
01000100
00000000
01100110
00000000
10001000
01000100
00010001
00000000
,
01000100
00000000
01100110
00000000
10001000
01000100
00010001
00000000
,
00010001
10001000
01000100
00010001
,
01000100
00000000
01100110
00000000
10001000
01000100
00010001
00000000
,
00010001
01000100
10001000
00000000
01000100
00000000
00010001
00000000
,
01000100
00000000
01100110
00000000
10001000
01000100
00010001
00000000
;

//---------------dance-couple - ----------------
#NOTES:
     dance-couple:
     :
     Hard:
     6:
     0.558,0.669,1.000,0.000,0.000:
00000000
00000000
00000000
00000000
,
00000000
00000000
00000000
00000000
,
00000000
00000000
00000000
00000000
,
00000000
00000000
00000000
00000000
,
00000000
00000000
00000000
00000000
,
00000000
00000000
00000000
00000000
,
00000000
00000000
00000000
00000000
,
00000000
00000000
00000000
00000000
,
00000000
00000000
00000000
00000000
,
00000000
00010001
00000000
00100010
,
10001000
00010001
00100010
01000100
,
00100010
10001000
01000100
00000000
00010001
01000100
10001000
00000000
,
01000100
10011001
01000100
00010001
,
01000100
10101010
01000100
00100010
,
01000100
10011001
01000100
00010001
,
01000100
10101010
01000100
00100010
,
01000100
00000000
10001000
00000000
00010001
01000100
10001000
00000000
,
00100000
10000000
00010000
11000000
,
01000100
00000000
00010001
01000100
10001000
00100010
00010001
00000000
,
00000010
00000001
00001000
00000101
,
01000100
00000000
10001000
01000100
00010001
00100010
10001000
00000000
,
00100000
10000000
01000000
00010000
,
00010001
00000000
01000100
10001000
00100010
10001000
01000100
00000000
,
00000010
00000001
00000100
00001000
,
10001000
00000000
01000100
00010001
00100010
00010001
01000100
00000000
,
10000000
00100000
10010000
01000000
,
00100010
00000000
01100110
00000000
00010001
01000100
10001000
00000000
,
00000001
00000010
00001001
00000100
,
00100010
00000000
01100110
00000000
10001000
01000100
00010001
00000000
,
01000100
00011000
00100010
10000001
,
00100010
00011000
01000100
10000001
,
01000100
00000000
00010001
00000000
10001000
01000100
00010001
00000000
,
00010001
00100010
10001000
00000000
01000100
00000000
00010001
00000000
,
10001000
01000100
00010001
00000000
01000100
10001000
00100010
00000000
,
00010000
00100000
10001000
00000000
01000000
00000000
00010001
00000000
,
10000000
01000000
00010001
00000000
01000000
10000000
00100010
00000000
,
00010001
10001000
01000100
00010001
,
10001000
01000100
00010001
00000000
01000100
10001000
00100010
00000000
,
00000001
00000010
10001000
00000000
00000100
00000000
00010001
00000000
,
00001000
00000100
00010001
00000000
00000100
00001000
00100010
00000000
,
00100010
00010001
01000100
00000000
00010001
01000100
10001000
00000000
,
10001000
01000100
00010001
00000000
01000100
00010001
00100010
00000000
,
00100010
10001000
01000100
00000000
10001000
01000100
00010001
00000000
,
00010001
01000100
10001000
00000000
01000100
10001000
00100010
00000000
,
00010001
10001000
01000100
00010001
,
10001000
01000100
00010001
00000000
01000100
10001000
00100010
00000000
,
00010001
00100010
10001000
00000000
01000100
00000000
00010001
00000000
,
10001000
01000100
00010001
00000000
01000100
10001000
00010001
00000000
;
