#TITLE:SURRENDER(YOUR LOVE);
#SUBTITLE:;
#ARTIST:JAVINE;
#TITLETRANSLIT:;
#SUBTITLETRANSLIT:;
#ARTISTTRANSLIT:;
#CREDIT:;
#BANNER:SURRENDER(YOUR LOVE).png;
#BACKGROUND:SURRENDER(YOUR LOVE)-bg.png;
#LYRICSPATH:;
#CDTITLE:./CDTITLES/DanceDanceRevolution SuperNOVA.png;
#MUSIC:SURRENDER(YOUR LOVE).ogg;
#OFFSET:0.000;
#SAMPLESTART:38.760;
#SAMPLELENGTH:15.000;
#SELECTABLE:YES;
#DISPLAYBPM:103.000;
#BPMS:0.000=103.152,4.000=102.994;
#STOPS:;
#BGCHANGES:;

//---------------dance-single - ----------------
#NOTES:
     dance-single:
     :
     Beginner:
     3:
     0.091,0.104,0.000,0.000,0.000:
0000
0000
0000
0000
,
0000
0000
0000
0000
,
0000
0000
0000
0000
,
0001
0000
1000
0000
,
0000
0000
0000
0000
,
1000
0000
0100
0000
,
0010
0000
0010
0000
,
1000
0000
0010
0000
,
0100
0000
0100
0000
,
1000
0000
0100
0000
,
0001
0000
0001
0000
,
1000
0000
0010
0000
,
0001
0000
0001
0000
,
1000
0000
0000
0001
,
0000
0000
0100
0000
,
0001
0000
0100
0000
,
1000
0000
0100
0000
,
0010
0000
0100
0000
,
0010
0000
1000
0000
,
0100
0000
0000
0100
,
0100
0000
0000
0000
,
0010
0000
0100
0000
,
0010
0000
1000
0000
,
0100
0000
0000
0100
,
0000
0000
0000
0000
,
0001
0000
1000
0000
,
0000
0001
0000
0000
,
1000
0000
0001
0000
,
0000
1000
0000
0000
,
0100
0000
0010
0000
,
0100
0000
1000
0000
,
0100
0000
0000
0100
,
0100
0000
0000
0000
,
0010
0000
0100
0000
,
0010
0000
1000
0000
,
0100
0000
0000
0100
,
0000
0000
0000
0000
,
1000
0000
0001
0000
,
0000
0000
0000
0000
,
0001
0000
1000
0000
,
0000
0000
0000
0000
;

//---------------dance-single - ----------------
#NOTES:
     dance-single:
     :
     Easy:
     4:
     0.151,0.167,0.115,0.000,0.000:
0000
0000
0000
0000
,
0000
0000
0000
0000
,
0000
0000
0000
0000
,
0001
0000
0000
0000
1000
0000
0000
1001
,
0000
0000
0000
0000
,
1000
0001
0100
0000
,
0010
0000
0010
0000
,
1000
0001
0010
0000
,
0100
0000
0100
0000
,
1000
0010
0100
0000
,
0001
0000
0001
0000
,
1000
0100
0010
0000
,
0001
0000
0001
0000
,
1000
0100
0000
0001
,
0100
0000
0100
0000
,
0001
0010
0100
0000
,
1000
0010
0100
0000
,
0010
1001
0100
0000
,
0010
0000
1000
0001
,
0100
1001
0000
0100
,
0100
0000
0000
0000
,
0010
1001
0100
0000
,
0010
0000
1000
0001
,
0100
1001
0000
0100
,
0010
0000
0000
0000
,
0001
0000
1000
0100
,
0000
0001
0100
0000
,
1000
0000
0001
0010
,
0000
1000
0010
0000
,
0100
1001
0010
0000
,
0100
0000
1000
0001
,
0100
1001
0000
0100
,
0100
0000
0000
0000
,
0010
1001
0100
0000
,
0010
0000
1000
0001
,
0100
1001
0000
0100
,
0010
0000
0000
0000
,
1000
0000
0000
0000
0001
0000
0000
1001
,
0000
0000
0000
0000
,
0001
0000
0000
0000
1000
0000
0000
1001
,
0000
0000
0000
0000
;

//---------------dance-single - ----------------
#NOTES:
     dance-single:
     :
     Medium:
     8:
     0.307,0.314,0.315,0.000,0.068:
0000
0000
0000
0000
,
0000
0000
0000
0000
,
0000
0100
0010
0100
,
1001
0000
0000
0000
0110
0000
0000
1001
,
0000
0000
0000
0001
1000
0000
0000
0001
1000
0000
0000
0001
1000
0000
0000
0000
,
0100
0000
0100
0000
0010
0000
1000
0100
,
0000
0000
0010
0000
0000
0010
0000
0000
0010
0000
0000
0000
0000
0000
0000
0000
,
0001
0000
0001
0000
1000
0000
0100
0010
,
0000
0000
0001
0000
0000
0001
0000
0000
0001
0000
0000
0000
1000
0000
0000
0000
,
0010
0000
0010
0000
0100
0000
0001
0100
,
0000
0000
0010
0000
0000
0010
0000
0000
0010
0000
0000
0000
0000
0000
0000
0000
,
1000
0000
1000
0000
0001
0000
0010
0100
,
0000
0000
1000
0000
0000
1000
0000
0000
1000
0000
0000
0000
0001
0000
0000
0000
,
1000
0000
0000
0000
0100
0010
0100
0000
1000
0000
0000
0000
0001
0000
0100
0000
,
0000
0000
0010
0000
0000
0010
0000
0000
0010
0000
0000
0000
0000
0000
0000
0000
,
1000
0000
0000
0000
0100
0010
0100
0000
1000
0000
0000
0000
0001
0000
0000
0000
,
1000
0010
0100
0001
0010
0000
0100
0000
,
1001
0000
0110
0000
1000
0001
0100
0000
,
1000
0000
0100
0010
0001
0000
1000
0000
,
0110
0000
1001
0000
0010
0100
1000
0000
,
0001
0000
0100
0010
1000
0100
0010
0000
,
1001
0000
0110
0000
0001
1000
0010
0000
,
0001
0000
0010
0100
1000
0000
0001
0000
,
0110
0000
1001
0000
0100
0010
0001
0000
,
1000
0000
0010
0100
0001
0010
0100
0000
,
1001
0000
0000
0000
0110
0000
0000
1001
,
0000
0100
0000
0010
0000
0001
0000
1000
,
0110
0000
1001
0100
,
0010
0000
0000
1000
0001
0000
0000
1000
0001
0000
0000
1000
0001
0000
0000
0000
,
0110
0000
1001
0000
0010
0100
1000
0000
,
0001
0000
1000
0010
0100
0000
0001
0000
,
0011
0000
1100
0000
0001
0100
0010
0000
,
1000
0000
0001
0010
0100
1000
0001
0000
,
0110
0000
1001
0000
0010
0100
0001
0000
,
1000
0000
0001
0010
0100
0000
1000
0000
,
1010
0000
0101
0000
1000
0100
0010
0000
,
0001
0000
1000
0010
0100
0001
1000
0000
,
0110
0000
0000
0000
1001
0000
0000
0110
,
0000
0000
0000
0000
,
1001
0000
0000
0000
0110
0000
0000
1001
,
0000
0000
0000
0000
;

//---------------dance-single - ----------------
#NOTES:
     dance-single:
     :
     Hard:
     10:
     0.381,0.377,0.252,0.010,0.126:
0000
0000
0000
0000
,
0000
0000
0000
0000
,
0000
0000
0000
0000
0000
0000
0000
0000
0000
0000
0000
1000
0000
0100
0010
0000
,
0001
0000
0000
0000
0000
0000
1000
0100
0000
1000
0000
0002
0000
0000
0000
0000
,
0000
0000
0000
0003
,
1000
0000
0000
0000
0001
0010
0001
0000
0100
0000
0000
0000
1000
0010
1000
0000
,
0100
0000
0001
0010
0100
1000
0001
0000
,
1000
0000
0000
0000
0001
0100
0001
0000
0010
0000
0000
0000
1000
0100
1000
0000
,
0010
0000
0001
0010
0100
1000
0001
0000
,
1000
0000
0000
0000
0001
0010
0001
0000
1000
0000
0000
0000
0010
0100
0010
0000
,
1000
0000
0100
0010
0001
0100
0010
0000
,
1000
0000
0000
0000
0001
0100
0001
0000
1000
0000
0000
0000
0100
0010
0100
0000
,
1000
0000
0010
0100
0001
0010
0100
0000
,
1000
0000
0000
0000
0001
0100
0001
0000
1000
0000
0000
0000
0100
0000
0000
0000
,
0010
0001
0100
0010
1000
0001
1000
0000
,
0001
0000
0000
0000
1000
0100
1000
0000
0001
0000
0000
0000
0100
0000
0000
0000
,
0010
0000
1000
0001
1000
0000
0001
1000
0001
0000
0100
0000
0010
0000
1000
0000
,
1100
0000
0011
0000
0100
0010
1000
0000
,
0001
0010
1000
0010
0001
0010
1000
0000
,
0101
0000
1010
0000
0100
0001
0010
0000
,
0100
1000
0010
0001
0010
1000
0100
0000
,
0011
0000
1100
0000
0001
0100
0010
0000
,
1000
0001
0010
1000
0010
0001
0100
0000
,
1010
0000
1100
0000
0010
0001
0100
0000
,
0010
1000
0001
0010
0100
1000
0001
0000
,
0110
0000
0000
0000
1000
0100
1000
0000
0001
0000
0000
0000
0100
0000
0000
0000
,
1000
0100
0001
0100
1000
0010
0100
0000
,
1001
0000
0000
0000
0100
0010
0100
0000
1000
0000
0000
0000
0001
0000
0000
0000
,
0100
0000
0000
0010
1000
0000
0000
0001
1000
0000
0000
0100
1000
0000
0000
0000
,
0011
0000
0101
0000
0010
1000
0100
0000
,
0001
0100
1000
0100
0001
0010
1000
0010
,
0101
0000
1010
0000
0100
0010
0001
0000
,
0100
0000
0010
0000
1000
0000
0001
0000
0010
0000
0100
0000
1000
0010
1000
0000
,
0101
0000
0011
0000
0100
1000
0001
0100
,
0010
1000
0001
0010
1000
0010
0001
0100
,
1010
0000
0101
0000
0010
0100
1000
0001
,
0100
0000
1000
0000
0100
0000
0001
0000
0010
0000
0100
0000
1000
0010
1000
0000
,
1100
0000
0000
0000
0011
0000
0000
1001
,
0000
0000
0000
0000
,
0101
0000
0000
0000
1010
0000
0000
1001
,
0000
0000
0000
0000
;

//---------------dance-double - ----------------
#NOTES:
     dance-double:
     :
     Easy:
     4:
     0.150,0.188,0.115,0.000,0.000:
00000000
00000000
00000000
00000000
,
00000000
00000000
00000000
00000000
,
00000000
00000000
00000000
00000000
,
00010000
00000000
00000000
00000000
00001000
00000000
00000000
00011000
,
00000000
00000000
00000000
00000000
,
00100000
00000000
00010000
00000000
,
10000000
00000000
01000000
01000000
,
00010000
00000000
00001000
00000000
,
00000010
00000000
00000001
00000001
,
00001000
00000000
00000100
00000000
,
00010000
00000000
00001000
00001000
,
00100000
00000000
00010000
00000000
,
10000000
00000000
01000000
01000000
,
00100000
00100000
00000000
00010000
,
00000000
01000000
00000000
00001000
,
00010000
00010000
00000000
00000010
,
00000000
00001000
00000000
00000001
,
00000100
00001001
00000000
00000100
,
00010000
00000000
00001000
00100000
,
01000000
10010000
00000000
01000000
,
00100000
00000000
00000000
00000000
,
01000000
10010000
00000000
01000000
,
00001000
00000000
00010000
00000010
,
00000100
00001001
00000000
00000100
,
00000010
00000000
00000000
00000000
,
00001000
00000000
00000001
00000000
,
00000010
00000000
00000100
00000000
,
00001000
00000000
00000001
00000000
,
00000100
00001000
00010000
01000000
,
00100000
10010000
00000000
01000000
,
00001000
00000000
00010000
00000010
,
00000100
00001001
00000000
00000100
,
00000010
00000000
00000000
00000000
,
00000100
00001001
00000000
00000100
,
00010000
00000000
00001000
00100000
,
01000000
10010000
00000000
01000000
,
00100000
00000000
00000000
00000000
,
10000000
00000000
00000000
00000000
00010000
00000000
00000000
01100000
,
00000000
00000000
00000000
00000000
,
00001000
00000000
00000000
00000000
00010000
00000000
00000000
00011000
,
00000000
00000000
00000000
00000000
;

//---------------dance-double - ----------------
#NOTES:
     dance-double:
     :
     Medium:
     7:
     0.301,0.314,0.157,0.000,0.121:
00000000
00000000
00000000
00000000
,
00000000
00000000
00000000
00000000
,
00000000
00000010
00000001
00000100
,
00001010
00000000
00000000
00000000
00011000
00000000
00000000
01010000
,
00000000
00000000
00000000
10000000
01000000
00000000
00000000
10000000
01000000
00000000
00000000
10000000
01000000
00000000
00000000
00000000
,
00100000
00010000
01000000
00100000
,
10000000
00010000
10000000
00010000
,
01000000
00001000
00010000
00000010
,
00001000
00000000
00000000
00000001
00000100
00000000
00000000
00000001
00000100
00000000
00000000
00000001
00000100
00000000
00000000
00000000
,
00000010
00000000
00001000
00000000
00000100
00000000
00000010
00000001
,
00000100
00000010
00001000
00000100
,
00010000
00000000
00001000
00000000
00100000
00000000
00010000
01000000
,
00100000
00000000
00000000
10000000
01000000
00000000
00000000
10000000
01000000
00000000
00000000
10000000
01000000
00000000
00000000
00000000
,
00100000
00000000
00010000
00000000
01000000
00000000
00100000
10000000
,
01000000
00000000
00100000
00010000
10000000
01000000
00010000
00000000
,
00001000
00000000
00000100
00000000
00000001
00000000
00001000
00000100
,
00000010
00000000
00000000
00000001
00000100
00000000
00000000
00000001
00000100
00000000
00000000
00000001
00000100
00000000
00000010
00000000
,
00001000
00000001
00000010
00000100
,
00010000
00001000
00100000
00010000
,
10000000
00100000
01000000
00010000
,
10000000
00000000
01000000
00100000
01000000
00000000
00100000
01000000
00100000
00000000
00010000
00000000
01000000
00000000
00100000
00000000
,
10000000
01000000
00100000
00010000
,
01000000
00001000
00010000
00000010
,
00001000
00000100
00000010
00000001
,
00001000
00000000
00000010
00000100
00000010
00000000
00000100
00000010
00000100
00000000
00000001
00000000
00000010
00000000
00000000
00000000
,
00001100
00000000
00000000
00000000
00011000
00000000
00000000
00110000
,
00000000
10000000
00100000
01000000
,
00110000
00000000
00000000
00000000
00011000
00000000
00000000
00001100
,
00000000
00000000
00000000
00000001
00000100
00000000
00000000
00000001
00000100
00000000
00000000
00000001
00000100
00000000
00000000
00000000
,
00000010
00001000
00000100
00010000
,
00001000
00100000
00010000
01000000
,
00100000
10000000
01000000
00100000
,
00010000
00000000
01000000
00100000
01000000
00000000
00100000
01000000
00100000
00000000
10000000
00000000
01000000
00000000
00010000
00000000
,
00001000
00000100
00000001
00000010
,
00000100
00001000
00000001
00000100
,
00001000
00010000
00100000
10000000
,
00010000
00000000
00100000
01000000
00100000
00000000
01000000
00100000
01000000
00000000
10000000
00000000
00100000
00000000
00000000
00000000
,
01010000
00000000
00000000
00000000
00011000
00000000
00000000
00001010
,
00000000
00000001
00000010
00000100
,
00001010
00000000
00000000
00000000
00011000
00000000
00000000
01010000
,
00000000
00000000
00000000
00000000
;

//---------------dance-double - ----------------
#NOTES:
     dance-double:
     :
     Hard:
     12:
     0.358,0.481,0.168,0.042,0.367:
00000000
00000000
00000000
00000000
,
00000000
00000000
00000000
00000000
,
00000000
00010000
00100000
00010000
00000000
00001000
00010000
00001000
00000000
00000010
00001000
00000010
00000000
00000001
00000010
00000001
,
00000000
00000001
00000100
00000001
00000010
00000001
00000100
00000001
00000000
00000010
00000100
00000010
00000000
00000000
00000000
00000000
,
00000000
00001000
00000010
00001000
00000000
00010000
00001000
00010000
00000000
00100000
00010000
00100000
00000000
00000000
00000000
00000000
,
01000000
00000000
00000000
00000000
10000000
00100000
10000000
00000000
00000000
00000000
00010000
01000000
00010000
00100000
00010000
00000000
,
00000000
00000000
00000000
00000000
01000000
00000000
00001000
00000000
00010000
00000000
00000010
00001000
00000000
00000010
00001000
00000000
,
00000000
00000000
00000001
00000010
00000100
00000000
00000000
00000000
,
00000000
00000000
00001000
00000010
00000100
00000100
00000000
00000000
,
00000000
00000000
00000000
00000000
00001000
00000000
00010000
00001000
00000000
00000000
00000000
00000000
00010000
00000000
00001000
00010000
,
00000000
00000000
00000000
00000000
00000010
00001000
00000010
00000000
00000000
00000000
00000100
00000001
00000000
00000100
00000001
00000000
,
00000000
00000000
00001000
00000100
00010000
00000000
00000000
00000000
,
00000000
00001000
00100000
00000000
00010000
00000000
00000000
00000000
,
00000000
00000000
00000000
01000000
00000000
00100000
10000000
00000000
00000000
00000000
01000000
00100000
00000000
01000000
00100000
00000000
,
00000000
00000000
00000000
00000000
10000000
00000000
00010000
00000000
01000000
00000000
00100000
01000000
00000000
00100000
01000000
00000000
,
00000000
00000000
00001000
00010000
00000010
00000000
00000000
00000000
,
00001000
00000000
00000001
00000010
00000001
00000000
00001000
00000010
00001000
00000000
00000100
00000000
00000010
00000000
00000001
00000000
,
00001100
00000000
00000011
00000000
00000100
00000000
00001000
00010000
,
00100000
00000000
10000000
00010000
00000000
10000000
00000000
01000000
,
00110000
11000000
00000000
00010000
,
00002000
00000000
00000000
00003000
,
00001100
00000000
00000011
00000000
00000100
00000000
00001000
00010000
,
01000000
00000000
10000000
00010000
00000000
10000000
00000000
00100000
,
01010000
10100000
00000000
00010000
,
00002000
00000000
00000000
00003000
,
00000000
00000000
00000000
00000000
00000010
00000001
00000010
00000000
00000100
00000000
00001000
00000010
00000000
00001000
00000010
00000000
,
00000000
00000000
00000000
00000000
00010000
00000000
00001000
00000000
01000000
00000000
00010000
10000000
00000000
00010000
01000000
00000000
,
00000000
00000000
00010000
10000000
00000000
00010000
01000000
00000000
00000000
00000000
00010000
10000000
00000000
00010000
01000000
00000000
,
00100000
00000000
00000000
01000000
10000000
00000000
00000000
00010000
10000000
00000000
00000000
00100000
10000000
00000000
00000000
00000000
,
01010000
00000000
10100000
00000000
01000000
00000000
00010000
00001000
,
00000010
00000000
00000001
00001000
00000000
00000001
00000000
00000100
,
00001010
00000101
00000000
00001000
,
00020000
00000000
00000000
00030000
,
01010000
00000000
10100000
00000000
01000000
00000000
00010000
00001000
,
00000100
00000000
00000001
00001000
00000000
00000001
00000000
00000010
,
00001100
00000011
00000000
00001000
,
00020000
00000000
00000000
00030000
,
00000000
00100000
00010000
10000000
00010000
01000000
00010000
10000000
00000000
01000000
00100000
01000000
00000000
00000000
00000000
00000000
,
00000000
00010000
01000000
00010000
00000000
00001000
00010000
00001000
00000000
00000010
00001000
00000010
00000000
00000001
00000010
00000001
,
00000000
00000100
00000010
00001000
00000100
00001000
00000010
00000100
00000000
00000001
00001000
00000100
00000000
00000000
00010000
00000000
,
00000000
00000000
00000000
00000000
;
