#TITLE:Sweet Sweet ♥ Magic;
#SUBTITLE:;
#ARTIST:jun;
#TITLETRANSLIT:;
#SUBTITLETRANSLIT:;
#ARTISTTRANSLIT:;
#CREDIT:;
#BANNER:Sweet Sweet Love Magic.png;
#BACKGROUND:Sweet Sweet Love Magic-bg.png;
#LYRICSPATH:;
#CDTITLE:./CDTITLES/DDRMAX2 -Dance Dance Revolution 7thMIX-.PNG;
#MUSIC:Sweet Sweet Love Magic.ogg;
#OFFSET:0.000;
#SAMPLESTART:68.333;
#SAMPLELENGTH:15.000;
#SELECTABLE:YES;
#DISPLAYBPM:180.000;
#BPMS:0.000=180.000,4.000=180.000,203.000=180.000;
#STOPS:203.000=0.333;
#BGCHANGES:;

//---------------dance-single - ----------------
#NOTES:
     dance-single:
     :
     Beginner:
     4:
     0.210,0.363,0.087,0.000,0.000:
0000
0000
0000
0000
,
0000
0000
0000
0000
,
0000
0000
0000
0000
,
1000
0000
0000
0000
,
0001
0000
0000
0000
,
1000
0000
1000
0000
,
0001
0000
0001
0000
,
0010
0000
0010
0000
,
0100
0000
0100
0000
,
1000
0000
0000
0000
,
0000
0000
0000
0000
,
0010
0000
0000
0000
,
0001
0000
0000
0000
,
0100
0000
0000
0000
,
1000
0000
0000
0000
,
0010
0000
0000
0000
,
0001
0000
0000
0000
,
0100
0000
0000
0000
,
1000
1000
1000
0000
,
0001
0000
0001
0000
,
1000
0000
1000
0000
,
0010
0000
0010
0000
,
0100
0000
0100
0000
,
0010
0000
0100
0000
,
0010
0000
0100
0000
,
0001
0000
1000
0000
,
0001
0000
0100
0100
,
0100
0100
0100
0000
,
0010
0010
0010
0000
,
1000
1000
1000
0000
,
0001
0001
0001
0000
,
0100
0100
0100
0000
,
0001
0001
0001
0000
,
1000
1000
1000
0000
,
0010
0010
0010
0000
,
1000
0000
1000
0000
,
0000
1000
1000
0000
,
0001
0000
0001
0000
,
0000
0001
0001
0000
,
0010
0000
0010
0000
,
0000
0010
0010
0000
,
0100
0000
0100
0000
,
0000
0100
0100
0000
,
1000
0000
1000
0000
,
0001
0000
0001
0000
,
0010
0000
0010
0000
,
0100
0000
0100
0000
,
0001
0000
0010
0000
,
1000
0000
0100
0000
,
0010
0000
1001
0000
,
1001
1001
1001
1001
,
0000
0000
1000
0000
,
0010
0000
1000
0000
,
0100
0000
0001
0000
,
0010
0000
1000
0000
,
0100
0000
0010
0000
,
1000
0000
0001
0000
,
0100
0000
0100
0000
,
1001
1001
0000
0000
,
0010
0000
1000
0000
,
0100
0000
0001
0000
,
0010
0000
1000
0000
,
0001
0001
0000
0000
,
0010
0000
1000
0000
,
0010
0000
0001
0000
,
0010
0000
1000
0000
,
0100
0100
0000
0000
,
1001
0000
0000
0000
,
0000
0000
0000
0000
;

//---------------dance-single - ----------------
#NOTES:
     dance-single:
     :
     Easy:
     5:
     0.297,0.440,0.531,0.043,0.000:
0000
0000
0000
0000
,
0000
0000
0000
0000
,
0000
0000
0000
0000
,
1000
0000
1000
0000
,
0001
0000
0001
0000
,
1000
0000
0001
0000
,
1000
0000
0001
0000
,
0010
0000
0010
0000
,
0100
0000
0100
0000
,
2002
0000
0000
3003
,
0000
1001
1001
0000
,
0010
0000
1000
0000
,
0001
0000
0010
0000
,
0100
0000
1000
0000
,
0000
0001
0001
0000
,
0100
0000
0001
0000
,
1000
0000
0100
0000
,
0010
0000
0001
0000
,
0000
1000
1000
1000
,
0001
0000
0001
0000
,
1000
0000
1000
0000
,
0010
0000
0010
0000
,
0000
0100
0100
0000
,
0010
0000
0100
0000
,
0010
0000
0100
0100
,
0001
0000
1000
0000
,
0000
1001
1001
0000
,
0100
0000
1001
0000
,
0100
0000
1001
0000
,
0100
0000
1001
0000
,
0100
0100
1001
0000
,
0100
0000
1001
0000
,
0010
0000
1001
0000
,
0100
0000
1001
0000
,
0010
0010
1001
0000
,
1000
0000
1000
0000
,
0000
1000
1000
0000
,
0001
0000
0001
0000
,
0000
0001
0001
0001
,
0010
0000
0010
0000
,
0000
0010
0010
0000
,
0100
0000
0100
0000
,
0000
0100
0100
0100
,
0001
0000
1100
0000
,
1000
0000
0101
0000
,
0010
0000
1001
0000
,
0000
0110
0110
0000
,
0001
0000
1010
0000
,
1000
0000
0011
0000
,
0010
0000
1001
0000
,
1001
1001
1001
1001
,
0010
0000
1001
0000
,
0010
0000
1001
1001
,
0010
0000
1001
0000
,
0000
1001
1001
0000
,
0010
0000
1100
0000
,
0010
0000
0101
0000
,
1100
0000
0101
0000
,
0000
1001
1001
0000
,
0110
0000
1001
0000
,
0110
0000
1001
0000
,
0110
0000
1001
0000
,
0010
0010
1001
0000
,
0010
0000
1100
0000
,
0010
0000
0101
0000
,
0010
0000
1001
0000
,
0010
0010
1001
0000
,
2002
0000
0000
3003
,
0000
0000
0000
0000
;

//---------------dance-single - ----------------
#NOTES:
     dance-single:
     :
     Medium:
     9:
     0.603,0.587,0.931,0.303,0.000:
0000
0000
0000
0000
,
0000
0000
0000
0000
,
0000
0000
0000
0000
,
1000
0100
0001
0100
,
0010
0010
0010
1001
,
1000
1000
1000
1001
,
0001
0001
0001
1001
,
0010
0010
0010
1001
,
0100
0100
0100
0110
,
2002
0000
0000
0000
0000
3003
0000
0010
,
0000
1000
0010
1000
0000
0101
0000
0000
,
0010
1000
0100
0000
0022
0000
0033
1000
,
0000
0010
1000
0000
0001
0000
0001
0000
,
0010
0001
0100
0000
1010
0000
0101
0000
,
1001
1100
1001
0101
,
0010
0001
0100
0000
2020
0000
3030
0001
,
0000
0100
0010
0000
1000
0000
1000
0000
,
0001
0010
0000
0001
0100
0000
0000
0010
,
0000
1000
0100
0000
1000
0000
1001
0000
,
0010
1000
0100
0000
0022
0000
0033
0100
,
0000
1000
0010
0000
1000
0000
1001
0000
,
0010
1000
0001
0000
0100
0000
1001
0000
,
1100
1001
0011
1001
,
0100
0001
0010
0000
0220
0000
0330
1000
,
0000
0001
1000
0000
0010
0000
1100
0000
,
0010
0001
0000
0010
0100
0000
0000
0010
,
0000
0001
1000
0001
0000
0010
0100
0000
,
0001
0001
1001
1001
,
1000
1000
1001
1001
,
0010
0010
1010
1010
,
0100
0100
0101
0101
,
0001
1000
0001
0000
0101
0000
0100
0000
,
1000
0001
1000
0000
1010
0000
1010
0000
,
0010
0100
0010
0000
0110
0000
0110
0000
,
1010
1001
0101
1001
,
1000
0100
1000
0000
1000
0000
0010
0100
,
0000
1001
2002
3003
,
0001
0100
0001
0000
0001
0000
0010
0100
,
0000
1001
1001
1001
,
0010
1000
0001
0000
0001
0000
0001
0100
,
0000
1001
2002
3003
,
0010
0001
1000
0000
1000
0000
1000
0000
,
1001
0110
1001
0110
,
2000
0000
3100
0000
0201
0000
0000
0301
,
0000
0101
2002
3003
,
0012
0100
0010
0103
,
1000
0000
1001
0000
0000
0010
0100
0000
,
0002
0000
0103
0000
1200
0000
0000
1300
,
0000
1100
0110
1100
,
2010
0100
0010
3100
,
1100
1001
0101
1001
,
0010
1000
0100
0000
0102
0000
0003
1000
,
0000
0010
1000
0000
0001
0000
0001
0000
,
0010
0001
0100
0000
1000
0000
0101
0000
,
1001
0101
1001
1100
,
0010
0001
0100
0000
2010
0000
3000
0001
,
0000
0100
0010
0000
1000
0000
1000
0000
,
0001
0010
0001
0100
0020
0000
0030
1000
,
0000
0001
0100
0000
0010
0000
1001
0000
,
0010
1000
0100
0000
0012
0000
0003
1000
,
0000
0001
0100
0000
0010
0000
1001
0000
,
0010
0001
0100
0010
1000
0000
1000
0000
,
1001
0110
1001
0110
,
1000
0001
1000
0000
0110
0000
0000
0010
,
0000
0100
0001
0000
1000
0000
0011
0000
,
0100
1000
0000
0001
0010
0000
0000
1001
,
0000
1000
0100
1000
0000
0101
0000
2020
,
0000
0000
0000
3030
,
0000
0000
0000
0000
;

//---------------dance-single - ----------------
#NOTES:
     dance-single:
     :
     Hard:
     13:
     0.678,0.624,0.314,0.401,0.179:
0000
0000
0000
0000
,
0000
0000
0000
0000
,
0000
0000
0000
0000
,
0010
0000
0000
0000
0020
0000
0000
0000
0001
0000
0000
0001
0000
0000
0031
0000
,
0000
0000
0100
0000
0200
0000
0000
0000
1000
0000
0000
1000
0000
0000
1300
0000
,
0000
0000
0001
0000
2000
0000
0000
0000
0100
0000
0000
0100
0000
0000
3100
0000
,
0000
0000
0010
0000
0100
0000
0000
0000
0001
1000
0000
0001
1000
0000
0001
0000
,
0000
0000
0010
0000
0020
0000
0000
0000
0001
0000
0000
0001
0000
0000
0031
0000
,
0000
0000
0100
0000
0200
0000
0000
0000
1000
0000
0000
1000
0000
0000
1300
0000
,
2200
0000
0000
0000
0000
0000
3300
0002
,
0000
1003
0100
0020
0000
0002
0030
0003
,
1000
0100
0010
0001
0200
0000
0000
0320
,
0000
1030
0100
0010
0001
0000
0001
0000
,
0010
0100
1000
0010
0100
0000
0001
2000
,
0000
0000
3001
0000
0100
0000
0000
0000
0001
1000
0000
0001
1000
0000
0001
0000
,
0010
0001
0100
0001
2000
0000
0000
3010
,
0000
0100
0001
1000
1100
0000
0101
0000
,
1000
0010
0010
1000
0020
0000
0000
0130
,
0000
0001
0100
0010
0000
1000
0100
1000
,
0001
0010
0100
1000
0020
0000
0000
0130
,
0000
0001
0100
0010
1000
0000
1000
0000
,
0010
0100
0001
1000
0100
0000
0010
0001
,
0000
0000
1000
0000
0100
0000
0000
0000
1000
0001
0000
1000
0001
0000
1000
0000
,
0010
0100
0001
0010
0200
0000
0000
1300
,
0000
0100
1000
0010
0101
0000
1010
0000
,
1000
0001
0001
1000
0001
0000
0000
0010
,
0000
0001
0100
0010
0000
1000
1000
0000
,
0001
0000
0010
0000
0002
0000
0000
0000
1000
0000
0000
1000
0000
0000
1003
0000
,
1000
0000
0010
0000
2000
0000
0000
0000
0001
0000
0000
0001
0000
0000
3001
0000
,
0001
0000
0100
0000
0010
0000
0000
0000
1000
0000
0000
0010
0000
0000
0100
0000
,
0010
0000
0010
0000
0010
0000
0000
0000
1000
0001
0000
1000
0001
0000
1000
0000
,
0001
0000
0001
0000
0001
0000
0000
0000
1000
0000
0000
1000
0000
0000
1000
0000
,
0010
0000
0010
0000
0010
0000
0000
0000
0100
0000
0000
0100
0000
0000
0100
0000
,
0010
0000
1000
0000
0100
0000
0000
0000
0010
0000
0000
0001
0000
0000
0100
0000
,
0001
1000
0000
0000
1000
0100
0000
0000
0100
0010
0000
0000
0010
0001
0000
0000
,
0010
0001
0100
0010
2000
0000
3001
0100
,
0000
0001
0001
1000
0002
0000
0003
0000
,
0010
0100
1000
0001
0100
0000
0010
1000
,
0000
0000
0000
0000
0001
0000
0000
0000
1000
0100
0000
0100
1000
0000
0001
0000
,
0100
0001
1000
0010
0200
0000
0301
1000
,
0000
0001
0001
1000
0002
0000
0003
0000
,
0100
0001
0010
0100
2000
0000
3001
0100
,
0001
1000
0000
1000
0001
0000
0100
0000
0001
1000
0000
1000
0001
0000
0010
0000
,
0002
0000
0103
0000
1200
0000
0000
1300
,
0000
1000
1100
0000
0202
0000
0303
0000
,
2000
0000
3100
0000
1000
0010
1000
0100
,
0020
0001
0030
0000
1000
0100
1000
0000
,
0002
0000
0103
0000
1200
0000
0000
1300
,
0000
1000
1100
0000
0101
0000
0100
0010
,
1000
0100
1000
0000
0002
0000
0103
0000
,
0010
1000
0010
1000
0001
0100
0001
0000
,
0010
1000
0100
0010
0011
0000
0000
0010
,
0000
0001
0100
0010
1010
0000
0101
0000
,
0010
1000
0100
0010
0001
0000
1000
0100
,
0000
0000
0010
0000
0001
0000
0000
0000
0001
1000
0000
1000
0001
0000
1000
0000
,
0010
0100
0001
1000
2002
0000
3003
0010
,
0000
1000
0001
1000
0101
0000
1010
0000
,
0100
0001
0001
0100
0001
0000
0000
0010
,
0001
0000
0100
0000
0001
0000
0000
0000
1000
0100
0000
0100
1000
0000
0001
0000
,
0010
1000
0010
0100
0101
0000
0000
1000
,
0000
0100
0010
0001
1100
0000
0011
0000
,
0010
0100
0100
0010
0100
0000
0001
1000
,
0000
0001
1000
0000
0010
0010
0010
0010
,
1000
0100
0010
0001
1001
0000
0010
0000
,
0000
0100
0010
0001
1100
0000
0011
0000
,
1000
0001
0001
1000
0001
0000
0000
1100
,
0000
0011
0011
1100
0000
0101
0000
2002
,
0000
0000
0000
3003
,
0000
0000
0000
0000
;

//---------------dance-double - ----------------
#NOTES:
     dance-double:
     :
     Easy:
     5:
     0.229,0.257,0.141,0.043,0.000:
00000000
00000000
00000000
00000000
,
00000000
00000000
00000000
00000000
,
00000000
00000000
00000000
00000000
,
00100000
00000000
00000000
00000000
,
10000000
00000000
00000000
00000000
,
01000000
00000000
00000000
00000000
,
00010000
00000000
00001000
00000000
,
00001000
00000000
00000000
00000000
,
00000010
00000000
00000000
00000000
,
00012000
00000000
00000000
00000000
00000000
00000000
00003000
00020000
,
00000000
00000000
00000000
00030000
,
00001000
00000000
01000000
00000000
,
00100000
00000000
10000000
00000000
,
01000000
00000000
00010000
00000000
,
00001000
00000000
00000100
00000000
,
00000001
00000000
00000100
00000000
,
00001000
00000000
00010000
00000000
,
00100000
00000000
10000000
00000000
,
00100000
00000000
01000000
00000000
,
00100000
00000000
10000000
00000000
,
01000000
00010000
00001000
00000000
,
00000010
00000000
00000001
00000100
,
00000010
00000000
00010000
00000000
,
00001000
00000000
00100000
00000000
,
01000000
00000000
10000000
01000000
,
00100000
00000000
00000000
00000000
00010000
00000000
00000000
10000000
,
00000000
00000000
00000000
00100000
,
01000000
00000000
00001000
00000000
,
00010000
00000000
00000100
00000000
,
00000010
00000000
00000001
00000000
,
00000100
00000000
00001000
00000000
,
00010000
00000000
00100000
00000000
,
10000000
00000000
00100000
00000000
,
00010000
00000000
00001000
00000000
,
00000100
00000000
00000010
00000000
,
00010000
00000000
00001000
00000000
,
00000100
00000000
00000100
00000000
,
00001000
00000000
00010000
00000000
,
00100000
00000000
01000000
00000000
,
00001000
00000000
00010000
00000000
,
01000000
00000000
01000000
00000000
,
00010000
00000000
00001000
00000000
,
00000010
00000000
00000100
00000000
,
00001000
00000000
00001001
00000000
,
00000100
00000000
00010100
00000000
,
00001000
00000000
01001000
00000000
,
00100000
00000000
10000000
10000000
,
01000000
00000000
01100000
00000000
,
00001000
00000000
00011000
00000000
,
00000010
00000000
00010000
00000000
,
00001000
00000000
01000000
00000000
,
00100000
00000000
10000000
00000000
,
01000000
00000000
00010000
00001000
,
00000010
00000000
00000001
00000000
,
00000100
00000000
00000101
00000000
,
00000010
00000000
00000001
00000000
,
00000100
00000000
00001000
00010000
,
00100000
00000000
10000000
00000000
,
01000000
00000000
00010000
00011000
,
00100000
00000000
10000000
00000000
,
01000000
00000000
00010000
00001000
,
00000010
00000000
00000001
00000000
,
00000100
00000000
00001000
00011000
,
00000010
00000000
00000001
00000000
,
00000100
00000000
00001000
00010000
,
00011000
00000000
01001000
00000000
,
00000000
00000000
00011000
00000000
00000000
00000000
00000000
00002020
,
00000000
00000000
00000000
00003030
,
00000000
00000000
00000000
00000000
;

//---------------dance-double - ----------------
#NOTES:
     dance-double:
     :
     Medium:
     8:
     0.408,0.367,0.271,0.043,0.000:
00000000
00000000
00000000
00000000
,
00000000
00000000
00000000
00000000
,
00000000
00000000
00000000
00000000
,
00100000
00010000
01100000
00000000
,
00000000
01000000
00000000
00000000
00010000
00000000
00011000
00000000
,
00000000
00000010
00000000
00000000
00000001
00000000
00001001
00000000
,
00000000
00000100
00000000
00000000
00001000
00000000
00011000
00000000
,
00000000
00100000
00010000
00000000
01000000
00000000
00110000
00000000
,
00000000
00001000
00010000
00000000
00000100
00000000
00000110
00000000
,
00002002
00000000
00000000
00000000
00000000
00003003
00000000
00000100
,
00000000
00001000
00000000
00010000
00000000
00011000
00000000
00000000
,
00100000
00000000
10000000
00000000
11000000
00000000
00000000
10000000
,
00000000
01000000
00010000
00011000
,
00000010
00000000
00001000
00000000
00000001
00000000
00000010
00000100
,
00000000
00010000
00000000
00011000
,
00100000
00000000
10000000
00000000
11000000
00000000
00000000
00100000
,
00000000
10000000
01000000
00010000
,
00001000
00000010
00000000
00000000
00001000
00000000
00000000
00000100
,
00000000
00001000
00010000
00011000
,
00100000
00000000
01000000
00000000
01010000
00000000
00000000
10000000
,
00000000
01000000
00010000
00001000
,
00000100
00000000
00001000
00000000
00010000
00000000
00000100
00001000
,
00000000
00010000
00000000
00011000
,
00100000
00000000
01000000
00000000
01010000
00000000
00000000
10000000
,
00000000
01000000
00100000
00010000
,
00100000
00000000
00000000
01000000
00000000
00000000
00000000
00010000
,
00000000
00001000
00000010
00001000
00000000
00000001
00000000
00000000
,
00000000
00000100
00000000
00001000
00000000
00010000
00000000
00100000
,
00000000
00010000
00000000
00001000
00000000
00010000
00000000
00100000
,
00000000
10000000
00000000
01000000
00000000
00010000
00000000
00001000
,
00000000
00010000
00000000
01000000
00000000
00010000
00000000
00001000
,
00000000
00000010
00000000
00000001
00000000
00000100
00000000
00001000
,
00000000
00010000
00000000
00001000
00000000
00000100
00000000
00000001
,
00000000
00000100
00000000
00001000
00000000
00010000
00000000
00100000
,
00000000
10000000
00000000
01000000
00000000
00010000
00000000
00000000
,
00001000
00000000
00000000
00000010
00000100
00000000
00010000
00000000
,
00000000
00001000
00000000
00000000
00011000
00000000
00000000
00000000
,
01000000
00000000
00000000
00100000
00010000
00000000
10000000
00000000
,
01000000
00010000
00001000
00010000
,
00001000
00000000
00000000
00000010
00000001
00000000
00000100
00000000
,
00000000
00001000
00000000
00000000
00011000
00000000
00000000
00000000
,
00100000
00000000
00000000
10000000
01000000
00000000
10000000
00000000
,
01000000
00010000
00001000
00000010
,
00000001
00000000
00001000
00000000
00001001
00000000
00000000
00000100
,
00000000
00001000
00010000
00000000
00011000
00000000
00000000
00000000
,
00000000
00010000
00000000
01000000
00000000
00100000
00000000
00001000
,
00000000
00010000
00001000
00000000
00000000
00000000
00011000
00000000
,
00100000
00000000
10000000
00000000
10010000
00000000
00000000
01000000
,
00000000
00010000
00001000
00000100
,
00001000
00000100
00000001
00000100
,
00001000
00010000
00100000
10000000
,
01000000
00000000
00100000
00000000
11000000
00000000
00000000
00010000
,
00000000
00001000
00000010
00000011
,
00000100
00000000
00001000
00000000
00010000
00000000
00001000
00010000
,
00000000
00100000
10000000
00000000
,
01000000
00000000
00010000
00000000
00001000
00000000
00000000
00000010
,
00000000
00000001
00001000
00000000
00000001
00000000
00000100
00000000
,
00001000
00010000
00000000
00001000
00100000
00000000
00000000
01000000
,
00000000
00100000
00010000
00000000
00100000
00000000
10000000
00000000
,
01000000
00000000
00010000
00000000
01000000
00000000
00000000
00010000
,
00000000
00001000
00010000
00000000
00001000
00000000
00000010
00000000
,
00000100
00000000
00000010
00000000
00000001
00000000
00000001
00000100
,
00000000
00001000
00010000
00000000
00001000
00000000
00001000
00000000
,
00010000
00000000
00100000
00000000
10000000
00000000
00000000
01000000
,
00000000
00100000
00010000
00000000
01000000
00000000
00001000
00000000
,
00010000
00000100
00000000
00000010
00000001
00000000
00000000
00000100
,
00000000
00001000
00000100
00001000
00000000
00010000
00000000
02002000
,
00000000
00000000
00000000
03003000
,
00000000
00000000
00000000
00000000
;

//---------------dance-double - ----------------
#NOTES:
     dance-double:
     :
     Hard:
     11:
     0.568,0.514,0.347,0.054,0.032:
00000000
00000000
00000000
00000000
,
00000000
00000000
00000000
00000000
,
00000000
00000000
00000000
00000000
,
00100000
00000000
00000000
00000000
10000000
00000000
00000000
00000000
01000000
00000000
00000000
00010000
00000000
00000000
00011000
00000000
,
00000000
00000000
00000010
00000000
00000001
00000000
00000000
00000000
00000100
00000000
00000000
00000001
00000000
00000000
00000101
00000000
,
00000000
00000000
00000100
00000000
00001000
00000000
00000000
00000000
00010000
00000000
00000000
00100000
00000000
00000000
10100000
00000000
,
00000000
00000000
10000000
00000000
01000000
00000000
00000000
00000000
00010000
00000000
00000000
00001000
00000000
00000000
00011000
00000000
,
00000000
00000000
00100000
00000000
10000000
00000000
00000000
00000000
00100000
00000000
00000000
00010000
00000000
00000000
00001000
00000000
,
00000000
00000000
00000100
00000000
00000001
00000000
00000000
00000000
00000100
00000000
00000000
00001000
00000000
00000000
00010000
00000000
,
00022000
00000000
00000000
00000000
00000000
00033000
00000000
00000100
,
00000000
00001000
00010000
00100000
00000000
10100000
00000000
00000000
,
00100000
10000000
01000000
00000000
11000000
10000000
00000000
01000000
,
00000000
00010000
00001000
00000000
00010000
00001000
00010000
00000000
,
00001000
00000010
00000001
00000000
00000001
00000000
00000100
00000001
,
00000000
00000100
00001000
00000000
00000000
00010000
00001000
00000000
,
00010000
00100000
00010000
00000000
10000000
01000000
00000000
00100000
,
00000000
00001000
00010000
00001000
00000100
00000000
00000010
00000000
,
00001000
00000100
00000000
00000010
00000001
00000000
00000000
00000100
,
00000000
00001000
00010000
00001000
00000000
00000100
00000100
00000000
,
00001000
00010000
00001000
00000000
00010000
00100000
00000000
00100000
,
00000000
10000000
01000000
00000000
12000000
00000000
03010000
00000000
,
00001000
00000100
00001000
00000000
00000100
00000000
00000001
00000010
,
00000000
00000001
00000100
00000000
00000000
00001000
00010000
00000000
,
00100000
10000000
01000000
00000000
00110000
00000000
00000000
01000000
,
00000000
00100000
10000000
00000000
01000000
00000000
10010000
00000000
,
01000000
00010000
00000000
00001000
00000010
00000000
00000000
00000011
,
00000000
00000001
00000100
00001001
00000000
00000100
00001000
00000000
,
00000000
00010000
00100000
00010000
00000000
00100000
00000000
10000000
,
00000000
01000000
00100000
00010000
00000000
10000000
00000000
01000000
,
00000000
00010000
00001000
00000010
00000000
00000100
00000000
00000001
,
00000000
00000100
00001000
00000100
00000000
00001000
00010000
00001000
,
00000000
00010000
00100000
10000000
00000000
01000000
00000000
01000000
,
00000000
00010000
00001000
00000010
00000000
00001000
00000000
00010000
,
00000000
00001000
00000010
00000001
00000000
00000100
00000000
00000100
,
00000000
00001000
00010000
00100000
00000000
00010000
00001000
00000100
,
00000000
00001000
00000000
00010000
00000000
00100000
10000000
01000000
,
00000000
00010000
00000000
00010000
00000000
00001000
00000010
00000000
,
00000000
00000001
00000000
00000100
00000000
00001000
00010000
00001000
,
00010000
00000000
00011000
00000000
00010000
00001000
00011000
00000000
,
00000000
00100000
00000000
10000000
00000000
01000000
00010000
01000000
,
00000000
00010000
00000000
00011000
00000000
00010000
00001000
00011000
,
00000000
00000010
00000000
00000001
00000000
00000100
00000001
00000100
,
00000000
00001000
00000000
00010000
00000000
00100000
00010000
00001000
,
00000010
00000000
00000001
00000000
00001100
00000000
00000000
00000010
,
00000000
00000001
00000100
00000000
00000110
00000100
00001000
00000000
,
00010000
00000000
00001000
00000000
00010000
00100000
00010000
00100000
,
00000000
10000000
01000000
00000000
00000000
10100000
10000000
00000000
,
01000000
00000000
00010000
00000000
00011000
00000000
00000000
00001000
,
00000000
00000010
00000001
00000000
00000100
00000000
00001000
00010000
,
00000000
00011000
00000000
00001100
00000000
00011000
00000000
01010000
,
00100000
10000000
01000000
10000000
01000000
00010000
00001000
00000000
,
00000010
00000001
00000100
00000001
00001001
00000000
00000000
00000001
,
00000000
00000100
00001000
00010000
00001000
00000000
00010000
00000000
,
00100000
10000000
01000000
10000000
00100000
00000000
10000000
01000000
,
00000000
01000000
00010000
00000000
00000000
00001000
00010000
00000000
,
00001000
00000010
00000001
00000010
00000100
00000000
00000000
00010000
,
00000000
00001000
00010000
00100000
00010000
00000000
10100000
00000000
,
01000000
00010000
00001000
00010000
00000100
00001000
00000000
00000001
,
00000000
00000100
00001000
00010000
00000000
00100000
10100000
00000000
,
10000000
01000000
00010000
01000000
00010000
00011000
00000000
00000010
,
00000000
00000001
00000100
00000010
00001000
00000001
00000010
00000001
,
00000100
00001000
00010000
00001000
00010000
00100000
00000000
10000000
,
00000000
01000000
00010000
00000000
00000000
00001000
00000010
00001000
,
00000010
00000001
00000100
00000001
00000100
00001000
00000000
00010000
,
00000000
00100000
10000000
00010000
00000000
11000000
10000000
00000000
,
01000000
00010000
00000000
00001000
00000010
00000000
00000000
00000011
,
00000000
00000001
00000100
00000001
00000000
00001100
00000000
00022000
,
00000000
00000000
00000000
00033000
,
00000000
00000000
00000000
00000000
;
