#TITLE:SWING IT;
#SUBTITLE:;
#ARTIST:BUS★STOP;
#TITLETRANSLIT:;
#SUBTITLETRANSLIT:;
#ARTISTTRANSLIT:;
#CREDIT:;
#BANNER:SWING IT.png;
#BACKGROUND:SWING IT-bg.png;
#LYRICSPATH:;
#CDTITLE:./CDTITLES/DANCEMANIA.PNG;
#MUSIC:SWING IT.ogg;
#OFFSET:0.000;
#SAMPLESTART:32.856;
#SAMPLELENGTH:15.000;
#SELECTABLE:YES;
#DISPLAYBPM:178.000;
#BPMS:0.000=187.770,2.000=178.036,219.000=177.319,220.000=178.248,229.000=201.873,230.000=187.144,231.000=175.975,231.625=159.527,232.000=182.790,234.000=175.081,235.000=181.650,237.000=191.215;
#STOPS:;
#BGCHANGES:;

//---------------dance-single - ----------------
#NOTES:
     dance-single:
     :
     Easy:
     3:
     0.228,0.283,0.155,0.000,0.000:
0000
0000
0000
0000
,
0000
0000
0000
0000
,
0000
0000
0000
0000
,
0000
0000
0000
0000
,
0000
0000
0010
0000
,
0010
0000
0100
0000
,
1001
0000
0010
0000
,
1000
0000
0001
0000
,
0100
0000
0010
0010
,
1000
0000
0100
0100
,
0010
0000
0001
0100
,
0010
1000
0010
0000
,
0100
0000
0001
1000
,
0100
0000
0010
0001
,
0100
0000
0010
0000
,
1000
0000
0001
0000
,
0001
0000
1001
0100
,
0010
0000
0001
0001
,
0100
0000
0010
0000
,
0010
0000
1000
0000
,
0100
0000
0010
0001
,
1000
0000
0010
0100
,
0001
0000
0010
0000
,
1000
0000
0001
0000
,
0100
0000
0010
0000
,
1000
0000
0100
0000
,
1001
0000
0010
0000
,
0001
0000
0100
0000
,
0110
0000
0001
0000
,
1000
0000
0100
0000
,
1001
0000
0010
0000
,
0100
0000
0001
0000
,
1000
0000
0010
0000
,
1000
0000
0100
0000
,
0110
0000
0001
0000
,
0100
0000
0010
0000
,
1001
0000
0001
0000
,
0010
0000
0100
0000
,
1001
0000
0010
0000
,
1000
0000
0001
0000
,
0100
0000
0010
0100
,
0001
1000
0100
0000
,
0001
0000
0001
0100
,
1000
0100
0001
0000
,
1000
0000
0010
0001
,
0100
1000
0100
0000
,
0100
0000
0010
0000
,
0001
0000
0100
0000
,
0010
0000
0000
0000
,
0000
0000
0000
0000
,
0000
0000
0010
1001
,
0100
0000
0000
0000
,
0000
0000
1000
0110
,
0001
0000
0000
0000
,
0000
0000
0001
0110
,
1000
0000
0000
0000
,
0000
0000
0110
1001
,
0100
0000
0010
0000
,
0001
0000
0100
0000
,
0100
0000
0100
0000
;

//---------------dance-single - ----------------
#NOTES:
     dance-single:
     :
     Medium:
     4:
     0.340,0.496,0.381,0.000,0.000:
0000
0000
0000
0000
,
0000
0000
0000
0000
,
0000
0000
0000
0000
,
0000
0000
0000
0000
,
0000
0000
0010
0010
,
0010
1000
0100
0000
,
1001
0000
0010
0010
,
0010
0001
0100
0000
,
0100
0000
1001
0100
,
1000
0000
0000
0000
1000
0100
1000
0000
,
1100
0000
1010
0000
,
0101
0000
0001
0000
,
0001
0000
0010
0100
,
1000
0000
0010
0100
,
0001
0000
1000
0100
,
0010
0001
0100
0010
,
1000
0000
0000
0000
0010
0100
0010
0000
,
1001
0000
0000
0000
0001
1000
0001
0000
,
1001
0000
0001
0001
,
0100
0100
1000
0000
,
0001
0000
0001
0100
,
0010
0000
1000
0100
,
0010
0000
0001
0000
,
1000
0000
0010
0000
,
0100
0000
0010
0010
,
0010
1000
0100
0000
,
1001
0000
0010
0010
,
0010
0001
0100
0000
,
0110
0000
1000
1000
,
1000
0001
0100
0000
,
1001
0000
0010
0000
,
0001
0000
0100
0000
,
1000
0000
0010
0010
,
0010
1000
0010
0000
,
0101
0000
1000
1000
,
1000
0001
0100
0000
,
1100
0000
0001
0001
,
0001
0010
0100
0000
,
1001
0000
1000
0000
,
0010
0000
0100
0000
,
0001
0000
0000
0000
0010
0100
1000
0000
,
0010
0100
0001
0000
0011
0000
0011
0000
,
1010
0000
1010
0000
0010
0001
0100
0000
,
0010
1000
0100
0000
0010
0000
0001
0000
,
0100
0010
1000
0000
1100
0000
1100
0000
,
0101
0101
0010
0001
,
0100
0000
1000
0000
0010
1000
0010
1000
,
0010
1000
0001
0000
,
1001
0000
0000
0000
,
0000
0000
0010
0000
,
0010
0000
1100
1001
,
0100
0000
0100
0000
,
0100
0000
0101
1001
,
0100
0000
0100
0000
,
0100
0000
0110
1001
,
1100
0000
1000
0000
,
1000
0000
1010
1001
,
0101
0000
0000
0000
0010
0000
0000
0001
,
0000
0000
0100
0000
0000
0010
0000
0000
,
0010
0100
1000
0000
;

//---------------dance-single - ----------------
#NOTES:
     dance-single:
     :
     Hard:
     6:
     0.408,0.602,0.238,0.000,0.071:
0000
0000
0000
0000
,
0000
0000
0000
0000
,
0000
0000
0000
0000
,
0000
0000
0000
0000
,
0000
0000
0000
0000
0000
0000
0000
0010
1000
0000
0000
0000
0010
0000
0100
0000
,
0001
1000
0000
1001
0000
0100
0000
0000
,
0000
0000
0000
0000
0000
0000
0000
0010
0001
0000
0000
0000
0100
0000
0010
0000
,
1000
0001
0000
0100
0000
0000
0000
0000
,
0000
0000
0000
0000
0100
1000
0010
1000
,
0100
0000
0000
0000
0010
0001
0010
0000
,
0011
0000
0000
0000
0001
0100
0010
0000
,
1000
0000
0100
0000
0010
0001
0100
0001
,
0010
0000
0011
0101
,
1001
0000
0000
0000
0100
1000
0010
1000
,
0100
0000
1001
1001
,
1000
0100
1000
0001
0100
0001
1000
0100
,
1000
0000
0000
0000
0010
0001
0100
0001
,
0010
0000
0000
0000
0001
0010
0100
0000
,
0101
0000
0001
0001
,
0100
0100
0001
0000
,
1000
0000
0000
0000
0010
0100
1000
0100
,
0010
0000
0000
0000
0001
0010
0100
0010
,
0001
0000
0001
0000
,
1000
0000
0010
0000
,
0100
0000
0000
0000
0000
0000
0000
0010
1000
0000
0000
0000
0010
0000
0100
0000
,
0001
1000
0000
1001
0000
0100
0000
0000
,
0000
0000
0000
0000
0000
0000
0000
0010
1000
0000
0000
0000
0010
0000
0100
0000
,
0010
1000
0000
0100
0000
0000
0000
0000
,
0000
0000
0000
0000
0000
0000
0000
0001
1000
0000
0000
0000
0010
0000
1000
0000
,
0001
0100
0000
1001
0000
0100
0000
0000
,
0000
0000
0001
0000
,
1000
0000
0100
0000
,
0010
0000
0000
0000
0000
0000
0000
0010
0001
0000
0000
0000
1000
0000
0100
0000
,
0010
0001
0000
1100
0000
0001
0000
0000
,
0000
0000
0000
0000
0000
0000
0000
0100
1000
0000
0000
0000
0001
0000
0010
0000
,
0100
1000
0000
0001
0000
0000
0000
0000
,
0000
0000
0000
0000
0000
0000
0000
0001
0100
0000
0000
0000
0010
0000
0100
0000
,
0001
1000
0000
0011
0000
0100
0000
0000
,
0000
0000
1000
0000
,
0001
0000
0100
0000
,
0010
0000
0000
0000
1000
0100
0010
0100
,
1000
0100
0010
0000
0011
0000
0011
0000
,
0101
0000
0101
0000
0001
0010
0100
0010
,
0001
0010
0100
1000
0010
0100
1000
0100
,
0010
0100
1000
0000
1001
0000
1001
0000
,
0011
0000
0011
0000
0100
0010
0100
0001
,
0100
1000
0100
0000
0010
0001
1000
0010
,
0100
0001
1000
0000
,
0000
0000
0000
0000
0000
0000
0000
0000
0010
0000
0100
0000
,
0001
0000
1000
0000
0100
0000
0010
0000
0000
0000
0000
0000
,
0010
0000
0000
0000
0001
0100
0010
1000
,
0001
0000
0100
0000
,
0100
0000
0000
0000
0010
1000
0001
0100
,
0010
0000
0010
0000
,
0010
0000
0000
0000
0001
1000
0100
0001
,
0100
0000
0100
0000
,
0100
0000
0000
0000
1000
0001
1000
0100
,
0010
0000
0000
0000
0010
0000
0000
0001
,
0000
0000
0100
0000
0000
0010
0000
0000
,
0010
0100
0000
0000
1000
0000
0000
0000
;

//---------------dance-double - ----------------
#NOTES:
     dance-double:
     :
     Easy:
     3:
     0.252,0.319,0.238,0.000,0.000:
00000000
00000000
00000000
00000000
,
00000000
00000000
00000000
00000000
,
00000000
00000000
00000000
00000000
,
00000000
00000000
00000000
00000000
,
00000000
00000000
00100000
10000000
,
01000000
00000000
00010000
00000000
,
00011000
00000000
00001000
00000010
,
00000001
00000000
00000100
00000000
,
00000100
00000000
00000010
00000000
,
00001000
00000000
00000100
00000100
,
00001000
00000000
00000001
00000100
,
00010000
00100000
01000000
00000000
,
01000000
00000000
10000000
01100000
,
00010000
00000000
01000000
00011000
,
00000100
00000000
00000010
00000000
,
00000001
00000000
00000100
00000000
,
00000010
00000000
00010000
00000100
,
00010000
00000000
00001000
01000000
,
00001000
00000000
00011000
00000000
,
00011000
00000000
01000000
00000000
,
00100000
00000000
01100000
10000000
,
01000000
00000000
01100000
00010000
,
01000000
00000000
00100000
00000000
,
10000000
00000000
01000000
00000000
,
00010000
00000000
00000010
00000100
,
00000001
00000000
00000010
00000000
,
00001001
00000000
00000010
00001000
,
00000100
00000000
00010000
00000000
,
00011000
00000000
00001000
01000000
,
00100000
00000000
10000000
00000000
,
10010000
00000000
01000000
00000000
,
00010000
00000000
00001000
00000000
,
00000100
00000000
00000001
00000010
,
00000100
00000000
00001000
00000000
,
00001001
00000000
00000100
00010000
,
00001000
00000000
00010000
00000000
,
00011000
00000000
00001000
00100000
,
01000000
00000000
10000000
00000000
,
01100000
00000000
00010000
00000000
,
00100000
00000000
01000000
00000000
,
10000000
00000000
10000000
01000000
,
00010000
00001000
00000100
00000000
,
00000010
00000000
00010000
00100000
,
10000000
01000000
00010000
00000000
,
00001000
00000000
00100000
00001000
,
00010000
00001000
00000100
00000000
,
00000010
00000000
00000001
00000000
,
00001000
00000000
00000100
00000000
,
00000110
00000000
00000000
00000000
,
00000000
00000000
00000000
00000000
,
00000000
00000000
00000001
00000110
,
00001000
00000000
00000000
00000000
,
00000000
00000000
00000100
00011000
,
01000000
00000000
00000000
00000000
,
00000000
00000000
00011000
01100000
,
10000000
00000000
00000000
00000000
,
00000000
00000000
01100000
00011000
,
00000100
00000000
00000100
00000000
,
00000010
00000000
00000001
00000000
,
00000001
00000000
00001000
00000000
;

//---------------dance-double - ----------------
#NOTES:
     dance-double:
     :
     Medium:
     4:
     0.310,0.460,0.321,0.000,0.000:
00000000
00000000
00000000
00000000
,
00000000
00000000
00000000
00000000
,
00000000
00000000
00000000
00000000
,
00000000
00000000
00000000
00000000
,
00000000
00000000
10000000
10000000
,
10000000
01000000
00000000
00010000
00000000
00001000
00000000
00000000
,
00000000
00000000
00000010
00000010
,
00000010
00000001
00000000
00000100
00000000
00000000
00000000
00000000
,
00000000
00000000
00000010
00001001
,
00000100
00000000
00000010
00011000
,
00000100
00000000
00001000
00000000
,
01000000
00000000
01000000
00000000
,
00100000
00000000
10010000
10010000
,
01100000
00000000
00100000
00010000
,
00000100
00000000
00000001
00000010
,
00000100
00001000
00000100
00000010
,
00000001
00000000
00000001
00000100
,
00001010
00000000
00001000
00000100
,
00000010
00000000
00000001
00000000
,
00001000
00000000
00100000
00000000
,
10000000
00000000
01000000
00100000
,
00010000
00000000
01100000
00010000
,
00001000
00000000
00000100
00000000
,
00000001
00000000
00000010
00000000
,
00000100
00000000
00001000
00001000
,
00001000
00000100
00000000
00010000
00000000
00001000
00000000
00000000
,
00000000
00000000
01000000
01000000
,
01000000
00100000
00000000
10000000
00000000
00000000
00000000
00000000
,
00000000
00000000
00010000
00010000
,
00010000
01000000
00000000
00001000
00000000
00010000
00000000
00000000
,
00000000
00000000
00001000
00000000
,
00000100
00000000
00000001
00000000
,
00001000
00000000
00000100
00000100
,
00000100
00000010
00000000
00001000
00000000
00000100
00000000
00000000
,
00000000
00000000
00010000
00010000
,
00010000
00001000
00000000
01000000
00000000
00000000
00000000
00000000
,
00000000
00000000
00100000
00100000
,
00100000
10000000
00000000
01000000
00000000
00100000
00000000
00000000
,
00000000
00000000
00010000
00000000
,
00001000
00000000
00000100
00000000
,
00000010
00000000
00000001
00000010
,
00000100
00001000
00011000
00011000
,
01010000
01010000
00100000
10000000
,
01000000
00010000
00001000
01000000
,
00010000
00000100
00001100
00001100
,
00000101
00000101
00000010
00000010
,
00001000
00000000
00001000
00000000
00000100
00001000
00000100
00001000
,
00000100
00010000
00001000
00000000
,
00011000
00000000
00000000
00000000
,
00000000
00000000
00100000
00000000
,
00100000
00000000
00110000
10010000
,
01000000
00000000
01000000
00000000
,
01000000
00000000
01010000
00110000
,
00011000
00000000
00001000
00000000
,
00001000
00000000
00001100
00001001
,
00000101
00000000
00000100
00000000
,
00000100
00000000
00000110
00001100
,
00011000
00000000
00000000
00000000
00001000
00000000
00000000
00010000
,
00000000
00000000
00001000
00000000
00000000
01000000
00000000
00000000
,
01000000
00100000
10000000
00000000
;

//---------------dance-double - ----------------
#NOTES:
     dance-double:
     :
     Hard:
     6:
     0.379,0.531,0.143,0.000,0.125:
00000000
00000000
00000000
00000000
,
00000000
00000000
00000000
00000000
,
00000000
00000000
00000000
00000000
,
00000000
00000000
00000000
00000000
,
00000000
00000000
00000000
00000000
00000000
00000000
00000000
01000000
10000000
00000000
00000000
00000000
00100000
00000000
10000000
00000000
,
01000000
00010000
00000000
00001000
00000000
00000100
00000000
00000000
,
00000000
00000000
00000000
00000000
00000000
00000000
00000000
00000001
00000100
00000000
00000000
00000000
00000010
00000000
00001000
00000000
,
00000100
00010000
00000000
00001000
00000000
00000000
00000000
00000000
,
00000000
00000000
00000000
00000000
00100000
00001000
00010000
00001000
,
01000000
00000000
00000000
00000000
00010000
00001000
00010000
00000000
,
00011000
00000000
00000000
00000000
00000100
00000001
00000010
00000000
,
00001000
00000000
00001000
00000000
00000010
00001000
00010000
00100000
,
01000000
00000000
00010000
00000000
,
10000000
00000000
00000000
00000000
00100000
10000000
01000000
10000000
,
00100000
00000000
10010000
10100000
,
10000000
01000000
00010000
00001000
00000100
00000001
00000010
00000100
,
00001000
00000000
00000000
00000000
00001000
00000010
00001000
00000100
,
00010000
00000000
00000000
00000000
00011000
00000000
01000000
00100000
,
10000000
00000000
00100000
00000000
,
01000000
00000000
00100000
10000000
,
01000000
00000000
00000000
00000000
00010000
00001000
00010000
01000000
,
00010000
00000000
00000000
00000000
00010000
00001000
00000100
00001000
,
00010000
00000000
00010000
00000000
,
00000100
00000000
00000010
00000000
,
00000001
00000000
00000000
00000000
00000000
00000000
00000000
00000010
00000001
00000000
00000000
00000000
00000100
00000000
00000010
00000000
,
00010000
00001000
00000000
00010000
00000000
00001000
00000000
00000000
,
00000000
00000000
00000000
00000000
00000000
00000000
00000000
00010000
00001000
00000000
00000000
00000000
00001000
00000000
00010000
00000000
,
01000000
00001000
00000000
00010000
00000000
00000000
00000000
00000000
,
00000000
00000000
00000000
00000000
00000000
00000000
00000000
00010000
10000000
00000000
00000000
00000000
00100000
00000000
10000000
00000000
,
01000000
00010000
00000000
00001000
00000000
00010000
00000000
00000000
,
00000000
00000000
00010000
00000000
,
00010000
00000000
00001000
00000000
,
00001000
00000000
00000000
00000000
00000000
00000000
00000000
00000010
00001000
00000000
00000000
00000000
00000001
00000000
00000010
00000000
,
00000100
00001000
00000000
00000100
00000000
00010000
00000000
00000000
,
00000000
00000000
00000000
00000000
00000000
00000000
00000000
00010000
00001000
00000000
00000000
00000000
00001000
00000000
00010000
00000000
,
00001000
00010000
00000000
00001000
00000000
00000000
00000000
00000000
,
00000000
00000000
00000000
00000000
00000000
00000000
00000000
00100000
00010000
00000000
00000000
00000000
10000000
00000000
01000000
00000000
,
00100000
00010000
00000000
01000000
00000000
00100000
00000000
00000000
,
00000000
00000000
10000000
00000000
,
01000000
00000000
00010000
00000000
,
00000010
00000000
00001010
00001010
,
00000101
00000000
00000011
00000000
00000001
00000100
00000010
00001000
,
00000100
00010000
00001000
00000000
01010000
00000000
01010000
00000000
,
10010000
00000000
10100000
00000000
01000000
00100000
00010000
00000000
,
00001000
00000100
00000010
00000000
00000001
00000100
00000010
00001000
,
00000100
00010000
00001000
00000000
00010000
00000000
00010000
00000000
,
00100000
00000000
00100000
00000000
10000000
00010000
10000000
00100000
,
01000000
00010000
01000000
00000000
,
00000000
00000000
00000000
00000000
00000000
00000000
00000000
00000000
00001000
00000000
00010000
00000000
,
00000010
00000000
00010000
00000000
00001000
00000000
00100000
00000000
00000000
00000000
00000000
00000000
,
00100000
00000000
00000000
00000000
00000000
00000000
00000000
00000000
00010000
00100000
00000000
00000000
00010000
01000000
00000000
00000000
,
00010000
00100000
00000000
00000000
00000000
00000000
00000000
00000000
01000000
00000000
00000000
00000000
00000000
00000000
00000000
00000000
,
01000000
00000000
00000000
00000000
00000000
00000000
00000000
00000000
01000000
00010000
00000000
00000000
01000000
00001000
00000000
00000000
,
00100000
00010000
00000000
00000000
00000000
00000000
00000000
00000000
00010000
00000000
00000000
00000000
00000000
00000000
00000000
00000000
,
00001000
00000000
00000010
00000000
,
00000000
00000000
00000000
00000000
,
00001000
00000000
00000000
00000000
00000000
00000000
00000000
00000000
00001000
00100000
00000000
00000000
00010000
01000000
00000000
00000000
,
00001000
00010000
00000000
00000000
00000000
00000000
00000000
00000000
00010000
00000000
00000000
00000000
00000000
00000000
00001000
00000000
,
00000000
00000000
00010000
00000000
00000000
00001000
00000000
00000000
,
00001000
00000010
00000000
00000000
00000001
00000000
00000000
00000000
;
