#TITLE:sync (EXTREME version);
#SUBTITLE:;
#ARTIST:OutPhase;
#TITLETRANSLIT:;
#SUBTITLETRANSLIT:;
#ARTISTTRANSLIT:;
#CREDIT:;
#BANNER:sync (EXTREME version).png;
#BACKGROUND:sync (EXTREME version)-bg.png;
#LYRICSPATH:;
#CDTITLE:./CDTITLES/beatmaniaIIDX.PNG;
#MUSIC:sync (EXTREME version).ogg;
#OFFSET:0.000;
#SAMPLESTART:71.870;
#SAMPLELENGTH:15.000;
#SELECTABLE:YES;
#DISPLAYBPM:167.000;
#BPMS:0.000=167.442,4.000=167.004;
#STOPS:;
#BGCHANGES:;

//---------------dance-single - ----------------
#NOTES:
     dance-single:
     :
     Beginner:
     3:
     0.153,0.194,0.121,0.000,0.000:
0000
0000
0000
0000
,
0000
0000
0000
0000
,
0000
0000
0000
0000
,
0100
0000
0000
0000
,
0100
0000
0000
0000
,
0100
0000
0000
0000
,
0010
0000
0001
0000
,
0010
0000
0001
0000
,
0010
0000
0001
0000
,
0010
0000
0001
0000
,
1000
0000
0100
0000
,
1000
0000
0100
0000
,
1000
0000
0100
0000
,
1000
0000
0100
0000
,
1000
0000
0001
0000
,
1000
0000
0001
0000
,
1000
0000
0001
0000
,
1000
0000
0001
0000
,
1001
0000
0000
0000
,
1001
0000
0000
0000
,
0100
0000
0100
0000
,
0100
0000
0100
0000
,
1001
0000
0000
0000
,
1001
0000
0000
0000
,
0100
0000
0100
0000
,
0100
0000
0100
0000
,
0110
0000
0000
0000
,
0110
0000
0000
0000
,
0001
0000
0001
0000
,
1000
0000
1000
0000
,
0110
0000
0000
0000
,
0110
0000
0000
0000
,
0001
0000
0001
0000
,
1000
0000
1000
0000
,
1001
0000
0000
0000
,
0001
0000
0000
0000
,
1000
0000
0100
0000
,
1000
0000
0100
0000
,
1001
0000
0000
0000
,
0001
0000
0000
0000
,
1000
0000
0100
0000
,
1000
0000
0100
0000
,
1001
0000
0000
0000
,
0001
0000
0000
0000
,
0001
0000
0000
0000
,
0100
0000
0000
0000
,
1001
0000
0000
0000
,
0001
0000
0000
0000
,
0001
0000
0000
0000
,
0100
0000
0000
0000
,
1000
0000
0001
0000
,
1000
0000
0001
0000
,
1000
0000
0000
0000
,
0001
0000
0000
0000
,
1000
0000
0001
0000
,
1000
0000
0001
0000
,
1000
0000
0000
0000
,
0001
0000
0000
0000
,
1000
0000
0001
0000
,
1000
0000
0001
0000
,
0100
0000
0000
0000
,
0010
0000
0000
0000
,
1000
0000
0001
0000
,
1000
0000
0001
0000
,
0100
0000
0000
0000
,
0000
0000
0000
0000
;

//---------------dance-single - ----------------
#NOTES:
     dance-single:
     :
     Easy:
     5:
     0.297,0.326,0.081,0.182,0.000:
0000
0000
0000
0000
,
0000
0000
0000
0000
,
0000
0000
0000
0000
,
1000
0000
0001
0000
,
1000
0000
0001
0000
,
1000
0000
0001
0000
,
1000
0100
0001
0100
,
1000
0100
0001
0100
,
1000
0100
0001
0100
,
1000
0100
0001
0100
,
1000
0010
0100
0001
,
0010
0100
1000
0010
,
0100
0001
0010
0100
,
1000
0010
0100
0001
,
0010
0001
0100
0001
,
1000
1000
0001
0001
,
0010
0001
0100
0001
,
1000
1000
0001
0001
,
2002
0000
0000
3003
,
0220
0000
0000
0330
,
1000
1000
0001
0001
,
1000
1000
0001
0001
,
0220
0000
0000
0330
,
2002
0000
0000
3003
,
0010
0010
0010
0010
,
0100
0100
0100
0100
,
2002
0000
0000
3003
,
0220
0000
0000
0330
,
1000
1000
0100
0100
,
0001
0001
0100
0100
,
0220
0000
0000
0330
,
2002
0000
0000
3003
,
0001
0001
0010
0100
,
1000
1000
0100
0010
,
1000
0100
1000
0100
,
1000
0100
1000
0100
,
0010
0010
0100
0100
,
0010
0010
0100
0100
,
0001
0100
0001
0100
,
0001
0100
0001
0100
,
0010
0010
0100
0100
,
0010
0010
0100
0100
,
1000
0000
1000
0000
,
0100
0000
0100
0000
,
0001
0000
0000
0000
,
0001
0000
0000
0000
,
1000
0000
1000
0000
,
0100
0000
0100
0000
,
0001
0000
0000
0000
,
0001
0000
0000
0000
,
1000
1000
0100
0010
,
0001
0001
0010
0100
,
1000
1000
0100
0010
,
0001
0001
0010
0100
,
1000
1000
0100
0010
,
0001
0001
0010
0100
,
1000
1000
0100
0010
,
0001
0001
0010
0100
,
1000
0000
1000
0000
,
0100
0000
0100
0000
,
0002
0000
0000
0000
,
0000
0000
0000
0003
,
0001
0000
0001
0000
,
0100
0000
0100
0000
,
2000
0000
0000
3000
,
0000
0000
0000
0000
;

//---------------dance-single - ----------------
#NOTES:
     dance-single:
     :
     Medium:
     8:
     0.406,0.457,0.101,0.151,0.000:
0000
0000
0000
0000
,
0000
0000
0000
0000
,
0000
0000
0000
0000
,
0010
1000
0100
0001
,
0010
1000
0100
0001
,
0010
1000
0100
0001
,
0010
1000
0100
0000
0001
0000
0100
0000
,
0010
0001
0100
0000
1000
0000
0100
0000
,
0010
1000
0100
0000
0001
0000
0100
0000
,
0010
0001
0100
0000
1000
0000
0100
0000
,
1000
0100
0001
0000
0100
0000
1000
0000
,
0001
0100
1000
0000
0100
0000
0001
0000
,
1000
0100
0001
0000
0100
0000
1000
0000
,
0001
0100
1000
0000
0100
0000
0001
0000
,
0010
1000
0010
0000
0100
0000
0001
0000
,
0010
0001
0010
0000
0100
0000
1000
0000
,
0010
1000
0010
0000
0100
0000
0001
0000
,
0010
0001
0010
0000
0100
0000
1000
0000
,
2001
0010
0001
0001
,
0100
0100
0001
3001
,
0010
1000
0010
0000
0010
1000
0010
0000
,
0010
1000
0010
0000
0010
1000
0010
0000
,
0102
0010
0100
0100
,
1000
1000
0100
0103
,
0010
0001
0010
0000
0010
0001
0010
0000
,
0010
0001
0010
0000
0010
0001
0010
0000
,
2010
0001
0010
0010
,
0100
0100
0001
3001
,
0010
1000
0010
0000
0010
1000
0010
0000
,
0010
1000
0010
0000
0010
1000
0010
0000
,
0012
0100
0010
0010
,
1000
1000
0100
0103
,
0010
0001
0010
0000
0010
0001
0010
0000
,
0010
0001
0010
0000
0010
0001
0010
0000
,
2200
3300
2002
3003
,
0001
0100
0001
0000
,
0001
0100
1000
0000
0100
0000
0100
0000
,
1000
0100
0001
0000
0100
0000
0100
0000
,
0202
0303
2002
3003
,
1000
0100
1000
0000
,
1000
0100
0001
0000
0100
0000
0100
0000
,
0001
0100
1000
0000
0100
0000
0100
0000
,
2001
0000
0001
3001
,
0010
0001
0100
0000
,
0010
1000
0100
0000
0010
0000
0100
0000
,
0010
0001
0100
0010
,
1002
0000
1000
1003
,
0010
1000
0100
0000
,
0010
0001
0100
0000
0010
0000
0100
0000
,
0010
1000
0100
0010
,
1000
0100
0001
0100
,
1000
0100
0001
0100
,
1000
1000
0100
0100
,
0001
0001
0010
0010
,
1000
0100
0001
0100
,
1000
0100
0001
0100
,
1000
1000
0100
0100
,
0001
0001
0010
0010
,
1000
0000
0100
0000
,
0001
0000
0100
0000
,
1000
0000
0100
0000
,
0100
0000
0100
0000
,
0001
0000
0100
0000
,
1000
0000
0100
0000
,
0002
0000
0000
0003
,
0000
0000
0000
0000
;

//---------------dance-single - ----------------
#NOTES:
     dance-single:
     :
     Hard:
     9:
     0.519,0.522,0.484,0.081,0.000:
0000
0000
0000
0000
,
0000
0000
0000
0000
,
0000
0000
0000
0000
,
0010
1000
0100
0000
0010
0000
1100
0000
,
0010
0001
0100
0000
0010
0000
0101
0000
,
0010
1000
0100
0000
0010
0000
1100
0000
,
0010
0001
0100
0000
0001
0100
1000
0000
,
1000
0100
0001
0000
0100
0001
0010
0000
,
0100
0001
0010
0000
0001
0010
1000
0000
,
1000
0010
0001
0000
0010
0001
0100
0000
,
0010
1000
0100
0000
1000
0100
0001
0000
,
0001
0100
1000
0000
0100
1000
0010
0000
,
0100
1000
0010
0000
1000
0010
0001
0000
,
0001
0010
1000
0000
0010
1000
0100
0000
,
0010
0001
0100
0000
0001
0100
1000
0000
,
1000
0100
0001
0000
0100
0001
0010
0000
,
0100
0001
0010
0000
0001
0010
1000
0000
,
1000
0010
0001
0000
0010
0001
0100
0000
,
1001
0010
1100
0101
,
0210
0001
0010
0301
,
1000
0100
0001
0000
0001
0100
1000
0000
,
1000
0100
0001
0000
0001
0100
1000
0000
,
0110
0010
1001
0110
,
2010
0100
0010
3100
,
1000
0100
0001
0000
0001
0100
1000
0000
,
1000
0100
0001
0000
0001
0100
1000
0000
,
1001
0001
0101
1001
,
2100
0001
0100
3001
,
1000
0100
0001
0000
0001
0100
1000
0000
,
1000
0100
0001
0000
0001
0100
1000
0000
,
1100
0010
0101
0110
,
2010
0100
0010
3100
,
1000
0100
0001
0000
0001
0100
1000
0000
,
1000
0100
0001
0000
0001
0100
1000
0000
,
1001
0001
0100
1000
,
1001
0001
0100
1000
,
0010
0001
0100
0000
0010
0000
0100
0000
,
0010
1000
0100
0000
0010
0000
0100
0000
,
0110
0001
0010
0001
,
0110
0001
0010
0001
,
0010
0001
0100
0000
0010
0000
0100
0000
,
0010
1000
0100
0000
0010
0000
0100
0000
,
1100
0001
0100
0001
,
1100
0001
0100
0001
,
0010
0001
0100
0000
0010
0000
0100
0000
,
0010
1000
0100
0000
0010
0000
0100
0000
,
1010
0001
0100
0001
,
1010
0001
0100
0001
,
0010
0001
0100
0000
0010
0000
0100
0000
,
0010
1000
0100
0000
0010
0000
0100
0000
,
0110
0000
1001
0000
0001
0100
1000
0000
,
1000
0100
0001
0000
1001
0000
0110
0000
,
0101
0000
0010
0000
0100
1000
0010
0000
,
0210
1000
0001
0301
,
1001
0000
0110
0000
0001
0010
1000
0000
,
1000
0010
0001
0000
0110
0000
1001
0000
,
1100
0000
0001
0000
1000
0100
0001
0000
,
0120
1000
0001
0130
,
1000
1100
0001
0101
,
0010
1000
0100
0000
0010
0000
0100
0000
,
0001
0101
1000
1100
,
0010
0001
0100
0000
0010
0000
0100
0000
,
1000
1100
0001
0101
,
1000
1100
0001
0101
,
2002
0000
0000
3003
,
0000
0000
0000
0000
;

//---------------dance-single - ----------------
#NOTES:
     dance-single:
     :
     Challenge:
     12:
     0.506,0.549,0.151,0.081,0.151:
0000
0000
0000
0000
,
0000
0000
0000
0000
,
0000
0000
0000
0000
,
1000
0100
0010
0100
,
0001
0100
0010
0100
,
1000
0000
0100
0000
0010
0000
0100
0001
,
0100
0010
0100
1000
0100
0010
0100
0001
,
0000
0100
0000
0010
0000
0100
0000
1000
,
0000
1100
0000
0001
0000
0101
0000
0010
,
0000
1000
0000
0100
0000
0001
0000
0010
,
0000
1100
0000
0010
0000
0101
0000
1000
,
0000
0100
0000
0001
0000
0010
0000
1000
,
0000
1100
0000
0001
0000
0101
0000
0010
,
0000
1000
0000
0100
0000
0001
0000
0010
,
0000
1100
0000
0010
0000
0101
0000
1000
,
0000
0100
0000
0001
0000
0010
0000
1000
,
0000
1100
0000
0001
0000
0101
0000
0010
,
0000
1000
0000
0100
0000
0001
0000
1000
,
0001
0000
0100
0000
1000
0001
0100
0000
,
0001
0000
1000
0000
0100
1000
0000
0001
0000
0000
1000
0000
0100
0000
1000
0000
,
0001
1000
0100
0000
1000
0001
0100
0000
,
0001
1000
0100
0000
1000
0001
0100
1000
,
0100
0000
0001
0000
0010
0001
0000
0010
0000
0000
1000
0000
0010
0000
0001
0000
,
1000
0000
0100
0000
0001
0100
0000
1000
0000
0000
0010
0000
0001
0000
0010
0000
,
1000
0100
1000
0000
0001
0010
0001
0000
,
1000
0100
0001
0000
1000
0010
0001
0100
,
1000
0000
0100
0000
0001
0100
0000
0001
0000
0000
0010
0000
1000
0000
0010
0000
,
0100
0000
0001
0000
0100
1000
0000
0010
0000
0000
1000
0000
0100
0000
0010
0000
,
0001
0100
0010
0000
1000
0100
0010
0000
,
0001
0100
0010
0000
1000
0100
0010
0001
,
0100
0000
1000
0000
0100
0001
0000
0100
0000
0000
1000
0000
0100
0000
0001
0000
,
0010
0000
1000
0000
0010
0001
0000
0100
0000
0000
1000
0000
0100
0000
0001
0000
,
0010
0100
1000
0000
0010
0100
0001
0000
,
0010
0100
1000
0000
0010
0100
0001
1000
,
0010
0000
1000
0000
0010
1000
0000
0100
0000
0000
1000
0000
0100
0000
0000
0000
,
0010
0000
0001
0000
0010
0001
0000
0100
0000
0000
0001
0000
0100
0000
0001
0000
,
0010
0001
0100
0000
0010
1000
0100
0000
,
0001
0000
0100
0000
1000
0000
0100
0001
,
0100
0000
1000
0000
0010
0001
0000
1000
0000
0000
0100
0000
0001
0000
0000
0000
,
1000
0000
0010
0000
0001
0100
0000
1000
0000
0000
0100
0000
0001
0000
0000
0000
,
0010
0001
1000
0000
0100
1000
0001
0000
,
1000
0000
0010
0000
0001
0000
0100
1000
,
0100
0000
0001
0000
0010
1000
0000
0010
0000
0000
0001
0000
0100
0000
0000
0000
,
0010
0000
1000
0000
0100
0001
0000
0100
0000
0000
1000
0000
0010
0000
0000
0000
,
1000
1100
0001
0101
,
1000
0000
0100
0000
0001
0000
0100
0001
,
0010
0000
1000
0000
0010
0001
0000
0100
0000
0000
1000
0000
0100
0000
0000
0000
,
0010
0000
0001
0000
0010
1000
0000
0100
0000
0000
0001
0000
0100
0000
0000
0000
,
0010
1100
0010
0101
,
0010
0000
1000
0000
0010
0000
0001
0020
,
0000
1000
0000
0100
0000
0031
0000
2000
,
0000
0100
0000
0001
0000
3010
0000
0200
,
0000
0001
0000
0010
0000
1300
0000
0002
,
0000
0010
0000
1000
0000
0103
0000
0020
,
0000
1000
0000
0100
0000
0031
0000
2000
,
0000
0100
0000
0001
0000
3010
0000
0200
,
0000
0001
0000
0010
0000
1300
0000
0002
,
0000
0010
0000
1000
0000
0103
0000
0010
,
1000
0010
0100
0010
,
0001
0010
0100
0010
,
1000
0010
0100
0010
,
0001
0010
0100
0010
,
1000
0000
0010
0000
,
0100
0000
0010
0000
,
1001
0000
0000
0000
,
0000
0000
0000
0000
;

//---------------dance-double - ----------------
#NOTES:
     dance-double:
     :
     Easy:
     6:
     0.305,0.326,0.040,0.182,0.000:
00000000
00000000
00000000
00000000
,
00000000
00000000
00000000
00000000
,
00000000
00000000
00000000
00000000
,
01000000
00000000
00010000
00000000
,
00001000
00000000
00000100
00000000
,
00000100
00001000
00010000
01000000
,
01000000
00010000
00001000
00000100
,
00000100
00001000
00010000
01000000
,
01000000
00010000
00001000
00000100
,
00000100
00001000
00010000
01000000
,
00010000
00001000
01000000
01000000
,
00010000
00001000
01000000
01000000
,
00001000
00010000
00000100
00000100
,
00001000
00010000
00000100
00000100
,
00000010
00000100
00001000
00010000
,
00000010
00000100
00001000
00010000
,
01000000
00100000
00001000
00010000
,
01000000
00100000
00001000
00010000
,
00020010
00000000
00001000
00000000
,
00001000
00000000
00001000
00030000
,
00102000
00000000
00010000
00000000
,
00010000
00000000
00010000
00003000
,
00020010
00000000
00001000
00000000
,
00001000
00000000
00001000
00030000
,
00102000
00000000
00010000
00000000
,
00010000
00000000
00010000
00003000
,
00001000
00000010
00000001
00000100
,
00001000
00001000
00010000
00010000
,
00100000
00100000
10000000
10000000
,
01000000
01000000
00010000
00010000
,
10000000
01000000
00100000
00010000
,
00100000
00100000
00010000
00010000
,
00001000
00001000
00000100
00000100
,
00000010
00000010
00000001
00000001
,
00000010
00001000
00000010
00010000
,
00001000
00010000
00001000
00100000
,
00010000
00010000
00100000
00100000
,
10000000
10000000
01000000
01000000
,
00010000
00001000
00010000
00001000
,
00000100
00000010
00000100
00000010
,
00000100
00000100
00001000
00001000
,
00010000
00010000
01000000
01000000
,
00100000
00010000
01000000
00010000
,
00100000
00001000
01000000
00010000
,
00200000
00300000
00002000
00003000
,
00020000
00030000
00000020
00000030
,
00000010
00001000
00000100
00001000
,
00000010
00010000
00000100
00001000
,
00000020
00000030
00020000
00030000
,
00002000
00003000
00200000
00300000
,
00010000
00100000
10000000
01000000
,
00100000
10000000
01000000
00010000
,
00002000
00000000
00000000
00003000
,
00000200
00000000
00000000
00000300
,
00010000
00001000
00000100
00000001
,
00001000
00000100
00000001
00000010
,
00002000
00000000
00000000
00003000
,
00000002
00000000
00000000
00000003
,
00000100
00000000
00001000
00000000
,
00010000
00000000
01000000
00000000
,
20000000
00000000
00000000
00000000
,
00000000
00000000
00000000
30000000
,
01000000
00000000
00010000
00000000
,
00001000
00000000
00000100
00000000
,
00000002
00000000
00000000
00000003
,
00000000
00000000
00000000
00000000
;

//---------------dance-double - ----------------
#NOTES:
     dance-double:
     :
     Medium:
     9:
     0.392,0.392,0.101,0.071,0.000:
00000000
00000000
00000000
00000000
,
00000000
00000000
00000000
00000000
,
00000000
00000000
00000000
00000000
,
00000010
00001000
00010000
00001000
,
00000010
00001000
00010000
00001000
,
00000010
00001000
00010000
00001000
,
00010000
01000000
00010000
00000000
01000000
00000000
00010000
00000000
,
00001000
00000100
00001000
00000000
00000100
00000000
00001000
00000000
,
00010000
01000000
00010000
00000000
01000000
00000000
00010000
00000000
,
00001000
00000100
00001000
00000000
00000100
00000000
00001000
00000000
,
00010000
01000000
10000000
00000000
01000000
00000000
00010000
00000000
,
00001000
00000100
00000001
00000000
00000100
00000000
00001000
00000000
,
00010000
01000000
10000000
00000000
01000000
00000000
00010000
00000000
,
00001000
00000100
00000001
00000000
00000100
00000000
00001000
00000000
,
00010000
01000000
00100000
00000000
01000000
00000000
00010000
00000000
,
00001000
00000100
00000010
00000000
00000100
00000000
00001000
00000000
,
00010000
01000000
00100000
00000000
01000000
00000000
00010000
00000000
,
00001000
00000100
00000010
00000000
00000100
00000000
00001000
00000000
,
00000110
00001000
00000110
00001000
,
00010000
01000000
00100000
01000000
,
00010000
01000000
00010000
00000000
00001000
00000000
00010000
00000000
,
01000000
00010000
01000000
00000000
00010000
00000000
00001000
00000000
,
00000110
00001000
00000110
00001000
,
00010000
01000000
00100000
01000000
,
00010000
01000000
00100000
00000000
00010000
00000000
00100000
00000000
,
00010000
01000000
00100000
00000000
00010000
00000000
00100000
00000000
,
10000000
01000000
00100000
00010000
,
01000000
00100000
00010000
00001000
,
00000010
00001000
00000010
00000000
00001000
00000000
00010000
00000000
,
00001000
00000010
00001000
00000000
00010000
00000000
00010000
00000000
,
00010000
00001000
00000100
00000010
,
00001000
00000100
00000010
00000001
,
00000100
00001000
00010000
00000000
00001000
00000000
00000100
00000000
,
00000100
00001000
00010000
00000000
00001000
00000000
00001000
00000000
,
00000010
00001000
00010000
00001000
,
00000010
00001000
00010000
00001000
,
00000010
00001000
00000010
00001000
,
00010000
00001000
00000010
00000000
00001000
00000000
00010000
00000000
,
00001000
00000010
00000100
00001000
,
00000010
00000100
00001000
00010000
,
01000000
10000000
01000000
00010000
,
01000000
10000000
01000000
00000000
00010000
00000000
01000000
00000000
,
00020000
00001000
00001000
01030000
,
00002000
00010000
00010000
00003200
,
00000001
00000001
00001000
00001000
,
00000010
00000001
00000001
00000310
,
00002000
00010000
00010000
00003100
,
00020000
00001000
00001000
02030000
,
10000000
10000000
10000000
10000000
,
00010000
00010000
00010000
03010000
,
11000000
00010000
00100000
00101000
,
00010000
01000000
00010000
00100000
,
11000000
00010000
00100000
00101000
,
00010000
01000000
00010000
00100000
,
00101000
00100000
00010000
01000000
,
00100000
00010000
00001000
00010000
,
00101000
00100000
00010000
01000000
,
00100000
00010000
00001000
00010000
,
00100000
00000000
10000000
00000000
,
01000000
00000000
00010000
00000000
,
00001000
00000000
00001000
00000000
,
01000000
00000000
01000000
00000000
,
10000000
00000000
01000000
00000000
,
00010000
00000000
00001000
00000000
,
00000200
00000000
00000000
00000300
,
00000000
00000000
00000000
00000000
;

//---------------dance-double - ----------------
#NOTES:
     dance-double:
     :
     Hard:
     10:
     0.480,0.484,0.252,0.252,0.000:
00000000
00000000
00000000
00000000
,
00000000
00000000
00000000
00000000
,
00000000
00000000
00000000
00000000
,
00201000
00010000
00001000
00310000
,
00201000
00010000
00001000
00310000
,
00201000
00010000
00001000
00310000
,
01000000
10000000
00100000
00000000
00010000
00000000
00001000
00000000
,
00000100
00000001
00000010
00000000
00001000
00000000
00010000
00000000
,
01000000
10000000
00100000
00000000
00010000
00000000
00001000
00000000
,
00000100
00000001
00000010
00000000
00001000
00000000
00010000
00000000
,
00100000
20200000
30300000
01000000
,
00010000
00022000
00033000
00001000
,
00000010
00000022
00000033
00000100
,
00001000
00022000
00033000
00010000
,
00100000
20200000
30300000
01000000
,
00010000
00022000
00033000
00001000
,
00000010
00000022
00000033
00000100
,
00001000
00022000
00033000
00010000
,
00010010
00000000
00001010
00000000
00000010
00001000
00000100
00000000
,
00010100
00000000
00001100
00000000
00000100
00001000
00000010
00000000
,
00001000
00000010
00010000
00000000
00001000
00000100
00001000
00000000
,
00010000
01000000
00010000
00000000
00001000
00100000
00010000
00000000
,
01000000
00000000
00100000
00000000
00010000
00001000
00000010
00000000
,
00010000
00000000
01000000
00000000
00100000
00001000
01000000
00000000
,
01000000
00100000
00010000
00000000
00001000
00000010
00000100
00000000
,
00000100
00000010
00001000
00000000
00010000
00100000
01000000
00000000
,
01100000
00000000
00010000
00000000
00001000
00010000
01000000
00000000
,
01100000
00000000
00010000
00000000
00001000
00010000
01000000
00000000
,
00001000
00000100
00001000
00000000
00001000
00000100
00001000
00000000
,
00001000
00000100
00001000
00000000
00001000
00000100
00001000
00000000
,
00000110
00000000
00001010
00000000
00010000
00001000
00100000
00000000
,
00101000
00000000
00110000
00000000
01000000
00001000
00010000
00000000
,
00001000
00000010
00001000
00000000
00010000
01000000
00010000
00000000
,
00001000
00000010
00001000
00000000
00010000
01000000
00010000
00000000
,
00100000
00001000
00010000
00000000
00010000
00001000
00000010
00000000
,
00000100
00010000
00001000
00000000
00001000
00010000
01000000
00000000
,
10000000
01000000
00100000
00010000
,
00001000
00000100
00000010
00000001
,
00000010
00000001
00000100
00000000
00000010
00001000
00010000
00000000
,
00000010
00010000
00001000
00000000
00000010
00001000
00000100
00000000
,
00000001
00000010
00000100
00001000
,
00010000
00100000
01000000
10000000
,
10000000
01000000
00010000
00000000
00001000
00010000
00100000
00000000
,
10000000
00100000
00010000
00000000
00001000
00010000
01000000
00000000
,
00020000
00001000
00100000
00130000
,
00002000
00000010
00010000
00013000
,
00010000
00001000
00000010
00000000
00010000
00000010
00001000
00000000
,
00010000
00001000
00000100
00000000
00010000
00000100
00001000
00000000
,
00020100
00001000
00000100
00031000
,
01002000
00010000
01000000
00013000
,
00000010
00000001
00000100
00000000
00000010
00000000
00000100
00000000
,
00000010
00001000
00000100
00000000
00000010
00000000
00000100
00000000
,
00000010
00001000
00010000
00000000
00000010
00000000
00010000
00000000
,
00000100
00001000
00010000
00000000
00000100
00000000
00010000
00000000
,
00100000
00010000
00001000
00000000
00100000
00000000
00001000
00000000
,
01000000
00010000
00001000
00000000
01000000
00000000
00001000
00000000
,
01000000
00010000
00100000
01000000
,
00100000
10000000
01000000
00100000
,
02100000
10000000
00100000
03010000
,
10000000
01000000
00010000
00001000
,
00000210
00000001
00000010
00001300
,
00000001
00000100
00001000
00010000
,
00100000
00000000
00010000
00000000
,
00001000
00000000
00000100
00000000
,
00000001
00000000
00000000
00000000
,
00000000
00000000
00000000
00000000
;

//---------------dance-double - ----------------
#NOTES:
     dance-double:
     :
     Challenge:
     11:
     0.477,0.484,0.101,0.081,0.000:
00000000
00000000
00000000
00000000
,
00000000
00000000
00000000
00000000
,
00000000
00000000
00000000
00000000
,
00100000
00001000
00010000
00000010
,
00010000
00010000
00001000
00001000
,
00100000
00000000
00001000
00000000
00010000
00000000
00000010
00010000
,
00001000
00000100
00001000
00010000
01000000
00010000
00001000
00000100
,
00000000
00000110
00000000
00000001
00000000
00000010
00000000
00001000
,
00000000
00001100
00000000
00000001
00000000
00000010
00000000
00001000
,
00000000
00010000
00000000
00100000
00000000
10000000
00000000
01010000
,
00000000
00100000
00000000
00010000
00000000
00001000
00000000
00000010
,
00000000
00000100
00000000
00010000
00000000
00001000
00000000
01000000
,
00000000
01010000
00000000
10000000
00000000
00100000
00000000
00010000
,
00000000
00001000
00000000
00000010
00000000
00000001
00000000
00001100
,
00000000
00000010
00000000
00010000
00000000
00001000
00000000
00000010
,
00000000
00000100
00000000
00010000
00000000
00001000
00000000
00000100
,
00000000
00000010
00000000
00010000
00000000
00001000
00000000
00000010
,
00000000
00000100
00000000
00010000
00000000
00001000
00000000
00000100
,
00000001
00000000
00000101
00000000
00000010
00000001
00000100
00000000
,
00000100
00001000
00010000
00000000
00100000
10000000
01000000
00000000
,
00010000
00001000
00000100
00000000
00000100
00001000
00010000
00000000
,
01000000
10000000
00100000
00000000
00010000
00001000
00000100
00001000
,
00010000
00001000
00000010
00000001
00000100
00001000
00010000
00000000
,
00010000
00001000
00000100
00000001
00000010
00001000
00010000
00000000
,
00010000
00000010
00001000
00000000
00000100
00010000
00001000
00000000
,
00001000
01000000
00010000
00000000
00100000
00001000
00010000
00000000
,
00001000
00100000
00010000
10000000
01000000
00010000
00001000
00000000
,
00001000
01000000
00010000
10000000
00100000
00010000
00001000
00000000
,
00010000
00100000
10000000
00000000
10000000
01000000
00010000
00000000
,
00001000
00000100
00000001
00000000
00000001
00000010
00001000
00000000
,
00010000
00100000
01000000
00010000
00100000
01000000
00010000
00000000
,
00001000
00000010
00000100
00001000
00000010
00000100
00001000
00000000
,
00010000
00100000
00010000
00000000
00001000
00000100
00001000
00000000
,
00010000
01000000
00010000
00000000
00001000
00000010
00001000
00000000
,
00001000
00010000
00100000
10000000
00100000
00010000
00001000
00000000
,
00010000
00001000
00000010
00000001
00000010
00001000
00010000
00000000
,
00010000
01000000
00010000
00000000
00001000
00000100
00001000
00000000
,
00000100
00001000
00010000
01000000
,
10000000
01000000
00100000
01000000
00010000
00001000
00000100
00000000
,
00000001
00000100
00000010
00000100
00001000
00010000
01000000
00000000
,
00100000
00010000
01000000
00000000
00100000
10000000
01000000
00000000
,
01000000
00010000
00001000
00000100
,
00001000
00000100
00000001
00000010
00000001
00000100
00001000
00000000
,
00010000
01000000
10000000
00100000
10000000
01000000
00010000
00000000
,
10000000
01000000
00100000
00010000
,
00001000
00000100
00000010
00000001
,
00000001
00000100
00000001
00000100
00001000
00000100
00001000
00000000
,
00010000
01000000
00010000
01000000
10000000
01000000
10000000
00000000
,
00010000
00100000
10000000
01000000
,
00010000
00000000
00100000
00000000
10000000
00000000
01000000
00020000
,
00000000
01000000
00000000
00031000
00000000
00100000
00000000
00002000
,
00000000
00000100
00000000
00013000
00000000
00000010
00000000
00000020
,
00000000
00000001
00000000
00000130
00000000
00001000
00000000
02000000
,
00000000
10000000
00000000
03100000
00000000
00010000
00000000
00200000
,
00000000
10000000
00000000
01300000
00000000
00010000
00000000
00000200
,
00000000
00000001
00000000
00000310
00000000
00001000
00000000
00020000
,
00000000
00001000
00000000
00030100
00000000
00001000
00000000
00002000
,
00000000
00010000
00000000
01003000
00000000
00010000
00000000
01000000
,
10000000
11000000
00100000
01000000
,
00010000
00001000
00000100
00000110
,
00001000
00000110
00000001
00000100
,
00001000
00010000
00100000
11000000
,
10000000
00000000
00010000
00000000
,
00001000
00000000
00000001
00000000
,
00000100
00000000
00000000
00000000
,
00000000
00000000
00000000
00000000
;
