#TITLE:SYNCHRONIZED LOVE (Red Monster Hyper Mix);
#SUBTITLE:;
#ARTIST:JOE RINOIE;
#TITLETRANSLIT:;
#SUBTITLETRANSLIT:;
#ARTISTTRANSLIT:;
#CREDIT:;
#BANNER:SYNCHRONIZED LOVE (Red Monster Hyper Mix).png;
#BACKGROUND:SYNCHRONIZED LOVE (Red Monster Hyper Mix)-bg.png;
#LYRICSPATH:;
#CDTITLE:./CDTITLES/DANCEMANIA EUROMIX.PNG;
#MUSIC:SYNCHRONIZED LOVE (Red Monster Hyper Mix).ogg;
#OFFSET:0.000;
#SAMPLESTART:49.603;
#SAMPLELENGTH:15.000;
#SELECTABLE:YES;
#DISPLAYBPM:150.000;
#BPMS:0.000=150.245,4.000=149.993;
#STOPS:;
#BGCHANGES:;

//---------------dance-single - ----------------
#NOTES:
     dance-single:
     :
     Beginner:
     1:
     0.195,0.245,0.104,0.000,0.000:
0000
0000
0000
0000
,
0000
0000
0000
0000
,
0000
0000
0000
0000
,
1000
0000
0000
0000
,
0000
0100
0000
0001
,
0001
0000
0000
0000
,
0000
0100
0000
1000
,
1000
0000
0000
0000
,
0001
0001
0001
0000
,
0100
0000
0000
0000
,
0010
0010
0010
0000
,
1000
0000
1000
0000
,
0001
0000
0001
0000
,
0100
0000
0100
0000
,
0001
0001
0001
0000
,
0100
0000
0100
0000
,
0100
0000
0100
0000
,
0001
0000
0001
0000
,
0001
0000
0001
0000
,
1000
0000
1000
0000
,
1000
0000
1000
0000
,
0010
0000
0010
0000
,
0010
0000
0010
0000
,
1001
1001
0000
0000
,
0100
0100
0000
0000
,
1001
1001
0000
0000
,
0010
0010
0000
0000
,
1000
0000
1000
0000
,
0001
0000
0001
0000
,
1000
0000
0001
0000
,
0000
0110
0110
0000
,
0010
0010
0010
0000
,
0100
0100
0100
0000
,
1001
0000
1001
0000
,
0010
0000
0100
0000
,
1000
1000
1000
0000
,
0001
0001
0001
0000
,
0110
0000
0110
0000
,
1000
0000
0001
0000
,
0100
0100
0000
0000
,
0010
0010
0000
0000
,
0100
0100
0000
0000
,
0010
0010
0010
0000
,
1000
0000
1000
0000
,
0100
0000
0100
0000
,
0010
0000
0010
0000
,
0001
0000
0001
0000
,
0100
0100
0100
0000
,
1000
1000
1000
0000
,
0010
0010
0010
0000
,
0001
0001
0001
0000
,
0100
0000
0010
0000
,
0100
0000
0010
0000
,
0001
0000
1000
0000
,
0001
0000
1000
0000
,
1000
1000
0000
0000
,
0001
0001
0000
0000
,
1000
1000
0000
0000
,
0001
0001
0000
0100
,
0000
0000
0000
0000
;

//---------------dance-single - ----------------
#NOTES:
     dance-single:
     :
     Easy:
     4:
     0.311,0.306,0.135,0.000,0.000:
0000
0000
0000
0000
,
0000
0000
0000
0000
,
0000
0000
0000
0000
,
1000
0100
0010
0010
,
0010
0001
0000
0001
,
1000
0100
0010
0010
,
0001
0000
1000
0100
,
0010
0000
0001
0100
,
0010
0000
1000
1000
,
0001
0000
0010
0100
,
1000
0000
0001
0001
,
1000
0100
0001
0100
,
0010
1000
0001
0100
,
0010
0010
0010
0010
,
1001
0000
0100
0010
,
0001
0001
1000
1000
,
0100
0001
0100
0001
,
1000
1000
0100
0100
,
0010
0001
0010
0001
,
1000
0000
0001
0000
,
1000
0100
0010
0000
,
0001
0000
1000
0000
,
0100
0000
0010
0001
,
1000
0100
0000
0100
,
0000
0010
0000
0010
,
0001
0100
0000
0100
,
0000
0010
0000
0010
,
1000
0001
0100
0010
,
1000
0100
0010
0000
,
0001
0100
0010
1000
,
0001
0001
0001
0000
,
0010
0100
1001
0000
,
0100
0010
1001
0000
,
0010
0001
1000
0100
,
0010
0001
0000
1001
,
0010
0100
1001
0000
,
0100
0010
1001
0000
,
0010
0100
1000
0010
,
0100
0001
0000
1001
,
0100
0100
0100
0010
,
0100
0100
0010
0010
,
0100
0100
0100
0010
,
0100
0100
0010
0010
,
1000
0100
0010
1001
,
0100
0100
0010
1001
,
0100
0010
0001
0010
,
0100
0100
0000
1001
,
0100
0100
0001
1001
,
0100
0100
0010
1001
,
0100
0010
1000
0100
,
0010
0001
1000
1000
,
0100
0001
0100
1000
,
0100
0010
0010
0010
,
0001
0100
1000
0100
,
0010
0001
0001
0001
,
1000
1000
0100
0100
,
0010
0001
0100
0010
,
1000
1000
0001
0001
,
0100
0010
1000
1001
,
0000
0000
0000
0000
;

//---------------dance-single - ----------------
#NOTES:
     dance-single:
     :
     Medium:
     5:
     0.381,0.367,0.115,0.000,0.000:
0000
0000
0000
0000
,
0000
0000
0000
0000
,
0000
0000
0000
0000
,
1000
0100
0001
0000
0100
0000
0100
0000
,
1000
1000
0001
0001
,
1000
0010
0001
0000
0010
0000
0010
0000
,
1000
0100
0010
1001
,
0010
0000
0100
1000
0010
0000
0100
0000
,
0001
0010
1000
0001
,
1000
0000
0010
0100
0001
0000
0010
0000
,
1000
0001
1000
0010
,
0100
0001
0010
0000
0100
1000
0010
0000
,
0100
0001
0010
0100
,
1000
0001
0100
0000
1000
0001
0100
0000
,
1001
0000
0000
0100
0000
0010
0100
0000
,
1000
0000
0001
0000
0100
0010
1000
0000
,
0001
0000
0010
0100
0000
0010
0100
0000
,
1000
0001
0100
1000
,
0100
0000
0010
0001
0000
0010
0001
0000
,
1000
0100
0010
0000
0001
0000
0001
0000
,
1000
0100
0010
0000
0001
0000
0001
0000
,
1000
0010
0100
0000
0001
0010
0100
0000
,
1000
0001
0100
1000
,
0100
0100
0100
0000
0010
0000
0010
0000
,
0001
0001
0001
0000
0100
0000
0100
0000
,
0010
0010
0010
0000
1000
0000
1000
0000
,
0100
0100
0100
0000
0010
0000
0010
0000
,
0001
1000
0100
0010
,
0001
1000
0100
0000
,
0001
0100
0010
1000
,
1001
0110
1001
0000
,
0100
0000
0010
0001
0100
0000
0000
0000
,
0010
1000
0001
0000
0001
0000
0000
0000
,
0100
1000
0100
0010
,
0001
1000
0100
0000
0000
0000
1001
0000
,
0100
0000
0010
1000
0100
0000
0000
0000
,
0010
0001
1000
0000
0100
0000
0000
0000
,
0010
0001
0100
0000
0010
1000
0010
1000
,
0001
0001
0000
1001
,
0100
0000
0010
0000
,
1000
0000
0100
0000
0010
0001
1000
0000
,
0100
0000
0010
0000
,
0001
0000
0001
0000
1000
0100
1000
0100
,
0010
0000
0010
0001
0100
0000
0000
0000
,
0010
1000
0100
0000
0100
0000
0000
0000
,
0010
0000
0001
1000
0100
0000
0010
0001
,
0100
0100
0000
1001
,
0100
0000
0010
0001
1000
0000
0000
0000
,
0100
0010
0001
0000
0001
0000
0000
0000
,
1000
0000
0100
0010
0001
0000
0100
0010
,
1000
1000
0000
1001
,
0100
0000
0010
0000
,
0001
0000
1000
0100
1000
0000
0001
0000
,
0100
0000
0010
0000
,
1000
0000
0001
0000
0100
0010
1000
0000
,
0100
0000
0100
0000
0010
0001
0100
0000
,
0010
1001
0100
1001
,
0100
0000
0010
0000
1000
0100
0010
0000
,
0001
0000
1000
0000
0100
0010
0100
0000
,
0000
0000
0000
0000
;

//---------------dance-single - ----------------
#NOTES:
     dance-single:
     :
     Hard:
     8:
     0.601,0.551,0.073,0.000,0.229:
0000
0000
0000
0000
,
0000
0000
0000
0000
,
0000
0000
0000
0000
,
1000
0000
0100
0000
0010
0000
0001
0000
1000
0100
0000
0000
0010
0000
0000
0000
,
0001
0000
0100
0000
0010
0000
1000
0000
0001
0100
0000
0000
0010
0000
0000
0000
,
1000
0000
0001
0000
0010
0000
0100
0000
1000
0010
0000
0000
0100
0000
0000
0000
,
0001
0000
1000
0000
0010
0000
0100
0000
0001
0010
0000
0000
0001
0100
0000
0000
,
0010
0000
1000
0000
0001
0010
0000
0000
0100
0000
1000
0000
0001
0000
0000
0000
,
0100
0000
0010
0000
1000
0100
0000
0000
0010
0000
0001
0000
1000
0000
0100
0000
,
0010
0000
0001
0000
0100
0010
0000
0000
1000
0000
0001
0000
0010
0000
0000
0000
,
0100
0000
0001
0000
0100
1000
0000
0000
0001
0000
0100
0000
0010
0000
1000
0000
,
0001
0000
0010
0000
0100
1000
0000
0000
0001
0000
0010
0000
0100
1000
0000
0000
,
0010
0000
0100
0000
0001
1000
0000
0000
0010
0000
0100
0000
0001
1000
0000
0000
,
0100
0010
0001
1000
0010
0100
0001
0000
,
1000
0100
0000
0000
0010
0000
0001
0100
0000
0000
0010
0000
1000
0000
0000
0000
,
0001
0000
0010
0000
0100
1000
0000
0000
0001
0000
0100
0000
0010
0000
0000
0000
,
1000
0000
0001
0000
0010
0100
0000
0000
1000
0000
0001
0000
0100
0000
0010
0000
,
1000
0000
0100
0000
0010
0001
0000
0000
1000
0000
0100
0000
0010
0000
0000
0000
,
0001
0000
1000
0000
0010
0100
0000
0000
0001
0000
1000
0000
0100
0000
0010
0000
,
0001
0000
1000
0000
0010
0100
0000
0000
0001
0000
1000
0000
0100
0010
0000
0000
,
0001
0000
0100
0000
0010
1000
0000
0000
0100
0000
0010
0000
0001
0100
0000
0000
,
0010
1000
0100
0001
0100
1000
0010
0100
,
0001
1000
0100
0010
0001
1000
0010
0000
,
0100
0001
0000
0000
1000
0000
0000
0000
0100
1000
0000
0000
0001
0000
0000
0000
,
0010
0001
0000
0000
1000
0000
0000
0000
0010
1000
0000
0000
0001
0000
0000
0000
,
0100
0010
0000
1000
0100
0000
0000
0000
0010
0001
0000
0100
0010
0000
0000
0000
,
1000
0100
0000
0010
0001
0000
0000
0000
0100
0010
0000
1000
0001
0000
0000
0000
,
0010
0100
1000
0001
0000
0001
0001
0000
,
0100
0010
1000
0001
0000
0000
0000
0000
,
0010
0100
0010
0100
0000
0000
1001
0000
,
0010
0100
0000
0000
1000
0001
0000
0000
0100
0010
0000
0000
1001
0000
0000
0000
,
0100
0010
0001
1000
0010
0100
0001
1000
,
0100
0001
0100
1000
0010
0100
0001
1000
,
0100
0010
0001
1000
0010
0100
0001
1000
,
0100
0010
0001
0000
0000
0000
1100
0000
,
0001
0100
0010
1000
0001
0010
0100
1000
,
0010
0001
0010
1000
0001
0010
0100
1000
,
0001
0100
0010
1000
0001
0010
0100
1000
,
0001
0100
0100
0000
0000
0000
1100
0000
,
0010
0001
0001
0000
1000
0010
0010
0010
,
0000
0100
0001
1000
0100
0010
0001
1000
,
0010
0100
0100
0000
0001
1000
1000
1000
,
0000
0100
0010
0001
0100
0010
1000
0100
,
0010
0001
1000
0010
0100
0001
1000
0100
,
0010
0001
1000
0010
0100
0001
1000
0100
,
0010
0001
1000
0100
0010
0001
0100
1000
,
0100
0001
1000
0000
0000
0000
0110
0000
,
0001
1000
0010
0100
0001
1000
0100
0010
,
0001
0100
0010
1000
0001
0010
1000
0010
,
0001
1000
0010
0100
0001
1000
0100
0001
,
0100
1000
0001
0000
0000
0000
0110
0000
,
0001
0100
0100
0000
0010
1000
0100
0010
,
0000
0010
0001
1000
0100
0010
0001
1000
,
0010
0100
0100
0000
0010
1000
0001
0010
,
0000
0100
1000
0001
0100
0010
1000
0001
,
0010
0100
0000
0000
1000
0000
0000
0000
0001
0000
0100
0000
0010
0000
1000
0000
,
0001
0100
0000
0001
0100
0000
0001
0100
0000
0001
0100
0000
0010
0000
1000
0000
,
0100
0010
0001
0000
1000
0100
0010
0001
,
1000
0000
0000
0010
0000
0000
0100
0000
0000
0000
0001
0000
1001
0000
0000
0000
,
0000
0000
0000
0000
;

//---------------dance-double - ----------------
#NOTES:
     dance-double:
     :
     Easy:
     4:
     0.318,0.306,0.063,0.000,0.000:
00000000
00000000
00000000
00000000
,
00000000
00000000
00000000
00000000
,
00000000
00000000
00000000
00000000
,
10000000
00010000
01000000
00001000
,
00010000
00000010
00001000
01000000
,
00010000
10000000
01000000
00100000
,
00001000
00010000
00000100
00001000
,
00010000
00010000
00010000
00010000
,
01000000
01000000
00001000
00001000
,
00000100
00000100
00000100
00000100
,
00001000
00001000
00010000
00010000
,
01000000
10000000
00010000
01000000
,
00001000
00010000
01000000
10000000
,
00010000
00100000
01000000
10000000
,
10010000
01000000
00001000
00010000
,
00000010
00000010
00000010
00000010
,
00001000
00001000
00010000
00010000
,
01000000
01000000
01000000
01000000
,
00001000
00001000
00000100
00000100
,
00000001
00000010
00001000
00000010
,
00010000
00001000
00100000
00010000
,
00001000
00000100
00000001
00001000
,
00000100
00000100
00000100
00000100
,
00010000
00001000
00000100
00000000
,
00000001
00000010
00001000
00000000
,
00010000
00100000
10000000
00000000
,
00100000
00010000
00001000
00000000
,
00000010
00000001
00000100
00001000
,
00010000
01000000
10000000
00000000
,
00001000
00000100
00010000
01000000
,
10010000
10010000
10010000
00000000
,
00001000
00000100
00000001
00000000
,
00000010
00001000
00010000
00000000
,
00000001
00000100
00010000
01000000
,
10000000
00100000
00000000
10010000
,
00100000
00001000
00000010
00000000
,
00001000
00010000
00100000
00000000
,
10000000
01000000
00010000
00001000
,
00000100
00000001
00001000
00000100
,
00010000
00001000
00100000
00010000
,
10000000
01000000
01000000
01000000
,
00010000
00001000
00000100
00000001
,
00001000
00000100
00000100
00000100
,
00010000
00001000
00000010
00000000
,
00001000
00010000
00100000
00000000
,
10000000
01000000
00010000
01000000
,
00001000
00010000
00000000
00001001
,
00000100
00000010
00001000
00000000
,
00010000
00100000
10000000
00000000
,
00010000
01000000
00001000
00000100
,
00000010
00000001
00001000
00001000
,
00000100
00010000
00100000
10000000
,
00010000
01000000
00001000
00000010
,
00001000
00010000
00100000
00010000
,
00001000
00000010
00000001
00001000
,
00000100
00000100
00010000
01000000
,
00001000
00000100
00000001
00000001
,
00001000
00000100
00010000
00100000
,
00001000
00000100
00000001
00001000
,
00000000
00000000
00000000
00000000
;

//---------------dance-double - ----------------
#NOTES:
     dance-double:
     :
     Medium:
     6:
     0.378,0.367,0.042,0.000,0.000:
00000000
00000000
00000000
00000000
,
00000000
00000000
00000000
00000000
,
00000000
00000000
00000000
00000000
,
00010000
00001000
00100000
00000000
00010000
00000000
00010000
00000000
,
01000000
00000000
00100000
00000000
01000000
00000000
00001000
00010000
,
00100000
10000000
00010000
01000000
,
00001000
00000000
00001000
00010000
00000010
00000000
00000001
00000000
,
00001000
00000000
00000100
00010000
00001000
00000000
00000010
00000000
,
00000001
00001000
00000010
00000100
,
00001000
00000000
00010000
00001000
00000010
00000000
00000001
00000000
,
00001000
00000100
00010000
00001000
,
00100000
00000000
10000000
00100000
00010000
00000000
01000000
00000000
,
00001000
00000000
00010000
00001000
00100000
00000000
10000000
00000000
,
00010000
01000000
00100000
10000000
,
00010000
00100000
01000000
00000000
00010000
00000000
00001000
00000000
,
00000100
00000000
00000001
00000010
00000100
00000000
00001000
00000000
,
00000001
00000100
00001000
00000100
,
00010000
00000000
00001000
00000100
00000001
00000000
00000010
00000000
,
00001000
00010000
00000010
00000100
,
00000001
00001000
00000100
00000000
00010000
00000000
00000000
00000000
,
00000010
00000100
00001000
00000000
00010000
00000000
01000000
00000000
,
10000000
00010000
01000000
00100000
,
10000000
00010000
00010000
00010000
,
00100000
00000000
00001000
00010000
00000000
00000000
00000100
00000000
,
00000010
00000000
00001000
00010000
00000000
00000000
00000000
00000000
,
00100000
00000000
10000000
01000000
00000000
00000000
00100000
00000000
,
00001000
00000000
00010000
00000100
00000000
00000000
00000000
00000000
,
00000010
00000010
00000010
00000010
,
00000001
00000000
00001000
00000100
00000000
00000000
00000000
00000000
,
00010000
00001000
00100000
01000000
,
10010000
10010000
01100000
00000000
,
00010000
00000000
01000000
00100000
01000000
00000000
00010000
00000000
,
00100000
00001000
00010000
00000000
00000100
00000000
00000000
00000000
,
00000010
00000001
00000100
00000000
00000010
00000000
00001000
00000000
,
00000100
00000001
00000100
00000000
00001000
00000000
00000010
00000000
,
00010000
00000000
00001000
00000010
00001000
00000000
00010000
00000000
,
00100000
00010000
00100000
00000000
10000000
00000000
00000000
00000000
,
00010000
01000000
00010000
00000000
00100000
00000000
00001000
00000000
,
00000010
00000001
00001000
00000000
00000000
00000000
00000110
00000000
,
00010000
00000000
00001000
00000000
00100000
00000000
00010000
10000000
,
00000000
00010000
00000000
00010000
00000000
00010000
01000000
00000000
,
00001000
00000000
00010000
00000000
00000010
00000000
00000100
00000001
,
00000000
00000001
00000000
00000001
00000000
00000001
00001000
00000000
,
00000100
00000000
00010000
00001000
00100000
00000000
00001000
00000000
,
00010000
00001000
01000000
00000000
10000000
00000000
00000000
00000000
,
01000000
00010000
00100000
00000000
00001000
00000000
00010000
00000000
,
00000010
00000001
00000010
00000000
00001000
00000000
00000100
00000000
,
00000010
00000000
00001000
00010000
00001000
00000000
01000000
00000000
,
00010000
10000000
01000000
00000000
00100000
00000000
00010000
00000000
,
01000000
00001000
00010000
00000000
00000010
00000000
00000001
00000000
,
00001000
00000100
00001000
00000000
00000001
00000000
00000001
00000000
,
00000100
00000010
00001000
00000100
,
00000010
00000000
00001000
00000000
00010000
00100000
00010000
00000000
,
00001000
00000010
00000001
00000100
,
00000010
00000000
00010000
00000000
00001000
01000000
00010000
00000000
,
00100000
00000000
00100000
00000000
01000000
10000000
00010000
00000000
,
01000000
00000000
00001000
00010000
00000000
00001000
00010000
00000000
,
00000010
00000000
00000001
00000000
00001000
00000100
00000010
00000000
,
00001000
00010000
00100000
10000000
,
00000000
00000000
00000000
00000000
;

//---------------dance-double - ----------------
#NOTES:
     dance-double:
     :
     Hard:
     8:
     0.600,0.520,0.188,0.000,0.083:
00000000
00000000
00000000
00000000
,
00000000
00000000
00000000
00000000
,
00000000
00000000
00000000
00000000
,
10000000
00000000
01000000
00000000
00010000
00000000
00000000
00000000
00010000
01000000
00000000
00000000
10000000
00000000
00000000
00000000
,
00010000
00000000
00000000
00000100
00000000
00000000
00000001
00000000
00000000
00000000
00000010
00000000
00000100
00000000
00000000
00000000
,
00001000
00000000
00000010
00000000
00010000
00000000
00000000
00000000
00001000
00000010
00000000
00000000
00000001
00000000
00000000
00000000
,
00000100
00000000
00000000
00001000
00000000
00000000
00010000
00000000
00000000
00000000
01000000
00000000
10000000
00000000
00000000
00000000
,
00010000
01000000
10000000
01000000
00010000
00100000
00001000
00010000
,
00000010
00000100
00000001
00000010
00000001
00000100
00000010
00001000
,
00000100
00010000
00001000
00000100
00000001
00000010
00000100
00001000
,
00000001
00000100
00001000
00010000
01000000
10000000
00010000
01000000
,
00100000
10000000
01000000
00100000
00010000
01000000
00001000
00010000
,
00100000
10000000
01000000
00010000
00001000
00000100
00000001
00000010
,
00000100
00010000
00001000
00000100
00000001
00000010
00001000
00010000
,
00100000
00000000
00000000
10010000
00000000
11000000
10010000
00000000
,
01000000
00001000
00010000
00000100
00000001
00000100
00001000
00000010
,
00000100
00001000
00010000
01000000
10000000
00010000
01000000
00100000
,
10000000
01000000
00100000
00010000
10000000
01000000
00100000
00001000
,
00010000
00100000
10000000
01000000
00010000
00001000
00000100
00000001
,
00000010
00000100
00001000
00000001
00000100
00001000
00010000
01000000
,
10000000
00010000
01000000
00001000
00010000
01000000
10000000
00100000
,
00010000
00001000
00000010
00000001
00001000
00000010
00000100
00001000
,
00010000
01000000
10000000
00010000
01000000
00100000
10000000
00010000
,
00100000
00100000
00100000
00000000
00011000
00000000
00000100
00000000
,
00000010
00000010
00000010
00000000
00001001
00000000
00000100
00000000
,
00010000
00010000
00010000
00000000
00011000
00000000
00100000
00000000
,
10000000
10000000
10000000
00000000
10010000
00000000
01000000
00000000
,
00001000
00010000
00000010
00001000
00000100
00000010
00000001
00000000
,
00001000
00000010
00000100
00001000
00010000
01000000
10000000
00000000
,
00010000
01000000
00100000
10000000
01000000
00010000
00001000
00000000
,
00001001
00010100
00101000
00000000
,
10000000
00100000
01000000
00001000
00000010
00001000
00010000
00100000
,
10000000
01000000
00100000
00001000
00000100
00000001
00000010
00000000
,
00000100
00010000
00001000
00100000
00010000
01000000
00001000
00010000
,
00000010
00001000
00000001
00000000
00000010
00000100
00000010
00000000
,
00000001
00000100
00001000
00010000
01000000
10000000
00010000
01000000
,
00100000
10000000
01000000
00100000
00010000
01000000
00001000
00000000
,
00010000
00000010
00000001
00000010
00001000
00000100
00000010
00000001
,
00001000
00000100
00010000
00000000
00001000
00100000
00001000
00000000
,
01000000
00100000
00000000
00000000
10010000
00000000
00000000
00000000
01000000
00100000
00000000
00000000
10010000
00000000
00000000
00000000
,
01000000
00001000
00010000
00000010
00001000
00000100
00010000
00000000
,
00001000
00100000
00000000
00000000
10010000
00000000
00000000
00000000
01000000
00001000
00000000
00000000
00010010
00000000
00000000
00000000
,
00001000
00000001
00000010
00000100
00010000
00001000
00000100
00000001
,
00000010
00000100
00001000
00000010
00000100
00001000
00010000
01000000
,
10000000
00010000
01000000
00100000
10000000
01000000
00100000
00000000
,
00010000
01000000
00001000
00010000
00000010
00000001
00000010
00001000
,
00000100
00000010
00000001
00000000
00001000
00000100
00010000
00000000
,
00001000
00000100
00000001
00000010
00000100
00010000
00001000
00100000
,
10000000
00100000
00010000
01000000
00100000
10000000
01000000
00000000
,
00100000
00010000
01000000
00100000
10000000
01000000
00010000
00001000
,
00000100
00000001
00000010
00000000
00000100
00001000
00000010
00000000
,
00000100
00000010
00000000
00000000
00001001
00000000
00000000
00000000
00000100
00000010
00000000
00000000
00001001
00000000
00000000
00000000
,
00000100
00000010
00001000
00000100
00010000
00001000
01000000
00100000
,
10000000
01000000
00000000
00000000
00110000
00000000
00000000
00000000
01000000
00001000
00000000
00000000
00010010
00000000
00000000
00000000
,
00001000
00000001
00000010
00000100
00001000
00000010
00000100
00001000
,
00010000
00000000
01000000
00000000
10000000
00000000
00100000
00000000
01000000
00010000
00000000
00000000
10000000
00000000
00000000
00000000
,
01000000
00000000
00000000
00010000
00000000
00000000
00001000
00000000
00000000
00000000
00000100
00000000
00000001
00000000
00000000
00000000
,
00000010
00000000
00000100
00000000
00001000
00000000
00000010
00000000
00000100
00001000
00000000
00000000
00000001
00000000
00000000
00000000
,
00000010
00000000
00000000
00001000
00000000
00000000
00010000
00000000
00000000
00000000
00100000
00000000
10000000
00000000
00000000
00000000
,
00000000
00000000
00000000
00000000
;

//---------------dance-couple - ----------------
#NOTES:
     dance-couple:
     :
     Medium:
     8:
     0.569,0.796,0.854,0.000,0.026:
00000000
00000000
00000000
00000000
,
00000000
00000000
00000000
00000000
,
00000000
00000000
00000000
00000000
,
10000001
01000100
00011000
00000000
01000100
00000000
01000100
00000000
,
10000000
10000000
00000001
00000001
,
00011000
00100010
10000001
00000000
00100010
00000000
00100010
00000000
,
00011000
01000100
00100010
10011001
,
00100000
00100000
10000000
10000000
,
01000000
00100000
01000000
00100000
,
00000010
00000010
00000001
00000001
,
00000100
00000010
00000100
00000010
,
10000000
00000000
00000001
00000000
,
00011000
01000100
00100010
00000000
,
00100000
00000100
00100000
00000100
,
10011001
00000000
01000010
00100100
,
10000001
00000000
00010000
00000000
01000000
00100000
10000000
00000000
,
00010001
00000000
00100000
01000000
00000000
00100000
01000000
00000000
,
10001000
00000000
00000001
00000000
00000100
00000010
00001000
00000000
,
10000001
00000000
00000010
00000100
00000000
00000010
00000100
00000000
,
10000000
01000000
00100000
00000000
00010000
00000000
00010000
00000000
,
00001000
00000100
00000010
00000000
00000001
00000000
00000001
00000000
,
10000000
00100000
01000000
00000000
00000001
00000010
00000100
00000000
,
10001000
00010001
01000100
10000001
,
00010000
01000000
00000000
00000100
,
00000000
00100000
00000000
00000010
,
00001000
00000100
00000000
01000000
,
00000000
00000010
00000000
00100000
,
10000001
00011000
01000100
00100010
,
10000001
00011000
01000100
00000000
,
10000001
01000100
00100010
00011000
,
00001001
01100000
10010110
00000000
,
10000100
00000010
00000001
00001000
00000010
00000100
00000001
00001000
,
10000100
00000001
00000100
00001000
00000010
00000100
00000001
00001000
,
10000100
00000010
00000001
00001000
00000010
00000100
00000001
00001000
,
10000100
00000010
00000001
00000000
00000000
00000000
10010000
00000000
,
01000001
00100000
00010000
10000000
00100000
01000000
00010000
10000000
,
01000001
00010000
01000000
10000000
00100000
01000000
00010000
10000000
,
01000001
00100000
00010000
10000000
00100000
01000000
00010000
10000000
,
01000001
00100000
00010000
00000000
00000000
00000000
00001001
00000000
,
00000100
00000000
00000010
00000000
,
00001000
00000000
00000100
00000000
00000010
00000001
00001000
00000000
,
01000000
00000000
00100000
00000000
,
10000000
00000000
01000000
00000000
00100000
00010000
10000000
00000000
,
10000010
00000001
00001000
00000010
00000100
00000001
00001000
00000100
,
10000010
00000001
00001000
00000010
00000100
00000001
00001000
00000100
,
10000010
00000001
00001000
00000100
00000010
00000001
00000100
00001000
,
10000100
00000001
00001000
00000000
00000000
00000000
00000110
00000000
,
00100001
00010000
10000000
00100000
01000000
00010000
10000000
01000000
,
00100001
00010000
10000000
00100000
01000000
00010000
10000000
01000000
,
00100001
00010000
10000000
01000000
00100000
00010000
01000000
10000000
,
01000001
00010000
10000000
00000000
00000000
00000000
01100000
00000000
,
10000001
00000100
00000100
00000000
00000010
00001000
00000100
00000010
,
10000000
00000010
00000001
00001000
00000100
00000010
00000001
00001000
,
00010001
01000000
01000000
00000000
00100000
10000000
01000000
00100000
,
00000001
00100000
00010000
10000000
01000000
00100000
00010000
10000000
,
01000100
00000000
01000100
00000000
00100010
00011000
01000100
00000000
,
00100000
10000000
00000000
00000010
00000001
00000000
00010000
01000000
00000000
00001000
00000100
00000000
00100010
00000000
00000000
00000000
,
10000001
01000100
00100010
00000000
00011000
01000100
00100010
10000001
,
00011000
00000000
00000000
00100010
00000000
00000000
01000100
00000000
00000000
00000000
10000001
00000000
01011100
00000000
00000000
00000000
;

//---------------dance-solo - ----------------
#NOTES:
     dance-solo:
     :
     Easy:
     4:
     0.310,0.275,0.000,0.000,0.000:
000000
000000
000000
000000
,
000000
000000
000000
000000
,
000000
000000
000000
000000
,
010000
000100
100000
000100
,
010000
000010
010000
000100
,
100000
001000
000100
000001
,
010000
000100
000010
000100
,
000001
000001
000001
000001
,
100000
001000
000001
001000
,
000100
000100
000100
000100
,
100000
001000
000100
000001
,
010000
000100
000010
000100
,
010000
000100
000010
000100
,
000001
001000
000100
100000
,
000010
000010
010000
010000
,
000001
000001
000001
000001
,
000100
001000
000001
001000
,
000100
000100
000100
000100
,
100000
000001
000100
001000
,
100000
010000
100000
000001
,
100000
010000
100000
000001
,
000100
001000
100000
000000
,
000001
000001
000001
001000
,
000100
100000
000010
000000
,
010000
000000
000010
000000
,
000100
000001
010000
000000
,
000010
000000
010000
000000
,
000001
000010
000001
000100
,
000001
000010
000001
010000
,
000100
100000
010000
001000
,
000010
000010
000010
000000
,
100000
001000
000100
000000
,
000001
001000
000100
000000
,
100000
000010
001000
000100
,
100000
001000
000100
000001
,
100000
001000
000100
000000
,
000001
001000
000100
000000
,
100000
000010
001000
000100
,
100000
001000
000100
000001
,
100000
001000
000001
001000
,
000010
100000
100000
100000
,
000001
001000
100000
001000
,
010000
000001
000001
000001
,
100000
001000
000100
000000
,
000001
001000
000100
000000
,
100000
000010
001000
000100
,
100000
100000
000010
010000
,
000001
000100
001000
000000
,
100000
000100
001000
000000
,
000010
100000
001000
000100
,
000001
010000
000010
001000
,
000100
100000
000010
000001
,
000100
100000
100000
100000
,
000010
000100
100000
000001
,
100000
000010
000010
000010
,
000100
000001
001000
000100
,
100000
001000
000001
001000
,
000100
100000
000010
010000
,
000001
100000
001000
000100
;

//---------------dance-solo - ----------------
#NOTES:
     dance-solo:
     :
     Medium:
     6:
     0.412,0.367,0.042,0.000,0.000:
000000
000000
000000
000000
,
000000
000000
000000
000000
,
000000
000000
000000
000000
,
000010
000000
100000
000000
001000
000000
010000
000001
,
000100
000000
000010
000000
001000
000000
000100
100000
,
001000
000000
000100
000000
000001
000000
010000
000010
,
001000
000000
000100
000000
100000
001000
000100
000000
,
000001
000000
001000
000000
000100
100000
001000
000000
,
010000
000000
000001
000100
000000
000010
100000
000000
,
001000
000000
000100
000000
000001
001000
000100
000000
,
100000
000000
000010
001000
000000
100000
000001
000000
,
010000
000000
010000
000000
001000
000100
000001
000000
,
010000
000000
010000
000000
000100
001000
000001
000000
,
100000
001000
000001
001000
,
000100
000000
000000
100001
000000
010000
001000
000000
,
000100
000001
001000
000000
000100
000000
100000
000000
,
000001
001000
000000
000010
100000
000000
001000
000000
,
000100
000001
001000
000000
000010
000000
100000
000000
,
000001
000100
000000
001000
010000
000000
000001
000000
,
000100
000000
000010
010000
001000
000000
000100
000000
,
000001
000000
001000
000100
100000
000000
000010
000000
,
000100
000001
001000
000000
000100
100000
001000
000000
,
010000
000100
100000
000000
001000
010000
000100
000000
,
100000
000000
001000
000000
000001
000000
000100
001000
,
000000
100000
000001
000000
010000
000000
000010
000000
,
000100
000000
001000
000000
100000
000000
000001
001000
,
000000
000100
100000
000000
000010
000000
010000
000000
,
000100
000000
100000
001000
000000
010000
000100
000000
,
001000
000000
000001
000100
000000
000000
000000
000000
,
000010
000000
001000
000001
000000
000100
000010
000000
,
010100
101000
001001
000000
,
100000
000000
001000
010000
000100
000000
000000
000000
,
001000
000000
000010
000100
000001
000000
000000
000000
,
001000
000100
100000
000000
000001
001000
000100
000000
,
100000
001000
010000
000000
000001
000000
001000
000000
,
000010
000000
100000
000001
000100
000000
000000
000000
,
000010
000000
010000
000100
100000
000000
000000
000000
,
001000
000100
000001
000000
100000
000100
001000
000000
,
000001
100000
001000
000000
010000
000000
000001
000000
,
100000
000000
000100
000000
001000
000010
100000
000000
,
000001
000000
000100
000000
001000
010000
000001
000000
,
100000
000000
001000
000000
000100
000001
010000
000000
,
000010
000000
001000
000000
000100
100000
001000
000000
,
000100
000000
000001
001000
000010
000000
100000
000000
,
000100
010000
000010
000000
001000
000000
000100
000000
,
100000
001000
000100
000000
000001
000000
001000
000000
,
000100
100000
000010
000000
010000
000000
001000
000000
,
000100
000000
000001
001000
000010
000000
100000
000000
,
001000
000100
000001
000000
100000
000000
000010
000000
,
001000
000100
100000
000000
000010
010000
000100
000000
,
100000
001000
010000
000000
000001
000000
001000
000000
,
000010
100000
000001
010000
,
001000
000100
000001
000000
010000
000100
100000
000000
,
001000
010000
000100
100000
,
000010
001000
000001
000000
000100
001000
010000
000000
,
000001
000000
001000
000000
000100
100000
001000
000000
,
010000
000000
000001
000000
000100
000000
000010
010000
,
001000
000000
000100
000000
000001
000000
001000
000010
,
100000
000000
000100
000000
010000
000010
001000
000000
;

//---------------dance-solo - ----------------
#NOTES:
     dance-solo:
     :
     Hard:
     9:
     0.601,0.551,0.083,0.000,0.177:
000000
000000
000000
000000
,
000000
000000
000000
000000
,
000000
000000
000000
000000
,
100000
010000
100000
000010
000100
000001
000010
001000
,
010000
000001
100000
000010
001000
000100
100000
000001
,
000100
001000
010000
000001
100000
000010
001000
000100
,
100000
000000
000000
000001
000000
000000
000100
000000
000000
000000
001000
000000
100000
000000
000000
000000
,
000001
001000
000010
000100
000001
001000
000010
100000
,
000001
010000
001000
000100
000001
100000
000010
000000
,
010000
000100
100000
001000
000100
000001
001000
000010
,
100000
001000
000100
000001
010000
000010
000100
000001
,
001000
000010
100000
000000
000001
010000
001000
000000
,
000100
000001
001000
000000
000100
100000
000010
010000
,
000001
000100
001000
100000
000001
001000
000100
100000
,
010010
000000
000000
000101
000000
100001
001000
000000
,
000100
000000
000001
000000
010000
000010
000000
000000
100000
000000
001000
000000
000100
000000
000000
000000
,
000001
000000
001000
000000
000100
100000
000000
000000
000010
000000
010000
000000
001000
000000
000000
000000
,
000100
000000
000001
000000
010000
001000
000000
000000
000100
000000
000001
000000
001000
000000
000000
000000
,
000100
000000
100000
000000
000010
010000
000000
000000
000001
000000
000100
000000
001000
000000
000000
000000
,
010000
000000
000001
000000
100000
000010
000000
000000
001000
000000
000100
000000
100000
000010
000000
000000
,
010000
000000
000001
000000
000100
001000
000000
000000
010000
000000
000001
000000
100000
000010
000000
000000
,
001000
000100
100000
001000
000100
000001
010000
000010
,
100000
000100
001000
000001
100000
001000
000100
000000
,
000001
010000
000000
000000
000010
100000
000000
000000
000100
001000
000000
000000
000010
100000
000000
000000
,
010000
001000
100000
000001
,
001000
000010
000000
000000
100000
000001
000000
000000
010000
001000
000000
000000
000100
000001
000000
000000
,
100000
000100
001000
000001
,
100000
001000
010000
000001
001000
000010
100000
000100
,
001000
000001
010000
001000
000100
000001
001000
000010
,
100000
000001
000100
001000
000010
000001
010000
100000
,
100001
001001
100001
000000
,
000010
001000
000100
100000
001000
010000
000100
100000
,
001000
000100
000001
010000
000010
001000
000100
000000
,
100000
000010
000000
000000
001000
000000
000000
000000
000100
100000
000000
000000
001000
000000
000000
000000
,
000100
000001
001000
000010
100000
000001
010000
000000
,
001000
000100
000001
001000
000010
100000
000001
010000
,
001000
000100
000001
100000
010000
001000
000010
000000
,
100000
000001
000000
000000
000100
000000
000000
000000
001000
010000
000000
000000
000001
000000
000000
000000
,
100000
000100
001000
000001
101000
000000
001001
000000
,
000010
000000
100000
000000
000100
010000
000000
000000
000001
000000
100000
000000
001000
010000
000000
000000
,
000001
001000
000100
100000
010000
001000
000010
000000
,
000100
000000
000001
000000
001000
000010
000000
000000
100000
000000
000100
000000
001000
000010
000000
000000
,
100000
000001
010000
001000
000100
000001
001000
000000
,
000010
100000
001000
010000
000001
000100
000010
010000
,
000100
100000
001000
000100
000001
100000
000010
000000
,
001000
000100
000000
000000
100000
000000
000000
000000
001000
000100
000000
000000
000001
000000
000000
000000
,
010000
000010
100000
000100
001000
000001
000100
000000
,
001000
100000
000100
001000
000010
100000
000001
010000
,
001000
000100
000001
010000
100000
000100
000001
000000
,
010000
000010
000000
000000
001000
000000
000000
000000
000100
100000
000000
000000
000010
000000
000000
000000
,
010000
000001
000100
001000
100000
000100
001000
000000
,
000010
000000
100000
000000
000001
000100
000000
000000
000010
000000
010000
000000
000100
100000
000000
000000
,
001000
010000
000001
001000
000010
000001
000100
000000
,
100000
000000
001000
000000
010000
000001
000000
000000
001000
000000
000010
000000
100000
000001
000000
000000
,
010000
001000
000100
000001
001000
000100
100000
000001
,
010000
001000
000100
000001
000010
001000
000100
000001
,
001000
000100
100000
001000
010000
000100
100000
001000
,
000100
000001
100000
000010
001000
000100
100000
000001
,
010000
000000
000000
001000
000000
000000
000100
000000
000000
000000
000010
000000
000001
000000
000000
000000
;
