#TITLE:TENSHI;
#SUBTITLE:;
#ARTIST:GOURYELLA;
#TITLETRANSLIT:;
#SUBTITLETRANSLIT:;
#ARTISTTRANSLIT:;
#CREDIT:;
#BANNER:TENSHI.png;
#BACKGROUND:TENSHI-bg.png;
#LYRICSPATH:;
#CDTITLE:./CDTITLES/DanceDanceRevolution X2.png;
#MUSIC:TENSHI.ogg;
#OFFSET:0.000;
#SAMPLESTART:57.400;
#SAMPLELENGTH:15.000;
#SELECTABLE:YES;
#DISPLAYBPM:138.000;
#BPMS:0.000=138.462,4.000=137.995;
#STOPS:;
#BGCHANGES:0.000=TENSHI.avi=1.000=0=0=0;

//---------------dance-single - ----------------
#NOTES:
     dance-single:
     :
     Beginner:
     1:
     0.099,0.166,0.019,0.000,0.000:
0000
0000
0000
0000
,
0000
0000
0000
0000
,
0000
0000
0000
0000
,
0000
0000
0000
0000
,
0000
0000
0000
0000
,
0001
0000
0000
0000
,
0100
0000
0000
0000
,
1000
0000
0000
0000
,
0000
0000
0000
0000
,
1000
0000
0000
0000
,
0100
0000
0000
0000
,
0001
0000
0000
0000
,
0000
0000
0000
0000
,
0010
0000
0000
0000
,
0000
0000
0000
0000
,
0010
0000
0000
0000
,
0000
0000
0000
0000
,
0001
0000
0001
0000
,
0001
0000
0000
0000
,
0100
0000
0100
0000
,
0100
0000
0000
0000
,
1000
0000
1000
0000
,
1000
0000
0000
0000
,
0100
0000
0100
0000
,
0100
0000
0000
0000
,
0001
0000
0001
0000
,
0001
0000
0000
0000
,
0010
0000
0010
0000
,
0010
0000
0000
0000
,
1000
0000
1000
0000
,
1000
0000
0000
0000
,
0010
0000
0010
0000
,
0010
0000
0000
0000
,
0001
0000
0001
0000
,
0100
0000
0000
0000
,
1000
0000
1000
0000
,
0100
0000
0000
0000
,
0010
0000
0010
0000
,
0010
0000
0000
0000
,
0100
0000
0100
0000
,
0100
0000
0000
0000
,
0001
0000
0001
0000
,
0010
0000
0000
0000
,
1000
0000
1000
0000
,
0010
0000
0000
0000
,
0001
0000
0001
0000
,
1000
0000
1000
0000
,
0001
0000
1000
0000
,
1001
0000
0000
0000
,
0001
0000
0000
0000
,
0100
0000
0000
0000
,
1000
0000
0000
0000
,
0100
0000
0000
0000
,
0001
0000
0001
0000
,
0100
0000
0100
0000
,
1000
0000
1000
0000
,
0001
0000
0000
1001
,
0000
0000
0000
0000
;

//---------------dance-single - ----------------
#NOTES:
     dance-single:
     :
     Easy:
     4:
     0.188,0.249,0.029,0.136,0.000:
0000
0000
0000
0000
,
0000
0000
0000
0000
,
0000
0000
0000
0000
,
0000
0000
0000
0000
,
0000
0000
0000
0000
,
0200
0000
0000
0300
,
0002
0000
0000
0003
,
0020
0000
0000
0000
,
0000
0000
0030
0000
,
0200
0000
0000
0300
,
2000
0000
0000
3000
,
0020
0000
0000
0000
,
0000
0000
0030
0000
,
0200
0000
0000
0000
,
0000
0000
0300
0000
,
0020
0000
0000
0000
,
0000
0000
0030
0000
,
0100
0000
0100
0100
,
0001
0000
0001
0000
,
1000
0000
1000
1000
,
0010
0000
0010
0000
,
0100
0000
0100
0100
,
0001
0000
0100
0000
,
0001
0000
1000
1000
,
0010
0000
1000
0000
,
0001
0000
0001
0001
,
0100
0000
0100
0100
,
1000
0000
1000
1000
,
0010
0000
0010
0010
,
0001
0000
0100
0000
,
1000
0000
0010
0000
,
0001
1000
0010
0010
,
2002
0000
0000
3003
,
0100
0100
0000
0100
,
0010
1000
0000
1000
,
0001
0100
0000
0100
,
0001
0010
0000
0010
,
0100
1000
0000
1000
,
0001
0100
0000
0100
,
0010
0100
0000
0100
,
0001
1000
0000
0001
,
0100
1000
0000
0001
,
0100
1000
0000
0010
,
0100
0001
0000
0010
,
0100
1000
0000
0001
,
0010
1000
0000
0001
,
0010
1000
0000
0001
,
0100
0100
0100
0100
,
0220
0000
0000
0330
,
0001
0000
0100
0010
,
0001
0000
0100
0010
,
0001
0000
0100
0010
,
1000
0000
0010
0100
,
2000
0000
0000
3000
,
0002
0000
0000
0003
,
0010
0010
0010
0010
,
0100
0100
0100
1001
,
0000
0000
0000
0000
;

//---------------dance-single - ----------------
#NOTES:
     dance-single:
     :
     Medium:
     8:
     0.331,0.359,0.185,0.185,0.000:
0000
0000
0000
0000
,
0000
0000
0000
0000
,
0000
0000
0000
0000
,
0000
0000
0000
0000
,
0000
0000
0000
0000
,
0021
0000
0001
0030
,
1200
0000
1000
0300
,
0210
0000
0010
0000
,
0020
0000
0000
0330
,
0020
0100
1000
0130
,
0002
0100
1000
0103
,
0200
0001
0010
0301
,
0020
1000
0100
1030
,
2002
0000
0000
0000
,
0000
0000
0000
3003
,
0200
0000
0000
0000
,
0020
0000
0000
0330
,
0010
0010
0001
0010
,
0100
1000
0100
1001
,
0100
0100
0001
1000
,
0100
0000
0010
0000
0001
1000
0001
0000
,
1000
1000
0001
0001
,
1000
0001
0010
1100
,
1000
1000
0001
0001
,
0100
0001
0100
0000
0010
0000
0100
0000
,
0001
0100
1000
0100
,
0010
1100
0010
0010
,
0001
0100
0001
0000
0010
0000
0001
0000
,
1000
0001
1000
0000
0010
0000
1000
0000
,
0001
0100
0010
1100
,
0010
1000
0001
0101
,
2000
0100
3002
0103
,
2002
0000
0000
3003
,
0001
0010
0000
0010
0000
0010
0000
0011
,
0000
0100
0000
0100
0000
1000
0000
1000
,
0100
1000
0000
1000
0000
1000
0000
1100
,
0000
0010
0000
0010
0000
0100
0000
0100
,
0001
0100
0000
0100
0000
0010
0000
1000
,
0000
0001
0000
0100
0000
0100
0000
0010
,
0100
0010
0000
0010
0000
0001
0000
1000
,
0000
0010
0000
0100
0000
1010
0000
1001
,
0000
0010
0000
0010
0000
0010
0100
0010
,
0000
1000
0000
1000
0000
0001
0100
0001
,
0000
1000
0000
1100
0000
0010
0000
0001
,
0000
0100
0000
0101
0000
0010
0000
1000
,
0010
0100
0000
0001
0000
1000
0000
0010
,
0100
0001
0000
1000
0000
0010
0000
0100
,
0010
0100
0000
0001
0000
1000
0000
0100
,
0200
0000
0000
0300
,
1000
0000
1100
0000
0010
0001
0100
0000
,
0010
0000
0010
0000
1000
0100
0001
0000
,
0010
0000
0101
0000
0010
1000
0100
0000
,
0001
0100
0001
0000
0001
0100
1000
0000
,
0002
0100
0010
0100
,
2003
0100
0010
0100
,
3001
0100
1000
0010
,
0001
0100
1000
0100
0001
0000
1001
0000
,
0000
0000
0000
0000
;

//---------------dance-single - ----------------
#NOTES:
     dance-single:
     :
     Hard:
     11:
     0.478,0.498,0.127,0.049,0.063:
0000
0000
0000
0000
,
0000
0000
0000
0000
,
0000
0000
0000
0000
,
0000
0000
0000
0000
,
0000
0000
0000
0000
,
0000
0001
0000
0001
0000
0001
0000
0001
,
0000
0010
0000
0010
0000
0010
0000
0010
,
0000
1000
0000
1000
0000
1000
0000
1000
,
0000
1000
0000
1000
0000
0100
0000
0100
,
0001
0010
0000
0010
0000
0010
0000
0010
,
0000
0100
0000
0100
0000
0100
0000
0100
,
0010
1000
0000
1000
0000
1000
0000
1000
,
0100
0001
0000
0001
0000
1000
0000
1000
,
0200
0010
0000
0010
0000
0010
0000
0010
,
0000
1000
0000
1000
0000
0010
0300
0010
,
0002
1000
0000
1000
0000
1000
0000
1000
,
0000
0100
0000
0100
0000
0100
0003
0100
,
1001
0001
1000
0001
0000
0001
1000
0001
,
0100
0010
0100
0010
0000
0100
0000
0001
,
1000
0010
1000
0010
0000
0001
1000
0001
,
0100
0010
0100
0010
0000
1000
0000
0001
,
0010
1000
0010
1000
0000
0001
0010
0001
,
1000
0100
1000
0100
0000
1000
0000
0001
,
0010
0100
0010
0100
0000
1000
0010
1000
,
0001
0010
0001
0010
0000
0001
0000
0100
,
0010
1000
0010
1000
0000
0001
1000
0001
,
0100
0010
0100
0010
0000
0100
0001
0100
,
0001
0010
0001
0010
0000
0100
1000
0100
,
0010
0001
0010
0001
0000
1000
0100
1000
,
0001
1000
0001
1000
0001
1000
0001
1000
,
0100
0010
0100
0010
0100
0010
0100
0010
,
0001
0010
0001
0010
1000
0010
1000
0010
,
0002
0100
0000
0100
0000
0100
0003
0100
,
1001
0001
0010
0001
0100
0001
1000
0001
,
0100
0010
0100
1000
0100
0010
0100
0001
,
1000
0100
1000
0001
1000
0010
1000
0001
,
0010
0100
0010
0001
0010
1000
0010
0100
,
1000
0010
1000
0100
0001
0100
1000
0010
,
1000
0100
0001
0100
1000
0010
1000
0100
,
1000
0001
0010
0001
0100
1000
0100
0001
,
0010
0001
0100
1000
0100
0001
0010
1001
,
0000
0001
0001
0100
0000
0100
0001
1000
,
0000
0100
0100
0010
0000
0010
0001
1000
,
0000
1010
1000
0100
0000
0010
0010
0100
,
0000
1010
0100
0001
0000
0110
1000
0001
,
0000
0100
0010
1000
0001
0100
0001
1000
,
0010
1000
0001
0100
0010
0001
0010
0100
,
0001
0010
0010
0100
0100
1000
1000
0010
,
2002
0000
0000
3003
,
0100
0000
1001
0000
0010
1000
0010
0000
,
0100
0000
0011
0000
1000
0100
0001
0000
,
0010
0000
1100
0000
0001
0010
0100
0000
,
1000
0000
0000
0000
0101
0000
0000
0000
0110
0000
0000
0110
0000
0000
0000
0000
,
0010
0000
0100
0000
0010
0000
1000
0100
0000
1000
0000
0100
1000
0000
0000
0000
,
0010
0000
0100
0000
0010
0000
0100
0001
0000
0010
0000
0001
0100
0000
0000
0000
,
1000
0000
0100
0000
1000
0000
0010
0100
0000
0001
0000
0100
0010
0000
0000
0000
,
0001
0000
0100
0000
0001
0000
1000
0100
0000
0010
0000
0001
0100
0000
0000
0000
,
0000
0000
0000
0000
;

//---------------dance-double - ----------------
#NOTES:
     dance-double:
     :
     Easy:
     4:
     0.178,0.221,0.049,0.146,0.000:
00000000
00000000
00000000
00000000
,
00000000
00000000
00000000
00000000
,
00000000
00000000
00000000
00000000
,
00000000
00000000
00000000
00000000
,
00000000
00000000
00000000
00000000
,
00000020
00000000
00000000
00000030
,
00002000
00000000
00000000
00003000
,
00020000
00000000
00000000
00000000
,
00000000
00000000
00000000
00030000
,
00200000
00000000
00000000
00300000
,
02000000
00000000
00000000
03000000
,
20000000
00000000
00000000
30000000
,
00020000
00000000
00000000
00030000
,
00002000
00000000
00000000
00000000
,
00000000
00000000
00000000
00003000
,
00000002
00000000
00000000
00000000
,
00000000
00000000
00000000
00000003
,
00000100
00000000
00000100
00000000
,
00001000
00000000
00001000
00000000
,
00010000
00000000
00010000
00000000
,
00100000
00000000
00100000
00000000
,
01000000
00000000
01000000
00000000
,
00100000
00000000
00100000
00000000
,
10000000
00000000
10000000
00000000
,
01000000
00000000
00100000
00000000
,
00001000
00001000
00001000
00000000
,
00010000
00000000
00010000
00000000
,
00000100
00000100
00000100
00000000
,
00000010
00000000
00000010
00000000
,
00000001
00000001
00000001
00000000
,
00001000
00001000
00001000
00000000
,
00000010
00000000
00000100
00000000
,
00022000
00000000
00000000
00033000
,
00100000
00100000
00000000
01000000
,
01000000
10000000
00000000
00100000
,
00100000
00010000
00000000
00001000
,
00000100
00000100
00000000
00000010
,
00000100
00000010
00000000
00000001
,
00001000
00001000
00000000
00001000
,
00000010
00000010
00000000
00000100
,
00010000
00010000
00000000
00010000
,
00011000
00000000
00100000
00100000
,
01000000
00100000
00000000
00010000
,
10000000
00010000
00000000
00001000
,
00010000
00001000
00000000
00001000
,
00000010
00001000
00000000
00000001
,
00000000
00000100
00000000
00010000
,
00000000
00001000
00000000
00010000
,
00022000
00000000
00000000
00033000
,
00001000
00000000
00010000
01000000
,
10000000
00000000
01000000
10000000
,
00100000
00000000
01000000
00010000
,
00001000
00000000
00010000
00011000
,
00002000
00000000
00000000
00003000
,
00000020
00000000
00000000
00000030
,
00000100
00000000
00000010
00000000
,
00000001
00000100
00001000
00001001
,
00000000
00000000
00000000
00000000
;

//---------------dance-double - ----------------
#NOTES:
     dance-double:
     :
     Medium:
     7:
     0.276,0.387,0.117,0.146,0.000:
00000000
00000000
00000000
00000000
,
00000000
00000000
00000000
00000000
,
00000000
00000000
00000000
00000000
,
00000000
00000000
00000000
00000000
,
00000000
00000000
00000000
00000000
,
20000000
00010000
00000000
30010000
,
00200000
01000000
00000000
01300000
,
00020000
00001000
00000000
00031000
,
00000020
00000100
00000000
00000130
,
00000001
00000100
00000100
00000001
,
00001000
00000100
00000100
00001000
,
00000010
00000100
00000010
00000100
,
00001000
00010000
00001000
00010000
,
00002000
00000000
00000000
00003000
,
00200000
00000000
00000000
00300000
,
02000000
00000000
00000000
03000000
,
20020000
00000000
00000000
30030000
,
01000000
00000000
00001000
00000000
,
00100000
00000000
10000000
00000000
,
00001000
00000000
01000000
00000000
,
00000100
00000000
00010000
00000000
,
00000010
00000000
00001000
00000000
,
00000001
00000000
00010000
00000000
,
00000100
00000000
00100000
00000000
,
00001000
00000000
10000000
00000000
,
01000000
00010000
00001000
00000000
,
00100000
00010000
10000000
00000000
,
00001000
00010000
01000000
00000000
,
00000100
00001000
00010000
00000000
,
00000010
00000001
00001000
00000000
,
00000001
00000100
00010000
00000000
,
00000100
00010000
00100000
00000000
,
00022000
00000000
00000000
00033000
,
00000010
00001000
00010000
00001000
,
00000100
00000000
00000010
00000000
00000001
00001000
00000100
00000000
,
00010000
00001000
00000010
00010000
,
00100000
01000000
00001000
00010000
,
01000000
10000000
00010000
00100000
,
10000000
00000000
00100000
00000000
00001000
00010000
00001000
00000000
,
00100000
00001000
00000100
00001000
,
00010000
00001000
00000001
00000010
,
00000100
00001010
00010000
00000100
,
00000010
00000000
00001100
00000000
00000001
00001000
00000100
00000000
,
00010100
00010000
00000100
00011000
,
01001000
00000000
00100000
00000000
00001000
00010000
01000000
00000000
,
00100000
10000000
00010000
10010000
,
10000000
10010000
00001000
00010000
,
01000000
00001000
00010000
00000000
00000010
00010000
00001000
00000000
,
00022000
00000000
00000000
00033000
,
00100000
00000000
00001000
00000000
00010000
10000000
00010000
00000000
,
00000010
00000000
00000100
00000000
00001000
00000001
00001000
00000000
,
00100000
00000000
01000000
00000000
00010000
10000000
00010000
00000000
,
00000010
00000001
00002002
00003003
,
00000001
00000100
00001000
00100000
,
00010000
01000000
00100000
10000000
,
01000000
00010000
00000010
00000100
,
00000001
00000100
00001000
00011000
,
00000000
00000000
00000000
00000000
;

//---------------dance-double - ----------------
#NOTES:
     dance-double:
     :
     Hard:
     12:
     0.507,0.470,0.117,0.068,0.005:
00000000
00000000
00000000
00000000
,
00000000
00000000
00000000
00000000
,
00000000
00000000
00000000
00000000
,
00000000
00000000
00000000
00000000
,
00000000
00000000
00000000
00000000
,
00000000
00000001
00000000
00000001
00000000
00000010
00000000
00000010
,
00000000
00000100
00000000
00000100
00000000
00001000
00000000
00001000
,
00000000
00000010
00000000
00000010
00000000
00000010
00000000
00000010
,
00000000
00001000
00000000
00010000
00000000
00100000
00000000
10000000
,
00000000
00100000
00000000
00100000
00000000
10000000
00000000
10000000
,
00000000
01000000
00000000
01000000
00000000
00100000
00000000
00100000
,
00000000
00010000
00000000
00010000
00000000
00001000
00000000
00001000
,
00000000
00000100
00000000
00000100
00000000
00000010
00000000
00000010
,
00000002
00000100
00000000
00000100
00000000
00001000
00000003
00001000
,
00000020
00010000
00000000
00010000
00000000
00001000
00000030
00001000
,
00000200
00010000
00000000
00010000
00000000
00001000
00000300
00001000
,
00200000
01000000
00000000
01000000
00000000
01000000
00300000
01000000
,
10010000
00010000
10000000
00010000
10000000
00010000
10000000
00010000
,
00100000
01000000
00100000
01000000
00100000
01000000
00100000
01000000
,
00100000
00001000
00100000
00001000
00100000
00001000
00100000
00001000
,
00010000
00001000
00010000
00001000
00010000
00000100
00010000
00000100
,
00001000
00000010
00001000
00000010
00001000
00000010
00001000
00000010
,
00000100
00000001
00000100
00000001
00000100
00000001
00000100
00000001
,
00001000
00000100
00000001
00000100
00001000
00000100
00000001
00000100
,
00001000
00000100
00000001
00000100
00001000
00000100
00000001
00000100
,
00000010
00000001
00000010
00000001
00001000
00000001
00001000
00000001
,
00001000
00000100
00001000
00000100
00010000
00001000
00010000
00001000
,
01000000
00100000
01000000
00100000
10000000
01000000
10000000
01000000
,
00010000
00001000
00010000
00001000
00100000
00010000
00100000
00010000
,
10000000
00100000
00010000
00100000
10000000
00100000
00010000
00100000
,
10000000
01000000
00010000
01000000
10000000
01000000
00010000
00001000
,
00000010
00000001
00000010
00001000
00000010
00000001
00000100
00001000
,
00020000
00001000
00000000
00001000
00000000
00001000
00030000
00001000
,
00011000
00010000
01000000
10000000
00100000
10000000
01000000
00010000
,
01000000
10000000
00100000
10000000
01000000
00010000
01000000
10000000
,
00100000
10000000
01000000
00100000
00001000
00010000
00100000
00010000
,
00001000
00100000
00010000
00001000
00000010
00001000
00000100
00000010
,
00000001
00000100
00001000
00000100
00000001
00000010
00000001
00000100
,
00001000
00000100
00000001
00000010
00000001
00000100
00001000
00000100
,
00000010
00001000
00000100
00000010
00000100
00001000
00000001
00000100
,
00001000
00010000
00000010
00000100
00001000
00010000
00000100
00000010
,
00001000
00010000
00001000
00100000
00001000
01000000
00001000
00010000
,
01000000
10000000
01000000
00100000
01000000
00010000
01000000
00100000
,
00010000
01000000
00010000
10000000
00010000
00100000
00010000
00001000
,
00000100
00000001
00000100
00000010
00000100
00001000
00000100
00000010
,
00000001
00000100
00000001
00000010
00000100
00001000
00000100
00000010
,
00001000
00010000
00001000
00100000
01000000
10000000
01000000
00100000
,
00010000
01000000
00001000
00100000
01000000
00010000
00000010
00002000
,
00000002
00000000
00000000
00003003
,
00001001
00000000
00001100
00000000
00000001
00000100
00001000
00000000
,
00010010
00000000
00011000
00000000
00100000
01000000
00010000
00000000
,
00101000
00000000
11000000
00000000
10000000
01000000
00010000
00000000
,
00011000
00000000
00000000
00000000
00000110
00000000
00000000
00000000
00001000
00000000
00000000
00001001
00000000
00000000
00000000
00000000
,
00000100
00000001
00001000
00000010
00010000
00001000
00000100
00000000
,
00000010
00010000
00001000
01000000
00010000
00100000
00001000
00000000
,
01000000
00001000
00100000
10000000
00010000
00001000
01000000
00000000
,
00100000
10000000
01000000
00100000
00001000
00010000
00011000
00000000
,
00000000
00000000
00000000
00000000
;
