#TITLE:That's The Way (I Like It);
#SUBTITLE:;
#ARTIST:KC & The Sunshine Band;
#TITLETRANSLIT:;
#SUBTITLETRANSLIT:;
#ARTISTTRANSLIT:;
#CREDIT:;
#BANNER:That's The Way (I Like It).png;
#BACKGROUND:That's The Way (I Like It)-bg.png;
#LYRICSPATH:;
#CDTITLE:../CDTitles/Dancemania Classics.png;
#MUSIC:That's The Way (I Like It).ogg;
#OFFSET:0.000;
#SAMPLESTART:36.481;
#SAMPLELENGTH:15.000;
#SELECTABLE:YES;
#DISPLAYBPM:110.000;
#BPMS:0.000=23.529,4.000=108.173,9.000=108.108,17.000=107.784,21.000=109.091,25.000=109.980,37.000=110.656,52.000=107.656,57.000=109.756,61.000=109.223,66.000=109.223,81.000=108.696,91.000=110.354,118.000=108.194;
#STOPS:;
#BGCHANGES:0.000=That's The Way (I Like It).avi=1.000=0=0=0;

//---------------dance-single - ----------------
#NOTES:
     dance-single:
     :
     Beginner:
     1:
     0.091,0.109,0.079,0.000,0.000:
0000
0000
0000
0000
,
0000
0000
0000
0000
,
0000
0000
0000
0000
,
1000
0000
0000
0000
,
0010
0000
0000
0000
,
0100
0000
0000
1000
,
1000
0000
0000
0000
,
0110
0000
0000
0010
,
0010
0000
0000
0000
,
1001
0000
0001
0000
,
1000
0000
0100
0000
,
1001
0000
0010
0000
,
0001
0000
0000
0000
,
0010
0010
0000
0000
,
0100
0100
0000
0000
,
0110
0000
0000
0010
,
0010
0000
0000
0000
,
0001
0000
0000
0000
,
1001
0000
0000
0000
,
0110
0000
0000
0000
,
0001
0000
0000
0000
,
1000
1000
1000
1000
,
0000
0001
0000
0010
,
0010
0010
0010
0010
,
0000
1000
0000
1000
,
0000
0001
0000
0010
,
0000
1000
0000
0100
,
0000
0001
0000
0010
,
0000
1000
0000
0100
,
0100
0000
0000
0000
,
0001
0000
0000
0000
,
1000
0000
0000
0000
,
0010
0000
0000
0000
,
1001
0000
0000
0000
,
0100
0000
0000
0000
,
0110
0000
0000
0000
,
0010
0000
0001
0001
;

//---------------dance-single - ----------------
#NOTES:
     dance-single:
     :
     Easy:
     3:
     0.139,0.146,0.000,0.000,0.000:
0000
0000
0000
0000
,
0000
0000
0000
0000
,
0000
0000
0000
0000
,
0000
0000
0010
0010
,
0000
0000
0010
0010
,
0000
0100
0100
0100
,
0000
0000
0100
0100
,
0000
0001
0001
0001
,
0000
0000
0000
0000
0001
0001
0001
0000
,
0000
0010
0010
0010
,
0000
0000
0010
0010
,
0000
1000
1000
1000
,
0000
0000
0000
0000
1000
1000
1000
0000
,
0000
0001
0010
0010
,
0000
0010
0010
0010
,
0000
1000
0010
0010
,
0000
0010
0010
0010
,
0000
0100
0010
0010
,
0000
0001
0010
0010
,
0000
0100
0010
0010
,
0000
1000
0010
0010
,
0000
0001
0010
0100
,
0000
0000
0100
0100
,
0000
1000
0010
0100
,
0000
0000
0000
0000
0100
0100
0100
0000
,
0000
0001
0010
0100
,
0000
0000
0100
0100
,
0000
1000
0010
0100
,
0000
0000
0000
0000
0100
0100
0100
0000
,
0000
0001
0010
0010
,
0000
0100
0010
0010
,
0000
1000
0010
0010
,
0000
0100
0010
0010
,
0000
0001
0010
0010
,
0100
0100
0010
0010
,
0000
1000
0010
0010
,
0100
0100
0010
0010
;

//---------------dance-single - ----------------
#NOTES:
     dance-single:
     :
     Medium:
     4:
     0.175,0.164,0.000,0.000,0.000:
0000
0000
0000
0000
,
0000
0000
0000
0000
,
0000
0000
0000
0000
,
0000
0000
0010
0010
,
0000
0000
0010
0010
,
0010
1000
0100
0001
,
0100
0010
0001
1000
,
0100
0001
1000
0010
,
0001
1000
0100
0010
,
0010
0001
0100
1000
,
0010
0100
0001
1000
,
0010
0001
1000
0100
,
0010
1000
0001
0100
,
0100
0001
0010
0100
,
0000
1000
0010
0100
,
0100
1000
0010
0100
,
0000
0001
0010
0100
,
0000
0100
0010
0100
,
0000
0001
0010
0100
,
0000
0100
0010
0100
,
0000
1000
0010
0100
,
1000
0001
0010
0100
,
0001
0100
1000
0010
,
0001
1000
0010
0100
,
1000
0100
0010
0001
,
0010
0001
1000
0100
,
0001
0100
1000
0010
,
0001
1000
0010
0100
,
1000
0100
0001
0010
,
0000
0001
0010
0100
,
0100
1000
0010
0100
,
0000
1000
0010
0100
,
0100
0001
0010
0100
,
0100
0001
0010
0100
,
1000
0100
0010
0100
,
0100
1000
0010
0100
,
0001
0100
0010
0100
;

//---------------dance-single - ----------------
#NOTES:
     dance-single:
     :
     Hard:
     6:
     0.238,0.255,0.198,0.000,0.000:
0000
0000
0000
0000
,
0000
0000
0000
0000
,
0000
0000
0000
0000
,
0000
0000
0000
0000
,
0000
0000
0000
0000
,
0010
1000
0100
0000
0010
0001
0100
0000
,
1010
1100
0001
1000
,
0010
0001
0100
0000
0010
1000
0100
0000
,
0011
0101
1000
0001
,
0010
0001
0100
1000
0100
0000
0001
0000
,
1010
1100
0001
1000
,
0010
1000
0100
0001
0100
0000
1000
0000
,
0011
0101
1000
0001
,
0010
0001
0100
0000
0000
0000
0010
0000
,
0000
0000
0001
0000
1000
0010
0100
0000
,
0010
1000
0100
0000
0000
0000
0010
0000
,
0000
0000
1000
0000
0001
0010
0100
0000
,
0010
0001
0100
0000
0000
0000
0010
0000
,
0000
0000
0001
0000
1000
0010
0100
0000
,
0010
1000
0100
0000
0000
0000
0010
0000
,
0000
0000
1000
0000
0001
0010
0100
0000
,
1010
1100
0001
0100
,
0001
0000
0010
1000
0100
1000
0001
0000
,
0011
0101
1000
0100
,
1000
0000
0010
0001
0100
0001
1000
0000
,
0011
0101
1000
0001
,
0010
0000
0100
1000
0010
1000
0100
0000
,
1010
1100
0001
1000
,
0010
0000
0100
0001
0010
0001
0100
0000
,
0010
0001
0100
0000
0000
0000
1000
0100
,
0001
0010
1100
0001
,
0010
1000
0100
0000
0000
0000
0001
0100
,
1000
0010
0101
1000
,
0010
0001
0100
0000
0000
0000
1000
0100
,
0001
0010
1100
0001
,
0010
1000
0100
0000
0000
0000
0001
0100
,
1000
0010
0101
1000
;

//---------------dance-single - ----------------
#NOTES:
     dance-single:
     :
     Challenge:
     11:
     0.388,0.455,0.109,0.000,0.258:
0000
0000
0000
0000
,
0000
0000
0000
0000
,
0000
0000
0000
0000
,
0010
0000
0000
0010
0100
0000
0001
0000
0100
0000
1000
0000
0100
0000
0100
0000
,
0010
0000
0000
0010
0100
0000
0001
0000
0100
0000
1000
0000
0100
0000
0000
0000
,
1000
0001
0100
1000
,
0001
0000
0010
0000
0100
0100
0100
0000
,
1000
0001
0010
1000
,
0001
0000
0100
0000
0010
0010
0010
0000
,
1000
0100
0001
0100
1000
0100
0001
0100
,
0010
0000
0010
0000
0001
0100
1000
0000
,
0001
0010
1000
0010
0001
0010
1000
0010
,
0100
0000
0100
0000
1000
0010
0001
0000
,
0010
0000
0000
0010
0100
0000
1000
0000
0100
0000
0001
0000
0100
0000
0100
0000
,
0010
0000
0000
0010
0100
0000
1000
0000
0100
0000
0001
0000
0100
0000
0010
0000
,
0100
0000
0000
0100
0010
0000
1000
0000
0010
0000
0001
0000
0010
0000
1000
0000
,
0100
0000
0000
0100
0010
0000
0001
0000
0010
0000
1000
0000
0010
0000
0000
0000
,
0001
0000
0000
0100
1000
0000
0010
0000
0100
0000
0001
0000
0100
0000
0010
0000
,
0100
0000
0000
1000
0100
0000
0001
0000
1000
0000
0100
0000
0001
0000
0000
0000
,
1000
0000
0000
0010
0001
0000
0100
0000
0010
0000
1000
0000
0010
0000
0001
0000
,
1000
0000
0000
0100
0001
0000
0010
0000
1001
0000
0110
0000
1001
0000
0000
0000
,
1000
0100
0000
0001
0100
0000
0010
0000
1000
0010
0000
0001
0010
0000
0100
0000
,
1000
0001
0000
0001
0010
0000
0001
1000
0100
0000
1100
0000
1100
0000
0000
0000
,
0010
0001
0000
0001
0100
0000
0010
0000
1000
0001
0000
0001
0010
0000
1000
0000
,
0100
0010
0000
0010
0001
0000
1000
0100
0001
0000
1000
0000
1000
0000
0000
0000
,
0001
0100
1000
0100
0001
0100
1000
0000
0001
0010
0000
0010
1000
0000
0000
0000
,
0001
0100
1000
0100
0001
0100
1000
0000
0001
0000
0110
0000
1001
0000
0000
0000
,
1000
1000
0000
0100
0001
0001
0000
0100
1000
1000
0000
0100
0001
0001
0000
0100
,
1000
1000
0000
0100
0001
0001
0000
0100
0010
0000
1100
0000
1100
0000
0000
0000
,
0010
0000
0000
0010
0100
0000
1000
0000
0100
0000
0001
0000
0100
0000
0100
0000
,
0010
0000
0000
0010
0100
0000
1000
0000
0100
0000
0001
0000
0100
0000
1000
0000
,
0001
0000
0000
0001
1000
0000
0100
0000
1000
0000
0010
0000
1000
0000
1000
0000
,
0001
0000
0000
0001
1000
0000
0100
0000
1000
0000
0010
0000
1000
0000
0001
0000
,
1000
0000
0000
1000
0001
0000
0100
0000
0001
0000
0010
0000
0001
0000
0001
0000
,
1000
0000
0000
1000
0001
0000
0100
0000
0001
0000
0010
0000
0001
0000
0010
0000
,
0100
0000
0000
0100
0010
0000
1000
0000
0010
0000
0001
0000
0010
0000
1000
0000
,
0100
0000
0000
0100
0010
0000
0001
0000
0100
0000
0110
0000
1001
0000
0000
0000
;

//---------------dance-double - ----------------
#NOTES:
     dance-double:
     :
     Easy:
     4:
     0.181,0.164,0.000,0.000,0.000:
00000000
00000000
00000000
00000000
,
00000000
00000000
00000000
00000000
,
00000000
00000000
00000000
00000000
,
00000000
00000000
00000000
00000000
,
00000000
00000000
00000000
00000000
,
00000100
00000001
00001000
00000001
,
00000100
00000010
00010000
00001000
,
01000000
10000000
00010000
10000000
,
01000000
00100000
00001000
00010000
,
00000100
00000001
00001000
00000001
,
00000100
00000010
00001000
00000100
,
00000010
00000001
00000010
00000001
,
00000100
00000010
00010000
00001000
,
01000000
00010000
00001000
00010000
,
00000100
00001000
00010000
00001000
,
01000000
00010000
00001000
00010000
,
00000100
00001000
00010000
00001000
,
01000000
10000000
00010000
10000000
,
00001000
00010000
00000100
00010000
,
00000100
00000001
00001000
00000001
,
00010000
00001000
01000000
00001000
,
01000000
10000000
00010000
10000000
,
01000000
00100000
00010000
01000000
,
00100000
10000000
00100000
10000000
,
01000000
00100000
00001000
00010000
,
00000100
00000001
00001000
00000001
,
00000100
00001000
00010000
01000000
,
10000000
00010000
01000000
00100000
,
10000000
01000000
00001000
00010000
,
01000000
10000000
00010000
10000000
,
00001000
00010000
00000100
00010000
,
00000100
00000001
00001000
00000001
,
00010000
00001000
01000000
00001000
,
00000100
00000010
01000000
00100000
,
00010000
10000000
00001000
00010000
,
01000000
00100000
00000100
00000010
,
00001000
00000001
00001000
00000001
;

//---------------dance-double - ----------------
#NOTES:
     dance-double:
     :
     Medium:
     6:
     0.212,0.237,0.059,0.000,0.000:
00000000
00000000
00000000
00000000
,
00000000
00000000
00000000
00000000
,
00000000
00000000
00000000
00000000
,
00000000
00000000
00000000
00000000
,
00000000
00000000
00000000
00000000
,
00001000
00000100
00000001
00000010
,
00001100
00000001
00000100
00000001
,
00000100
00001000
00000100
00000010
,
00000001
00000010
00000100
00001000
,
00010000
01000000
10000000
00100000
,
01010000
10000000
01000000
10000000
,
01000000
00010000
01000000
00100000
,
10000000
00100000
00010000
01000000
,
00100000
00010000
01000000
00000000
00010000
00000000
00001000
00000000
,
00000100
00000001
00000100
00001000
,
00000010
00001000
00000100
00000000
00001000
00000000
00010000
00000000
,
01000000
10000000
01000000
00010000
,
00100000
10000000
01000000
00000000
00010000
00000000
00001000
00000000
,
00000100
00000001
00000100
00001000
,
00000010
00000001
00000100
00000000
00001000
00000000
00010000
00000000
,
01000000
10000000
01000000
00010000
,
00010000
01000000
10000000
00100000
,
01010000
00000000
00100000
00000000
00010000
01000000
10000000
00000000
,
01010000
00000000
10000000
00000000
01000000
10000000
00100000
00000000
,
10000000
00100000
00010000
01000000
,
00001000
00000100
00000001
00000010
,
00001100
00000000
00000010
00000000
00001000
00000100
00000001
00000000
,
00001100
00000000
00000001
00000000
00000100
00000001
00000010
00000000
,
00000001
00000010
00000100
00001000
,
00000010
00001000
00000100
00000000
00000010
00000000
00000100
00000000
,
00000001
00000100
00001000
00000000
01000000
00000000
00010000
00000000
,
00100000
00010000
01000000
00000000
00100000
00000000
01000000
00000000
,
10000000
01000000
00010000
00000000
00000100
00000000
00001000
00000000
,
00000001
00001000
00000100
00000000
00000001
00000000
00000100
00000000
,
00000010
00000001
00001000
00000000
00010000
00000000
01000000
00000000
,
10000000
00010000
01000000
00000000
10000000
00000000
01000000
00000000
,
00100000
10000000
00010000
00000000
00100000
00000000
01000000
00000000
;

//---------------dance-double - ----------------
#NOTES:
     dance-double:
     :
     Hard:
     7:
     0.238,0.219,0.000,0.000,0.079:
00000000
00000000
00000000
00000000
,
00000000
00000000
00000000
00000000
,
00000000
00000000
00000000
00000000
,
00000000
00000000
00000000
00000000
,
00000000
00000000
00000000
00000000
,
10000000
00000000
00000000
01000000
00000000
00000000
00100000
00000000
00000000
00000000
00001000
00000000
00010000
00000000
00000100
00000000
,
00000010
00000000
00000000
00000001
00000000
00000000
00000100
00000000
00000000
00000000
00000001
00000000
00000100
00000000
00000000
00000000
,
00000010
00000000
00000000
00001000
00000000
00000000
00000100
00000000
00000000
00000000
00010000
00000000
00001000
00000000
01000000
00000000
,
00100000
00000000
00000000
10000000
00000000
00000000
01000000
00000000
00000000
00000000
10000000
00000000
01000000
00000000
00000000
00000000
,
00100000
00000000
00000000
00010000
00000000
00000000
01000000
00000000
00000000
00000000
00001000
00000000
00010000
00000000
00000100
00000000
,
00000010
00000000
00000000
00000001
00000000
00000000
00000100
00000000
00000000
00000000
00000001
00000000
00000100
00000000
00000000
00000000
,
00000010
00000000
00000000
00010000
00000000
00000000
00001000
00000000
00000000
00000000
01000000
00000000
00100000
00000000
10000000
00000000
,
01000000
00000000
00000000
00100000
00000000
00000000
00001000
00000000
00000000
00000000
00010000
00000000
00001000
00000000
00000000
00000000
,
01000000
00100000
00000000
00000000
00000000
10000000
01000000
00100000
,
00001000
00010000
00000000
00000000
00000000
00000010
00000100
00000010
,
00001000
00000001
00000000
00000000
00000000
00000100
00000010
00010000
,
00001000
01000000
00000000
00000000
00000000
00010000
10000000
00010000
,
00100000
01000000
00000000
00000000
00000000
10000000
00100000
01000000
,
00001000
00010000
00000000
00000000
00000000
00000100
00000010
00000100
,
00001000
00000001
00000000
00000000
00000000
00000010
00000100
00010000
,
00001000
00100000
00000000
00000000
00000000
00010000
10000000
00010000
,
01000000
00000000
00000000
00100000
00000000
00000000
10000000
00000000
00000000
00000000
01000000
00000000
00100000
00000000
00001000
00000000
,
00010000
00000000
00000000
00000010
00000000
00000000
00000100
00000000
00000000
00000000
00000001
00000000
00001000
00000000
00000000
00000000
,
00000100
00000000
00000000
00010000
00000000
00000000
00001000
00000000
00000000
00000000
00100000
00000000
01000000
00000000
10000000
00000000
,
00010000
00000000
00000000
01000000
00000000
00000000
00001000
00000000
00000000
00000000
00010000
00000000
00000010
00000000
00000000
00000000
,
00001000
00000000
00000000
00000100
00000000
00000000
00000010
00000000
00000000
00000000
00000001
00000000
00000100
00000000
00000010
00000000
,
00001000
00000000
00000000
00000100
00000000
00000000
00010000
00000000
00000000
00000000
00001000
00000000
00100000
00000000
00000000
00000000
,
00010000
00000000
00000000
10000000
00000000
00000000
01000000
00000000
00000000
00000000
00100000
00000000
00001000
00000000
00010000
00000000
,
00000100
00000000
00000000
00000010
00000000
00000000
00000001
00000000
00000000
00000000
00001000
00000000
00000100
00000000
00000000
00000000
,
00010000
00001000
00000000
00000000
00000000
00100000
01000000
10000000
,
00100000
01000000
00000000
00000000
00000000
00010000
00100000
00001000
,
00010000
00000100
00000000
00000000
00000000
00000010
00000001
00000100
,
00000010
00010000
00000000
00000000
00000000
00001000
00100000
00010000
,
10000000
01000000
00000000
00000000
00000000
00100000
00001000
00010000
,
00000100
00000010
00000000
00000000
00000000
00000001
00000100
00000010
,
00010000
00001000
00000000
00000000
00000000
00100000
01000000
10000000
,
00100000
01000000
00000000
00000000
00000000
00001000
00010000
00000100
;

//---------------dance-double - ----------------
#NOTES:
     dance-double:
     :
     Challenge:
     11:
     0.435,0.455,0.485,0.000,0.183:
00000000
00000000
00000000
00000000
,
00000000
00000000
00000000
00000000
,
00000000
00000000
00000000
00000000
,
00100000
00000000
00000000
00010000
00001000
00000000
00000100
00000000
00000001
00000000
00000010
00000000
00000100
00000000
00000100
00000000
,
00000010
00000000
00000000
00001000
00010000
00000000
01000000
00000000
10010000
00000000
01100000
00000000
10010000
00000000
00000000
00000000
,
00100000
00010000
00001000
00000000
00010000
00001000
00000100
00000000
,
00000101
00000000
00000101
00000000
00000010
00001000
00010000
00000000
,
00001000
00010000
01000000
00000000
01100000
10010000
01100000
00000000
,
10000000
00100000
00010000
00001000
00000100
00000001
00000010
00000000
,
00001000
00010000
00001000
00000000
00010000
00000000
00100000
00000000
10000000
01000000
10000000
00000000
01000000
00000000
00010000
00000000
,
00001000
00000010
00001000
00000000
00000010
00000000
00000001
00000000
00001001
00000000
00000110
00000000
00001001
00000000
00000110
00000000
,
00010000
00001000
00100000
00010000
,
10000000
01000000
10000000
00000000
00100000
00000000
00010000
00000000
00001000
00010000
00001000
00000000
00010000
00000000
00001000
00000000
,
00000100
00000000
00000000
00000010
00001000
00000000
00000100
00000000
00000010
00000000
00000001
00000000
00000100
00000000
00000100
00000000
,
00000010
00000000
00000000
00010000
00001000
00000000
00100000
00000000
00010000
01000000
00100000
00000000
01100000
00000000
00000000
00000000
,
10010000
00000000
00000000
01000000
00010000
00000000
00001000
00000000
00010000
00000000
00000010
00000000
00000100
00000000
00000100
00000000
,
00000001
00000000
00000000
00001000
00000100
00000000
00010000
00000000
00001000
00010000
00001000
00000000
00100000
00000000
00010000
00000000
,
00001000
00000000
00000000
00000100
00000010
00000000
00000001
00000000
00000011
00000000
00001001
00000000
00001100
00000000
00011000
00000000
,
01010000
00000000
00000000
00100000
10000000
00000000
00100000
00000000
10100000
00000000
01010000
00000000
00011000
00000000
00000000
00000000
,
00100000
00000000
00000000
00010000
00001000
00000000
00010010
00000000
00001010
00000000
00000110
00000000
00001010
00000000
00000001
00000000
,
00000010
00000000
00000000
00001000
00010000
00000000
00101000
00000000
00110000
00000000
01100000
00000000
11000000
00000000
00000000
00000000
,
00100000
00010000
00001000
00000100
00000001
00000010
00001000
00010000
,
00001000
00010000
00001000
00000000
00000100
00000000
00000100
00000000
00000001
00001000
00000001
00000000
00000100
00000000
00000000
00000000
,
00000100
00000001
00001000
00000100
00010000
00001000
00100000
00010000
,
10000000
00000000
00100000
10000000
01000000
00000000
00010000
00000000
00001000
00000000
00000100
00000001
00000010
00000000
00000000
00000000
,
00000100
00001000
00010000
00100000
,
10000000
01000000
10000000
00000000
00100000
00000000
00010000
00000000
00001000
00010000
00001000
00000000
00010000
00000000
00001000
00000000
,
00000100
00001000
00010000
00100000
,
10000000
01000000
00000000
00010000
00001000
00010000
00000000
00001000
00000100
00000001
00000000
00000100
00000001
00000000
00000010
00000000
,
00000010
00000000
00000000
00001000
00010000
00000000
00000010
00000000
00000100
00000000
00000010
00000000
00010000
00000000
00010000
00000000
,
00001000
00000000
00000000
00010000
01000000
00000000
10000000
00000000
00010000
00000000
01000000
00000000
11000000
00000000
00000000
00000000
,
00100000
00000000
00000000
00010000
00001000
00000000
00100000
00000000
01000000
00000000
00100000
00000000
00001000
00000000
00001000
00000000
,
00010000
00000000
00000000
00001000
00000100
00000000
00000001
00000000
00001000
00000000
00000100
00000000
00000101
00000000
00000000
00000000
,
00000010
00000000
00000000
00001000
00010000
00000000
00011000
00000000
00101000
00000000
00011000
00000000
00101000
00000000
01100000
00000000
,
00001000
00000000
00000000
00010000
01000000
00000000
11000000
00000000
11000000
00000000
01010000
00000000
01010000
00000000
00000000
00000000
,
00100000
00000000
00000000
00010000
00001000
00000000
00011000
00000000
00010010
00000000
00011000
00000000
00010010
00000000
00000110
00000000
,
00000010
00000000
00000000
00001000
00000100
00000000
00000010
00000000
00001001
00000000
00000110
00000000
00001001
00000000
00000000
00000000
;

//---------------dance-couple - ----------------
#NOTES:
     dance-couple:
     :
     Easy:
     1:
     0.249,0.291,0.773,0.000,0.000:
00000000
00000000
00000000
00000000
,
00000000
00000000
00000000
00000000
,
00000000
00000000
00000000
00000000
,
00000000
00000000
00100010
00100010
,
00000000
00000000
00100010
00100010
,
00000000
01000100
01000100
01000100
,
00000000
00000000
01000100
01000100
,
00000000
00010001
00010001
00010001
,
00000000
00000000
00000000
00000000
00010001
00010001
00010001
00000000
,
00000000
00100010
00100010
00100010
,
00000000
00000000
00100010
00100010
,
00000000
10001000
10001000
10001000
,
00000000
00000000
00000000
00000000
10001000
10001000
10001000
00000000
,
00000000
00010000
00100010
00100010
,
00000000
00100000
00100010
00100010
,
00000000
00001000
00100010
00100010
,
00000000
00000010
00100010
00100010
,
00000000
01000000
00100010
00100010
,
00000000
00010000
00100010
00100010
,
00000000
00000100
00100010
00100010
,
00000000
00001000
00100010
00100010
,
00000000
00010000
00100000
01000000
,
00000000
00000000
01000100
01000100
,
00000000
00001000
00000010
00000100
,
00000000
00000000
00000000
00000000
01000100
01000100
01000100
00000000
,
00000000
00010000
00100000
01000000
,
00000000
00000000
01000100
01000100
,
00000000
00001000
00000010
00000100
,
00000000
00000000
00000000
00000000
01000100
01000100
01000100
00000000
,
00000000
00010001
00100010
00100010
,
00000000
01000100
00100010
00100010
,
00000000
10001000
00100010
00100010
,
00000000
01000100
00100010
00100010
,
00000000
00010001
00100010
00100010
,
01000100
01000100
00100010
00100010
,
00000000
10001000
00100010
00100010
,
01000100
01000100
00100010
00100010
,
00000000
00000000
00000000
00000000
;

//---------------dance-couple - ----------------
#NOTES:
     dance-couple:
     :
     Medium:
     1:
     0.340,0.328,1.000,0.000,0.000:
00000000
00000000
00000000
00000000
,
00000000
00000000
00000000
00000000
,
00000000
00000000
00000000
00000000
,
00000000
00000000
00100010
00100010
,
00000000
00000000
00100010
00100010
,
00100010
10001000
01000100
00010001
,
01000100
00100010
00010001
10001000
,
01000100
00010001
10001000
00100010
,
00010001
10001000
01000100
00100010
,
00100010
00010001
01000100
10001000
,
00100010
01000100
00010001
10001000
,
00100010
00010001
10001000
01000100
,
00100010
10001000
01000100
00010001
,
00010000
01000000
00100010
01000100
,
00000000
10001000
00100010
01000100
,
00001000
00000100
00100010
01000100
,
00000000
00010001
00100010
01000100
,
00000000
01000000
00100010
01000100
,
00000000
00010000
00100010
01000100
,
00000000
00000100
00100010
01000100
,
00000000
00001000
00100010
01000100
,
10000001
00011000
00100010
01000100
,
00011000
01000100
10000001
00100010
,
10000001
00011000
00100010
01000100
,
10000001
01000100
00100010
00011000
,
00100010
00011000
10000001
01000100
,
00011000
01000100
10000001
00100010
,
00011000
10000001
00100010
01000100
,
10000001
01000100
00011000
00100010
,
00000000
00010001
00100010
01000100
,
01000100
10001000
00100010
01000100
,
00000000
10001000
00100010
01000100
,
01000100
00010001
00100010
01000100
,
01000100
00010001
00100010
01000100
,
10001000
01000100
00100010
01000100
,
01000100
10001000
00100010
01000100
,
00010001
01000100
00100010
01000100
,
00000000
00000000
00000000
00000000
;

//---------------dance-couple - ----------------
#NOTES:
     dance-couple:
     :
     Hard:
     1:
     0.430,0.510,1.000,0.000,0.000:
00000000
00000000
00000000
00000000
,
00000000
00000000
00000000
00000000
,
00000000
00000000
00000000
00000000
,
00000000
00000000
00000000
00000000
,
00000000
00000000
00000000
00000000
,
00100010
10001000
01000100
00000000
00100010
00010001
01000100
00000000
,
10101010
11001100
00010001
10001000
,
00100010
00010001
01000100
00000000
00100010
10001000
01000100
00000000
,
00110011
01010101
10001000
00010001
,
00100010
00010001
01000100
10001000
01000100
00000000
00010001
00000000
,
10101010
11001100
00010001
10001000
,
00100010
10001000
01000100
00010001
01000100
00000000
10001000
00000000
,
00110011
01010101
10001000
00010001
,
00100010
10000001
01000100
00000000
00000000
00000000
00100010
00000000
,
00000000
00000000
10000001
00000000
00011000
00100010
01000100
00000000
,
00100010
00011000
01000100
00000000
00000000
00000000
00100010
00000000
,
00000000
00000000
00011000
00000000
10000001
00100010
01000100
00000000
,
00100010
10000001
01000100
00000000
00000000
00000000
00100010
00000000
,
00000000
00000000
10000001
00000000
00011000
00100010
01000100
00000000
,
00100010
00011000
01000100
00000000
00000000
00000000
00100010
00000000
,
00000000
00000000
00011000
00000000
10000001
00100010
01000100
00000000
,
10100000
11000100
00010000
01000100
,
00010000
00000000
00100010
10000000
01000000
10000000
00010001
00000000
,
00000011
01000101
00001000
01000100
,
00001000
00000000
00100010
00000001
00000100
00000001
10001000
00000000
,
00110000
01010100
10000000
00010001
,
00100000
00000000
01000100
10000000
00100000
10000000
01000001
00000000
,
00001010
01001100
00000001
10001000
,
00000010
00000000
01000100
00000001
00000010
00000001
10000100
00000000
,
00100010
00010001
01000100
00000000
00000000
00000000
10001000
01000100
,
00010001
00100010
11001100
00010001
,
00100010
10001000
01000100
00000000
00000000
00000000
00010001
01000100
,
10001000
00100010
01010101
10001000
,
00100010
00010001
01000100
00000000
00000000
00000000
10001000
01000100
,
00010001
00100010
11001100
00010001
,
00100010
10001000
01000100
00000000
00000000
00000000
00010001
01000100
,
10001000
00100010
01010101
10001000
,
00000000
00000000
00000000
00000000
;

//---------------dance-solo - ----------------
#NOTES:
     dance-solo:
     :
     Easy:
     2:
     0.144,0.146,0.000,0.000,0.000:
000000
000000
000000
000000
,
000000
000000
000000
000000
,
000000
000000
000000
000000
,
000100
000100
000000
000000
,
000010
000010
000000
000000
,
010000
010000
010000
000000
,
000100
000100
000000
000000
,
100000
100000
100000
000000
,
000001
000000
000000
000000
100000
100000
100000
000000
,
000100
000100
000100
000000
,
001000
001000
000000
000000
,
000010
000010
000010
000000
,
100000
000000
000000
000000
000001
000001
000001
000000
,
010000
000100
000100
000000
,
000100
000100
000100
000000
,
000010
000100
000100
000000
,
000100
000100
000100
000000
,
000001
010000
010000
000000
,
100000
000010
000010
000000
,
001000
000100
000100
000000
,
100000
000010
000010
000000
,
010000
000001
000100
000000
,
001000
000000
001000
000000
,
010000
000001
100000
000000
,
000100
000000
000000
000000
001000
001000
001000
000000
,
000010
100000
000001
000000
,
000100
000000
000100
000000
,
001000
010000
000001
000000
,
100000
000000
000000
000000
001000
001000
001000
000000
,
010000
000001
000001
000000
,
000010
100000
100000
000000
,
000100
001000
001000
000000
,
000010
100000
100000
000000
,
000001
010000
010000
000000
,
001000
001000
000100
000100
,
000001
010000
010000
000000
,
000010
000010
100000
100000
;

//---------------dance-solo - ----------------
#NOTES:
     dance-solo:
     :
     Medium:
     3:
     0.175,0.164,0.000,0.000,0.000:
000000
000000
000000
000000
,
000000
000000
000000
000000
,
000000
000000
000000
000000
,
010000
010000
000000
000000
,
000100
000100
000000
000000
,
100000
000001
001000
000100
,
100000
001000
000100
000001
,
001000
000100
100000
001000
,
000100
000001
010000
000010
,
100000
000100
001000
000001
,
100000
000010
000100
000001
,
100000
001000
010000
000001
,
100000
000100
001000
000010
,
100000
000001
000100
001000
,
100000
000100
010000
000000
,
000010
000100
000001
001000
,
000100
100000
001000
000000
,
000100
000001
010000
000000
,
000100
100000
000010
000000
,
010000
001000
000100
000000
,
000010
001000
000100
000000
,
100000
000001
010000
000010
,
000100
001000
100000
000001
,
001000
000100
100000
000010
,
000100
001000
010000
000001
,
100000
000100
001000
000001
,
100000
001000
000001
001000
,
100000
000100
010000
000001
,
100000
000010
001000
000100
,
100000
001000
000100
000000
,
001000
100000
000100
001000
,
000010
100000
000001
000000
,
010000
001000
000100
000001
,
000001
100000
000100
001000
,
000001
000100
001000
100000
,
100000
000001
001000
000010
,
100000
001000
010000
000001
;

//---------------dance-solo - ----------------
#NOTES:
     dance-solo:
     :
     Hard:
     5:
     0.238,0.235,0.198,0.000,0.000:
000000
000000
000000
000000
,
000000
000000
000000
000000
,
000000
000000
000000
000000
,
000000
000000
000000
000000
,
000000
000000
000000
000000
,
010100
000110
100000
001000
,
000100
000001
001000
000000
000100
100000
001000
000000
,
011000
100010
010000
001000
,
000100
000001
001000
000000
000100
100000
001000
000000
,
000101
101000
000001
001000
,
000100
100000
001000
000000
000100
000001
001000
000000
,
000011
010100
001000
000100
,
000001
010000
000100
000000
100000
000010
000100
000000
,
000001
010000
000100
000000
000000
000000
001000
000000
,
000001
000100
001000
000000
000000
000000
010000
000000
,
000100
001000
000001
000000
000000
000000
100000
000000
,
001000
000100
000001
000000
000000
000000
010000
000000
,
000100
001000
000001
000000
000000
000000
000100
000000
,
001000
010000
000001
000000
000000
000000
001000
000000
,
000100
100000
001000
000000
000000
000000
010000
000000
,
000001
001000
000010
000000
000000
000000
100000
000000
,
010001
001010
100000
001000
,
000100
000001
001000
000010
100000
000000
001000
000000
,
001010
010001
000100
001000
,
000001
000100
001000
100000
000100
000000
001000
000000
,
100010
010001
001000
000100
,
000001
100000
000100
001000
000010
000000
100000
000000
,
101000
000101
100000
000100
,
001000
000001
010000
001000
000100
000000
000001
000000
,
001000
000100
100000
000000
001000
000100
000001
000000
,
001000
100100
001000
000000
,
000100
000001
010000
000000
000100
100000
000010
000000
,
000100
110000
000001
000000
,
000100
000010
001000
000000
000100
010000
001000
000000
,
000100
100001
001000
000000
,
000100
010000
001000
000000
000100
000010
001000
000000
,
000100
100001
001000
000000
;
