#TITLE:THE REFLEX;
#SUBTITLE:;
#ARTIST:DURAN DURAN;
#TITLETRANSLIT:;
#SUBTITLETRANSLIT:;
#ARTISTTRANSLIT:;
#CREDIT:;
#BANNER:THE REFLEX.png;
#BACKGROUND:THE REFLEX-bg.png;
#LYRICSPATH:;
#CDTITLE:./CDTITLES/Dancemania 80's TWO.PNG;
#MUSIC:THE REFLEX.ogg;
#OFFSET:0.000;
#SAMPLESTART:64.540;
#SAMPLELENGTH:15.000;
#SELECTABLE:YES;
#DISPLAYBPM:126.000;
#BPMS:0=124.073,8=125.874,12=125.874,16=125.217,24=125.984,40=125,44=126.034,88=125,96=125.874,100=125.436,104=126.404,124=128.114,128=127.059,140=128.114,144=123.711,148=128.114,152=127.208,156=125.874,164=126.464,176=126.021,188=127.358,191=126.021;
#STOPS:;
#BGCHANGES:;

//---------------dance-single - ----------------
#NOTES:
     dance-single:
     :
     Beginner:
     1:
     0.096,0.153,0.102,0.000,0.000:
0000
0000
0000
0000
,
0000
0000
0000
0000
,
0000
0000
0000
0000
,
0000
0000
0000
0000
,
0010
0000
0000
0000
,
0010
0000
0000
0000
,
1000
0000
0000
0000
,
1000
0000
0000
0000
,
0001
0000
0000
0000
,
0001
0000
0000
0000
,
0001
0000
0000
0000
,
1000
0000
0000
0000
,
1000
0000
0001
0000
,
0001
0000
1000
0000
,
0010
0000
0000
0000
,
0010
0000
0000
0000
,
1000
0000
1000
0000
,
0001
0000
0001
0000
,
0100
0000
0000
0010
,
0010
0000
0000
0000
,
0100
0000
0000
0010
,
0010
0000
0000
0000
,
0010
0000
0000
0100
,
0100
0000
0000
0000
,
1001
0000
0000
0000
,
1001
0000
0000
0000
,
1000
0000
0000
0000
,
1000
0000
0000
0000
,
0001
0000
0000
0000
,
0001
0000
0000
0000
,
1001
0000
0000
0000
,
1001
0000
0000
0000
,
1000
0000
0001
0000
,
1000
0000
0001
0000
,
1001
0000
0000
0000
,
0010
0000
0000
0000
,
0100
0000
0000
0000
,
0010
0000
0000
0000
,
1001
0000
0000
0000
,
0010
0000
0000
0000
,
0100
0000
0000
0000
,
0010
0000
0000
0000
,
1001
0000
0000
0000
,
1000
0000
0000
0000
,
0001
0000
0000
0000
,
1001
0000
0000
0000
,
0110
0000
0000
0000
,
0010
0000
0000
0000
,
0100
0000
0000
0000
,
0100
0000
0000
0000
,
1001
0000
0000
0000
,
0000
0000
0000
0000
;

//---------------dance-single - ----------------
#NOTES:
     dance-single:
     :
     Easy:
     2:
     0.155,0.230,0.051,0.092,0.000:
0000
0000
0000
0000
,
0000
0000
0000
0000
,
0000
0000
0000
0000
,
0000
0000
0000
0000
,
1000
0000
0000
0000
,
0010
0000
0000
0000
,
0001
0000
0000
0000
,
0100
0000
0000
0000
,
0010
0000
0010
0000
,
1000
0000
1000
0000
,
0010
0000
0001
0000
,
0010
0000
1000
0000
,
0010
0000
0001
0000
,
0010
0000
1000
0000
,
0100
0000
0100
0000
,
0010
0000
0010
0000
,
0001
0000
1000
0000
,
1000
0000
0001
0000
,
0020
0000
0000
0000
,
0230
0000
0000
0300
,
2000
0000
0000
0000
,
3002
0000
0000
0003
,
0200
0000
0000
0000
,
0320
0000
0000
0030
,
1000
1000
1000
0000
,
0001
0001
0001
0000
,
0200
0010
0310
0000
,
0100
0010
0100
0000
,
0002
1000
1003
0000
,
0001
1000
0001
0000
,
2000
0001
3001
0000
,
1000
0001
1001
0000
,
0010
0000
0100
0000
,
0010
0010
0100
0100
,
1001
0000
0000
0000
,
0010
0100
0000
0000
,
0010
0100
0000
0000
,
0010
0100
0000
0000
,
0001
1000
0000
0000
,
0001
1000
0000
0000
,
0001
1000
0000
0000
,
0100
0010
0000
0000
,
0100
0010
0000
0000
,
0100
0010
0000
0000
,
0010
1000
0000
0000
,
0010
0001
0000
0000
,
0100
1000
0000
0000
,
0100
0001
0000
0000
,
0010
1001
0000
0000
,
0100
1001
0000
0000
,
1001
0000
0000
0000
,
0000
0000
0000
0000
;

//---------------dance-single - ----------------
#NOTES:
     dance-single:
     :
     Medium:
     5:
     0.307,0.358,0.123,0.020,0.020:
1000
0000
0000
0000
,
0000
0000
0000
0000
,
0000
0000
0000
0000
,
0000
0000
0000
0000
,
0010
0000
0010
0000
1000
0001
1000
0000
,
0100
0000
0100
0000
0001
1000
0001
0000
,
0010
0000
0100
0000
,
0001
0000
1000
0000
,
0010
1000
0100
0010
,
0010
0001
0100
0010
,
1000
0000
1000
0000
,
0001
0000
0001
0000
,
1000
0000
0001
0001
,
0010
0001
0100
0000
0010
1000
0100
0000
,
0000
0010
0001
0100
,
0000
0010
1000
0100
,
0000
0000
0010
0100
1000
0000
0000
0000
,
0010
0100
0001
0000
1000
0000
1000
0000
,
0010
0000
1000
0001
0100
0000
0001
1000
,
0100
0000
0010
0001
0100
0000
0010
1000
,
0010
0000
0001
1000
0100
0000
1000
0001
,
0100
0000
0010
1000
0100
0000
0010
1000
,
0100
0000
0001
1000
0010
0000
1000
0001
,
0010
0000
0100
1000
0010
0000
0100
0001
,
1000
0000
0000
1000
0000
0000
1000
0000
0001
0000
0000
0001
0000
0000
0001
0000
,
0010
0000
0000
0010
0000
0000
0010
0000
0100
0000
0000
0100
0000
0000
0100
0000
,
2000
0000
0000
0010
0100
0000
0001
0000
,
0100
0000
0010
0000
,
3002
0000
0000
0100
0010
0000
1000
0000
,
0010
0000
0100
0103
,
0001
0001
0001
0000
1000
0100
0000
0010
,
1100
0000
0000
0101
0000
0000
0000
0000
,
0010
0100
1000
0000
0010
0100
0001
0000
,
1000
0100
0010
0000
0001
0100
0010
0000
,
0110
1001
0000
0100
,
1001
0010
0000
0010
,
1001
0100
0000
0001
,
0110
1000
0000
1000
,
0110
0001
0000
0010
,
1100
1000
0000
0100
,
0011
0001
0000
1000
,
1010
0100
0000
0001
,
0010
0001
0100
0000
0000
0000
1000
0000
,
0010
1000
0100
0000
0000
0000
0010
0000
,
0100
0001
1000
0000
0000
0000
0010
0000
,
0100
1000
0001
0000
0000
0000
0010
0000
,
1000
0001
0100
0000
0001
1000
0100
0000
,
0010
0001
0100
0000
0010
1000
0100
0000
,
0010
0001
0010
0000
0100
1000
0100
0000
,
0010
1000
0010
0000
0100
0001
0100
0000
,
1001
0000
0000
0000
,
0000
0000
0000
0000
;

//---------------dance-single - ----------------
#NOTES:
     dance-single:
     :
     Hard:
     8:
     0.520,0.642,0.501,0.153,0.174:
0000
0000
0000
0000
,
0000
0000
0000
0000
,
0000
0000
0000
0000
,
0000
0000
0000
0000
,
0011
0000
0100
1000
0001
0000
1100
0000
,
0010
0000
0100
0001
0000
0010
0100
0000
1000
0000
0001
0000
0100
0000
0000
0000
,
1010
0000
0100
0001
1000
0000
0101
0000
,
0010
0000
0100
1000
0000
0010
0100
0000
0001
0000
1000
0000
0100
0000
0000
0000
,
2001
0000
0000
0001
0000
0000
3002
0000
0100
0000
0100
0000
0103
0000
0000
0000
,
0010
0000
0100
0001
0000
0010
0100
0000
1000
0000
0001
0000
0100
0000
0000
0000
,
1001
0000
0010
0001
1000
0100
1000
0000
,
0110
0000
2001
0000
0001
0001
3001
0000
,
0100
0100
0010
1100
0000
0001
1000
0100
,
0011
0000
0102
0000
1000
1000
1003
0000
,
0100
0010
0100
1000
0001
0010
0001
0010
,
1100
0000
0201
0000
0010
0010
0310
0000
,
1000
1000
0001
1100
0000
0010
0100
1000
,
0011
0000
2010
0000
0100
0100
3100
0000
,
1001
0100
0010
0001
0100
1010
0000
0101
,
0010
0000
1000
0100
1000
0000
0001
0100
0001
0000
1000
0010
1000
0000
0001
0000
,
0001
0010
0001
1000
0010
0101
0000
1100
,
0010
0000
0001
0100
0001
0000
1000
0100
1000
0000
0001
0010
0001
0000
1000
0000
,
2000
0100
0100
0100
3100
0011
0000
0101
,
0010
0000
1000
0100
1000
0000
0001
0100
0001
0000
1000
0010
1000
0000
0001
0000
,
0001
0000
0000
1000
0000
0000
0100
0000
1000
0000
0000
0010
0000
0000
0100
0000
,
0010
0000
0000
0010
0000
0000
0010
0000
0100
0000
0000
0100
0000
0000
0100
0000
,
2002
0000
0000
0000
3003
0000
0100
1000
0100
0000
0010
0001
0010
0000
0001
0100
,
0001
0000
1000
0010
1000
0000
0100
0010
0100
0000
1000
0001
1000
0000
0001
0000
,
0220
0000
0000
0000
0000
0000
0000
0000
0330
0000
0010
0000
0000
0020
0000
0000
,
0200
0000
0000
0000
0000
0000
0330
0000
0000
0000
0000
1001
0000
0000
0000
0000
,
0010
0000
0001
0000
1000
0000
0100
0000
0010
0000
1100
0000
0000
0000
0010
1000
,
0010
0000
0100
0001
0100
0000
0010
1000
0010
0000
0100
0010
0100
0000
0001
0000
,
0001
0000
0000
0100
0000
0000
0010
0000
1000
0000
0100
0000
0010
0000
0001
0000
,
1000
0000
0000
0010
0000
0000
0100
0000
0001
0000
1000
0000
0100
0000
0010
0000
,
0001
0000
0110
0000
0000
0000
0100
0010
,
0101
0000
1100
0000
0000
0000
0010
0001
,
1010
0000
0101
0000
0000
0000
0010
0100
,
0011
0000
1100
0000
0000
0000
0100
1000
,
0101
0000
1010
0000
0000
0000
0100
0001
,
1010
0000
0101
0000
0000
0000
0100
0010
,
1100
0000
0011
0000
0000
0000
1000
0010
,
0101
0000
1010
0000
0000
0000
0100
1000
,
0011
0000
1100
0000
0000
0100
0010
0001
,
0010
0100
0001
0100
1000
0010
0100
0000
,
0001
1000
0001
0010
0100
1000
0011
0000
,
0110
0000
0000
0000
0000
0000
0010
0001
,
1100
0000
0011
1000
0001
0010
0100
1000
,
0100
0010
0001
1000
0001
0100
0010
0000
,
1000
0001
1000
0100
0010
0100
1000
0000
,
0220
0000
0000
0000
0000
0000
0330
1000
,
0001
0010
0100
0000
0000
0000
0000
0000
,
0000
0000
0000
0000
;

//---------------dance-double - ----------------
#NOTES:
     dance-double:
     :
     Easy:
     2:
     0.175,0.205,0.051,0.031,0.000:
00010000
00000000
00000000
00000000
,
00000000
00000000
00000000
00000000
,
00000000
00000000
00000000
00000000
,
00000000
00000000
00000000
00000000
,
00000000
00000000
00000000
00000000
,
00000000
00000000
00000000
00000000
,
00100000
00000000
00100000
00000000
,
01000000
00000000
01000000
00000000
,
10010000
00000000
01000000
00010000
,
00000000
00001000
00000010
00000000
,
00001001
00000100
00000000
00000100
,
00000001
00000100
00001000
00010000
,
00000000
00000000
00100000
10000000
,
00000000
01000000
00010000
00000000
,
00001000
00000000
00001000
00000000
,
00010000
00000000
00010000
00000000
,
00001000
00000010
00000001
00000000
,
00001001
00000100
00001000
00000001
,
00000000
00000100
00000000
00001000
,
00010000
00100000
01000000
00000000
,
01000000
00100000
00000000
00010000
,
00000100
00000001
00000100
00010000
,
00000000
00001000
00000000
00001000
,
00010000
00010000
00100000
00100000
,
10010000
00000000
00000000
00000000
,
00011000
00000000
00000000
00000000
,
00100000
00000000
00010000
00001000
,
00000010
00000000
00000100
00000000
,
00001000
00000000
00010000
00001000
,
00010000
00000000
00000000
00010000
,
00001000
00000000
00000010
00000001
,
00000001
00000100
00010000
01000000
,
00100000
00000000
00100000
00000000
,
01000000
00000000
01000000
00000000
,
10000000
01000000
00000000
00000000
,
00010000
00001000
00000000
00000000
,
00000010
00000010
00000000
00000000
,
00001000
00010000
00000000
00000000
,
10000000
01000000
00000000
00000000
,
00010000
00001000
00000000
00001000
,
00010000
00010000
00000000
00000000
,
01000000
01000000
00000000
00000000
,
00100000
00000000
00010000
00000000
,
00001000
00000000
00010000
00000000
,
00010000
00100000
10000000
01000000
,
00000000
00010000
00001000
00000000
,
00000001
00000100
00000000
00000000
,
00001000
00010000
00000000
01000000
,
00100000
01000000
10000000
20000000
,
00020000
00000000
00000000
30030000
,
02000000
03001000
00000000
00000000
,
00000000
00000000
00000000
00000000
;

//---------------dance-double - ----------------
#NOTES:
     dance-double:
     :
     Medium:
     5:
     0.301,0.385,0.164,0.143,0.000:
00000000
00000000
00000000
00000000
,
00000000
00000000
00000000
00000000
,
00000000
00000000
00000000
00000000
,
00000000
00000000
00000000
00000000
,
00000000
00000000
00000000
00000000
,
00000000
00000000
00000000
00000000
,
00000000
00000000
00000100
00000000
00000001
00000000
00001000
00000100
,
00000001
00000100
00000010
00001000
,
00020000
00000000
00000000
00001000
00000000
00032000
00000000
00000000
,
00010000
00010000
00013000
00000000
,
00011000
00000000
00100000
00000000
01000000
00000000
10000000
01000000
,
00010000
00010000
00001000
00001000
,
00000100
00000100
00000010
00001000
,
00001000
00000000
00000001
00000000
00000010
00000000
00000001
00001000
,
00000100
00000000
00010000
00000000
,
00100000
10000000
01000000
00000000
00010000
00000000
00001000
00000000
,
00010000
00000000
00100000
00000000
10000000
00010000
01000000
00000000
,
00010000
00000000
00000010
00000000
00000001
00001000
00000001
00000000
,
00001002
00000100
00000000
00000100
,
00000100
00000203
00000300
00001000
,
00010000
00100000
00000000
01000000
,
01000000
20000000
00000000
30010000
,
01100000
10010000
01000000
00010000
,
00000000
00000000
00001000
00000000
00000010
00000100
00001000
00000000
,
00001000
00010000
00001000
00000000
00100000
10000000
00010000
00000000
,
00100000
00010000
01000000
00000000
00100000
10000000
01000000
00000000
,
00021000
00000000
00000000
00000000
00032000
00010000
00000000
01000000
,
02000000
00000000
03003000
00000000
,
00010000
00000000
00000000
00000000
00001000
00001000
00000000
00000010
,
00000010
00000000
00000000
00000000
00000000
00001001
00000000
00000000
,
00000100
00001000
00010000
01000000
10000000
01000000
00000000
00010000
,
00001000
00000000
00000000
00000010
00000000
00000000
00000000
00000000
,
00000001
00000000
00000000
00000100
00000010
00001000
00000001
00000000
,
00000100
00000000
00000000
00001000
00010000
01000000
00100000
00000000
,
00100000
10010000
01000000
00100000
,
00010000
00001000
00000010
00000100
00001000
00000010
00000100
00000000
,
00000010
00000000
00001000
00000000
00000001
00000000
00000010
00000200
,
00000000
00000000
00000000
00000300
,
00001000
00011000
00100000
00000000
,
00100000
00010000
10000000
01000000
10000000
00010000
01000000
00000000
,
00100000
00000000
00010000
00000000
00001000
00000000
00000010
00000200
,
00000000
00000000
00000000
00000300
,
00011000
00000000
01100000
00000000
00000000
00100000
10000000
00010000
,
00000000
00000010
00000000
00000001
00001000
00000100
00000000
00000000
,
00100000
00010000
00000000
01000000
00000000
00010000
00000000
00022000
,
00000000
00000000
00000000
00033000
,
00010000
00000010
00001000
00000001
00000010
00000100
00000000
00001001
,
00000000
00000110
00000000
00001100
00000000
00011000
00000000
00000000
,
01000000
00000000
01000000
00000000
00100000
10000000
00010000
00000000
,
00022000
00000000
00000000
00000000
00000000
00000000
00033000
00010000
,
00000010
00001000
00000100
00000000
00000000
00000000
00000000
00000000
,
00000000
00000000
00000000
00000000
;

//---------------dance-double - ----------------
#NOTES:
     dance-double:
     :
     Hard:
     7:
     0.454,0.437,0.296,0.153,0.020:
00000000
00000000
00000000
00000000
,
00000000
00000000
00000000
00000000
,
00001001
00000000
00000000
00000220
00000000
00000000
00000330
00000000
,
00001000
00000000
00010000
01000000
10000000
00010000
01000000
00000000
,
10010000
00000000
00000000
02200000
00000000
00000000
03300000
00000000
,
10000000
00000000
00100000
01000000
00010000
00001000
00010000
00000000
,
00101000
00000000
00000000
02020000
00000000
00000000
03030000
00000000
,
00100000
00000000
00010000
00001000
00000100
00000010
00001000
00000000
,
00010010
00000000
00000000
00001100
00000000
00000001
00000000
00000100
,
00001000
00000000
00010000
01000000
10000000
00100000
00010000
00001000
,
00000100
00000001
00000100
00001000
00010000
01000000
10000000
01000000
,
00010000
00001000
00000100
00000001
00000010
00001000
00010000
00100000
,
10000000
01000000
00000000
00220000
00000000
00000000
00330000
00000000
,
00011000
00000000
00000000
00002200
00000000
00000000
00003300
00000000
,
00000001
00000100
00001000
00010000
01000000
10000000
00100000
00010000
,
00001000
00000010
00000001
00000100
00001000
00010000
00100000
00010000
,
00001000
00000010
00000000
00000202
00000000
00000000
00000303
00000000
,
00001010
00000000
00000000
00020200
00000000
00000000
00030300
00000000
,
00110000
00000000
10000000
01000000
00010000
00001000
00000100
00000001
,
00000010
00000000
00000001
00000001
00000000
00001000
00001000
00000000
,
00001010
00000000
00000010
00000100
00001000
00010000
00100000
10000000
,
10000000
00000000
00010000
01000000
10000000
01000000
00010000
00000000
,
01010000
00000000
10000000
01000000
00010000
00001000
00000100
00001000
,
00010000
00000000
00000000
01100000
00000000
00010000
00001000
00000000
,
00010010
00000000
00001000
00000100
00000001
00000000
00000100
00000010
,
00001000
00000000
00010100
00000000
00001000
00010000
00100000
01000000
,
10010000
00000000
00100000
00010000
00001000
00000000
00010100
00000000
,
01001000
00000000
00010000
00001000
00000100
00000000
00000001
00001000
,
00000100
00000000
00010000
00001000
00000100
00000000
00001000
00010000
,
01000000
00000000
10010000
00000000
00100000
10000000
01000000
00010000
,
00001000
00000000
00000100
00001000
00010000
00000000
00001000
00010000
,
00100000
00000000
00010000
00001000
00000100
00000001
00000010
00001000
,
00010000
00000000
00000000
00100000
00000000
00000000
01000000
00000000
01000000
00000000
00000000
00100000
00000000
00000000
00010000
00000000
,
00001000
00000000
00000000
00000010
00000000
00000000
00000100
00000000
00000100
00000000
00000000
00000010
00000000
00000000
00001000
00000000
,
00010000
00000000
00100000
00000000
00100000
10000000
01000000
00010000
,
00001000
00000100
00000001
00001000
00000001
00000100
00001000
00000000
,
00010000
00000000
00100000
00000000
01000000
00000000
00010000
01000000
,
00100000
00010000
00001000
00000100
,
00000001
00000000
00001000
00000000
00000010
00000001
00000100
00001000
,
00010000
01000000
10000000
01000000
00100000
00010000
10000000
00100000
,
00010000
00001000
00000000
00000010
00000000
00001001
00000000
00000100
,
00001000
00010000
00100000
01000000
,
01001000
00000000
00011000
00000000
00000010
00001000
00010000
00100000
,
10000000
01000000
00010000
00001000
00000100
00000001
00000010
00001000
,
00010000
00100000
00000000
10010000
00000000
01100000
00000000
00100000
,
00001000
00000100
00000001
00000100
,
00000010
00000000
00000100
00000000
00000100
00001000
00010000
01000000
,
10000000
01000000
00010000
00001000
00000010
00000001
00000010
00001000
,
00010000
00100000
01000000
00100000
00010000
00001000
00000100
00000020
,
00000000
00000000
00000000
00000000
00000000
00000000
00000030
00000100
,
00001000
00010000
01000000
00000000
00000000
00000000
00000000
00000000
,
00000000
00000000
00000000
00000000
;
