#TITLE:The Centre Of The Heart (STONEBRIGDE CLUBMIX);
#SUBTITLE:;
#ARTIST:Roxette;
#TITLETRANSLIT:;
#SUBTITLETRANSLIT:;
#ARTISTTRANSLIT:;
#CREDIT:;
#BANNER:The Centre Of The Heart (STONEBRIGDE CLUBMIX).png;
#BACKGROUND:The Centre Of The Heart (STONEBRIGDE CLUBMIX)-bg.png;
#LYRICSPATH:;
#CDTITLE:./CDTITLES/Dancemania.PNG;
#MUSIC:The Centre Of The Heart (STONEBRIGDE CLUBMIX).ogg;
#OFFSET:0.000;
#SAMPLESTART:61.850;
#SAMPLELENGTH:15.000;
#SELECTABLE:YES;
#DISPLAYBPM:128.000;
#BPMS:0.000=128.004;
#STOPS:;
#BGCHANGES:;

//---------------dance-single - ----------------
#NOTES:
     dance-single:
     :
     Beginner:
     1:
     0.161,0.233,0.223,0.000,0.000:
0000
0000
0000
0000
,
0000
0000
0000
0000
,
0000
0000
0000
0000
,
0010
0000
0000
0000
,
0010
0000
0000
0000
,
0010
0000
0000
0000
,
0100
0000
0000
0000
,
1000
0000
1000
0000
,
0001
0000
0001
0000
,
0001
0000
0000
0000
,
0001
0000
0100
0000
,
1000
0000
0000
0000
,
1001
0000
1001
0000
,
1000
0000
0000
0000
,
1000
0000
0010
0000
,
0001
0000
0000
0000
,
1001
0000
1001
0000
,
0001
0001
0000
0000
,
1000
1000
0000
0000
,
0010
0010
0000
0000
,
1001
1001
0000
0000
,
0001
0001
0000
0000
,
1000
1000
0000
0000
,
0100
0000
0100
0000
,
0100
0000
0100
0000
,
0010
0000
0000
0000
,
0100
0000
0000
0000
,
1000
0000
1000
0000
,
0001
0000
0001
0000
,
0010
0000
0000
0000
,
0100
0000
0000
0000
,
1000
0000
1000
0000
,
0001
0000
0001
0000
,
0001
0000
0001
0000
,
1001
0000
1001
0000
,
1000
0000
1000
0000
,
1001
0000
1001
0000
,
0001
0000
0001
0000
,
1001
0000
1001
0000
,
1000
0000
1000
0000
,
1001
0000
1001
0000
,
0100
0100
0100
0000
,
1001
0000
1001
0000
,
0010
0010
0010
0000
,
1001
0000
1001
0000
,
0100
0100
0100
0000
,
1001
0000
1001
0000
,
0010
0010
0010
0000
,
1001
0000
0100
0100
,
0000
0000
0000
0000
;

//---------------dance-single - ----------------
#NOTES:
     dance-single:
     :
     Easy:
     2:
     0.181,0.232,0.149,0.064,0.000:
0000
0000
0000
0000
,
0000
0000
0000
0000
,
0000
0000
0000
0000
,
0010
0000
0000
0000
,
0100
0000
0000
0000
,
0010
0000
0001
0000
,
0010
0000
1000
0000
,
0001
1000
0001
1000
,
1001
0000
1001
0000
,
0010
0000
0010
0000
,
0100
0000
0100
0000
,
0001
0000
0001
0000
,
1000
0000
1000
0000
,
0010
0000
0100
0000
,
0010
0000
0100
0000
,
0001
0000
1000
0000
,
0001
0000
1000
0000
,
0010
0020
0000
0000
,
0130
0200
0000
0000
,
0301
0002
0000
0000
,
1003
2000
0000
0000
,
3010
0020
0000
0000
,
0130
0200
0000
0300
,
0110
0000
0110
0000
,
1001
0000
1001
0000
,
0010
0000
0100
0000
,
0001
1000
0001
0000
,
0100
0000
0100
0000
,
0010
0000
0010
0000
,
1000
0001
1000
0000
,
0001
1000
0001
0000
,
0110
0000
1001
0000
,
0110
0000
1001
0000
,
0010
0000
0100
0000
,
0001
0000
1000
0000
,
0010
0000
0100
0000
,
0001
0000
1000
0000
,
0010
0000
1000
0000
,
0001
0000
0100
0000
,
0010
0000
1000
0000
,
0001
0000
0100
0000
,
0010
1000
0010
0000
,
0100
0000
0100
0000
,
0001
0010
0001
0000
,
0100
0000
0100
0000
,
0010
1000
0010
0000
,
0101
0000
0101
0000
,
0010
0001
0010
0000
,
1100
0000
1100
0000
,
0000
0000
0000
0000
;

//---------------dance-single - ----------------
#NOTES:
     dance-single:
     :
     Medium:
     5:
     0.347,0.415,0.021,0.319,0.000:
0000
0000
0000
0000
,
0000
0000
0000
0000
,
0000
0000
0000
0000
,
2000
0000
0000
0000
,
3002
0000
0000
0000
,
1003
0000
0100
0000
,
1000
0000
0010
0000
,
2000
0100
0010
0100
,
3002
0100
0010
0100
,
1003
0000
1000
0000
0001
0100
0001
0000
,
1000
0000
1000
0000
0001
0010
0001
0000
,
0100
0000
0100
0000
0001
1000
0001
0000
,
0010
0010
0100
0100
,
0001
0000
0100
0000
0010
1000
0010
0000
,
1000
0000
0100
0000
0010
0001
0010
0000
,
0100
1000
0100
0000
1000
0001
1000
0000
,
0001
0100
0010
1000
,
1000
1000
2000
0000
0001
0000
3001
0000
,
0001
0001
0002
0000
1000
0000
1003
0000
,
1000
0100
0010
0001
,
1000
0200
0010
0310
,
2000
3200
0320
0032
,
1003
0000
1000
0000
0010
0100
0020
0000
,
0100
0100
1000
1000
,
0100
0100
1000
1030
,
0001
0100
0001
0000
0001
1000
0001
0000
,
0010
0000
0010
0000
0001
1000
0001
0000
,
2000
0100
0001
0100
,
0010
0100
0001
3100
,
1000
0010
1000
0000
1000
0001
1000
0000
,
0100
0000
0100
0000
1000
0001
1000
0000
,
0002
0100
1000
0010
,
0100
1000
0100
0013
,
0001
0000
1000
0100
1000
0000
0001
0000
,
0100
0100
0001
0001
,
1000
0000
0001
0010
0001
0000
1000
0000
,
0100
0100
1000
1000
,
0010
0000
1000
0001
1000
0000
0002
0000
,
0100
0100
1000
1003
,
0100
0000
0001
1000
0001
0000
2000
0000
,
0010
0010
0001
3001
,
2000
3200
0302
0023
,
0230
0302
2003
3001
,
0002
0203
2300
3020
,
0230
2300
3002
1003
,
0001
0010
0100
1000
0001
0000
1000
0000
,
0001
0001
0000
1001
,
1000
0100
0010
0001
1000
0000
0001
0000
,
1000
1000
0000
1001
,
0000
0000
0000
0000
;

//---------------dance-single - ----------------
#NOTES:
     dance-single:
     :
     Hard:
     7:
     0.416,0.441,0.202,0.021,0.043:
0000
0000
0000
0000
,
0000
0000
0000
0000
,
0000
0000
0000
0000
,
1000
0000
0001
0000
,
1000
0001
1000
0001
,
1000
0100
1000
0000
0010
0000
0100
0001
,
0010
0001
0010
0000
0100
0000
0000
0100
,
1000
0010
0100
0001
,
1000
0010
0100
0001
0010
0000
1100
0000
,
1000
0000
0010
0000
1000
0001
0100
0010
,
1000
0000
0010
0000
1000
0100
1000
0000
,
0001
0000
0100
0000
0001
1000
0001
0100
,
0001
0000
0100
0000
0001
0010
0001
0000
,
1000
0000
0100
0000
1000
0001
0000
0101
,
1000
0000
0100
0000
1000
0010
1000
0000
,
0001
0000
0010
0000
0001
1000
0100
1000
,
0001
0000
0010
0000
0001
0100
0001
0000
,
1000
1000
1000
0000
0010
0000
0100
0000
,
0001
0001
0001
0000
0010
0000
0100
0000
,
1000
1000
1000
0000
0010
0000
0101
0000
,
0001
0001
0001
0000
0100
0000
1010
0000
,
0010
0010
0010
0000
1000
0001
0000
1001
,
0100
0010
0100
0000
0001
1000
0001
0000
,
2000
0010
0100
3002
,
0100
0010
1003
1001
,
1000
1000
1000
0000
0001
0001
0001
0000
,
0110
0000
1001
0000
0100
0010
1000
0001
,
0100
0100
0100
0100
,
0010
0010
0010
0010
,
0001
1000
0001
0000
1000
0000
0010
0100
0001
1000
0001
0000
1000
0000
0010
0100
,
0001
1000
0001
0000
0010
0100
0010
0000
0001
1000
0001
0000
0010
0100
0010
0000
,
0001
0001
1000
1000
,
0001
0001
1000
1000
0010
0010
0100
0100
,
0010
0000
1000
0001
1000
0100
0000
0100
,
0000
1000
0000
1000
0000
0001
0000
0001
,
0010
0000
0001
1000
0001
0100
0000
0100
,
0000
0001
0000
0001
0000
1000
0000
1000
,
0100
0000
1000
0001
1000
0010
0000
0010
,
0000
1000
0000
1000
0000
0001
0000
0001
,
0100
0000
0001
1000
0001
0010
0000
0010
,
0000
1001
0000
1001
0000
0100
0010
0000
,
1001
0000
0010
0100
0010
1000
0000
1001
,
0000
1000
0100
0010
0001
0100
0010
0000
,
1001
0000
0100
0010
0100
0001
0000
1001
,
0000
0001
0010
0100
1000
0010
0100
0000
,
1001
0000
1000
0100
1000
0010
0000
0101
,
0000
1000
0010
0100
0001
0010
0000
0100
,
1001
0000
0001
0010
0001
0100
0000
1010
,
0000
0001
0010
0100
1000
0000
0011
0000
,
0000
0000
0000
0000
;

//---------------dance-double - ----------------
#NOTES:
     dance-double:
     :
     Easy:
     2:
     0.131,0.155,0.000,0.074,0.000:
00000000
00000000
00000000
00000000
,
00000000
00000000
00000000
00000000
,
00000000
00000000
00000000
00000000
,
00000000
00000000
00000000
00000000
,
00000000
00000000
00000000
00000000
,
00000001
00000000
00000001
00000000
,
00000001
00000000
00000001
00000000
,
00001000
00000002
00000000
00000003
,
00001000
00000002
00000000
00000003
,
00000100
00000000
00000010
00000000
,
00010000
00000000
00001000
00000000
,
00010000
00000000
00010000
00000000
,
00001000
00000000
01000000
00000000
,
00100000
00000000
01000000
00000000
,
00001000
00000000
00010000
00000000
,
00001000
00000000
00001000
00000000
,
00010000
00000000
00000010
00000000
,
00001000
00000000
00000000
00000000
,
00000001
00000000
00000000
00000000
,
00000100
00000000
00000000
00000000
,
00000010
00000000
00000000
00000000
,
00001000
00000000
00000000
00000000
,
00000100
00000000
00000000
00000000
,
00020000
00000000
00000000
00000000
,
00000000
00000000
00000000
00030000
,
00001000
00000000
00001000
00000000
,
00001000
00000000
00001000
00000000
,
00010000
00002000
00000000
00003000
,
00010000
00002000
00000000
00003000
,
01000000
00000000
01000000
00000000
,
01000000
00000000
01000000
00000000
,
00100000
02000000
00000000
03000000
,
00100000
02000000
00000000
03000000
,
00100000
00000000
00100000
00000000
,
10000000
00000000
10000000
00000000
,
00010000
00000000
00010000
00000000
,
01000000
00000000
01000000
00000000
,
00001000
00000000
00001000
00000000
,
00010000
00000000
00010000
00000000
,
00000100
00000000
00000100
00000000
,
00001000
00000000
00001000
00000000
,
00000001
00000000
00000100
00000000
,
00000001
00000000
00000100
00000000
,
00000010
00000000
00001000
00000000
,
00000010
00000000
00001000
00000000
,
00000100
00000000
00010000
00000000
,
00001000
00000000
00010000
00000000
,
00001000
00000000
01000000
00000000
,
00010000
00000000
10000000
00000000
,
00000000
00000000
00000000
00000000
;

//---------------dance-double - ----------------
#NOTES:
     dance-double:
     :
     Medium:
     5:
     0.318,0.312,0.000,0.149,0.000:
00000000
00000000
00000000
00000000
,
00000000
00000000
00000000
00000000
,
00000000
00000000
00000000
00000000
,
00000000
00000000
00000000
00000000
,
00000000
00000000
00000000
00000000
,
00000010
00000010
00000010
00000010
,
00000010
00000000
00000010
00000000
00000010
00000000
00000010
00001000
,
00000200
00000300
00020000
00030000
,
00002000
00003000
02000000
03000000
,
00100000
00000000
10000000
10000000
,
00010000
00000000
01000000
01000000
,
00001000
00000000
00000010
00000010
,
00000001
00001000
00000010
00000100
,
00001000
00000000
00010000
00010000
,
00001000
00000000
01000000
01000000
,
00100000
00000000
10000000
10000000
,
00010000
00010000
01000000
01000000
,
00100000
10000000
01000000
00010000
,
00000100
00000000
00001000
00000000
00000001
00000100
00000010
00000000
,
00001000
00000000
00000100
00000000
00010000
00001000
01000000
00000000
,
00100000
00000000
10000000
00000000
00010000
01000000
00100000
00000000
,
01000000
00000000
00001000
00000000
00010000
00000010
00001000
00000000
,
00000001
00000000
00001000
00000000
00000100
00000010
00000100
00000000
,
00010000
00000000
00001000
00000000
01000000
00100000
01000000
00000000
,
00010000
10000000
00010000
00000000
01000000
00100000
01000000
00000000
,
00001000
00000000
00001000
00000000
00010000
00001000
00010000
00000000
,
00000100
00000000
00000100
00000000
00000010
00000001
00000020
00000000
,
00000100
00000100
00000100
00000100
,
00000100
00000100
00000100
00000130
,
00010000
00000000
00010000
00000000
00001000
01000000
00100000
00000000
,
10000000
00000000
10000000
00000000
00010000
00100000
02000000
00000000
,
10000000
10000000
10000000
10000000
,
10000000
10000000
10000000
13000000
,
00100000
00000000
00001000
00010000
00000100
00001000
00000000
00000002
,
00000000
00000100
00000000
00000100
00000000
00000100
00000000
00000103
,
00000010
00000000
00010000
00001000
01000000
00100000
00000000
20000000
,
00000000
00010000
00000000
00010000
00000000
00010000
00000000
30010000
,
01000000
00000000
00100000
10000000
01000000
00100000
00000000
00002000
,
00000000
00010000
00000000
00010000
00000000
00010000
00000000
00013000
,
00000010
00000000
00001000
00000001
00000010
00000100
00000000
00002000
,
00000000
00000001
00000000
00000001
00000000
00000001
00000000
00003001
,
00000100
00000000
00000010
00010000
00001000
01000000
00000000
00020000
,
00000000
10000000
00000000
10000000
00000000
10000000
00000000
10030000
,
00100000
00000000
01000000
10000000
01000000
00010000
00000000
00200000
,
00000000
00001000
00000000
00001000
00000000
00001000
00000000
00301000
,
00010000
00000000
00000100
00000010
00000001
00001000
00000000
00000020
,
00000000
00001000
00000000
00001000
00000000
00001000
00000000
00001030
,
00000010
00000000
00010000
00001000
01000000
00200000
00000000
01000000
,
00000000
01000000
00000000
01000000
00000000
01000000
00000000
01300000
,
00000000
00000000
00000000
00000000
;

//---------------dance-double - ----------------
#NOTES:
     dance-double:
     :
     Hard:
     7:
     0.479,0.442,0.000,0.170,0.186:
00000000
00000000
00000000
00000000
,
00000000
00000000
00000000
00000000
,
00000000
00000000
00000000
00000000
,
00000000
00000000
00000010
00001000
00000000
00000000
00000001
00001000
00000000
00000000
00000010
00010000
00000000
00000000
00000100
00010000
,
00000000
00000000
00001000
01000000
00000000
00000000
00100000
01000000
00000000
00000000
00010000
10000000
00000000
00000000
01000000
10000000
,
00000000
00010000
00000000
00010000
00000000
01000000
00100000
10000000
,
00000000
01000000
00000000
01000000
00000000
00100000
00001000
00010000
,
00000000
00000000
00000010
00001000
00000000
00000000
00000001
00001000
00000000
00000000
00000010
00010000
00000000
00000000
00000100
00010000
,
00000000
00000000
00001000
01000000
00000000
00000000
00100000
01000000
00000000
00000000
00010000
10000000
00000000
00000000
00100000
10000000
,
00000000
00010000
00000000
00010000
00000000
01000000
00001000
00010000
,
00001000
00010000
00000100
00000010
00000100
00001000
00000010
00000100
,
00000000
00000001
00000000
00000001
00000000
00000100
00000010
00000100
,
00001000
00000100
00000010
00010000
00001000
01000000
00100000
10000000
,
00000000
00010000
00000000
00010000
00000000
01000000
00001000
00010000
,
00001000
00010000
00000100
00000010
00000100
00001000
00000010
00000100
,
00000000
00000001
00000000
00000001
00000000
00000100
00000010
00000100
,
00001000
00000100
00000010
00010000
00001000
01000000
00100000
10000000
,
00000000
00010000
00000000
00010000
00000000
01000000
00000000
01000000
,
00100000
00000000
01000000
00010000
10000000
00000000
01000000
00000000
10000000
00000000
00010000
00000000
01000000
00000000
00100000
00000000
,
00000000
01000000
00000000
01000000
00000000
00001000
00000000
00001000
,
00010000
00000000
00000010
00001000
00000100
00000000
00000010
00000000
00000001
00000000
00001000
00000000
00000010
00000000
00010000
00000000
,
00000000
00001000
00000000
00001000
00000000
01000000
00000000
01000000
,
00000000
00000000
00100000
10000000
00010000
00000000
01000000
00000000
00100000
00000000
01000000
00000000
00010000
00000000
10000000
00000000
,
02000000
03200000
00302000
00023000
,
00030020
00000230
00000302
00002003
,
00003010
00000100
00000001
00000100
00000001
00001000
00000100
00010000
,
00000000
01000000
00100000
01000000
00100000
00010000
10000000
00100000
,
01000000
00000000
00100000
10000000
00000000
00000000
00010000
01000000
00000000
00000000
00001000
00010000
00000000
00000000
00000010
00001000
,
00000000
00000000
00000001
00000100
00000000
00000000
00000010
00010000
00000000
00000000
00001000
01000000
00000000
00000000
00100000
10000000
,
00010000
01000000
00010000
10000000
00010000
01000000
00001000
00000000
,
00010000
00000010
00000100
00000010
00000100
00000010
00010000
01000000
,
00100000
00000000
01000000
10000000
00000000
00000000
00010000
00100000
00000000
00000000
00001000
00010000
00000000
00000000
00000100
00001000
,
00000000
00000000
00000001
00000010
00000000
00000000
00000100
00010000
00000000
00000000
00001000
00100000
00000000
00000000
00010000
01000000
,
00200000
00000000
01300000
00001000
00010000
00000010
00000100
00000001
,
00000000
00001000
00000000
00000100
00000000
00010000
00001000
01000000
,
00200000
00000000
10300000
01000000
00100000
00010000
01000000
00001000
,
00000000
00010000
00000000
00000100
00000000
00000010
00000001
00001000
,
00000020
00000000
00010030
00001000
01000000
00100000
10000000
00010000
,
00000000
00100000
00000000
00001000
00000000
00010000
00000010
00000100
,
00000020
00000000
00001030
00000001
00000100
00010000
00001000
00100000
,
00000000
00010000
00000000
10000000
00000000
01000000
00100000
10000000
,
00020000
00000000
10030000
00100000
01000000
00010000
00100000
00001000
,
00000000
00010000
00000000
00001000
00000000
00010000
00000100
00000010
,
00000002
00000000
00001003
00000010
00000100
00010000
00001000
00010000
,
00000000
01000000
00000000
00010000
00000000
00100000
01000000
10000000
,
00020000
00000000
10030000
00100000
01000000
10000000
00000000
01000000
,
00000000
00010000
00000000
01000000
00000000
00001000
00010000
00000010
,
00000200
00000000
00000301
00000010
00000100
00010000
00001000
00100000
,
00000000
01000000
00000000
10000000
00000000
00010000
01000000
00100000
,
00000000
00000000
00000000
00000000
;
