#TITLE:The Least 100sec;
#SUBTITLE:;
#ARTIST:Hirofumi Sasaki;
#TITLETRANSLIT:;
#SUBTITLETRANSLIT:;
#ARTISTTRANSLIT:;
#CREDIT:;
#BANNER:The Least 100sec.png;
#BACKGROUND:The Least 100sec-bg.png;
#LYRICSPATH:;
#CDTITLE:./CDTITLES/GUITARFREAKS & drummania.PNG;
#MUSIC:The Least 100sec.ogg;
#OFFSET:0.000;
#SAMPLESTART:0.913;
#SAMPLELENGTH:15.000;
#SELECTABLE:YES;
#DISPLAYBPM:200.000:263.000;
#BPMS:0.000=264.706,4.000=263.529,83.000=257.143,84.000=264.706,85.000=257.143,86.000=250.000,87.000=257.143,88.000=250.000,89.000=250.000,90.000=248.848,96.000=250.000,97.000=257.143,98.000=257.143,99.000=263.591,405.000=200.000;
#STOPS:;
#BGCHANGES:;

//---------------dance-single - ----------------
#NOTES:
     dance-single:
     :
     Beginner:
     5:
     0.154,0.257,0.079,0.000,0.000:
0000
0000
0000
0000
,
0000
0000
0000
0000
,
0000
0000
0000
0000
,
0000
0000
0000
0000
,
0000
0000
0000
0000
,
0000
0000
0000
0000
,
0000
0000
0000
0000
,
0000
0000
0000
0000
,
0000
0000
0000
0000
,
0001
0000
0000
0000
,
0000
0010
0000
0000
,
0100
0000
0000
0000
,
0010
0000
0000
0000
,
1000
0000
0000
0000
,
0100
0000
0000
0000
,
0010
0000
0000
0000
,
1001
0000
0000
0000
,
1000
0000
0000
0100
,
0000
0000
0000
0000
,
0001
0000
0000
0100
,
0000
0000
0000
0000
,
0001
0000
0000
1000
,
0000
0000
0100
0000
,
0000
0001
0000
0000
,
1000
0000
0000
0000
,
1000
0000
0000
0000
,
0001
0000
0000
0001
,
0000
0000
0000
1000
,
0000
0000
0000
0100
,
0000
0000
0000
0010
,
0000
0000
0000
1001
,
0000
0000
0000
0100
,
0000
0000
0000
0001
,
0000
0000
0000
1000
,
0000
0000
0000
0010
,
0000
1000
0000
0000
,
1000
0000
0000
1000
,
0000
0000
0000
0001
,
0000
0000
0000
0110
,
0000
0000
0000
1001
,
0000
0000
0000
1000
,
0000
0000
0000
0000
,
0000
0000
0000
0001
,
0000
0000
0000
0000
,
0000
0000
0000
0000
,
0000
0010
0000
1000
,
0000
0000
0000
0100
,
0000
0000
0000
0010
,
0000
0000
0000
0001
,
0000
0000
1001
0000
,
0000
0000
0000
1000
,
0000
0000
0000
0100
,
0000
0000
0000
1000
,
0000
0000
0000
0100
,
0000
0000
0000
0001
,
0000
0000
0000
0100
,
0000
0000
0000
0001
,
0000
0000
0000
0100
,
0000
0000
0000
1000
,
0000
0000
0001
0000
,
0000
0110
0000
0000
,
1001
0000
0000
0100
,
0000
0000
0000
1000
,
0000
0000
0000
0100
,
0000
0000
0000
1000
,
0000
0000
0000
0100
,
0000
0000
0000
0001
,
0000
0000
0000
0100
,
0000
0000
0000
0001
,
0000
0000
0000
0100
,
0000
0000
0000
1000
,
0000
1000
0000
1000
,
0000
0000
0000
0001
,
0000
0000
0000
0100
,
0000
0000
0000
0001
,
0000
0001
0000
0001
,
0000
0000
0000
1000
,
0000
0000
0000
0100
,
0000
0000
0000
1000
,
0000
0000
0000
0000
,
0100
0000
0000
0010
,
0000
0000
0000
0100
,
0000
0000
0000
0001
,
0000
0000
0000
0010
,
0000
0000
0000
0100
,
0000
0000
0000
1001
,
0000
0000
0000
0001
,
0000
0000
0010
0000
,
0000
0000
0000
1000
,
0000
0000
0010
0000
,
0000
0000
0000
1000
,
0000
0000
0001
0000
,
0000
0010
0000
0000
,
1000
0000
0000
0001
,
0000
0000
0000
0001
,
0000
0000
0000
1000
,
0000
0000
0001
0000
,
0000
0000
1000
0000
,
0000
0000
0100
0000
,
0000
0000
0001
0000
,
0000
0000
0010
0000
,
0000
0000
0000
0000
,
0000
0010
0000
0010
,
0000
0010
0000
0100
,
0000
0000
0000
0000
;

//---------------dance-single - ----------------
#NOTES:
     dance-single:
     :
     Easy:
     7:
     0.260,0.260,0.099,0.049,0.000:
0000
0000
0000
0000
,
0000
0000
0000
0000
,
0000
0000
0000
0000
,
0000
0000
0000
0000
,
0000
0000
0000
0000
,
0000
0000
0000
0000
,
0000
0000
0000
0000
,
0000
0000
0000
0000
,
0000
0000
0000
0000
,
0001
0000
0000
0000
,
0000
0010
0000
0010
,
0001
0000
0100
0000
,
0010
0000
0100
0000
,
1000
0000
1000
0000
,
0100
0000
0010
0000
,
0010
0000
1000
0000
,
0001
1000
0000
0000
,
1000
0000
0000
1001
,
0000
0010
0000
0000
,
0001
0000
0000
1001
,
0000
0010
0000
0000
,
0001
0000
0000
1000
,
0000
0000
0100
0000
,
0000
0001
0000
0000
,
1000
0000
0000
0000
,
1000
0000
0100
0000
,
0001
0000
0000
0001
,
0000
0100
0000
0010
,
0000
1000
0000
0100
,
0000
0010
0000
1000
,
0000
0001
0000
0200
,
0000
0300
0000
0100
,
0000
0100
0000
0001
,
0000
0010
0000
0100
,
0000
1000
0000
0010
,
0000
1000
0001
0000
,
1000
0001
0000
1000
,
0000
0100
0000
0010
,
0000
0001
0000
1000
,
0000
0100
0000
0010
,
0000
0001
0000
1000
,
0000
0020
0000
0000
0000
0000
0000
0000
,
0000
0030
0000
0001
,
0000
0200
0000
0000
0000
0000
0000
0000
,
0000
0300
0000
1001
,
0000
1000
0000
0100
,
0000
0001
0000
0010
,
0000
0100
0000
1000
,
0000
0001
0000
0100
,
0000
0000
0110
0000
,
0000
1001
0000
0100
,
0000
1000
0000
0100
,
0000
0001
0000
0100
,
0000
1000
0000
0100
,
0000
0001
0000
0010
,
0000
1000
0000
0010
,
0000
0001
0000
0010
,
0000
1000
0000
0010
,
0000
0001
0000
1000
,
0000
0000
0001
0000
,
0000
0110
0000
0000
,
1001
0000
0000
0100
,
0000
0110
0000
1000
,
0000
0010
0000
1000
,
0000
0010
0000
0001
,
0000
0100
0000
0001
,
0000
0100
0000
1000
,
0000
0100
0000
1000
,
0000
0100
0000
0001
,
0000
0100
0000
0001
,
0000
0100
0000
1000
,
0000
1000
0000
1000
,
0000
1000
0000
0001
,
0000
0010
0000
0100
,
0000
1000
0000
0001
,
0000
0001
0000
0001
,
0000
0001
0000
1000
,
0000
0100
0000
0010
,
0000
0001
0000
1000
,
0000
0000
0000
0000
,
0100
0000
0100
0010
,
0000
1000
0000
0010
,
0000
0100
0000
1000
,
0000
0001
0000
0100
,
0000
0001
0000
0010
,
0000
0001
0000
0100
,
0001
0000
0000
0001
,
0000
0000
0110
0000
,
0010
0000
0000
1000
,
0000
0000
0110
0000
,
0010
0000
0000
0001
,
0000
0000
0010
0000
,
0000
1000
0000
0000
,
0100
0000
0000
0001
,
0000
0000
0000
0001
,
0000
0100
0000
1000
,
0000
0000
0001
0000
,
0010
0000
0100
0000
,
1000
0000
0100
0000
,
0010
0000
0001
0000
,
1000
0000
0010
0200
,
0000
0000
0000
0300
,
0000
0010
0000
1000
,
0000
0001
0000
0200
,
0000
0000
0000
0000
,
0300
0000
0000
0000
,
0000
0000
0000
0000
;

//---------------dance-single - ----------------
#NOTES:
     dance-single:
     :
     Medium:
     11:
     0.478,0.473,0.257,0.079,0.010:
0000
0000
0000
0000
,
0000
0000
0000
0000
,
0000
0000
0000
0000
,
0000
0000
0000
0000
,
0000
0000
0000
0000
,
0000
0000
0000
0000
,
0000
0000
0000
0000
,
0000
0000
0000
0000
,
0000
0000
0000
0000
,
0001
0000
0000
1000
0000
0000
0001
0000
,
0000
0010
0001
1000
,
0010
1000
0001
0100
,
0010
0100
0001
1000
,
1000
0000
0000
0100
0000
1000
0000
0100
,
0000
0010
0000
0001
0000
0000
0000
0000
,
0010
1000
0010
0100
,
0001
1000
0000
0000
,
1000
0000
0000
1100
0000
0000
1001
0000
,
0000
0010
0000
0010
,
0001
0000
0000
0101
0000
0000
1001
0000
,
0000
0010
0000
0010
,
1000
0000
0000
0010
0000
0000
0100
0000
,
0000
0001
0000
0000
1000
0000
0000
0110
,
0000
0000
0001
0000
0000
0110
0000
0000
,
2000
0000
0000
3001
,
0100
0010
1000
0100
,
0001
0000
0000
1001
0000
0000
0001
0000
,
0010
0100
1000
0010
,
0100
0001
0100
0010
,
1000
0010
0100
0001
,
1000
0001
0100
0020
,
0000
0000
0030
0100
,
0001
1000
0100
0010
,
0100
0010
0100
1000
,
0001
1000
0100
0010
,
0000
1000
0001
0000
,
1000
0001
1000
1001
,
0000
1100
0000
1001
,
0000
0101
0000
0110
,
0000
1010
0000
1001
,
0000
0011
0000
0001
,
0000
0002
0000
0000
0010
0000
0000
0100
,
0000
1003
0000
0100
,
0000
2000
0000
0000
0100
0000
0000
0010
,
0000
3001
0000
1001
,
0000
1000
0100
1000
,
0100
1000
0010
1000
,
0001
0100
0001
0010
,
0001
0100
0010
1000
,
0000
0001
0000
0000
0100
0000
0000
0101
,
0000
1100
1000
0001
,
0100
0001
0010
0001
,
0100
0001
0010
0001
,
1000
0100
1000
0001
,
1000
0100
1000
0010
,
0100
0001
0100
0010
,
0100
0001
0100
0010
,
1000
0010
0100
0010
,
1000
0010
0100
1000
,
0000
0001
0000
0000
1000
0000
0000
0001
,
0000
0000
0100
0000
0000
0010
0000
0000
,
0100
0000
0000
0010
0000
0000
1000
0000
,
0001
0100
0001
1000
,
0010
1000
0100
1000
,
0010
1000
0100
0010
,
0001
0010
0100
0010
,
0001
0010
0100
0010
,
0001
1000
0001
0010
,
0001
1000
0001
0100
,
0001
0100
0010
0100
,
0001
0100
0010
1000
,
0000
1000
0000
1000
,
0000
1000
0000
1000
,
0001
1000
0010
1000
,
0100
1000
0000
0001
,
0000
0001
0000
0001
,
0000
0001
0000
0001
,
1000
0001
0100
0001
,
0010
0001
0000
1000
,
0000
0001
0000
0000
1000
0000
0000
0000
,
0010
1000
0001
0010
,
0001
1000
0100
0010
,
0100
1000
0001
0001
,
0000
0100
0000
0001
0000
0100
0000
0010
,
0000
1000
0000
0000
0000
0000
0010
0000
,
0001
0010
0100
1000
,
0001
0000
0000
0010
,
0000
0101
0000
0000
1010
0000
0000
0000
,
0100
0000
0010
0010
,
0000
1100
0000
0000
0011
0000
0000
0000
,
0010
0000
0010
0001
,
0000
1000
0000
0000
0100
0000
0000
0010
,
0000
0000
0001
0000
0000
0011
0000
0000
,
1000
0000
0000
1100
0000
0000
0020
0000
,
0000
0000
1030
0100
,
0010
0001
0100
1000
,
0000
0110
0000
0000
0001
0000
0100
0000
,
0010
1000
0001
0010
,
0100
1000
0010
0100
,
0001
1000
0100
0001
,
0100
1000
0001
2000
,
0000
0000
0000
0000
,
3000
0010
0010
1000
,
1000
0000
0000
0000
0001
0000
0000
0000
0001
0000
0000
0000
0100
0000
0000
0100
,
0000
0000
0010
0000
0000
0000
0000
2002
0000
0000
0000
0000
0000
0000
0000
0000
,
0000
0000
0000
0000
,
0000
3003
0000
0000
,
0000
0000
0000
0000
;

//---------------dance-single - ----------------
#NOTES:
     dance-single:
     :
     Hard:
     12:
     0.625,0.683,0.089,0.040,0.020:
0000
0000
0000
0000
,
0000
0000
0000
0000
,
0000
0000
0000
0000
,
0000
0000
0000
0000
,
0000
0000
0000
0000
,
0000
0000
0000
0000
,
0000
0000
0000
0000
,
0000
0000
0000
0000
,
0000
0000
0000
0000
,
0010
0000
0010
1000
0000
1000
0010
0000
,
0000
0001
0010
0100
,
1000
0010
0001
0010
,
1000
0100
0001
0100
,
1000
0100
1000
0001
0000
0010
0000
0100
,
0000
1000
0000
0010
0000
0100
0010
0000
,
1000
0100
1000
0000
0010
0000
0100
0000
,
0001
0000
0100
0000
0000
0010
0000
1000
,
0001
0000
0001
0100
0000
0100
0010
0000
,
1000
0100
0010
0001
,
1000
0000
1000
0100
0000
0100
0010
0000
,
0001
0100
0001
0000
1000
0000
0100
0000
,
1000
0000
0100
0010
0000
0001
0100
0000
,
0010
1000
0000
1000
0100
0000
0010
0001
,
0000
1000
0010
0000
0010
1000
0000
0100
,
0010
1000
0001
0100
,
0010
1000
0001
0000
0010
0000
0100
0000
,
0010
0000
0000
0001
0000
0000
1000
0100
,
0010
0000
0001
0000
1000
0000
1000
0001
,
0100
0000
0001
0000
1000
0000
1000
0010
,
0100
0000
0001
0000
0010
0000
0010
0100
,
1000
0001
0100
0001
,
1000
0100
0000
0100
0000
0000
0110
0000
,
0011
1001
1010
0010
,
0001
0100
0001
0000
1000
0000
0100
0000
,
0010
0001
0000
0000
1000
0000
0001
0000
,
0000
0100
0010
0000
1000
0000
0100
0000
,
0010
0001
0100
0010
,
0000
1000
0100
0000
0000
0100
0010
0000
,
0000
0010
0001
0000
0000
0001
0100
0000
,
0000
0100
1000
0000
0000
1000
0100
0000
,
0000
0100
0001
0000
0010
0000
0100
0000
,
0000
1000
0000
0100
0000
0001
0000
0100
,
0000
1000
0000
0010
0000
0100
0001
0000
,
0000
1000
0000
0010
0000
1000
0100
0000
,
0000
0010
0000
0000
0000
0000
0001
0000
0000
0100
0000
0000
0010
0000
0000
0000
,
0000
1000
0100
1000
0000
0001
1000
0001
,
0000
0100
0001
0100
0000
0010
0100
0010
,
0000
1000
0100
1000
0000
0001
0010
0001
,
0000
1000
0100
0010
0000
0001
0100
0000
,
0010
1000
0000
0001
0100
0000
0010
1000
,
0000
0001
0100
0000
0010
0000
1000
0000
,
0100
0001
0100
1000
,
0100
0001
0100
1000
,
0010
1000
0100
1000
,
0010
1000
0100
1000
,
0010
0001
0010
1000
,
0010
0001
0010
1000
,
0100
0010
0001
0100
,
0010
1000
0100
1000
,
0010
1000
0000
1000
0001
0000
0010
0001
,
0000
0001
1000
0000
0010
0001
0000
0001
,
0100
0000
0010
1000
0000
1000
0100
0000
,
0010
0001
0010
0000
0100
0000
0001
0000
,
0100
1000
0100
0001
,
0100
1000
0100
0001
,
0010
0001
0100
0001
,
0010
0001
0100
0001
,
0010
1000
0010
0001
,
0010
1000
0010
0001
,
0100
0010
1000
0100
,
0010
0001
1000
0100
,
0100
0010
0010
0001
,
0001
1000
1000
0010
,
0010
0100
0100
0001
,
0001
1000
1000
0010
,
0010
0100
0100
0001
,
0001
1000
1000
0001
,
0100
0010
1000
0100
,
0010
0001
1000
0010
,
0010
1000
0000
1000
0010
0000
0000
0000
,
0100
0000
0001
0000
0010
0000
0001
0100
,
0001
0000
1000
0001
1000
0000
0100
0000
,
0100
0010
0000
0001
0000
0100
0010
0000
,
0010
1000
0000
0100
0000
0010
0000
0001
,
0000
1000
0000
0100
0010
0000
0001
1000
,
0001
0100
0010
1000
,
0001
0000
0000
1000
0000
0001
0100
0000
,
0100
0010
0000
0010
1000
0000
0001
0000
,
0100
0001
1000
0010
,
0010
0100
0000
0100
0001
0000
1000
0000
,
0100
1000
0001
0100
,
0010
1000
0000
0001
0100
0000
0001
1000
,
0000
1000
0100
1000
0000
0001
0000
0001
,
0100
0001
0000
1000
0000
1000
0010
1000
,
0000
0001
0000
0001
0000
0001
1000
0100
,
1000
0010
0010
0100
,
0010
1000
0000
0001
0010
0001
1000
0000
,
0100
0000
0100
0000
0010
0001
0010
0000
,
0100
0000
0100
0000
1000
0010
1000
0000
,
0010
0000
0010
0000
1000
0100
1000
0000
,
0010
0001
0010
0000
0100
0000
2002
0000
,
0000
0000
0000
0000
,
3003
0000
1000
0100
0010
0000
0001
0100
,
0010
0000
0000
0000
1000
0000
0001
0000
1000
0000
0000
0000
1100
0000
0000
0011
,
0000
0000
1001
0000
0000
0000
0000
0220
0000
0000
0000
0000
0000
0000
0000
0000
,
0000
0000
0000
0000
,
0000
0330
0000
0000
,
0000
0000
0000
0000
;

//---------------dance-double - ----------------
#NOTES:
     dance-double:
     :
     Easy:
     7:
     0.257,0.260,0.099,0.049,0.000:
00000000
00000000
00000000
00000000
,
00000000
00000000
00000000
00000000
,
00000000
00000000
00000000
00000000
,
00000000
00000000
00000000
00000000
,
00000000
00000000
00000000
00000000
,
00000000
00000000
00000000
00000000
,
00000000
00000000
00000000
00000000
,
00000000
00000000
00000000
00000000
,
00000000
00000000
00000000
00000000
,
00100000
00000000
00000000
00000000
,
00000000
10000000
00000000
00000000
,
00100000
00000000
01000000
00000000
,
00001000
00000000
00010000
00000000
,
00000100
00000000
00000010
00000000
,
00000001
00000000
00000100
00000000
,
00000010
00000000
00010000
00000000
,
00001000
00010000
00000000
00000000
,
00100000
00000000
00000000
10010000
,
00000000
10000000
00000000
00000000
,
00010000
00000000
00000000
00011000
,
00000000
00000010
00000000
00000000
,
00010000
00000000
00000000
00000100
,
00000000
00000000
00010000
00000000
,
00000000
00001000
00000000
00000000
,
01000000
00000000
00000000
00000000
,
00100000
00000000
10000000
00000000
,
01000000
00000000
00000000
00010000
,
00000000
00100000
00000000
00001000
,
00000000
00010000
00000000
00000010
,
00000000
00001000
00000000
00000100
,
00000000
00010000
00000000
00002000
,
00000000
00003000
00000000
01000000
,
00000000
01000000
00000000
00010000
,
00000000
10000000
00000000
01000000
,
00000000
00100000
00000000
00001000
,
00000000
00010000
00001000
00000000
,
00010000
00001000
00000000
00010000
,
00000000
00000100
00000000
00000010
,
00000000
00000001
00000000
00001000
,
00000000
00000100
00000000
00010000
,
00000000
00001000
00000000
00100000
,
00000000
00020000
00000000
00000000
00000000
00000000
00000000
00000000
,
00000000
00030000
00000000
00010000
,
00000000
02000000
00000000
00000000
00000000
00000000
00000000
00000000
,
00000000
03000000
00000000
01100000
,
00000000
10000000
00000000
00010000
,
00000000
01000000
00000000
00001000
,
00000000
00010000
00000000
00000010
,
00000000
00000100
00000000
00000001
,
00000000
00000000
00001001
00000000
,
00000000
00011000
00000000
01000000
,
00000000
00010000
00000000
00100000
,
00000000
00010000
00000000
10000000
,
00000000
00100000
00000000
01000000
,
00000000
00010000
00000000
01000000
,
00000000
00001000
00000000
00100000
,
00000000
00001000
00000000
00010000
,
00000000
00000010
00000000
00010000
,
00000000
00000100
00000000
00001000
,
00000000
00000000
00000001
00000000
,
00000000
00000110
00000000
00000000
,
00011000
00000000
00000000
01000000
,
00000000
01100000
00000000
00010000
,
00000000
00100000
00000000
00010000
,
00000000
00100000
00000000
00001000
,
00000000
00010000
00000000
00001000
,
00000000
00010000
00000000
00000010
,
00000000
00010000
00000000
00000100
,
00000000
00001000
00000000
00000001
,
00000000
00001000
00000000
00000010
,
00000000
00000100
00000000
00000001
,
00000000
00000001
00000000
00000001
,
00000000
00000001
00000000
00000010
,
00000000
00000100
00000000
00010000
,
00000000
00001000
00000000
01000000
,
00000000
01000000
00000000
01000000
,
00000000
01000000
00000000
00010000
,
00000000
00100000
00000000
00100000
,
00000000
10000000
00000000
01000000
,
00000000
00000000
00000000
00000000
,
10000000
00000000
00000000
01000000
,
00000000
00100000
00000000
00001000
,
00000000
00010000
00000000
00000010
,
00000000
00001000
00000000
00000001
,
00000000
00001000
00000000
00000100
,
00000000
00010000
00000000
00001000
,
00010000
00000000
00000000
01000000
,
00000000
00000000
10010000
00000000
,
00100000
00000000
00000000
00010000
,
00000000
00000000
00011000
00000000
,
00000100
00000000
00000000
00001000
,
00000000
00000000
00000010
00000000
,
00000000
00010000
00000000
00000000
,
00001000
00000000
00000000
00100000
,
00000000
00000000
00000000
00010000
,
00000000
10000000
00000000
00100000
,
00000000
00000000
00010000
00000000
,
01000000
00000000
00001000
00000000
,
00010000
00000000
00000100
00000000
,
00001000
00000000
00000010
00000000
,
00001000
00000000
00000001
00000200
,
00000000
00000000
00000000
00000300
,
00000000
00000010
00000000
00010000
,
00000000
00001000
00000000
00020000
,
00000000
00000000
00000000
00000000
,
00030000
00000000
00000000
00000000
,
00000000
00000000
00000000
00000000
;

//---------------dance-double - ----------------
#NOTES:
     dance-double:
     :
     Medium:
     10:
     0.469,0.473,0.228,0.079,0.010:
00000000
00000000
00000000
00000000
,
00000000
00000000
00000000
00000000
,
00000000
00000000
00000000
00000000
,
00000000
00000000
00000000
00000000
,
00000000
00000000
00000000
00000000
,
00000000
00000000
00000000
00000000
,
00000000
00000000
00000000
00000000
,
00000000
00000000
00000000
00000000
,
00000000
00000000
00000000
00000000
,
10000000
00000000
00000000
01000000
00000000
00000000
00010000
00000000
,
00000000
00001000
00000010
00000100
,
00001000
00000001
00000100
00001000
,
00010000
00100000
00010000
00001000
,
00010000
00000000
00000000
00000100
00000000
00000010
00000000
00000001
,
00000000
00001000
00000000
00000001
00000000
00000000
00000000
00000000
,
00000010
00000001
00000100
00001000
,
00010000
01000000
00000000
00000000
,
10000000
00000000
00000000
11000000
00000000
00000000
01010000
00000000
,
00000000
00100000
00000000
00100000
,
00001000
00000000
00000000
00011000
00000000
00000000
00001010
00000000
,
00000000
00000100
00000000
00000100
,
00000001
00000000
00000000
00001000
00000000
00000000
00010000
00000000
,
00000000
10000000
00000000
00000000
10000000
00000000
00000000
00010000
,
00000000
00000000
01000000
00000000
00000000
00001000
00000000
00000000
,
00020000
00000000
00000000
00030000
,
00001000
00000100
00000001
00001000
,
00000001
00000000
00000000
00000110
00000000
00000000
00000001
00000000
,
00000100
00001000
00010000
00100000
,
10000000
00010000
01000000
00100000
,
10000000
00010000
00100000
00001000
,
00010000
00000100
00001000
00000020
,
00000000
00000000
00000030
00001000
,
00000001
00000100
00000010
00000100
,
00000001
00000100
00001000
00010000
,
01000000
10000000
01000000
00010000
,
00000000
00100000
00010000
00000000
,
10000000
00000000
00000000
00010000
00000000
00000000
11000000
00000000
,
00000000
01100000
00000000
00110000
,
00000000
00011000
00000000
00001100
,
00000000
00000110
00000000
00000011
,
00000000
00000001
00000000
00001000
,
00000000
00000002
00000000
00000000
00000010
00000000
00000000
00000100
,
00000000
00001003
00000000
00000100
,
00000000
00020000
00000000
00000000
00000010
00000000
00000000
00000100
,
00000000
00031000
00000000
01100000
,
00000000
10000000
01000000
10000000
,
00100000
01000000
00010000
00100000
,
00001000
00010000
00000100
00001000
,
00000010
00000100
00000001
00000100
,
00000000
00001000
00000000
00000000
00010000
00000000
00000000
11000000
,
00000000
01010000
10000000
00010000
,
01000000
00010000
00100000
00010000
,
01000000
00010000
00100000
01000000
,
00010000
00001000
00010000
01000000
,
00010000
00001000
00010000
00000010
,
00001000
00000100
00001000
00000010
,
00001000
00000100
00001000
00000001
,
00000100
00001000
00000100
00000001
,
00000100
00001000
00000100
00001000
,
00000000
00100000
00000000
00000000
00001000
00000000
00000000
01000000
,
00000000
00000000
00001000
00000000
00000000
00010000
00000000
00000000
,
00000010
00000000
00000000
00010000
00000000
00000000
00000100
00000000
,
00010000
00001000
00010000
00100000
,
00010000
00001000
00010000
00100000
,
00010000
00001000
00010000
00100000
,
10000000
01000000
10000000
00100000
,
10000000
01000000
10000000
00010000
,
00100000
00010000
10000000
00010000
,
00100000
00010000
10000000
01000000
,
00010000
00001000
00010000
01000000
,
00010000
00001000
00010000
00000010
,
00000000
00000010
00000000
00000010
,
00000000
00000010
00000000
00000010
,
00000100
00000001
00000100
00001000
,
00010000
00100000
10000000
01000000
,
00000000
01000000
00000000
01000000
,
00000000
01000000
00000000
01000000
,
10000000
01000000
00010000
00001000
,
00000100
00000001
00000000
00000010
,
00000000
00000100
00000000
00000000
00000010
00000000
00000000
00000000
,
00001000
00000010
00000100
00000001
,
00000100
00001000
00010000
00100000
,
10000000
01000000
00010000
10000000
,
00000000
01000000
00000000
00010000
00000000
00001000
00000000
00000100
,
00000000
00000001
00000000
00000000
00000000
00000000
00000010
00000000
,
00000001
00000100
00001000
00010000
,
01000000
00000000
00000000
11000000
,
00000000
00110000
00000000
00000000
00011000
00000000
00000000
00000000
,
00001000
00000000
00000000
00011000
,
00000000
00001010
00000000
00000000
00000101
00000000
00000000
00000000
,
00000100
00000000
00000100
00000001
,
00000000
00001000
00000000
00000000
00010000
00000000
00000000
10000000
,
00000000
00000000
10000000
00000000
00000000
00010000
00000000
00000000
,
00100000
00000000
00000000
00001000
00000000
00000000
00020000
00000000
,
00000000
00000000
00030000
00001000
,
00010000
00001000
00000100
00000001
,
00000000
00000110
00000000
00000000
00000001
00000000
00000100
00000000
,
00001000
00010000
01000000
10000000
,
00100000
10000000
00010000
01000000
,
00001000
00100000
00000100
00010000
,
00000010
00001000
00000001
00000200
,
00000000
00000000
00000000
00000000
,
00000300
00001000
00001000
00010000
,
00010000
00000000
00000000
00000000
01000000
00000000
00000000
00000000
01000000
00000000
00000000
00000000
10000000
00000000
00000000
10000000
,
00000000
00000000
10000000
00000000
00000000
00000000
00000000
22000000
00000000
00000000
00000000
00000000
00000000
00000000
00000000
00000000
,
00000000
00000000
00000000
00000000
,
00000000
33000000
00000000
00000000
,
00000000
00000000
00000000
00000000
;

//---------------dance-double - ----------------
#NOTES:
     dance-double:
     :
     Hard:
     14:
     0.663,0.683,0.059,0.040,0.020:
00000000
00000000
00000000
00000000
,
00000000
00000000
00000000
00000000
,
00000000
00000000
00000000
00000000
,
00000000
00000000
00000000
00000000
,
00000000
00000000
00000000
00000000
,
00000000
00000000
00000000
00000000
,
00000000
00000000
00000000
00000000
,
00000000
00000000
00000000
00000000
,
00000000
00000000
00000000
00000000
,
00100000
00000000
00100000
10000000
00000000
10000000
00010000
00000000
,
00000000
10000000
00100000
01000000
,
00010000
00001000
00000100
00000010
,
00000001
00000010
00000100
00001000
,
00000100
00001000
00000100
00001000
00000000
00000010
00000000
00001000
,
00000000
00010000
00000000
00100000
00000000
00010000
10000000
00000000
,
01000000
00100000
01000000
00000000
00010000
00000000
00100000
00000000
,
00001000
00000000
00011000
00000000
00000000
00000100
00000000
00001000
,
00000100
00000000
00000100
00000010
00000000
00000010
00000001
00000000
,
00000100
00001000
00010000
00100000
,
00010000
00000000
00010000
10000000
00000000
10000000
00100000
00000000
,
10000000
01000000
00100000
00000000
00010000
00000000
00010000
00000000
,
00100000
00000000
00010000
01000000
00000000
00001000
00010000
00000000
,
00000100
00001000
00000000
00000010
00000100
00000000
00000001
00000100
,
00000000
00000010
00001000
00000000
00000100
00000010
00000000
00000001
,
00001000
00000100
00001000
00010000
,
01000000
00010000
00100000
00000000
00010000
00000000
10000000
00000000
,
00010000
00000000
00000000
01000000
00000000
00000000
00001000
00010000
,
00001000
00000000
00000010
00000000
00000100
00000000
00000001
00001000
,
00000001
00000000
00000100
00000000
00000010
00000000
00000100
00001000
,
00000100
00000000
00001000
00000000
00010000
00000000
00100000
00010000
,
00100000
01000000
10000000
00010000
,
10000000
01000000
00000000
01000000
00000000
00000000
10000000
00000000
,
01000000
00100000
00010000
00001000
,
00000010
00001000
00000010
00000000
00000100
00000000
00000001
00000000
,
00001000
00000100
00000000
00000000
00001000
00000000
00000001
00000000
,
00000000
00000100
00000010
00000000
00001000
00000000
00010000
00000000
,
00100000
01000000
10000000
00100000
,
00000000
00100000
01000000
00000000
00000000
01000000
00001000
00000000
,
00000000
00001000
00010000
00000000
00000000
00010000
00000100
00000000
,
00000000
00000100
00000010
00000000
00000000
00000010
00000001
00000000
,
00000000
00000001
00000100
00000000
00001000
00000000
00000100
00000000
,
00000000
00000001
00000000
00000100
00000000
00001000
00000000
00000100
,
00000000
00001000
00000000
00010000
00000000
01000000
00100000
00000000
,
00000000
10000000
00000000
00100000
00000000
10000000
01000000
00000000
,
00000000
00100000
00000000
00000000
00000000
00000000
00010000
00000000
00000000
01000000
00000000
00000000
00100000
00000000
00000000
00000000
,
00000000
10000000
01000000
10000000
00000000
00010000
10000000
00010000
,
00000000
01000000
00010000
01000000
00000000
00001000
00010000
00001000
,
00000000
00000100
00001000
00000100
00000000
00000010
00000100
00000010
,
00000000
00000001
00000010
00000001
00000000
00000010
00000100
00000000
,
00001000
00000100
00000000
00010000
00001000
00000000
01000000
00010000
,
00000000
10000000
00100000
00000000
10000000
00000000
00100000
01000000
,
00100000
00000000
10000000
00000000
00010000
00000000
00100000
00010000
,
00100000
00000000
00010000
00000000
00001000
00000000
00000100
00001000
,
00000100
00000000
00000010
00000000
00000100
00000000
00001000
00000001
,
00001000
00000000
00000010
00000000
00000100
00000000
00000001
00000100
,
00000001
00000000
00001000
00000000
00000010
00000000
00001000
00000001
,
00001000
00000000
00000010
00000000
00000100
00000000
00001000
00010000
,
00001000
00000000
00100000
00000000
00010000
00000000
01000000
00010000
,
01000000
00100000
10000000
01000000
,
01000000
10000000
00000000
00010000
01000000
00000000
00100000
01000000
,
00000000
00010000
10000000
00000000
01000000
00100000
00000000
00001000
,
00010000
00000000
00000010
00001000
00000100
00001000
00000001
00000000
,
00000010
00000001
00000010
00000000
00000100
00000000
00001000
00000010
,
00001000
00000000
00000001
00000000
00000010
00000100
00001000
00000100
,
00001000
00000000
00010000
00000000
00100000
00010000
01000000
00100000
,
10000000
00000000
00010000
00000000
01000000
00000000
00100000
10000000
,
00100000
00000000
01000000
00000000
00010000
10000000
00100000
01000000
,
00010000
00000000
01000000
00000000
00010000
00100000
00001000
00010000
,
00000010
00000000
00001000
00000000
00000001
00000010
00000100
00001000
,
00000010
00000000
00001000
00000000
00000010
00000100
00000001
00001000
,
00000100
00000000
00000010
00000000
00000001
00001000
00000001
00000000
,
00000001
00000100
00000100
00000010
,
00000010
00000000
00001000
00000000
00001000
00000000
00000100
00001000
,
00010000
00100000
01000000
00000000
10000000
00000000
00100000
00000000
,
00100000
10000000
10000000
01000000
,
01000000
00100000
00100000
00010000
,
00010000
00000000
01000000
00000000
01000000
00000000
10000000
00100000
,
00010000
00001000
00000100
00000000
00001000
00000000
00000010
00001000
,
00000001
00000100
00000010
00000000
00000100
00000000
00000010
00000000
,
00000010
00001000
00000000
00001000
00000001
00000000
00000000
00000000
,
00001000
00000000
00000100
00000000
00000010
00000000
00000100
00001000
,
00000100
00000000
00010000
00001000
00010000
00000000
01000000
00000000
,
00100000
00010000
00000000
10000000
00000000
00100000
10000000
00000000
,
00010000
01000000
00000000
00100000
00000000
10000000
00000000
01000000
,
00000000
00100000
00000000
00010000
01000000
00000000
00100000
10000000
,
00100000
01000000
00010000
00001000
,
00000100
00000000
00000000
00000010
00000000
00000001
00000100
00000000
,
00000100
00000010
00000000
00000010
00001000
00000000
00000100
00000000
,
00001000
00010000
01000000
00010000
,
00010000
01000000
00000000
01000000
00100000
00000000
10000000
00000000
,
01000000
00100000
00010000
01000000
,
00010000
00100000
00000000
00001000
00010000
00000000
00000010
00001000
,
00000000
00000001
00000100
00000001
00000000
00001000
00000000
00000010
,
00001000
00000010
00000000
00000100
00000000
00000001
00001000
00000001
,
00000000
00000010
00000000
00000100
00000000
00000010
00001000
00000100
,
00001000
00000100
00001000
00010000
,
00100000
00010000
00000000
01000000
00010000
10000000
00100000
00000000
,
10000000
00000000
01000000
00000000
00100000
01000000
00100000
00000000
,
00010000
00000000
01000000
00000000
00100000
10000000
00100000
00000000
,
01000000
00000000
00010000
00000000
00100000
00010000
00100000
00000000
,
00001000
00010000
00001000
00000000
00010000
00000000
00022000
00000000
,
00000000
00000000
00000000
00000000
,
00033000
00000000
00100000
00001000
00010000
00000000
00000010
00010000
,
00001000
00000000
00000000
00000000
01000000
00000000
00001000
00000000
00010000
00000000
00000000
00000000
00001100
00000000
00000000
00011000
,
00000000
00000000
00110000
00000000
00000000
00000000
00000000
00022000
00000000
00000000
00000000
00000000
00000000
00000000
00000000
00000000
,
00000000
00000000
00000000
00000000
,
00000000
00033000
00000000
00000000
,
00000000
00000000
00000000
00000000
;
