#TITLE:THE WHISTLE SONG (Blow My Whistle Baby);
#SUBTITLE:;
#ARTIST:DJ ALIGATOR PROJECT;
#TITLETRANSLIT:;
#SUBTITLETRANSLIT:;
#ARTISTTRANSLIT:;
#CREDIT:;
#BANNER:THE WHISTLE SONG (Blow My Whistle Baby).png;
#BACKGROUND:THE WHISTLE SONG (Blow My Whistle Baby)-bg.png;
#LYRICSPATH:;
#CDTITLE:./CDTITLES/Dancemania SUPER TRANCE BEST.PNG;
#MUSIC:THE WHISTLE SONG (Blow My Whistle Baby).ogg;
#OFFSET:0.000;
#SAMPLESTART:16.440;
#SAMPLELENGTH:15.000;
#SELECTABLE:YES;
#DISPLAYBPM:140.000;
#BPMS:0.000=138.438,4.000=139.998;
#STOPS:36.000=0.857,170.000=0.857;
#BGCHANGES:;

//---------------dance-single - ----------------
#NOTES:
     dance-single:
     :
     Beginner:
     1:
     0.143,0.133,0.021,0.000,0.000:

0000
0000
0000
0000
,
0000
0000
0000
0000
,
0000
0000
0000
0000
,
0000
0010
0000
0010
,
0000
0100
0000
0100
,
0000
0001
0000
0001
,
0000
1000
0000
1000
,
0000
0010
0000
0100
,
0000
0001
0000
1000
,
0000
0000
0001
0001
,
0000
1000
0000
1000
,
0000
0000
1000
1000
,
0000
0001
0000
0001
,
0000
0000
0010
0010
,
0000
0100
0000
1000
,
0000
0000
0010
0010
,
0000
0100
0000
0001
,
0000
0000
1001
0000
,
0000
0000
0000
0010
,
0000
0010
0000
1000
,
0000
0001
0000
0010
,
0000
0010
0000
0001
,
0000
1000
0000
0010
,
0000
0100
0000
0001
,
0000
0100
0000
0010
,
0000
0100
0000
1000
,
0000
0100
0000
0010
,
0000
1000
0000
0001
,
0000
0010
0000
0100
,
0000
1000
0000
0001
,
0000
0001
0000
1000
,
0000
0010
0000
0010
,
0000
1000
0000
0001
,
0000
0010
0000
0010
,
0000
0010
0000
0001
,
0000
0001
0000
1000
,
0000
0001
0000
0010
,
0000
0100
0000
0010
,
0000
0001
0000
0001
,
0000
1000
0000
0010
,
0000
0100
0000
0010
,
0000
0100
0000
1000
,
0000
0001
0000
0000
,
1000
0000
0001
0000
,
0010
0000
1000
0000
,
0010
0000
0100
0000
,
0010
0000
0100
0000
,
0010
0000
0001
0000
,
1000
0000
0001
0000
,
0100
0000
0100
0000
,
1000
0000
0010
0000
,
1001
0000
0000
0000
;

//---------------dance-single - ----------------
#NOTES:
     dance-single:
     :
     Easy:
     3:
     0.189,0.216,0.021,0.042,0.000:
0000
0000
0000
0000
,
0000
0000
0000
0000
,
0000
0000
0000
0000
,
0000
0010
0000
0000
,
0000
0100
0000
0100
,
0000
0001
0000
0001
,
0000
1000
0000
1000
,
0000
0010
0000
0100
,
0000
0001
0000
1000
,
0000
0000
0001
0001
,
1000
1000
0001
1000
,
0100
0000
1000
1000
,
0001
0001
1000
0001
,
0100
0000
0010
0010
,
0100
0100
0010
1000
,
0100
0000
0010
0010
,
0100
0100
0010
0001
,
0100
0000
2002
0000
,
0000
3003
0000
0010
,
0000
0010
0000
1000
,
0100
0001
0000
0010
,
0000
0010
0000
0001
,
0100
1000
0000
0010
,
0000
0100
0000
0001
,
1000
0100
0000
0010
,
0000
0100
0000
1000
,
0001
0100
0010
0010
,
0000
1000
0000
0001
,
0000
0010
0100
0100
,
0000
1000
0000
0001
,
0000
0001
1000
1000
,
0000
0010
0000
0010
,
0000
1000
0001
0001
,
0000
0010
0000
0010
,
0000
0010
0000
0001
,
0000
0001
0000
1000
,
0010
0001
0000
0010
,
0000
0100
0000
0010
,
1000
0001
0000
0001
,
0000
1000
0000
0010
,
1000
0100
0000
0010
,
0000
0100
0000
1000
,
0100
0001
0000
0000
,
1000
0000
0001
0000
,
0010
0001
1000
0000
,
0010
0000
0100
0000
,
0010
1000
0100
0000
,
0010
0000
0001
0000
,
1000
0100
0001
0000
,
0100
0000
0100
0000
,
1000
0001
0010
0000
,
2002
0000
0000
3003
,
0000
0000
0000
0000
;

//---------------dance-single - ----------------
#NOTES:
     dance-single:
     :
     Medium:
     4:
     0.356,0.350,0.365,0.063,0.000:
0000
0000
0000
0000
,
0000
0000
0000
0000
,
0000
0000
0000
0000
,
0010
0010
0010
0000
,
0100
1001
0100
1001
,
1000
0010
0100
0001
,
0100
0010
1000
0100
,
0010
0001
1000
0100
,
0010
0100
1000
0010
,
1001
0000
0001
1000
,
0010
0100
1001
0110
,
0001
1000
0010
1000
,
0010
0001
0110
1001
,
0010
1000
0010
1000
,
0100
0001
0110
1001
,
1000
0001
0100
1000
,
0010
0001
1001
0110
,
1001
0110
2002
0000
,
0000
3003
0010
0100
,
0010
0100
0001
0010
,
0100
1000
0001
1000
,
0001
1000
0100
0001
,
0010
1000
0010
0100
,
0010
0100
0001
1000
,
0010
0001
0010
1000
,
0100
0001
0100
1000
,
0110
1001
0110
0110
,
0001
1000
0100
0010
,
1000
0001
0110
0110
,
0001
0010
1000
0100
,
0001
0010
0110
0110
,
1000
0001
0100
0010
,
1000
0001
0110
0110
,
1000
0010
0001
0100
,
1000
0010
1001
0100
,
0010
0100
0001
0100
,
1000
0100
0110
0110
,
0001
0000
1000
0000
0100
0000
0010
0001
,
0010
0100
1000
0000
0110
0000
0110
0000
,
1000
1000
0001
0010
,
0010
0100
0001
0000
0110
0000
0110
0000
,
0001
0000
0010
0000
0100
0000
1000
0001
,
0010
0100
1000
0000
2002
0000
3003
0000
,
0001
0001
1000
1000
,
0001
0000
1000
0000
0001
1000
0100
0000
,
0010
0010
0100
0100
,
0010
0000
0100
1000
0001
0100
0010
0000
,
0010
1000
0100
0001
,
1001
0000
0110
0000
1000
0100
0001
0000
,
0010
0001
0100
1000
,
0010
0000
0001
0010
1000
0010
0001
0000
,
2002
0000
0000
3003
,
0000
0000
0000
0000
;

//---------------dance-single - ----------------
#NOTES:
     dance-single:
     :
     Hard:
     7:
     0.543,0.485,0.573,0.021,0.135:
0000
0000
0000
0000
,
0000
0000
0000
0000
,
0000
0000
0000
0000
,
1001
0000
0010
0100
0001
0100
0000
0000
,
0000
0001
1000
0010
0101
0000
0101
0000
,
0110
0000
0001
1000
0010
0100
0000
0000
,
0000
0001
0010
1000
0100
0010
1000
0000
,
0011
0000
0100
1000
0001
0100
0000
0000
,
0100
0001
0010
1000
0010
0001
0100
1000
,
0100
0000
0000
0000
1001
0000
1010
0100
,
0001
1000
0000
0110
0000
0001
0010
0001
,
1000
0100
0001
0000
0110
0000
1001
0010
,
0100
0001
0000
0011
0000
1100
0001
0100
,
0010
1000
0100
0000
1001
0000
0110
0001
,
1000
0100
0000
1010
0000
0101
1000
0100
,
0010
0001
0100
0000
0110
0000
1001
0010
,
0100
0010
0000
1001
0000
0110
1000
0100
,
1001
0000
1001
0000
0010
1000
0001
0100
,
0010
0000
1000
0000
0001
0000
0100
0000
0001
0000
0000
0100
0010
0000
0010
0000
,
0010
0000
0000
1000
0100
0000
0100
0000
0100
0000
0000
0010
0001
0000
0001
0000
,
1000
0000
0100
0000
0010
0000
0001
0000
1000
0000
0000
0001
0010
0000
0010
0000
,
0010
0000
0000
0100
1000
0000
1000
0000
1000
0000
0000
0001
0100
0000
0100
0000
,
0001
0000
0010
0000
0100
0000
1000
0000
0001
0000
0000
1000
0100
0000
0100
0000
,
1000
0000
0000
0001
0100
0000
0100
0000
0010
0000
0000
1000
0001
0000
1000
0000
,
0010
0000
0100
0000
0010
0000
0100
0000
0001
0000
0000
1000
0010
0000
0010
0000
,
1000
0000
0000
0001
0010
0000
0010
0000
0100
0000
0000
1000
0001
0000
1000
0000
,
0001
1000
0010
0100
0001
0010
0100
1000
,
0011
1100
0101
1010
,
1001
0000
0110
0000
1000
0100
0010
0001
,
1100
0011
1010
0101
,
0110
0000
1001
0000
1000
0010
0100
0001
,
1010
0101
0011
1100
,
0110
0000
0110
0000
0001
0100
0010
1000
,
0101
1010
1100
0011
,
1001
0000
0000
0000
1001
0000
0000
0000
0001
0000
1000
0000
0100
0000
0010
0100
,
0000
0000
1000
0000
0001
0000
0100
0001
0000
0000
0100
0000
0010
0000
1000
0010
,
0000
0000
0100
0000
0001
0000
1000
0100
0000
0000
0010
0000
0001
0000
1000
0100
,
0000
0000
0010
0000
0001
0000
0100
1000
0000
0000
0100
0000
0001
0000
0010
0100
,
0000
0000
1000
0000
0001
0000
0100
0010
0000
0000
1000
0000
0100
0000
0010
0001
,
0000
0000
0100
0000
0010
0000
1000
0001
0000
0000
0100
0000
0010
0000
1000
0100
,
0000
0000
0010
0000
0001
0000
1000
0001
0000
0000
0010
0000
0100
0000
1000
0100
,
0000
0000
1000
0000
0010
0000
0100
0001
0000
0000
0100
0000
0000
0000
0100
0000
,
0000
0100
0000
0100
0001
1000
0100
0010
,
0100
0000
1000
0001
0100
0010
0000
1001
,
0000
0010
1000
0100
0010
0001
0100
0000
,
0011
0000
1000
0100
0010
0001
0000
1010
,
0000
0001
0100
0010
1000
0010
0100
0000
,
0101
0000
0010
1000
0001
0100
0000
1100
,
0000
0010
0001
0010
0100
1000
0100
0000
,
0110
0000
0001
0010
1000
0010
0000
0001
,
1000
0100
0010
0100
0101
0000
1100
0000
,
2002
0000
0000
3003
,
0000
0000
0000
0000
;

//---------------dance-double - ----------------
#NOTES:
     dance-double:
     :
     Easy:
     3:
     0.173,0.162,0.063,0.021,0.000:
00000000
00000000
00000000
00000000
,
00000000
00000000
00000000
00000000
,
00000000
00000000
00000000
00000000
,
00000000
00001001
00000000
00000000
,
00000000
10010000
00000000
00011000
,
00000000
00000001
00000000
00000010
,
00000000
00000100
00000000
00001000
,
00000000
00010000
00000000
00100000
,
00000000
01000000
00000000
10000000
,
00000000
00000000
00000000
10000000
,
00000000
00010000
00000000
10000000
,
00000000
01000000
00000000
00010000
,
00000000
00001000
00000000
00000100
,
00000001
00000010
00000000
00000001
,
00000000
00001000
00000000
00000001
,
00000000
00000100
00000000
00001000
,
00000000
00010000
00000000
01000000
,
10000000
00100000
02000000
00000000
,
00000000
03000000
00010000
00000000
,
10000000
00000000
00100000
00010000
,
00001000
00000000
00000010
00000000
,
00000100
00000000
00000010
00000001
,
00000100
00000000
00000010
00000000
,
00000100
00000000
00001000
00010000
,
01000000
00000000
00100000
00000000
,
01000000
00000000
00100000
00010000
,
01000000
00000000
00001000
00010000
,
00000000
00000100
00000000
00000010
,
00000000
00001000
00010000
00001000
,
00000000
00100000
00000000
01000000
,
00000000
00010000
00001000
00010000
,
00000000
00001001
00000000
00000100
,
00000000
00001000
00010000
00001000
,
00000000
10010000
00000000
00100000
,
00000000
01000000
01000000
00000000
,
00010000
00000000
10000000
01000000
,
00010000
00000000
00001000
00000000
,
00000100
00000000
00000010
00000100
,
00001000
00000000
00010000
00000000
,
00010000
00000000
00100000
10000000
,
01000000
00000000
00010000
00000000
,
00010000
00000000
00001000
00000010
,
00000100
00000000
00011000
00000000
,
00000000
00000010
00000000
00000100
,
00000000
00000001
00000000
00001000
,
00000000
00000100
00000000
00000010
,
00000000
00001000
00000000
00010000
,
00000000
00100000
00000000
10000000
,
00000000
01000000
00000000
00100000
,
00000000
00010000
00000000
10000000
,
00000000
01000000
00000000
00010000
,
00002000
00000000
00000000
00003000
,
00000000
00000000
00000000
00000000
;

//---------------dance-double - ----------------
#NOTES:
     dance-double:
     :
     Medium:
     4:
     0.345,0.377,0.354,0.063,0.000:
00000000
00000000
00000000
00000000
,
00000000
00000000
00000000
00000000
,
00000000
00000000
00000000
00000000
,
00100000
10000000
01000000
00010000
,
00001000
00000100
00000001
00000010
,
00000010
00000001
00000100
00001000
,
00010000
00100000
10000000
01000000
,
01000000
10000000
00100000
00010000
,
00001000
00000010
00000001
00000100
,
00011000
00000000
00100000
10000000
,
00010000
01000000
00100000
10000000
,
01000000
00010000
00001000
00000100
,
00000010
00001000
00000001
00000010
,
00001000
00010000
00100000
10000000
,
01000000
10000000
00010000
01000000
,
00100000
00010000
00001000
00000010
,
00000100
00000010
00000001
00001000
,
00000100
00000010
00002002
00000000
,
00000000
00003003
00001000
00000100
,
00010000
00001000
00100000
00010000
,
10000000
01000000
00010000
00001000
,
00010000
00000010
00010000
00001000
,
00000100
00000001
00000100
00001000
,
00100000
01000000
00010000
00001000
,
01000000
00010000
00000100
00001000
,
00100000
00010000
00000010
00001000
,
00010000
00001000
01001000
00011000
,
00000010
00001000
00000010
00000100
,
00000010
00001000
00010100
00011000
,
00100000
01000000
00010000
10000000
,
00100000
00010000
00101000
00011000
,
00100000
00010000
00001000
00000100
,
00001000
00010000
00010100
00011000
,
00000100
00001000
00000001
00001000
,
00000010
00000100
00001000
00010000
00100000
00000000
00100000
00000000
,
10000000
01000000
00100000
00010000
,
01000000
00010000
00101000
00010010
,
00000100
00000010
00001000
00000100
,
00001000
00000010
00010100
01001000
,
00010000
00001000
00000010
00001000
,
00010000
01000000
01001000
00010100
,
00000010
00000000
00000100
00000000
00000010
00000000
00000100
00000010
,
00001000
00010000
01000000
00000000
20020000
00000000
30030000
00000000
,
01100000
00110000
00001000
00000100
,
00000001
00000100
00000110
00001001
,
00000110
00001001
00000100
00001000
,
00010000
00100000
11000000
01010000
,
01100000
10010000
01000000
00010000
,
00001000
00000100
00001001
00000110
,
00000101
00001100
00000010
00000001
,
00000100
00001000
01010000
11000000
,
20020000
00000000
00000000
30030000
,
00000000
00000000
00000000
00000000
;

//---------------dance-double - ----------------
#NOTES:
     dance-double:
     :
     Hard:
     7:
     0.497,0.458,0.375,0.010,0.063:
00000000
00000000
00000000
00000000
,
00000000
00000000
00000000
00000000
,
00000000
00000000
00000000
00000000
,
10010000
00000000
00100000
10000000
01000000
00010000
00000000
00000000
,
00000000
00001000
00000100
00000001
00001001
00000000
00000110
00000000
,
00001001
00000000
00000010
00000001
00000100
00001000
00000000
00000000
,
00000000
00010000
01000000
10000000
00100000
00010000
00001000
00000000
,
10010000
00000000
00100000
10000000
01000000
00010000
00000000
00000000
,
00001000
00000100
00000001
00000010
00001000
00010000
00100000
10000000
,
01000000
00000000
00000000
00000000
10010000
00000000
00100000
00010000
,
00001000
00000010
00000000
00001001
00000000
00000010
00001000
00000100
,
00000010
00000001
00000100
00000000
00001001
00000000
00000010
00001000
,
00010000
00100000
00000000
10010000
00000000
00100000
00010000
10000000
,
01000000
00100000
01000000
00000000
10010000
00000000
01000000
00010000
,
00001000
00000100
00000000
00001001
00000000
00000010
00001000
00000010
,
00000100
00000001
00000100
00000000
00001001
00000000
00000100
00001000
,
00010000
01000000
00000000
10010000
00000000
00100000
10000000
00010000
,
10010000
00000000
01100000
00000000
10000000
00010000
01000000
00100000
,
00010000
00000000
00001000
00000000
00000010
00000000
00000100
00000000
00001000
00000000
00000000
00000001
00000100
00000000
00000100
00000000
,
00000100
00000000
00000000
00000010
00001000
00000000
00001000
00000000
00001000
00000000
00000000
00000100
00000010
00000000
00000010
00000000
,
00000010
00000000
00001000
00000000
00010000
00000000
00100000
00000000
10000000
00000000
00000000
00010000
01000000
00000000
01000000
00000000
,
01000000
00000000
00000000
00010000
00100000
00000000
00100000
00000000
00100000
00000000
00000000
01000000
10000000
00000000
10000000
00000000
,
10000000
00000000
00010000
00000000
01000000
00000000
00000000
00000000
00100000
00000000
00000000
10000000
01000000
00000000
00010000
00000000
,
00001000
00000000
00000000
00000100
00000010
00000000
00001000
00000000
00000100
00000000
00000000
00000010
00000001
00000000
00000100
00000000
,
00001000
00000000
00010000
00000000
00001000
00000000
00000010
00000000
00000001
00000000
00000000
00000100
00001000
00000000
00010000
00000000
,
00100000
00000000
00000000
10000000
01000000
00000000
00100000
00000000
00010000
00000000
00000000
10000000
01000000
00000000
00010000
00000000
,
00001000
00000100
00000010
00001000
00000001
00000000
00000001
00000000
,
00001000
00000001
00000100
00000000
00000010
00000100
00001000
00010000
,
01000000
00100000
00010000
00000000
10000000
00000000
10000000
00000000
,
00100000
10000000
01000000
00000000
10000000
01000000
00010000
00001000
,
00000100
00000000
00000010
00001000
00000001
00000000
00000001
00000000
,
00001000
00000100
00000010
00000000
00000001
00000100
00001000
00010000
,
00100000
10000000
01000000
00000000
10000000
00000000
10000000
00000000
,
00100000
01000000
00001000
00010000
00000000
00011000
00000000
00000110
,
00000000
00010010
00000000
00101000
00010000
10000000
01000000
00000000
,
00100000
01000000
00010000
00000000
00001000
00000100
00000001
00000010
,
00000100
00001000
00000001
00000000
00001000
00000100
00000010
00000000
,
00000001
00000100
00001000
00000000
00010000
00100000
10000000
01000000
,
00100000
00010000
10000000
00000000
10010000
00000000
10010000
00000000
,
00100000
01000000
00010000
00000000
00001000
00000100
00000010
00001000
,
00000001
00000100
00000010
00000000
00001001
00000000
00001001
00000000
,
00000010
00001000
00000001
00000100
00000000
00010100
00000000
01001000
,
00000000
01100000
00000000
01000000
10000000
00000000
00000001
00000000
,
00001100
00000000
00000010
00000001
00000100
00001000
00000000
00110000
,
00000000
01000000
10000000
00100000
10000000
00010000
01000000
00000000
,
10100000
00000000
01000000
10000000
00100000
00010000
00000000
00001100
,
00000000
00000010
00000001
00001000
00000001
00000100
00000010
00000000
,
00001001
00000000
00000100
00001000
00000001
00000100
00000000
00011000
,
00000000
00100000
10000000
01000000
00100000
00010000
01000000
00000000
,
10010000
00000000
00100000
10000000
00100000
00010000
00000000
00011000
,
00000000
00000010
00001000
00000100
00010100
00000000
01001000
00000000
,
20000000
00000000
00000000
30000000
,
00000000
00000000
00000000
00000000
;
