#TITLE:TIERRA BUENA;
#SUBTITLE:;
#ARTIST:WILMA DE OLIVEIRA;
#TITLETRANSLIT:;
#SUBTITLETRANSLIT:;
#ARTISTTRANSLIT:;
#CREDIT:;
#BANNER:TIERRA BUENA.png;
#BACKGROUND:TIERRA BUENA-bg.png;
#LYRICSPATH:;
#CDTITLE:./CDTITLES/GuitarFreaks & DrumMania.png;
#MUSIC:TIERRA BUENA.ogg;
#OFFSET:0.000;
#SAMPLESTART:35.500;
#SAMPLELENGTH:15.000;
#SELECTABLE:YES;
#DISPLAYBPM:115.000;
#BPMS:0.000=115.016,4.000=114.998;
#STOPS:;
#BGCHANGES:;

//---------------dance-single - ----------------
#NOTES:
     dance-single:
     :
     Beginner:
     3:
     0.119,0.139,0.091,0.000,0.000:
0000
0000
0000
0000
,
0000
0000
0000
0000
,
0000
0000
0000
0000
,
0000
0000
0000
0000
,
0000
0000
0000
0000
,
1000
0000
0000
0000
,
0001
0000
0000
0000
,
0010
0000
0010
0000
,
0010
0000
0100
0000
,
0100
0000
0000
0000
,
0010
0000
0000
0000
,
1000
0000
0000
0001
,
0000
0001
0000
0000
,
0001
0000
0100
0000
,
0100
0000
1000
0000
,
0010
0000
1000
0000
,
0100
0000
1000
0000
,
0000
0010
0000
0000
,
0100
0100
0000
1001
,
0000
0100
0000
0000
,
0010
0010
0000
1001
,
0000
0000
1000
0000
,
0010
0000
0010
0000
,
1000
0000
1000
0000
,
0001
0000
0001
0000
,
0010
0000
0100
0000
,
0001
0000
1001
0000
,
0001
0000
0100
0000
,
0010
0000
1000
0000
,
1000
0000
0100
0000
,
0001
0000
0100
0000
,
0000
0010
0000
0000
,
0100
0100
0000
1001
,
0000
0100
0000
0000
,
0010
0010
0000
1001
,
0000
0010
0000
0000
,
0100
0100
0000
1001
,
0000
0100
0000
0000
,
0010
0010
0000
1001
,
0000
0000
0010
0000
,
1000
0000
1001
0000
,
0000
0000
0000
0000
;

//---------------dance-single - ----------------
#NOTES:
     dance-single:
     :
     Easy:
     4:
     0.225,0.231,0.091,0.057,0.000:
0000
0000
0000
0000
,
0000
0000
0000
0000
,
0000
0000
0000
0000
,
0000
0000
0000
0000
,
0000
0000
0000
0000
,
1000
1000
0100
0000
,
0001
0001
0100
0000
,
0010
1000
0010
0001
,
0010
1000
0100
0000
,
0100
0100
0010
0000
,
0010
0010
0100
0000
,
1000
1000
0001
0001
,
0010
0001
0100
0000
,
0001
1000
0100
0010
,
0100
0001
1000
0000
,
0010
0001
1000
0010
,
0100
0001
1000
0000
,
0010
0010
0100
0100
,
0010
0100
0010
1001
,
0100
0100
0010
0010
,
0100
0010
0100
1001
,
0002
0003
2000
3000
,
0010
0100
0020
0030
,
1000
0100
1000
0100
,
0001
0100
0001
0100
,
0010
0000
0100
0000
,
0001
1000
1001
0000
,
0001
0001
0100
0100
,
1000
0010
0001
0000
,
1000
1000
0100
0100
,
0001
0010
1000
0000
,
0010
0010
0100
0100
,
0010
0100
0010
1001
,
0100
0100
0010
0010
,
0100
0010
0100
1001
,
1000
1000
0001
0001
,
0010
0100
0010
1001
,
0001
0001
1000
1000
,
0100
0010
0100
1001
,
0200
0300
0020
0030
,
1000
0001
1001
0000
,
0000
0000
0000
0000
;

//---------------dance-single - ----------------
#NOTES:
     dance-single:
     :
     Medium:
     8:
     0.342,0.323,0.137,0.091,0.068:
0000
0000
0000
0000
,
0000
0000
0000
0000
,
0000
0000
0000
0000
,
0000
0000
0000
0000
,
0000
0000
0000
0000
,
1000
0000
0100
0010
0001
0000
0100
0000
,
0001
0000
0010
0100
1000
0000
0001
0000
,
1000
0010
1000
0000
0100
1000
0001
0000
,
0010
0000
0100
0010
0001
0000
1001
0000
,
0010
0000
0100
0001
0010
0000
0100
0000
,
1000
0000
0001
0100
0010
0000
0100
0000
,
0010
1000
0001
0000
0100
0001
0010
0000
,
0100
0000
0010
0001
1000
0000
0110
0000
,
1000
0000
0000
0001
0100
0000
0000
0000
0010
0000
0000
0100
0001
0000
0000
0000
,
0010
0000
0000
0001
0100
0000
0000
0000
0010
0000
1000
0000
0001
0000
0000
0000
,
0100
0000
0000
0010
1000
0000
0000
0000
0001
0000
0000
0010
0100
0000
0000
0000
,
1000
0000
0000
0001
0100
0000
0000
0000
0010
0000
1000
0000
0100
0000
0000
0000
,
0010
0000
1000
0001
1000
0000
0001
0100
,
0001
0000
0010
0100
0010
0000
1001
0000
,
0100
0000
1000
0100
1000
0000
0001
0010
,
0001
0000
1000
0001
1000
0000
0110
0000
,
2002
0000
3003
0100
0020
0000
0030
0000
,
0001
1000
0100
0000
0022
0000
0033
0000
,
1000
0000
0100
0000
0010
0001
0100
0000
,
0001
0000
0010
0000
0100
0001
1000
0000
,
0010
1000
0010
0000
0100
0001
0100
0000
,
0010
0000
1000
0000
0001
1000
0000
0000
,
0010
0000
0000
1000
0100
0000
0000
0000
1000
0000
0000
0100
0010
0000
0000
0000
,
0001
0000
0000
1000
0010
0000
0000
0000
1000
0000
0100
0000
0001
0000
0000
0000
,
0100
0000
0000
1000
0001
0000
0000
0000
0010
0000
0000
0001
0100
0000
0000
0000
,
0010
0000
0000
1000
0001
0000
0000
0000
0100
0000
0010
0000
1000
0000
0000
0000
,
0001
0000
0010
0001
1000
0000
0100
1000
,
0010
0000
0100
0001
1000
0000
0110
0000
,
0001
0000
1000
0100
0010
0000
0001
1000
,
0001
0000
0010
0100
1000
0000
1001
0000
,
0010
0000
1000
0001
0100
0000
1000
0100
,
0001
0000
0100
0001
0010
0000
1001
0000
,
0100
0000
1000
0100
0010
0000
0001
0010
,
1000
0000
0010
0001
0100
0000
0110
0000
,
2002
0000
3003
0100
0020
0000
0030
0000
,
0001
1000
0100
0000
1001
0000
0000
0000
,
0000
0000
0000
0000
;

//---------------dance-single - ----------------
#NOTES:
     dance-single:
     :
     Hard:
     10:
     0.440,0.439,0.183,0.091,0.137:
0000
0000
0000
0000
,
0000
0000
0000
0000
,
0000
0000
0000
0000
,
0000
0000
0000
0000
,
0000
0000
0000
0000
,
0010
0000
0000
1000
0100
0000
1000
0000
0010
0000
0000
0000
0100
0000
0001
0000
,
1000
0000
0000
0100
0010
0000
0100
0000
1000
0000
0000
0000
0001
0000
0010
0000
,
0100
0000
0000
1000
0100
0000
0001
0000
0100
0000
1000
0000
0001
0000
0000
0000
,
1000
0010
0100
0010
1000
0000
1001
0000
,
0010
0000
0000
0001
0100
0000
0001
0000
0010
0000
0000
0000
0100
0000
1000
0000
,
0010
0000
0000
1000
0001
0000
0100
0000
0010
0000
0000
0000
0100
0000
0001
0000
,
0010
0000
0000
0001
1000
0000
0010
0000
0100
0000
0001
0000
0010
0000
0000
0000
,
0001
1000
0100
1000
0001
0000
0110
0000
,
1000
0000
0000
0001
0010
0000
0001
0000
0010
0000
0000
0100
1000
0000
0100
0000
,
1000
0000
0000
0001
0100
0000
0001
0000
0010
0000
0001
0000
0100
0000
0000
0000
,
0001
0000
0000
1000
0010
0000
1000
0000
0100
0000
0000
0010
0001
0000
0010
0000
,
1000
0000
0000
0010
0100
0000
0010
0000
0001
0000
1000
0000
0100
0000
0000
0000
,
0010
0100
1000
0001
0100
0010
1000
0100
,
0001
0100
1000
0001
0100
0010
1001
0000
,
0100
0001
1000
0100
0010
0100
1000
0010
,
0001
1000
0100
0001
1100
0000
0101
0000
,
2002
0000
0000
0000
3003
0000
0010
0100
0020
0000
0000
0000
0030
0000
1000
0000
,
0010
1000
0100
0000
0022
0000
0033
0000
,
1000
0001
0100
0000
0010
0001
0100
0000
,
0001
1000
0010
0000
0100
0001
1000
0000
,
0010
0000
1000
0010
0100
0000
1000
0100
,
0001
0000
0010
0000
0001
0000
1000
0000
0010
0000
1000
0000
0001
0000
0000
1001
0000
0000
0000
0000
0000
0010
0000
0000
,
0001
0000
0000
1000
0100
0000
1000
0000
0001
0000
0000
0100
0010
0000
0100
0000
,
0001
0000
0000
0010
0001
0000
1000
0000
0010
0000
0100
0000
0001
0000
0000
0000
,
1000
0000
0000
0100
0010
0000
1000
0000
0010
0000
0000
0001
0100
0000
0010
0000
,
1000
0000
0000
0001
1000
0000
0100
0000
0010
0000
0001
0000
0100
0000
0000
0000
,
0001
1000
0100
0010
0001
0100
0001
0010
,
1000
0001
0100
1000
0010
1000
0101
0000
,
1000
0100
0001
0100
1000
0001
0100
1000
,
0100
0010
1000
0100
0110
0000
1001
0000
,
0010
0100
1000
0001
0100
0010
1000
0100
,
0001
0100
1000
0001
0100
0010
1001
0000
,
0100
0001
1000
0100
0010
0100
1000
0010
,
0001
1000
0100
0001
1100
0000
0101
0000
,
2002
0000
0000
0000
3003
0000
0010
0100
0020
0000
0000
0000
0030
0000
1000
0000
,
0010
1000
0100
0000
1001
0000
0000
0000
,
0000
0000
0000
0000
;

//---------------dance-double - ----------------
#NOTES:
     dance-double:
     :
     Easy:
     4:
     0.209,0.208,0.000,0.183,0.000:
00000000
00000000
00000000
00000000
,
00000000
00000000
00000000
00000000
,
00000000
00000000
00000000
00000000
,
00000000
00000000
00000000
00000000
,
00000000
00000000
00000000
00000000
,
00000010
00000010
00000001
00000000
,
00001000
00001000
00000100
00000000
,
00001000
00001000
00000001
00000001
,
00000010
00001000
00000100
00000000
,
00001000
00001000
00010000
00000000
,
00100000
00100000
01000000
00000000
,
10000000
10000000
00010000
00010000
,
00100000
10000000
01000000
00000000
,
20000000
30000000
02000000
03000000
,
00020000
00030000
00002000
00003000
,
00000020
00000030
00000002
00000003
,
00000200
00000300
00000020
00000030
,
00001000
00001000
00000100
00000100
,
00001000
00000100
00001000
00001000
,
00000001
00000001
00000100
00000100
,
00000001
00000100
00000001
00000001
,
00000010
00000000
00001000
00000000
,
00010000
00001000
00010000
00000000
,
00010000
00010000
01000000
01000000
,
10000000
10000000
00100000
00100000
,
10000000
00000000
00010000
00000000
,
10000000
00010000
10000000
00000000
,
20000000
30000000
02000000
03000000
,
00020000
00030000
00002000
00003000
,
00000020
00000030
00000002
00000003
,
00000200
00000300
00000020
00000030
,
00001000
00001000
00000100
00000100
,
00001000
00000100
00001000
00001000
,
00000001
00000001
00000100
00000100
,
00000001
00000100
00000001
00000001
,
00001000
00001000
00000010
00000010
,
00001000
00000010
00001000
00001000
,
00010000
00010000
00001000
00001000
,
00010000
00001000
00010000
00000000
,
00010000
00000000
01000000
00000000
,
00100000
01000000
00100000
00000000
,
00000000
00000000
00000000
00000000
;

//---------------dance-double - ----------------
#NOTES:
     dance-double:
     :
     Medium:
     7:
     0.321,0.323,0.148,0.091,0.000:
00000000
00000000
00000000
00000000
,
00000000
00000000
00000000
00000000
,
00000000
00000000
00000000
00000000
,
00000000
00000000
00000000
00000000
,
00000000
00000000
00000000
00000000
,
00000001
00000000
00000010
00000100
00001000
00000000
00000010
00000000
,
00001000
00000000
00000100
00000010
00000001
00000000
00000100
00000000
,
00001000
00000000
00010000
00000000
00100000
10000000
00010000
00000000
,
01100000
01010000
11000000
00100000
,
10000000
00000000
01000000
10000000
00010000
00000000
01000000
00000000
,
00100000
00000000
00010000
00001000
00000100
00000000
00000010
00000000
,
00001000
00000000
00000010
00000000
00000001
00001000
00000100
00000000
,
00001010
00000101
00001001
00000100
,
00000001
00000000
00000010
00001000
00000100
00000000
00001000
00000000
,
00000100
00000000
00000010
00000000
00000001
00000100
00001000
00000000
,
00010000
00000000
01000000
10000000
00100000
00000000
01000000
00000000
,
00010000
00000000
10000000
00000000
00100000
10000000
01000000
00000000
,
00100000
00000000
00010000
01000000
00010000
00000000
10000000
01000000
,
10000000
00000000
00100000
00000000
00010000
00001000
00010000
00000000
,
00001000
00000000
00000010
00000001
00000010
00000000
00000100
00001000
,
00000100
00000000
00001000
00000001
00001000
00000000
00000110
00000000
,
00002002
00000000
00003003
00000010
00000200
00000000
00000300
00000000
,
00000001
00000100
00001000
00000000
00022000
00000000
00033000
00000000
,
00000000
01000000
00000000
10000000
00000000
00010000
00000000
01000000
,
00000000
00100000
00000000
10000000
00000000
00100000
00000000
01000000
,
00010000
00000000
10000000
01000000
01000000
00000000
00100000
00010000
,
00010000
00000000
01000000
00000000
00001000
00010000
00000000
00000000
,
00001000
00000000
00000010
00000100
00000010
00000000
00000001
00000000
,
00001000
00000000
00000100
00000000
00000010
00000100
00001000
00000000
,
00000010
00000000
00001000
00000001
00000100
00000000
00001000
00000000
,
00010000
00000000
01000000
00000000
00100000
01000000
10000000
00000000
,
00100000
00000000
10000000
00010000
01000000
00000000
00100000
01000000
,
00010000
00000000
10000000
00000000
01000000
00100000
01000000
00000000
,
10000000
00000000
00100000
00010000
00100000
00000000
00010000
00001000
,
00010000
00000000
00001000
00000100
00000001
00000000
00000110
00000000
,
00001000
00000000
00000001
00000010
00001000
00000000
00000001
00000100
,
00001000
00000000
00000010
00000000
00000100
00000001
00000010
00000000
,
00001000
00000000
00010000
00001000
00010000
00000000
00100000
10000000
,
01000000
00000000
00100000
01000000
10000000
00000000
01100000
00000000
,
20020000
00000000
30030000
00100000
02000000
00000000
03000000
00000000
,
10000000
01000000
00010000
00000000
00011000
00000000
00000000
00000000
,
00000000
00000000
00000000
00000000
;

//---------------dance-double - ----------------
#NOTES:
     dance-double:
     :
     Hard:
     11:
     0.419,0.416,0.183,0.023,0.205:
00000000
00000000
00000000
00000000
,
00000000
00000000
00000000
00000000
,
00000000
00000000
00000000
00000000
,
00000000
00000000
00000000
00000000
,
00000000
00000000
00000000
00000000
,
00100000
10000000
00000000
00010000
00100000
01000000
00000000
00010000
,
01000000
10000000
00000000
00010000
01000000
00100000
00000000
10000000
,
01000000
00010000
00000000
00001000
00000100
00000001
00000000
00000010
,
00000100
00001000
00000010
00001000
00000100
00000000
00001001
00000000
,
00000010
00000001
00000000
00001000
00000100
00000010
00000000
00000100
,
00001000
00000001
00000000
00000100
00001000
00010000
00000000
00100000
,
10000000
01000000
00000000
10000000
00010000
00100000
00000000
00010000
,
10000000
00100000
01000000
00010000
00100000
00000000
10010000
00000000
,
01000000
00000000
00000000
10000000
00100000
00000000
10000000
00000000
00010000
00000000
00000000
00100000
01000000
00000000
00010000
00000000
,
00001000
00000000
00000000
00000010
00000001
00000000
00001000
00000000
00000010
00000000
00000100
00000000
00000001
00000000
00000000
00000000
,
00000010
00000000
00000000
00000100
00001000
00000000
00000001
00000000
00000100
00000000
00000000
00000001
00000010
00000000
00000001
00000000
,
00001000
00000000
00000000
00000100
00000010
00000000
00000100
00000000
00001000
00000000
00000001
00000000
00000100
00000000
00000000
00000000
,
00001000
00000000
00000000
00010000
01000000
00000000
00100000
00000000
00010000
00000000
00000000
10000000
00100000
00000000
01000000
00000000
,
00010000
00000000
00000000
01000000
10000000
00000000
01000000
00000000
00100000
00000000
10000000
00000000
01010000
00000000
00000000
00000000
,
00100000
00000000
00000000
00010000
00001000
00000000
00000010
00000000
00001000
00000000
00000000
00010000
00001000
00000000
00000100
00000000
,
00000001
00000000
00000000
00000010
00000001
00000000
00000100
00000000
00001100
00000000
00000000
00000000
00000101
00000000
00000000
00000000
,
00000110
00000000
00000000
00000000
00000000
00000000
00001000
00010000
00001000
00000000
00000000
00000000
00000000
00000000
01000000
00000000
,
00010000
00100000
00001000
00000000
00022000
00000000
00033000
00000000
,
00010000
00100000
00000000
10000000
00100000
01000000
00000000
00010000
,
10000000
01000000
00000000
00100000
00010000
01000000
00010000
00000000
,
10000000
00000000
01000000
00100000
00010000
00000000
01000000
00100000
,
00010000
00000000
00001000
00000000
00010000
00000000
00001000
00000000
00000010
00000000
00001000
00000000
00010000
00000000
00000000
00011000
00000000
00000000
00000000
00000000
00000000
00000000
00000000
00000000
,
00001000
00000000
00000000
00000010
00000100
00000000
00001000
00000000
00000001
00000000
00000000
00000100
00000010
00000000
00000100
00000000
,
00001000
00000000
00000000
00000100
00000001
00000000
00000010
00000000
00000001
00000000
00001000
00000000
00000100
00000000
00000000
00000000
,
00010000
00000000
00000000
00000010
00001000
00000000
00000100
00000000
00010000
00000000
00000000
00000100
00001000
00000000
00000010
00000000
,
00000100
00000000
00000000
00001000
00010000
00000000
00100000
00000000
01000000
00000000
00010000
00000000
10000000
00000000
00000000
00000000
,
00010000
00000000
00000000
10000000
01000000
00000000
00100000
00000000
00001000
00000000
00000000
00010000
00100000
00000000
10000000
00000000
,
01000000
00000000
00000000
00100000
00010000
00000000
10000000
00000000
00010000
00000000
00100000
00000000
11000000
00000000
00000000
00000000
,
00010000
00000000
00000000
00001000
00000100
00000000
00000010
00000000
00001000
00000000
00000000
00000001
00000010
00000000
00001000
00000000
,
00000010
00000000
00000000
00000100
00001000
00000000
00000010
00000000
00000011
00000000
00000000
00000000
00000101
00000000
00000000
00000000
,
00001000
00000000
00000000
00010000
01000000
00000000
00100000
00000000
00010000
00000000
00000000
10000000
00100000
00000000
01000000
00000000
,
00010000
00000000
00000000
01000000
10000000
00000000
01000000
00000000
00100000
00000000
10000000
00000000
01010000
00000000
00000000
00000000
,
00100000
00000000
00000000
00010000
00001000
00000000
00000010
00000000
00001000
00000000
00000000
00010000
00001000
00000000
00000100
00000000
,
00000001
00000000
00000000
00000010
00000001
00000000
00000100
00000000
00001100
00000000
00000000
00000000
00000101
00000000
00000000
00000000
,
00000110
00000000
00000000
00000000
00000000
00000000
00001000
00010000
00001000
00000000
00000000
00000000
00000000
00000000
01000000
00000000
,
00010000
00100000
00001000
00000000
00011000
00000000
00000000
00000000
,
00000000
00000000
00000000
00000000
;
