#TITLE:Time After Time;
#SUBTITLE:;
#ARTIST:Novaspace;
#TITLETRANSLIT:;
#SUBTITLETRANSLIT:;
#ARTISTTRANSLIT:;
#CREDIT:;
#BANNER:Time After Time.png;
#BACKGROUND:Time After Time-bg.png;
#LYRICSPATH:;
#CDTITLE:./CDTITLES/DanceDanceRevolution X2.png;
#MUSIC:Time After Time.ogg;
#OFFSET:0.000;
#SAMPLESTART:89.810;
#SAMPLELENGTH:15.000;
#SELECTABLE:YES;
#DISPLAYBPM:138.000;
#BPMS:0.000=138.462,4.000=137.991;
#STOPS:;
#BGCHANGES:0.000=Time After Time.avi=1.000=0=0=0;

//---------------dance-single - ----------------
#NOTES:
     dance-single:
     :
     Beginner:
     2:
     0.104,0.192,0.037,0.037,0.000:
0000
0000
0000
0000
,
0000
0000
0000
0000
,
0000
0000
0000
0000
,
0000
0000
0000
0000
,
0000
0000
0000
0000
,
1000
0000
0000
0000
,
0000
0000
0000
0000
,
0001
0000
0000
0000
,
0000
0000
0000
0000
,
1000
0000
0000
0000
,
0001
0000
0000
0000
,
1000
0000
0000
0000
,
0001
0000
0000
0000
,
0010
0000
0000
0000
,
0010
0000
0000
0000
,
0100
0000
0000
0000
,
0100
0000
0000
0000
,
0010
0000
0000
0000
,
0100
0000
0000
0000
,
0000
0000
0000
0000
,
0001
0000
0001
0000
,
1000
0000
1000
0000
,
0001
0000
0001
0000
,
1000
0000
0000
0000
,
1000
0000
1000
0000
,
0001
0000
0001
0000
,
1000
0000
1000
0000
,
0001
0000
0000
0000
,
0020
0000
0030
0000
,
0200
0000
0300
0000
,
0020
0000
0030
0000
,
0200
0000
0300
0000
,
0001
0000
0000
0000
,
1000
0000
0000
0000
,
0000
0000
0000
0000
,
1001
0000
0000
0000
,
0000
0000
0000
0000
,
0000
0000
0000
0000
,
0000
0000
0000
0000
,
0001
0000
0001
0000
,
0010
0000
0010
0000
,
0100
0000
0100
0000
,
1000
0000
1000
0000
,
0000
0000
0000
0000
,
0001
0000
0100
0000
,
0001
0000
0000
0000
,
1000
0000
0100
0000
,
1000
0000
0000
0000
,
0010
0000
0001
0000
,
0100
0000
0000
0000
,
0010
0000
1000
0000
,
0100
0000
0000
0000
,
0001
0001
0001
0000
,
1000
1000
1000
0000
,
0001
0000
1000
0000
,
1001
0000
0000
0000
,
1000
1000
1000
0000
,
0001
0001
0001
0000
,
1000
0000
0001
0000
,
1001
0000
0000
0000
,
1001
0000
0000
0000
,
0000
0000
0000
0000
;

//---------------dance-single - ----------------
#NOTES:
     dance-single:
     :
     Easy:
     4:
     0.197,0.246,0.046,0.018,0.000:
0000
0000
0000
0000
,
0000
0000
0000
0000
,
0000
0000
0000
0000
,
0000
0000
0000
0000
,
0000
0000
0000
0000
,
0010
1000
0001
0000
,
0010
0000
0100
0000
,
0010
0001
1000
0000
,
0001
0000
1000
0000
,
0010
0001
1000
0000
,
0010
0000
0100
0000
,
0010
1000
0001
0000
,
1000
0000
0001
0000
,
1000
1000
0100
0000
,
0001
0001
0100
0000
,
1000
1000
0010
0000
,
0001
0001
0010
0000
,
0100
0000
0010
0000
,
1000
0000
0001
0000
,
2002
0000
3003
0000
,
1000
0010
1000
0000
,
0100
0001
0100
0000
,
0001
0010
0001
0000
,
0100
1000
0100
0000
,
0010
1000
0100
0000
,
0010
0001
0100
0000
,
0001
1000
0100
0000
,
1000
0001
0100
0000
,
0001
0000
0001
0100
,
0010
0000
0010
1000
,
0100
0000
0100
0010
,
0001
0000
0001
1000
,
0001
0000
0001
0000
,
1000
0000
1000
0000
,
0000
0000
0000
0000
,
1001
0000
0000
0000
,
0000
0000
0000
0000
,
0000
0000
0000
0000
,
0000
0000
0000
0000
,
0001
0001
0001
0001
,
0010
0010
0010
0010
,
1000
1000
0100
0100
,
0001
0001
0010
0010
,
1000
0000
0000
0000
,
0001
0100
1000
0000
,
0001
0010
0001
0010
,
1000
0100
0001
0000
,
1000
0000
0010
0000
,
0001
0100
1000
0000
,
0001
0010
0001
0010
,
1000
0100
0001
0000
,
1000
0000
0010
0000
,
0001
0001
0100
0000
,
0010
0100
0001
1000
,
0001
0001
1000
1000
,
1001
0000
0000
0000
,
1000
1000
0100
0000
,
0010
0100
1000
0001
,
1000
1000
0001
0001
,
1001
0000
0000
0000
,
1001
0000
0000
0000
,
0000
0000
0000
0000
;

//---------------dance-single - ----------------
#NOTES:
     dance-single:
     :
     Medium:
     8:
     0.319,0.329,0.037,0.091,0.000:
0000
0000
0000
0000
,
0000
0000
0000
0000
,
0000
0000
0000
0000
,
0000
0000
0000
0000
,
0000
0000
0000
0000
,
0010
0000
1000
0000
0001
1000
0100
0000
,
0010
0001
0100
1000
,
0010
0000
0100
0000
0010
1000
0001
0000
,
0010
0100
0000
0010
0000
0000
0100
0000
,
0010
0000
0001
0000
1000
0001
0100
0000
,
0010
1000
0100
0001
,
0010
0000
0100
0000
0010
0001
1000
0000
,
0010
0100
0000
0010
0000
0000
0100
0000
,
0010
0000
1001
0000
0010
0001
0100
0000
,
1000
0100
0001
0100
,
0001
1000
0100
0100
,
0010
0001
0100
1000
,
0010
0000
1001
0000
0010
1000
0100
0000
,
0001
0100
1000
0100
,
0002
0000
0000
0003
,
0010
0000
1000
0000
0100
1000
0001
0000
,
0010
0000
0001
0000
0100
0001
1000
0000
,
0010
0000
0100
0000
0010
1000
0100
0000
,
0010
0100
0000
1000
0000
0001
0100
0000
,
0010
0000
0001
0000
0100
0001
1000
0000
,
0010
0000
1000
0000
0100
1000
0001
0000
,
0010
0000
0100
0000
0010
0001
0100
0000
,
0010
0100
0000
0001
0000
1000
0100
0000
,
0010
0000
1001
0000
0010
0001
0100
0000
,
0010
1000
0100
0010
,
0001
1000
0100
0100
,
0010
0001
0100
1000
,
0010
0010
1000
1000
,
0100
0100
0001
0001
,
2000
0000
0000
3000
,
0001
0000
0000
0000
,
0100
0000
0000
0000
,
1000
0000
0000
0000
,
0010
0000
0000
0000
,
0001
0001
0001
0001
,
0100
0100
0100
0100
,
1000
0010
1000
0000
0100
0010
0100
0000
,
1000
0010
1000
0000
0001
0010
0001
0000
,
1000
0000
0000
0000
,
0010
0000
0001
0100
0010
0000
1000
0100
,
0010
0000
0100
1000
0001
0000
0010
0000
,
0001
0000
0010
0100
0010
0000
0001
0000
,
2000
0100
3002
0103
,
0010
0000
1000
0100
0010
0000
0001
0100
,
0010
0000
0100
0001
1000
0000
0010
0000
,
1000
0000
0010
0100
0010
0000
1000
0000
,
0002
0100
2003
3100
,
0010
0000
0010
0000
0001
0100
1000
0000
,
0010
0000
0010
0000
1000
0100
0001
0000
,
0010
0002
0100
1003
,
0010
2000
0100
3001
,
0010
0000
0010
0000
1000
0100
0001
0000
,
0010
0000
0010
0000
0001
0100
1000
0000
,
0010
2000
0100
3001
,
0010
0002
0100
1003
,
0110
0000
0000
0000
,
0000
0000
0000
0000
;

//---------------dance-single - ----------------
#NOTES:
     dance-single:
     :
     Hard:
     11:
     0.416,0.465,0.055,0.073,0.055:
0000
0000
0000
0000
,
0000
0000
0000
0000
,
0000
0000
0000
0000
,
0000
0000
0000
0000
,
0000
0000
0000
0000
,
0010
0000
0002
0000
1003
0001
0100
0000
,
0010
0000
2000
0000
3001
1000
0100
0000
,
0010
0000
0200
0000
0310
0001
1000
0000
,
0010
0100
0000
0010
0000
1000
0100
0000
,
0010
0000
2000
0000
3001
1000
0100
0000
,
0010
0000
0002
0000
1003
0001
0100
0000
,
0010
0000
0200
0000
0310
1000
0001
0000
,
0010
0100
0000
0010
0000
0001
0100
0000
,
0010
0000
1001
0000
0010
1000
0100
0000
,
0010
0001
0010
0000
0100
1000
0100
0000
,
1000
0000
0001
0000
0100
0010
0100
0000
,
0010
1000
0100
0001
,
0010
0000
1100
0000
0010
0001
0100
0000
,
0010
1000
0010
0000
0100
0001
0100
0000
,
2000
0100
0001
3001
,
0010
0000
0001
0010
0100
1000
0001
0000
,
0010
0000
1000
0010
0100
0001
1000
0000
,
0010
0000
0100
1000
0010
1000
0100
0000
,
0010
0100
0000
0101
0000
1000
0100
0000
,
0010
0000
1000
0010
0100
0001
1000
0000
,
0010
0000
0001
0010
0100
1000
0001
0000
,
0010
0000
0100
0001
0010
0001
0100
0000
,
0010
0100
0000
1100
0000
0001
0100
0000
,
0010
0000
1001
0000
0010
1000
0100
0000
,
0010
0001
0100
0000
0010
1000
0100
0000
,
1000
0000
0001
0000
0100
0010
0100
0001
,
0010
1000
0100
0001
,
0010
0010
0001
0001
,
0100
0100
1000
1000
,
0002
0000
0000
0003
,
1000
0000
0000
0000
,
0100
0000
0000
0000
,
0001
0000
0000
0000
,
0010
0000
0000
0000
,
1000
1000
1000
1000
,
0100
0100
0100
0100
,
0001
0010
0001
0010
0100
0010
0100
0010
,
0001
0100
0001
0100
0010
1000
0010
1000
,
0001
0000
0000
0000
,
0010
0000
0000
0010
1000
0000
0100
0000
0010
0000
0000
0010
0001
0000
0100
0000
,
0010
0000
0000
0010
0100
0000
0001
0000
1000
0000
0100
0000
0010
0000
0001
0000
,
1000
0000
0000
1000
0010
0000
0100
0000
0010
0000
0000
0010
1000
0000
0100
0000
,
0001
0000
0000
0001
0100
0000
1000
0000
0001
0000
1000
0000
0100
0000
0000
0000
,
0010
0000
0000
0010
0001
0000
0100
0000
0010
0000
0000
0010
1000
0000
0100
0000
,
0010
0000
0000
0010
0100
0000
1000
0000
0001
0000
0100
0000
0010
0000
1000
0000
,
0001
0000
0000
0001
0010
0000
0100
0000
0010
0000
0000
0010
0001
0000
0100
0000
,
1000
0000
0000
1000
0100
0000
0001
0000
1000
0000
0001
0000
0100
0000
0000
0000
,
0010
1000
0010
1000
0001
0100
0001
0100
,
0001
0010
0001
0010
0100
1000
0100
1000
,
0001
0100
0010
0100
0001
1000
0100
0010
,
0100
0010
0001
0100
0010
0100
0001
0000
,
0010
0001
0010
0001
1000
0100
1000
0100
,
1000
0010
1000
0010
0100
0001
0100
0001
,
1000
0100
0010
0100
1000
0001
0100
0010
,
0100
0010
1000
0100
0010
0100
1000
0000
,
1001
0000
0000
0000
,
0000
0000
0000
0000
;

//---------------dance-double - ----------------
#NOTES:
     dance-double:
     :
     Easy:
     4:
     0.196,0.246,0.046,0.018,0.000:
00000000
00000000
00000000
00000000
,
00000000
00000000
00000000
00000000
,
00000000
00000000
00000000
00000000
,
00000000
00000000
00000000
00000000
,
00000000
00000000
00000000
00000000
,
00000010
00000001
00001000
00000000
,
00000010
00000000
00000100
00000000
,
00001000
00010000
00001000
00000000
,
00100000
00000000
01000000
00000000
,
00100000
10000000
00010000
00000000
,
00100000
00000000
01000000
00000000
,
00010000
00001000
00010000
00000000
,
00000010
00000000
00000100
00000000
,
00000001
00000100
00000001
00000000
,
00000010
00000100
00000010
00000000
,
00001000
00010000
00001000
00000000
,
01000000
00100000
01000000
00000000
,
00010000
00000000
00100000
00000000
,
10000000
00000000
01000000
00000000
,
20020000
00000000
30030000
00000000
,
00100000
10000000
01000000
00000000
,
10000000
01000000
00010000
00000000
,
01000000
00010000
00001000
00000000
,
00001000
00000010
00000001
00000000
,
00000010
00000001
00000100
00000000
,
00000001
00000100
00001000
00000000
,
00000100
00001000
00010000
00000000
,
00010000
00100000
10000000
00000000
,
00100000
00000000
10000000
00000000
,
00010000
01000000
00001000
00010000
,
00000010
00000000
00000010
00000000
,
00000100
00000001
00001000
00000000
,
00000001
00000001
00000001
00000000
,
00001000
00001000
00001000
00000000
,
00000000
00000000
00000000
00000000
,
00001001
00000000
00000000
00000000
,
00000000
00000000
00000000
00000000
,
00000000
00000000
00000000
00000000
,
00000000
00000000
00000000
00000000
,
00001000
00001000
00001000
00001000
,
00010000
00010000
00010000
00010000
,
00000010
00000010
00010000
00010000
,
00000100
00000100
00010000
00010000
,
00001000
00000000
00000000
00000000
,
00010000
01000000
00100000
00000000
,
00010000
01000000
00100000
10000000
,
01000000
00010000
00001000
00000000
,
00000100
00000000
00000001
00000000
,
00001000
00000100
00000010
00000000
,
00001000
00000100
00000010
00000001
,
00000100
00001000
00010000
00000000
,
01000000
00000000
10000000
00000000
,
00100000
10000000
00010000
00000000
,
01000000
00001000
00010000
00000000
,
00001000
00001000
00010000
00010000
,
00011000
00000000
00000000
00000000
,
00100000
00010000
00001000
00000000
,
00001000
00000100
00000001
00000000
,
00001000
00001000
00000001
00000001
,
00001001
00000000
00000000
00000000
,
00001001
00000000
00000000
00000000
,
00000000
00000000
00000000
00000000
;

//---------------dance-double - ----------------
#NOTES:
     dance-double:
     :
     Medium:
     8:
     0.326,0.465,0.018,0.155,0.000:
00000000
00000000
00000000
00000000
,
00000000
00000000
00000000
00000000
,
00000000
00000000
00000000
00000000
,
00000000
00000000
00000000
00000000
,
00000000
00000000
00000000
00000000
,
00100000
00000000
10000000
00000000
00100000
01000000
00010000
00000000
,
00100000
01000000
00010000
00001000
,
00000010
00000000
00000001
00000000
00000010
00000100
00001000
00000000
,
00000010
00001000
00000000
00000001
00000000
00000000
00000100
00000000
,
00000010
00000000
00010000
00000000
00001000
00000100
00000010
00000000
,
00001000
00010000
01000000
00100000
,
10000000
00000000
01000000
00000000
00100000
00010000
10000000
00000000
,
00100000
01000000
00000000
00100000
00000000
00000000
01000000
00000000
,
00100000
00000000
00010000
00000000
00001000
00010000
00000010
00000000
,
00001000
00000100
00000001
00000100
,
00001000
00000001
00000100
00000010
,
00001000
00010000
01000000
00100000
,
10000000
00000000
00010000
00000000
00100000
00010000
01000000
00000000
,
00100000
00010000
00001000
01000000
,
00020000
00000000
00000000
00030000
,
10000000
00000000
01000000
00000000
00100000
01000000
00010000
00000000
,
00001000
00000000
00000010
00000000
00000001
00001000
00000100
00000000
,
00000010
00000000
00000001
00000000
00000100
00001000
00010000
00000000
,
00000010
00010000
00000000
00001000
00000000
01000000
00100000
00000000
,
10000000
00000000
00100000
00000000
01000000
00100000
00010000
00000000
,
00001000
00000000
00000100
00000000
00000001
00001000
00000010
00000000
,
00000100
00000000
00000001
00000000
00000010
00001000
00010000
00000000
,
00000100
00010000
00000000
00001000
00000000
00100000
01000000
00000000
,
00100000
00000000
10010000
00000000
00100000
10000000
01000000
00000000
,
00100000
00001000
00000010
00000001
,
00001000
00000010
00000100
00000001
,
00000100
00001000
00010000
01000000
,
00100000
00100000
00010000
00010000
,
01000000
01000000
00100000
00100000
,
20000000
00000000
00000000
30000000
,
00010000
00000000
00000000
00000000
,
00001000
00000000
00000000
00000000
,
00010000
00000000
00000000
00000000
,
10000000
00000000
00000000
00000000
,
00010000
00010000
00010000
00010000
,
01000000
01000000
01000000
01000000
,
00100000
10000000
00010000
00000000
01000000
00001000
00010000
00000000
,
00000010
00001000
00000100
00000000
00000010
00000001
00000100
00000000
,
00000001
00000000
00000000
00000000
,
00001000
00000000
00000001
00000100
00001000
00000000
00000100
00000010
,
00001000
00010000
01000000
10000000
,
01000000
00000000
00100000
10000000
01000000
00000000
00100000
01000000
,
00010000
00000100
00000010
00000001
,
00001000
00000000
00000001
00000010
00001000
00000000
00000010
00000100
,
00001000
00010000
00100000
10000000
,
00100000
00000000
01000000
10000000
00100000
00000000
01000000
00100000
,
00010000
00000010
00000100
00000001
,
00000010
00000000
00000010
00000000
00000100
00001000
00000010
00000000
,
00000100
00000000
00000100
00000000
00001000
00010000
00001000
00000000
,
00200000
00302000
00003020
00002030
,
00203000
00302000
00003020
00002030
,
00103000
00000000
00100000
00000000
01000000
00010000
00100000
00000000
,
01000000
00000000
01000000
00000000
00010000
00001000
00010000
00000000
,
00000020
00020030
00230000
00320000
,
00030020
00020030
00230000
00310000
,
01100000
00000000
00000000
00000000
,
00000000
00000000
00000000
00000000
;

//---------------dance-double - ----------------
#NOTES:
     dance-double:
     :
     Hard:
     11:
     0.411,0.465,0.055,0.055,0.141:
00000000
00000000
00000000
00000000
,
00000000
00000000
00000000
00000000
,
00000000
00000000
00000000
00000000
,
00000000
00000000
00000000
00000000
,
00000000
00000000
00000000
00000000
,
00000010
00000000
00001000
00000100
00000000
00000010
00000100
00000000
,
00001000
00000000
00000001
00000100
00000000
00001000
00010000
00000000
,
00100000
00000000
10000000
00010000
00000000
01000000
00100000
00000000
,
10000000
01000000
00100000
00010000
00000000
01000000
00001000
00000000
,
00100000
00000000
00010000
01000000
00000000
00100000
01000000
00000000
,
00010000
00000000
10000000
01000000
00000000
00010000
00001000
00000000
,
00000010
00000000
00000001
00001000
00000000
00000100
00000010
00000000
,
00000001
00000100
00000010
00001000
00000000
00000100
00010000
00000000
,
01000000
00000000
10000000
00000000
00010000
01000000
00100000
00000000
,
00010000
00000000
00000010
00000000
00001000
00000001
00000100
00000000
,
00000001
00000000
00001000
00000000
00000100
00000000
00000010
00000100
,
00001000
00010000
00100000
01000000
,
10000000
00000000
00010000
00000000
00100000
00010000
01000000
00000000
,
00001000
00000000
00000100
00000000
00000010
00001000
00000100
00000000
,
00002002
00000000
00000000
00003003
,
00000010
00000001
00000010
00000001
00000100
00000001
00000100
00000001
,
00000100
00001000
00000100
00001000
00000100
00010000
00000100
00010000
,
00001000
00010000
00001000
00010000
00001000
00100000
00001000
00100000
,
00010000
00100000
10000000
01000000
00000000
00000000
01010000
00000000
,
00100000
10000000
00100000
10000000
01000000
10000000
01000000
10000000
,
01000000
00010000
01000000
00010000
01000000
00001000
01000000
00001000
,
00010000
00001000
00010000
00001000
00010000
00000010
00010000
00000010
,
00001000
00000010
00000001
00000100
00000000
00000000
00001100
00000000
,
00000010
00000000
00000100
00000000
00010000
00000010
00000100
00000000
,
00000010
00001000
00010000
00000000
01000000
00100000
10000000
00000000
,
00010000
00000000
01000000
00000000
00100000
10000000
01000000
00100000
,
00010000
00001000
00010000
00100000
,
00001000
00001000
00000010
00000010
,
00000001
00000001
00000100
00000100
,
00002000
00000000
00000000
00003000
,
00000001
00000000
00000000
00000000
,
00000100
00000000
00000000
00000000
,
00001000
00000000
00000000
00000000
,
00010000
00000000
00000000
00000000
,
00100000
00100000
00100000
00100000
,
01000000
01000000
01000000
01000000
,
10000000
00100000
10000000
00100000
01000000
00100000
01000000
00100000
,
00010000
00000010
00010000
00000010
00001000
00000100
00001000
00000100
,
00000020
00000000
00000000
00000030
,
00000010
00000000
00000000
00000010
00000001
00000000
00000000
00000001
00000010
00000000
00000000
00000010
00000100
00000000
00000000
00000100
,
00010000
00000000
00000000
00010000
00001000
00000000
00000000
00001000
00100000
00000000
00000000
00100000
01000000
00000000
00000000
01000000
,
00100000
00000000
00000000
00100000
00010000
00000000
00000000
00010000
01000000
00000000
00000000
01000000
00100000
00000000
00000000
00100000
,
10000000
00000000
00000000
10000000
01000000
00000000
00000000
01000000
00001000
00000000
00000000
00001000
01000000
00000000
00000000
01000000
,
00010000
00000000
00000000
00010000
00001000
00000000
00000000
00001000
00000010
00000000
00000000
00000010
00000001
00000000
00000000
00000001
,
00001000
00000000
00000000
00001000
00000100
00000000
00000000
00000100
00000001
00000000
00000000
00000001
00001000
00000000
00000000
00001000
,
00010000
00000000
00000000
00010000
00100000
00000000
00000000
00100000
00001000
00000000
00000000
00001000
00000010
00000000
00000000
00000010
,
00000100
00000000
00000000
00000100
00010000
00000000
00000000
00010000
01000000
00000000
00000000
01000000
00100000
00000000
00000000
00000000
,
10000000
00100000
10000000
00100000
01000000
00010000
01000000
00010000
,
00100000
00010000
00100000
00010000
00001000
00000100
00001000
00000100
,
00000010
00000000
00002010
00000000
00013000
00000000
01000000
00010000
,
00001000
00000010
00000001
00001000
,
00000001
00000010
00000001
00000010
00000100
00001000
00000100
00001000
,
00000010
00001000
00000010
00001000
00010000
01000000
00010000
01000000
,
00100000
00000000
00120000
00000000
00031000
00000000
00000100
00001000
,
00010000
00100000
10000000
00010000
,
10010000
00000000
00000000
00000000
,
00000000
00000000
00000000
00000000
;
