#TITLE:TRIBAL DANCE (ALMIGHTY MIX);
#SUBTITLE:;
#ARTIST:2 UNLIMITED;
#TITLETRANSLIT:;
#SUBTITLETRANSLIT:;
#ARTISTTRANSLIT:;
#CREDIT:;
#BANNER:TRIBAL DANCE (ALMIGHTY MIX).png;
#BACKGROUND:TRIBAL DANCE (ALMIGHTY MIX)-bg.png;
#LYRICSPATH:;
#CDTITLE:./CDTITLES/DANCEMANIA 18.PNG;
#MUSIC:TRIBAL DANCE (ALMIGHTY MIX).ogg;
#OFFSET:0.000;
#SAMPLESTART:57.530;
#SAMPLELENGTH:15.000;
#SELECTABLE:YES;
#DISPLAYBPM:136.000;
#BPMS:0.000=135.458,4.000=135.999;
#STOPS:;
#BGCHANGES:;

//---------------dance-single - ----------------
#NOTES:
     dance-single:
     :
     Easy:
     4:
     0.300,0.299,0.000,0.000,0.000:
0000
0000
0000
0000
,
0000
0000
0000
0000
,
0000
0000
0000
0000
,
0100
0001
0100
1000
,
0100
0001
1000
0001
,
1000
1000
1000
1000
,
0010
1000
0100
1000
,
0001
0100
0100
0100
,
0010
0100
1000
0100
,
0001
1000
1000
0001
,
0100
1000
0100
0001
,
1000
0010
1000
0010
,
0100
0100
0100
0100
,
0001
0001
1000
0001
,
0100
0100
0100
0100
,
0001
1000
0001
1000
,
0010
0100
0001
1000
,
0010
0000
0010
0000
,
1000
0010
0100
0001
,
1000
1000
1000
1000
,
0001
0001
1000
0001
,
0100
0100
0010
0010
,
0100
0010
1000
0001
,
1000
0010
0100
0001
,
1000
0000
0000
0000
0001
1000
0001
0000
,
0000
0100
0100
0100
,
0001
0001
1000
1000
,
0010
0100
0100
0100
,
0001
1000
0001
1000
,
0010
0010
1000
1000
,
0010
0010
0100
0100
,
0001
0001
0100
0100
,
0001
1000
0001
0000
,
0001
0100
1000
0100
,
0001
0100
1000
0001
,
1000
0010
0001
0100
,
1000
0010
1000
0001
,
0100
0100
0010
1000
,
0001
0100
0010
1000
,
0001
0001
0100
0010
,
1000
0010
1000
0001
,
0100
0000
0100
0000
0100
0000
0100
0010
,
1000
0000
1000
0000
1000
0000
1000
0001
,
0100
0000
0100
0000
0100
0000
0100
0010
,
1000
0000
1000
0000
1000
0000
1000
0001
,
0100
0000
0100
0000
0100
0000
0100
0010
,
1000
0000
1000
0000
1000
0000
1000
0001
,
0100
0000
0100
0000
0100
0000
0100
0010
,
1000
0000
1000
0000
1000
0000
1000
0001
,
1000
0000
0000
0000
,
0000
0000
0000
0000
;

//---------------dance-single - ----------------
#NOTES:
     dance-single:
     :
     Medium:
     6:
     0.421,0.463,0.100,0.000,0.000:
0000
0000
0000
0000
,
0000
0000
0000
0000
,
0000
0000
0000
0000
,
0100
0000
0001
0000
0100
0001
0001
0000
,
1000
0000
1000
0000
1000
0001
1000
0001
,
0100
1001
0100
0100
,
0010
1000
0001
0100
,
0001
0110
1000
1000
,
0010
0000
0100
0000
0001
0000
0001
1000
,
0010
1010
0100
0001
,
1000
0010
0100
0001
,
1000
1100
0010
0001
,
1000
0000
1000
0000
0010
0000
0100
0001
,
1000
0000
1000
0000
1000
0000
1000
0010
,
1000
0000
1000
0010
1000
0000
1000
0010
,
1000
0010
1000
0010
1000
0010
1000
0010
,
1000
0001
1000
0001
0100
0010
0100
0010
,
1000
0001
1000
0001
,
0100
0000
0100
0000
0001
0100
1000
0000
,
0010
0010
1000
0001
,
1000
0000
1000
0000
0001
0100
1000
0000
,
0100
0000
0001
0000
0100
0001
1000
0000
,
0010
0000
0100
0000
0010
1000
0001
0000
,
0100
0100
0001
1000
,
0010
0100
0000
0000
0001
0000
1001
0000
,
0100
0100
0001
0000
1000
0000
0001
0000
,
0100
0001
1000
0010
,
1000
1000
0010
0000
0100
0000
0001
0000
,
1000
0000
0010
0000
0100
0000
0001
0001
,
1000
1000
0010
0010
1000
1000
0001
0001
,
0100
0100
0010
0010
0100
0100
0001
0001
,
1000
1000
0010
0010
0100
0010
0100
0010
,
0100
0000
0000
0000
0000
0001
0001
0001
,
0100
0011
0001
1000
,
0010
0000
1000
0000
0001
0100
0001
0100
,
0001
1010
1000
0001
,
0010
0000
0100
0000
1000
0010
1000
0010
,
1000
0000
1001
0000
0100
0001
0100
0001
,
1000
0010
0100
0000
0100
0010
1000
0000
,
0001
0100
1000
0100
0001
0000
1001
0000
,
1000
0000
1000
0000
0010
0100
0010
0100
,
0001
0000
0001
0000
0001
1000
0001
1000
,
0010
0000
0010
0000
0010
0100
0010
0100
,
0001
1000
0001
1000
0010
0100
0001
1000
,
0010
0100
0001
1000
0010
0100
0001
0001
,
1000
0000
1000
0000
1000
0001
1000
0001
,
0010
0000
0010
0000
0010
0100
0010
0100
,
1000
0001
1000
0001
0010
0100
1000
0001
,
0010
0100
1000
0001
0010
0100
1000
0001
,
1000
0000
0000
0000
,
0000
0000
0000
0000
;

//---------------dance-single - ----------------
#NOTES:
     dance-single:
     :
     Hard:
     8:
     0.543,0.544,0.033,0.000,0.178:
0000
0000
0000
0000
,
0000
0000
0000
0000
,
0000
0000
0000
0000
,
1000
0000
0000
0010
0100
0000
0001
0000
1000
0000
0010
0000
0100
0000
0000
0000
,
0001
1000
0001
1000
0001
0001
1001
1001
,
0010
0100
0001
0001
1000
0100
1000
0100
,
0010
0000
0001
0000
1000
0000
0000
1000
0000
0000
0001
0000
0100
0000
0000
0000
,
0010
0010
0100
0001
1000
0010
1000
0001
,
0100
0000
0000
0010
0000
0000
0100
0000
0000
0000
0001
0000
0100
0000
0010
0000
,
1000
0001
1000
0010
0010
0100
0001
1000
,
0010
0000
0000
0100
0000
0000
0001
0000
1000
0000
0000
0000
1000
0000
0001
0000
,
0100
0010
1000
0010
0100
0001
1000
0010
,
0100
0000
0010
0000
0100
0000
0010
0000
1000
0000
0001
0000
1000
0001
1000
0001
,
1000
0000
0010
0000
0010
0000
0010
0100
,
0001
0100
0001
0100
0001
1000
0001
1000
,
0010
1000
0010
0100
0001
1000
0010
0100
,
0010
0000
1000
0000
0001
0000
0100
0000
0010
0100
0010
0100
0010
0100
0010
0100
,
0010
0000
0000
1000
0001
0100
0010
0000
,
1000
0010
1000
0001
0100
0100
0100
0000
,
0001
0000
0001
0100
0010
1000
0001
0000
,
1000
0100
1000
0010
0100
0100
0100
0000
,
0001
0000
0000
1000
0010
0100
0001
0000
,
1000
0010
0100
0001
1000
1000
1000
0000
,
0010
0000
0100
0000
,
0001
0000
0100
0010
1000
1000
1000
0000
,
0001
0000
0000
0001
1000
0000
0000
0000
0010
0000
0100
0000
0010
0000
0000
0000
,
1000
0010
0100
0001
0100
0010
1000
0000
,
0010
0000
0000
0010
1000
0000
0000
0000
0001
0000
0100
0000
0001
0000
0000
0000
,
0010
0100
1000
0001
0010
0100
1000
0000
,
0001
0000
0000
0001
0100
0000
0000
0000
0001
0000
0100
0000
0001
0000
0000
0000
,
1000
0000
0000
1000
0100
0000
0000
0000
1000
0000
0100
0000
1000
0000
0000
0000
,
0001
0100
0010
1000
0001
0100
0010
1000
,
0001
0000
0000
0001
0100
0000
0000
0000
0010
0000
0010
0000
1010
0000
1000
0000
,
0010
0100
0001
0001
1000
0100
1000
0100
,
0010
0000
0001
0000
1000
0000
0000
1000
0000
0000
0001
0000
0100
0000
0000
0000
,
0010
0010
1000
0001
0100
0001
0100
0010
,
1000
0000
0000
0010
0000
0000
0100
0000
0000
0000
0001
0000
0100
0000
0010
0000
,
1000
0001
1000
0010
0010
0100
0001
1000
,
0010
0000
0000
0100
0000
0000
0001
0000
1000
0000
0000
0000
1000
0000
0010
0000
,
0100
0001
1000
0010
0100
0001
1000
0010
,
0100
0000
0010
0000
0100
0000
0010
0000
1000
0000
0001
0000
1000
0001
1000
0001
,
1000
0000
0000
0000
0010
0000
0100
0000
0001
0000
0100
0000
0001
0100
0001
0100
,
0001
0000
0000
0000
1000
0000
0100
0000
0010
0000
0100
0000
0010
0100
0010
0100
,
0010
0000
0000
0000
0001
0000
1000
0000
0100
0000
1000
0000
0100
1000
0100
1000
,
0100
0000
0000
0000
1000
0000
0001
0000
0010
0000
0001
0000
0010
0001
0010
0001
,
0010
0001
1000
0100
0010
0001
1000
0100
,
0010
0100
1000
0001
0100
0010
1000
0001
,
0010
0100
1000
0001
0100
0001
1000
0010
,
0100
0000
0010
0000
0100
0000
0010
0000
0100
0010
0100
0010
0100
0010
0100
0010
,
0100
0000
0000
0000
,
0000
0000
0000
0000
;

//---------------dance-double - ----------------
#NOTES:
     dance-double:
     :
     Easy:
     4:
     0.271,0.245,0.022,0.000,0.000:
00000000
00000000
00000000
00000000
,
00000000
00000000
00000000
00000000
,
00000000
00000000
00000000
00000000
,
10000000
01000000
00010000
01000000
,
10000000
00100000
00010000
00010000
,
00001000
00000000
00001000
00010000
,
00000010
00000100
00000001
00001000
,
00000001
00000000
00000001
00001000
,
00000010
00001000
00010000
00010000
,
01000000
00000000
01000000
00100000
,
10000000
00010000
01000000
00100000
,
01000000
00000000
00010000
00100000
,
00001000
00001000
00010000
00000000
,
00000010
00000010
00000010
00000010
,
00001000
00001000
00001000
00001000
,
00000100
00000100
00000100
00000100
,
00010000
00010000
00001000
00011000
,
01000000
00000000
00100000
00000000
,
10000000
00000000
00010000
10000000
,
00100000
00100000
01000000
00010000
,
01000000
00000000
00001000
00010000
,
00000100
00000100
00001000
00000010
,
00000100
00000100
00000001
00001000
,
00000010
00000000
00010000
00001000
,
00010000
00010000
00100000
01000000
,
00100000
00100000
01000000
01000000
,
00001000
00010000
00000100
00000100
,
00010000
00010000
00001000
00001000
,
00000100
00000100
00000010
00000010
,
00001000
00000001
00001000
00000010
,
00001000
00000100
00010000
00001000
,
01000000
00010000
01000000
00100000
,
01000000
00000000
00000000
10010000
,
00010000
00000000
01000000
00001000
,
01000000
00100000
10000000
00010000
,
10000000
00000000
10000000
00010000
,
01000000
00010000
00001000
00001000
,
00000010
00000000
00000010
00000100
,
00000001
00001000
00000010
00000100
,
00000010
00000000
00001000
00000100
,
00010000
00010000
00001000
00010000
,
00100000
00100000
00100000
00100000
,
10000000
10000000
01000000
01000000
,
01000000
01000000
00100000
00100000
,
00001000
00001000
00010000
00001000
,
00010000
00000100
00000100
00000100
,
00001000
00000010
00000010
00000010
,
00000100
00000001
00001000
00000010
,
00000100
00000001
00001000
00000010
,
00000100
00000000
00000000
00000000
,
00000000
00000000
00000000
00000000
;

//---------------dance-double - ----------------
#NOTES:
     dance-double:
     :
     Medium:
     5:
     0.406,0.408,0.189,0.000,0.000:
00000000
00000000
00000000
00000000
,
00000000
00000000
00000000
00000000
,
00000000
00000000
00000000
00000000
,
10000000
01000000
00010000
00000000
10000000
01000000
00010000
00000000
,
01000000
00100000
00001000
00010000
,
00000010
00000000
00001000
00000000
00001000
00000001
00001000
00000001
,
00001000
00001000
00000010
00010000
,
00001000
00000000
00001000
00000000
01000000
00010000
01000000
00010000
,
10000000
00100000
10000000
00010000
,
01000000
00000000
00001000
00000000
00010000
00001000
00010000
00001000
,
00010000
00000100
00000100
00001000
,
00000010
00000000
00000010
00000000
00000100
00000001
00000100
00000001
,
00001000
00001000
00001000
00000100
,
00010000
00001000
00010000
00001000
,
00010000
00000100
00010000
00000010
,
00010000
00000000
00001000
00000000
00010000
00001000
00010000
00001000
,
00010000
00001000
01000000
00001000
01000000
00001000
01000000
00001000
,
01000000
00010000
01000000
10000000
,
01000000
00100000
00001000
00010000
00001000
00010000
00010000
00000000
,
00001000
00001000
00010000
00000100
,
00001000
00000000
00001000
00000000
00000010
00000100
00000001
00000000
,
00001000
00000000
00001000
00000000
00000010
00010000
00001000
00000000
,
01000000
00000000
00001000
01000000
00010000
00010000
00010000
00000000
,
10000000
00000000
10000000
00000000
00100000
01000000
00100000
00000000
,
01000000
00000000
00001000
00011000
,
00010100
00010100
00011000
00011000
,
00001000
00010000
00001000
00010000
,
01001000
01001000
00011000
00011000
,
00010000
00001000
00010000
00001000
,
00010000
00010010
00010000
00010100
,
00010000
00010010
00001000
00101000
,
01001000
00101000
01001000
00101000
,
01000000
00001000
01000000
00010000
01000000
00000000
00000000
00000000
,
01000000
00000000
00010000
00000000
00010000
10000000
00010000
10000000
,
00010000
00010000
01000000
00001000
,
00010000
00000000
00010000
00000000
00000010
00001000
00000010
00001000
,
00000001
00000100
00000001
00001000
,
00000010
00000000
00010000
00000000
00001000
00010000
00001000
00010000
,
00001000
00100000
00100000
00010000
,
01000000
00000000
01000000
00000000
00100000
10000000
00100000
10000000
,
00010000
00010000
00010000
00100000
,
00001000
00000000
00010000
00000000
00001000
00010000
00001000
00010000
,
00001000
01000000
01000000
01000000
00100000
01000000
00100000
01000000
,
00010000
01000000
00100000
00000000
00001000
01000000
00010000
00000000
,
01000000
00001000
00010000
00001000
00010000
00001000
00010000
00001000
,
00010000
00000000
00000010
00000000
00001000
00000010
00001000
00000010
,
00000100
00000000
00000100
00000000
00000100
00000001
00000100
00000001
,
00001000
00000010
00000100
00000001
00001000
00000010
00000100
00000001
,
00001000
00000000
00000100
00000000
00010000
00001000
00010000
00001000
,
00010000
00000000
00000000
00000000
,
00000000
00000000
00000000
00000000
;

//---------------dance-double - ----------------
#NOTES:
     dance-double:
     :
     Hard:
     7:
     0.532,0.517,0.078,0.000,0.083:
00000000
00000000
00000000
00000000
,
00000000
00000000
00000000
00000000
,
00000000
00000000
00000000
00000000
,
00000100
00010000
00001000
00010000
00100000
00100000
00100000
00000000
,
10000000
00000000
10000000
00000000
01000000
00010000
00001000
00010000
,
00000010
00001000
00000001
00000000
00000100
00000010
00001000
00000010
,
00010000
00001000
01000000
01000000
00000000
00000000
00010000
00000000
,
10000000
00100000
01000000
00000000
00010000
01000000
00001000
01000000
,
00001000
00010000
00000100
00000100
00000000
00000000
00001000
00000000
,
00000010
00000000
00001000
00000000
00000001
00000000
00000100
00000000
00000010
00000000
00001000
00000000
00000010
00001000
00000010
00001000
,
00000010
00000000
00000100
00000000
00000001
00001000
00000010
00001000
,
00000010
00000000
00010000
00000000
00001000
00000000
00100000
00000000
00010000
00000000
10000000
00000000
00010000
10000000
00010000
10000000
,
00010000
00000000
01000000
00000000
00100000
01000000
01010000
00010000
,
01000000
00000000
00001000
00010000
00000100
00010000
00000010
00000000
,
00001000
00000001
00000100
00000010
00001000
00000001
00001000
00000000
,
00000010
00001000
00000100
00010000
00001000
00010000
00001000
01000000
,
00100000
00000000
01000000
00000000
00010000
00000000
10000000
00000000
00100000
00000000
10000000
00000000
00100000
10000000
00100000
10000000
,
00100000
01000000
01100000
00000000
00010000
00100000
00110000
00000000
,
00001000
00010000
00000010
00000100
00000001
00001000
00001001
00000000
,
00000001
00000100
00000010
00001000
00000100
00010000
00010100
00000000
,
00001000
01000000
00010000
10000000
00100000
10000000
10100000
00000000
,
10000000
00000000
00010000
00000000
00001000
00000000
00000001
00000001
,
00000001
00000000
00001000
00000000
00010000
00000000
10000000
00100000
,
01000000
00010000
10000000
00100000
01000000
01000000
01000000
00010000
,
00100000
00000000
00000000
00001000
00010000
00000010
00001000
00000000
,
00000010
00000000
00000000
00001000
00000010
00000000
00001000
00000000
00000001
00000000
00000100
00000000
00000001
00000000
00001000
00000000
,
00000010
00001000
00000100
00010000
01000000
00100000
00010000
10000000
,
00100000
00000000
00000000
10000000
00100000
00000000
10000000
00000000
00010000
00000000
01000000
00000000
00010000
00000000
00100000
00000000
,
00010000
00001000
00000010
00001000
00000001
00000100
00000010
00001000
,
00000100
00010000
00000100
00010000
00000010
00010000
00000010
00010000
,
00001000
01000000
00001000
01000000
00001000
00100000
00001000
00100000
,
00010000
10000000
00100000
01000000
00010000
10000000
00100000
01000000
,
00010000
00000000
00000000
10000000
00010000
00000000
10000000
00000000
00000000
00000000
00000000
00000000
00010000
00000000
00010000
00000000
,
01000000
00010000
10000000
00000000
00100000
01000000
00010000
01000000
,
00001000
00010000
00000010
00000010
00000000
00000000
00001000
00000000
,
00000001
00000100
00000010
00000000
00001000
00000010
00010000
00000010
,
00010000
00001000
00100000
00100000
00000000
00000000
00010000
00000000
,
01000000
00000000
00010000
00000000
10000000
00000000
00100000
00000000
01000000
00000000
00010000
00000000
01000000
00010000
01000000
00010000
,
01000000
00000000
00100000
00000000
10000000
00010000
01000000
00010000
,
01000000
00000000
00001000
00000000
00010000
00000000
00000100
00000000
00001000
00000000
00000001
00000000
00001000
00000001
00001000
00000001
,
00001000
00000000
00000010
00000000
00000100
00000010
00001010
00001000
,
00000010
00000000
00010000
00001000
00100000
00001000
01000000
00000000
,
00010000
10000000
00100000
01000000
00010000
10000000
00010000
00000000
,
01000000
00010000
00100000
00001000
00010000
00001000
00010000
00000010
,
00000100
00000000
00000010
00000000
00001000
00000000
00000001
00000000
00000100
00000000
00000001
00000000
00000100
00000001
00000100
00000001
,
00000100
00000000
00000010
00000000
00010000
00001000
00010000
00001000
,
01000000
00010000
00100000
01000000
10000000
00010000
10000000
00010000
,
01000000
00001000
00100000
00000000
01000000
00001000
00100000
00000000
,
01000000
00001000
00010000
00000010
00001000
00000001
00000100
00000010
,
00001000
00000000
00000000
00000000
,
00000000
00000000
00000000
00000000
;
