#TITLE:TRIP MACHINE EVOLUTION;
#SUBTITLE:;
#ARTIST:DE-JAVU;
#TITLETRANSLIT:;
#SUBTITLETRANSLIT:;
#ARTISTTRANSLIT:;
#CREDIT:;
#BANNER:TRIP MACHINE EVOLUTION.png;
#BACKGROUND:TRIP MACHINE EVOLUTION-bg.png;
#LYRICSPATH:;
#CDTITLE:./CDTITLES/DanceDanceRevolution X3 VS 2ndMIX.png;
#MUSIC:TRIP MACHINE EVOLUTION.ogg;
#OFFSET:0.000;
#SAMPLESTART:43.600;
#SAMPLELENGTH:15.000;
#SELECTABLE:YES;
#DISPLAYBPM:95.000:380.000;
#BPMS:0.000=382.979,4.000=378.947,8.000=189.956,37.000=190.011,130.000=94.737,131.000=189.976,228.500=195.652,229.000=187.500,229.500=189.995;
#STOPS:8.000=1.580
,37.000=0.947
,131.000=0.313
,228.500=0.160
,229.000=0.160
,229.500=0.153
;
#BGCHANGES:;

//---------------dance-single - ----------------
#NOTES:
     dance-single:
     :
     Beginner:
     4:
     0.242,0.256,0.069,0.020,0.000:
0000
0000
0000
0000
,
0000
0000
0000
0000
,
0000
0000
0001
0000
,
0001
0000
0001
0000
,
0001
0000
1000
0000
,
1000
0000
1000
0000
,
1000
0000
0010
0000
,
0010
0000
0010
0000
,
0010
0000
0100
0000
,
0100
0000
0000
0001
,
0000
0001
0000
1000
,
0000
1000
0000
0001
,
0000
0001
0000
0100
,
0000
0010
0000
1000
,
0000
1000
0000
0001
,
0000
0001
0000
1000
,
0000
1000
0000
0100
,
0000
0010
0000
0001
,
0000
0001
0000
1000
,
0000
1000
0000
0001
,
0000
0001
0000
1000
,
0000
0001
0000
0100
,
0000
0100
0000
0010
,
0000
0010
0000
1000
,
0000
1000
0001
0001
,
0001
0000
1001
0000
,
0000
0000
1000
0000
,
1000
0000
1001
0000
,
0000
0000
0200
0000
,
0300
0000
1001
0000
,
0000
0000
0001
0000
,
0001
0000
1001
0000
,
0000
0000
0200
0300
,
0001
0001
0000
0001
,
0000
1000
1000
1000
,
0000
0100
0000
0100
,
0000
0010
0010
0010
,
0000
0100
0000
0010
,
0000
0100
0100
0100
,
0000
0001
0000
0001
,
0000
1000
1000
1000
,
0000
0001
0000
0100
,
0000
0001
0001
0001
,
0000
0100
0000
1000
,
0000
0100
0100
0100
,
0000
0001
0000
0100
,
0000
1000
1000
1000
,
0000
0010
0000
0100
,
0000
0010
0010
0010
,
0001
0001
0000
1000
,
1000
0000
0010
0010
,
1000
1000
0000
0001
,
0001
0000
0100
0100
,
0001
0001
0000
1000
,
1000
0000
0010
0010
,
0100
0100
0000
0001
,
0001
0000
1000
1000
,
0000
0000
0000
0000
0000
0000
0000
0001
,
0000
0000
0000
0001
0000
0000
0000
1000
,
0000
0000
0000
1000
0000
0000
0000
0001
,
0000
0000
0000
0100
0000
0000
0000
0010
,
0000
0010
0000
0010
0000
0000
0000
1000
,
0000
0000
0000
1000
0000
0000
0000
0001
,
0000
0000
0000
0001
0000
0000
0000
0100
,
0000
0000
0000
1000
0000
0000
0000
0010
,
0000
0010
0000
0010
0000
0000
0000
1000
,
0000
0000
0000
1000
0000
0000
0000
0100
,
0000
0000
0000
0100
0000
0000
0000
0001
,
0000
0000
0000
1000
0000
0000
0000
0010
,
0000
0010
0000
0010
0000
0000
0000
0100
,
0000
0100
0000
0100
0000
0000
0000
0010
,
0000
0010
0000
0010
0000
1000
0000
0000
,
0000
0001
0000
0000
0000
1000
0000
0001
,
0000
1000
0000
0001
0000
1001
0000
0000
,
0000
0110
0000
0000
0000
1001
0000
0000
;

//---------------dance-single - ----------------
#NOTES:
     dance-single:
     :
     Easy:
     9:
     0.482,0.512,0.520,0.078,0.000:
0000
0000
0000
0000
,
0000
0000
0000
0000
,
0000
0000
0001
0100
,
0010
0000
1000
0001
,
0010
0000
0001
1000
,
0010
0000
0100
0010
,
0010
0000
0100
1000
,
0001
0000
1000
0100
,
0010
0000
0100
0010
,
0001
0000
0100
1000
,
0010
1000
0001
1000
,
0100
1000
0010
1000
,
0001
1000
0100
1000
,
0001
1000
0001
0010
,
0100
0010
0001
0010
,
1000
0010
0100
0010
,
0001
1000
0001
0010
,
0100
1000
0001
1001
,
1000
0001
0100
0101
,
0001
0100
0010
0110
,
0100
0010
1000
1100
,
1000
1000
0100
1100
,
1000
0010
0001
0011
,
0010
0001
1000
1001
,
0001
0010
0100
0110
,
0010
0000
0010
0000
1000
0000
0000
1000
,
0000
0000
0100
0000
0010
0100
0000
0010
,
0000
0100
0010
0000
0001
0000
0000
0001
,
0000
1001
0200
0000
,
0000
0000
0300
0000
1000
0000
0000
1000
,
0000
0000
0001
0000
0001
1000
0000
1000
,
0001
0000
1000
0000
0100
0000
0000
0011
,
0000
1100
0220
0330
,
0001
0101
1000
0001
,
2000
0100
0010
3001
,
1000
1010
0001
1000
,
0002
0100
0010
1003
,
0010
0110
1000
0001
,
2000
0100
0001
3010
,
0100
0101
1000
0010
,
0200
0001
0010
0301
,
0100
0000
0101
0000
0000
1000
0000
1000
,
0000
0010
0000
0001
0000
0001
1000
0000
,
0100
0000
1100
0000
0000
0010
0000
0010
,
0000
1000
0000
0001
0000
1000
0001
0000
,
0010
0000
1001
0000
0000
0100
0000
0110
,
0000
0010
0000
1000
0000
0010
0100
0000
,
0010
0000
1100
0000
0000
0001
0000
0011
,
0000
0100
0000
1100
0000
0001
1000
0000
,
0100
0100
1100
0100
,
0100
0101
0010
0100
,
1010
1000
1010
0011
,
0001
0011
0100
0010
,
0011
0000
0001
0001
0001
0000
1100
0000
,
1000
1000
1000
0000
0100
0000
0110
0000
,
1100
0000
0001
0001
0001
0000
0101
0000
,
1000
1000
1000
0000
0110
0000
1001
0000
,
0000
0020
0000
0030
0000
0100
0000
1000
,
0000
0100
0000
0010
0000
1000
0000
0100
,
0000
0010
0000
1000
0000
0001
0000
0101
,
0000
1000
0000
1010
0000
0000
0001
0000
,
0101
0000
0001
0000
0001
0100
0000
1000
,
0000
0010
0000
0001
0000
0100
0000
0010
,
0000
0001
0000
1000
0000
0100
0000
0011
,
0000
0100
0000
1001
0000
0000
0001
0000
,
0011
0000
0001
0000
0001
1000
0000
0100
,
0000
0010
0000
0011
0000
0001
0000
1000
,
0000
0100
0000
0001
0000
1000
0000
1100
,
0000
0001
0000
0110
0000
0000
0001
0000
,
1001
0000
0001
0000
0001
0100
0000
0001
,
0000
1000
0000
1001
0000
0100
0000
0010
,
0000
0001
0000
1001
0000
0010
0001
0010
,
0000
0100
1000
0100
0000
0011
0000
1100
,
0000
0011
0000
1100
0000
0010
0010
0010
,
0000
0100
0100
0100
0000
1001
0000
0000
;

//---------------dance-single - ----------------
#NOTES:
     dance-single:
     :
     Medium:
     12:
     0.649,0.622,0.549,0.078,0.000:
0000
0000
0000
0000
,
0000
0000
0000
0000
,
0000
0001
0001
0010
,
1000
0001
0010
1000
,
0001
0100
0100
0010
,
1000
0000
0100
0000
0010
0000
1000
0001
,
1000
0001
0100
0000
1000
0000
0001
0000
,
0100
1000
0001
0100
,
1000
0000
0010
0000
0100
0000
0001
0100
,
1000
0010
0000
0000
0100
0000
0001
0000
,
0100
1001
0010
1000
,
0010
0100
0001
0000
0010
0000
0001
0000
,
0100
1010
0001
1000
,
0100
0010
0001
0000
0100
0000
1010
0000
,
0100
0001
0010
1100
,
1000
0001
0010
0000
0100
0000
1010
0000
,
0001
0010
0001
0110
,
1000
0001
1000
0000
0010
0000
0101
0000
,
0010
0010
0001
0000
0100
0000
1010
0000
,
0001
0001
0100
0000
0010
0000
1100
0000
,
0010
0010
0100
0000
1000
0100
1000
0000
,
0001
1001
0100
1010
,
0001
0001
1000
0000
0100
0000
0011
0000
,
1000
1000
0001
0000
0100
0000
1001
0000
,
0010
0010
0100
0000
0001
1000
0001
1000
,
0001
1000
1001
0000
0101
0000
0000
1001
,
0000
0000
1100
0000
1000
0001
0000
0001
,
0100
0001
0010
0001
1001
0000
0000
1100
,
0000
0101
2002
0000
,
0000
0000
3003
0000
1000
0100
0000
0010
,
0100
0000
0010
0001
1000
0100
0010
0001
,
0100
0001
0010
0000
1000
1100
0000
0001
,
1001
0101
0200
0310
,
0100
0000
1001
0000
1000
0010
1000
0010
,
0000
1010
0000
0101
0000
0100
0010
0100
,
0001
1000
0001
0000
0001
0100
0001
0100
,
0000
0101
0000
1010
0000
0010
0100
0010
,
0100
0000
1001
0000
1000
0100
0010
0001
,
0000
0011
0000
1100
0000
0001
0100
0001
,
1000
0010
1000
0000
0001
0100
0010
1000
,
0000
1010
0000
0101
0000
0010
0001
1000
,
0100
0000
1002
0000
0010
0010
0000
1003
,
0000
0001
0000
0010
0001
1000
0001
0100
,
0010
1000
0002
0000
0100
0100
0000
0013
,
0000
0001
0000
1000
0001
0010
0100
1000
,
0001
0000
1100
0000
0100
0010
0001
0100
,
0000
1100
0000
0100
1000
0001
0100
0010
,
1000
0100
0010
0000
0010
0001
0000
1100
,
0000
0011
0000
0101
0000
1100
0000
1001
,
0001
0100
0001
0100
0001
0000
1000
0100
,
1000
0100
1000
0000
0001
1000
1001
0000
,
0010
0001
0100
0001
0010
0000
0100
1000
,
0010
1000
0100
0000
1000
0100
0001
0100
,
0010
0100
1000
1000
1000
0000
0010
0100
,
0001
0001
0001
0000
0010
0100
1001
0000
,
1000
1000
1000
0001
1001
0000
0001
0001
,
0001
1000
1001
0000
0001
1000
0001
1000
,
0000
0010
0110
0010
0000
0100
0000
1001
,
0000
0001
0100
0010
0000
0100
0000
0010
,
0100
1000
0100
0010
0100
0001
0000
1010
,
0000
0100
0001
0010
0001
0200
0010
0000
,
0001
0000
0010
0000
0301
1000
0000
0010
,
0000
0001
0100
0010
1000
0100
0000
0001
,
0100
0010
0100
0001
0100
1000
0000
1100
,
0000
0001
0010
0100
1000
0002
0010
0000
,
1000
0000
0010
0000
1003
0010
0000
0110
,
0000
1000
0100
0001
0000
0101
0000
0010
,
0100
0001
0100
0010
1000
0100
0000
0011
,
0000
1000
0100
0001
0100
2000
0010
0000
,
0100
0000
0010
0000
3100
0000
0001
0010
,
0100
1000
0001
1000
0100
0000
0001
0010
,
0100
1000
0100
0001
0100
0010
0001
0100
,
0010
0100
1000
0100
0100
0001
1000
0001
,
1000
0010
0100
0010
0100
0001
0001
0101
,
0000
1000
1000
1100
0000
1001
0000
0000
;

//---------------dance-single - ----------------
#NOTES:
     dance-single:
     :
     Hard:
     16:
     0.953,1.000,0.784,0.157,0.564:  // measure 1
0000
0000
0000
0000
,  // measure 2
0000
0000
0000
0000
,  // measure 3
0220
0330
1001
0000
0010
0100
1000
0000
,  // measure 4
0001
0000
1010
0000
0100
0010
0001
0000
,  // measure 5
1000
0000
0101
0000
0010
0001
1000
0000
,  // measure 6
0001
0000
1001
0000
0100
0000
0001
0010
,  // measure 7
0100
1000
1001
0000
0100
0010
1000
0000
,  // measure 8
0001
0000
1100
0000
0010
0001
0100
0000
,  // measure 9
0011
0000
0100
0000
1000
0100
0001
1000
,  // measure 10
0001
0000
1000
0200
0000
0000
0300
0000
1100
0000
0000
0000
1000
0000
0100
0000
,  // measure 11
0010
0100
0000
0010
0001
0000
0100
0000
0101
0000
0000
0000
0001
0000
0010
0000
,  // measure 12
0001
0010
0000
0100
1000
0000
0010
0000
0110
0000
0000
0000
0010
0000
1000
0000
,  // measure 13
0001
0100
0000
0010
1000
0000
0010
0000
1010
0000
0000
0000
0100
0000
0001
0000
,  // measure 14
0010
0001
0000
1000
0100
0000
0010
0001
0200
0000
0000
0000
0301
0000
0100
0000
,  // measure 15
1000
0100
0000
0010
1000
0000
0001
0000
0102
0000
0000
0000
1003
0000
0100
0000
,  // measure 16
0010
0001
0000
0100
0001
0000
0010
0000
0021
0000
0000
0000
1030
0000
0010
0000
,  // measure 17
0001
0010
0000
0001
0100
0000
1000
0000
1200
0000
0000
0000
0301
0000
0100
0000
,  // measure 18
0010
0100
0000
0010
1000
0000
0001
0000
1001
0000
0100
0000
0010
0000
0001
0000
,  // measure 19
0100
0010
0000
1000
0100
0000
0010
0000
0001
0000
0100
0000
0010
0000
0001
0000
,  // measure 20
0010
1000
0000
0001
0100
0000
0000
0000
0100
0000
0010
0000
0100
0000
0001
0000
,  // measure 21
1000
0100
0000
0010
1000
0000
0001
0000
0100
0000
1000
0000
0001
0000
0100
0000
,  // measure 22
0010
1000
0000
0010
0100
0000
0000
0000
0010
0000
0001
0000
0100
0000
1000
0000
,  // measure 23
0001
0100
0000
1000
0001
0000
0010
0000
1000
0000
0100
0000
0001
0000
0100
0000
,  // measure 24
0010
0001
0000
0010
0100
0000
0000
0000
0010
0000
0001
0000
0010
0000
1000
0000
,  // measure 25
0001
0100
0000
0010
0001
0000
1000
0000
0010
0000
0100
0000
0010
0000
0100
0000
,  // measure 26
1001
0000
0000
0000
0110
0000
0000
0000
1000
0100
0000
0000
0110
0000
0001
0100
,  // measure 27
0000
0000
0110
0000
1000
0100
0000
0000
0110
0000
0001
0100
0000
0000
0110
0000
,  // measure 28
0001
0100
1000
0000
1000
0100
0001
0000
1000
0100
0000
0000
1010
0000
0001
0100
,  // measure 29
0000
0000
0011
0000
1000
0100
0000
0000
0120
0000
0000
0000
0000
0000
0100
0000
,  // measure 30
0200
0000
0000
0000
0330
0000
0000
0000
1000
0100
0010
0000
0010
0000
0001
0100
,  // measure 31
0010
0000
0010
0000
1000
0100
0010
0000
0010
0000
0100
0000
0001
0000
0100
0000
,  // measure 32
1000
0000
0100
0000
0010
0000
0100
0000
1000
0010
0100
0000
0100
0000
0001
0010
,  // measure 33
0100
0000
0100
0000
0010
0100
0010
0000
0210
0000
0000
0000
0020
0000
0330
0000
,  // measure 34
0110
0000
0000
0000
1001
0000
0000
0000
1000
0000
0001
0100
0001
0000
0010
0000
,  // measure 35
0100
0000
0010
0000
0001
0000
0100
0000
0010
0000
1000
0010
1000
0000
0100
0000
,  // measure 36
0010
0000
0100
0000
0110
0000
0000
0000
0100
0000
1000
0100
1000
0000
0001
0000
,  // measure 37
0100
0000
0010
0100
0000
0000
0100
0010
0000
0000
0010
1000
0000
0000
1000
0001
,  // measure 38
0100
0000
0000
0000
0110
0000
0000
0000
0100
0000
1000
0001
1000
0000
0001
0000
,  // measure 39
0100
0000
1000
0000
0100
0000
0010
0000
0100
0000
0001
0100
0001
0000
1000
0000
,  // measure 40
0100
0000
0010
0000
0110
0000
0000
0000
1000
0000
0100
0010
0100
0000
0001
0000
,  // measure 41
0100
0000
1000
0100
0000
0000
0100
0001
0000
0000
0001
0010
0000
0000
0010
0100
,  // measure 42
1000
0000
0000
0000
1001
0000
0000
0000
1000
0000
0001
0010
0001
0000
0100
0000
,  // measure 43
1000
0000
0100
0010
0100
0000
0001
0000
0010
0000
0100
0000
1000
0000
0010
0000
,  // measure 44
1000
0000
0010
0001
0010
0000
1000
0000
0001
0000
0100
0010
0100
0000
0010
0000
,  // measure 45
1000
0000
0100
0001
0000
0000
1000
0010
0000
0000
0001
1000
0000
0000
0010
1000
,  // measure 46
0100
0000
0000
0000
1001
0000
0000
0000
0010
0000
1000
0010
1000
0000
0010
0000
,  // measure 47
0001
0000
0010
1000
0010
0000
0001
0000
1000
0000
0100
0000
0010
0000
0100
0000
,  // measure 48
0001
0000
1000
0100
1000
0000
0010
0000
0001
0000
0010
1000
0010
0000
0001
0000
,  // measure 49
0100
0000
0010
1000
0000
0000
0100
0001
0000
0000
1000
0100
0000
0000
0001
0000
,  // measure 50
0110
0100
0001
0001
0101
0000
0011
0001
,  // measure 51
0010
0010
0110
0000
0110
0100
0001
1000
,  // measure 52
1010
0010
0110
0100
1001
0000
0101
0100
,  // measure 53
0110
0000
0010
0000
1001
0000
0000
0000
0010
1000
0010
1000
0001
0100
0001
0100
,  // measure 54
0010
1000
1100
1100
1001
0000
0010
0001
,  // measure 55
0101
0101
1001
0000
0101
1000
0110
0001
,  // measure 56
1010
1010
1100
0110
0110
0000
0011
0011
,  // measure 57
0101
0000
0110
0000
0110
0000
0000
0000
0001
0010
0100
1000
0001
0010
0100
1000
,  // measure 58
0000
1200
0001
1300
0000
0110
0000
1001
,  // measure 59
0000
0010
0100
0000
1000
0000
0001
0000
0010
0001
0200
0000
0000
0000
0310
0000
,  // measure 60
0100
0001
0010
0000
0010
0000
0100
0000
0010
0000
1000
0000
0010
0100
0002
0000
,  // measure 61
1000
0000
1003
0000
0010
0000
0100
0000
0110
0000
0000
0000
0010
1000
0000
0000
,  // measure 62
1000
0100
0000
0000
0100
0001
0000
0000
0001
0010
0100
0000
0000
0000
0110
0000
,  // measure 63
0000
0100
0010
0000
0001
0000
1000
0000
0100
1000
0020
0000
0000
0000
0031
0000
,  // measure 64
0010
1000
0100
0000
0100
0000
0010
0000
0100
0000
0001
0000
0010
0100
2000
0000
,  // measure 65
0001
0000
3001
0000
0100
0000
0010
0000
1010
0000
0000
0000
0100
0001
0000
0000
,  // measure 66
0001
0010
0001
0000
1000
0000
0100
0000
0010
0000
0101
0000
0000
0000
1001
0000
,  // measure 67
0000
0001
0010
0000
1000
0000
0001
0000
1000
0100
0001
0000
0000
0000
0010
0000
,  // measure 68
0001
0010
1000
0000
0010
0000
0001
0000
0100
0000
1000
0000
0001
1000
0100
0000
,  // measure 69
0010
0001
0010
0000
0100
0000
1000
0000
1001
0000
0000
0000
0100
1000
0000
0000
,  // measure 70
1000
0010
1000
0000
0001
0000
0100
0000
0010
0000
1100
0000
1000
0000
0100
0000
,  // measure 71
0001
0000
0100
0000
0010
0100
1000
0000
0001
0000
0011
0000
0001
0000
0100
0000
,  // measure 72
1000
0000
0100
0000
0010
0100
0001
0000
1000
0000
1001
0000
0010
0001
0100
0000
,  // measure 73
0010
0000
0110
0000
0010
1000
0100
0000
0010
0000
0001
0100
0001
0000
1000
0010
,  // measure 74
1000
0000
0010
0100
0010
0100
0001
0010
0100
1000
0100
0000
0110
0000
0011
0000
,  // measure 75
0100
0010
0110
1010
0000
1001
0000
0000
;

//---------------dance-single - ----------------
#NOTES:
     dance-single:
     :
     Challenge:
     18:
     1.000,1.000,0.971,0.324,0.775:
0000
0000
0000
0000
,
0000
0000
0000
0000
,
2002
3003
1000
0000
0001
0000
0010
0100
,
0001
0000
0001
0000
1000
0000
0010
0100
,
1000
0000
0001
0010
0100
0100
0100
0010
,
0001
0000
1000
0010
0100
0100
0100
0010
,
1000
0001
1001
0000
0001
0010
1000
0000
,
1000
0001
1000
0000
1000
0100
0001
0000
,
0001
1000
0001
0000
0001
0010
1000
0100
,
0001
0000
0010
0200
0000
0000
0300
0000
1001
0000
0100
0000
0010
0000
0001
0100
,
0010
0100
0001
0000
1000
0000
0001
0000
0100
0000
0000
0000
1010
0000
0100
0001
,
0010
0000
0001
0000
0100
0000
0010
0000
0101
0000
0100
0000
0001
0000
0010
0001
,
1000
0001
0100
0000
0010
0000
0001
0000
0010
0000
0000
0000
0110
0000
1000
0100
,
1000
0000
0100
0000
0001
0000
0010
0000
0101
0000
1000
0000
0001
0000
0010
0100
,
1000
0001
1000
0000
0001
0000
0010
0000
0100
0000
0000
0000
0011
0000
0010
0001
,
1000
0000
0010
0000
0100
0000
0001
0000
1001
0000
0100
0000
0010
0000
0100
0001
,
0100
0010
1000
0000
0100
0000
1000
0000
1100
0000
0000
0000
0101
0000
0001
0010
,
0100
0000
1000
0000
0010
0000
0100
0000
0010
0100
0000
0010
0001
0000
1000
0100
,
0010
0001
0000
0001
1000
0000
0001
0000
0100
0000
0000
0000
1010
0000
0100
0001
,
0100
0010
0000
0010
0100
0000
0010
0000
1000
0100
0000
0001
0100
0000
1000
0010
,
0100
0001
0000
0010
1000
0000
0001
0000
0010
0000
0000
0000
0110
0000
1000
0100
,
1000
0010
0000
0100
0001
0000
0010
0000
0001
0100
0000
1000
0001
0000
0010
1000
,
0001
0100
0000
0100
0010
0000
0100
0000
0101
0000
0000
0000
1001
0000
0010
0001
,
1000
0100
0000
0100
0010
0000
0001
0000
0100
0001
0000
1000
0010
0000
0001
0100
,
0010
1000
0000
0000
0101
0000
1000
0000
0100
0000
0100
0000
0010
0000
0100
0000
,
0001
0000
1000
0000
1001
0000
0000
0000
0010
0001
0100
0000
1001
0000
0010
1000
,
0100
0000
1001
0000
0010
0100
1000
0000
1001
0000
0010
0100
0001
0000
1001
0000
,
0100
0001
0010
0000
0100
1000
0010
0000
1000
0100
0001
0000
0110
0000
0001
0100
,
1000
0000
0110
0000
1000
0100
0001
0000
0200
0000
0000
0000
0010
0000
0310
0000
,
0200
0000
0010
0000
0010
0000
0310
0000
1000
0100
0001
0000
0110
0000
0001
0010
,
1000
0000
0110
0000
1000
0100
0001
0000
0110
0000
0010
0000
0100
0000
1000
0000
,
0001
0000
1001
0000
1000
0000
0010
0000
1000
0010
0001
0000
0110
0000
0001
0100
,
1000
0000
0110
0000
1000
0010
0001
0000
0210
0000
0000
0000
0002
0000
0303
0000
,
0001
0000
0100
0000
1010
0000
0000
0000
0001
0000
0100
0010
1000
0000
0100
0000
,
0010
0000
0001
0100
0010
0000
1000
0000
0001
0000
0010
0001
1000
0000
0100
0000
,
1000
0000
0010
1000
0001
0000
0100
0000
0001
0000
1000
0000
0100
0000
0001
0000
,
0100
0000
0020
0001
0000
0000
0032
0100
0000
0000
0203
1000
0000
0000
1300
0100
,
0001
0000
0010
0000
1100
0000
0000
0000
0010
0000
0001
0100
0010
0000
1000
0000
,
0001
0000
0010
0100
1000
0000
0001
0000
0100
0000
0010
1000
0100
0000
0010
0000
,
0001
0000
1000
0001
0010
0000
0100
0000
0001
0000
0100
0000
0010
0000
0001
0000
,
0100
0000
0020
1000
0000
0000
2030
0100
0000
0000
3200
0001
0000
0000
0301
0100
,
1000
0000
0010
0000
0101
0000
0000
0000
0001
0000
1000
0100
0001
0000
0100
0000
,
0010
0000
0001
0100
0010
0000
1000
0000
0010
0000
0100
0010
1000
0000
0010
0000
,
0100
0000
0001
0010
1000
0000
0010
0000
0100
0000
0001
0000
0100
0000
1000
0000
,
0001
0000
0110
1000
0000
0000
0110
0001
0000
0000
0110
1000
0000
0000
0010
0001
,
0100
0000
0001
0000
0011
0000
0000
0000
0001
0000
1000
0100
0010
0000
0001
0000
,
0100
0000
0001
0010
0100
0000
1000
0000
0010
0000
1000
0100
0010
0000
0001
0000
,
0100
0000
0001
0010
0100
0000
0010
0000
0001
0000
0100
0000
1000
0000
0010
0000
,
0100
0000
1001
0010
0000
0000
1001
0100
0000
0000
1001
0010
0000
0000
0110
0000
,
1002
1003
1200
1300
0101
0010
0021
0031
,
2001
0000
3001
0000
1100
0000
0100
0000
1001
0000
1001
0000
1100
0000
0100
0010
,
0002
0103
0101
1001
1001
0100
2001
3010
,
1010
0000
1001
0000
1001
0000
0100
0000
0001
0100
0010
0100
0001
0100
0010
0100
,
0001
0101
0110
1010
1100
0001
1100
1100
,
1001
0000
0011
0000
0110
0000
0001
0000
0010
0100
0010
0001
0100
0010
1000
0100
,
0010
1001
0101
1010
1001
0010
1001
0110
,
0011
0000
0110
0000
1001
0000
0010
0000
1000
0100
0001
0100
1000
0100
0001
0100
,
0000
0000
0000
0000
0000
0000
2000
0000
0020
3030
0000
0000
0000
0000
0020
0000
0200
0330
0000
0000
0000
0000
0200
0000
0002
0303
0000
0000
0000
0000
0000
0000
0000
0000
0000
0000
0000
0000
0000
0000
1100
0000
0000
0000
0000
0000
0000
0000
0000
0000
0000
0000
0000
0000
0000
0000
0011
0000
0000
0000
0000
0000
0000
0000
,
0000
0001
0010
0000
0001
0000
1000
0000
0001
1000
0100
0000
0000
0000
0110
0000
,
0001
0010
0100
0000
0100
1000
0010
0000
0010
0100
0001
0000
0010
0100
2000
0000
,
0001
0000
3001
0000
0100
0000
0010
0000
0110
0000
0000
0000
0210
0001
0000
0300
,
0012
1000
0000
0003
2100
0010
0000
3000
0001
1000
0100
0000
0000
0000
1100
0000
,
0000
0100
1000
0000
0010
0000
0100
0000
0001
1000
0100
0000
0000
0000
1001
0000
,
0010
0001
0100
0000
0010
1000
0100
0000
1000
0100
0010
0000
0001
0100
0020
0000
,
0100
0000
0130
0000
0001
0000
1000
0000
1001
0000
0000
0000
0120
1000
0000
0000
,
0130
0001
1000
0100
0010
0001
0100
0010
0100
0001
0010
0000
0000
0000
1001
0000
,
0000
0001
0100
0000
1000
0000
0010
0000
1000
0100
0001
0000
0000
0000
0011
0000
,
0001
1000
0100
0010
0001
0100
0010
0000
0001
0100
0010
0000
1000
0001
0020
0000
,
0100
0000
0130
0000
0010
0000
0001
0000
1001
0000
0000
0000
0021
1000
0000
0000
,
0031
0100
1000
0000
1000
0100
0001
0000
0010
0000
1001
0000
0001
0000
0010
0000
,
0110
0000
1000
0100
0010
0001
1000
0100
0001
0000
1001
0000
0001
0000
0100
0000
,
0110
0000
0001
0010
0100
1000
0001
0100
1000
0000
0110
0000
0010
0100
1000
0100
,
0010
0100
0001
1000
0010
1000
0001
1000
0010
1000
0100
0010
0001
0100
0010
1000
,
0001
0100
0010
1000
0100
0010
0001
0010
0100
1000
0010
0000
0110
0000
1010
0000
,
1000
0100
0001
0000
0101
0000
0110
0000
0001
0010
1000
0000
0000
0000
0000
0000
;

//---------------dance-double - ----------------
#NOTES:
     dance-double:
     :
     Easy:
     9:
     0.399,0.402,0.235,0.069,0.000:

00000000
00000000
00000000
00000000
,

00000000
00000000
00000000
00000000
,

00000000
00000000
00000010
00000000
,

00000100
00000000
00001000
00010000
,

00001000
00000000
00100000
00000000
,

01000000
00000000
10000000
00010000
,

00100000
00000000
00001000
00000000
,

00010000
00000000
00000100
00000010
,

00000001
00000000
00000100
00000000
,

00001000
00000000
00010000
00001000
,

00000000
00001000
01000000
00010000
,

00000000
00010000
10000000
00100000
,

00000000
00100000
00010000
00001000
,

00000010
00001000
00000100
00000010
,

00000000
00000010
00001000
00000001
,

00000000
00000001
00000010
00001000
,

00000000
00001000
00010000
00100000
,

00010000
01000000
00100000
01100000
,

00000000
10000000
01000000
11000000
,

00000000
00010000
00001000
00011000
,

00000000
00000100
00000001
00000101
,

00000000
00000001
00000010
00000011
,

00000000
00001000
00010000
00011000
,

00000000
00100000
10000000
10100000
,

00000000
10000000
00010000
10010000
,

00100000
00000000
00001000
00000000
00010000
00000000
00000000
00010000
,

00000000
00000000
00000010
00000000
00000010
00000000
00000000
00001000
,

00000000
00000000
00000001
00000000
00000100
00000000
00000000
00001000
,

00000000
00010000
02000000
00000000
,

00000000
00000000
03000000
00000000
00100000
00000000
00000000
00100000
,

00000000
00000000
00001000
00000000
00001000
00000000
00000000
00010000
,

00000000
00000000
00000100
00000000
00000010
00000000
00000000
00000010
,

00000000
00000001
00000200
00000300
,

00000001
00001001
00000010
00000100
,

00000020
00000001
00000100
00001030
,

00010000
00010010
00000100
00001000
,

00020000
00000010
00001000
00030100
,

00010000
00011000
00001000
00100000
,

00002000
00010000
00100000
01003000
,

00010000
00110000
00100000
01000000
,

20000000
00100000
00010000
31000000
,

00100000
00000000
01100000
00000000
00000000
00010000
00000000
00010000
,

00000000
00001000
00000000
00000100
00000000
00000001
00001000
00000000
,

00000010
00000000
00000110
00000000
00000000
00000001
00000000
00000001
,

00000000
00000100
00000000
00001000
00000000
00000010
00000100
00000000
,

00000010
00000000
00001001
00000000
00000000
00000010
00000000
00000010
,

00000000
00000100
00000000
00001000
00000000
00010000
00001000
00000000
,

00010000
00000000
00011000
00000000
00000000
00001000
00000000
00010000
,

00000000
01000000
00000000
10000000
00000000
00010000
01000000
00000000
,

10000000
10000000
01000000
00010000
,

00010000
01000000
00100000
00100000
,

00001000
00001000
00011000
00010000
,

00010000
00011000
00001000
00010000
,

00001000
00001000
00000010
00000001
,

00000001
00000010
00000100
00000100
,

00001000
00000001
00001001
00000100
,

00000010
00000110
00001000
00010000
,

00000000
02000000
00000000
03000000
00000000
00100000
00000000
10000000
,

00000000
00100000
00000000
01000000
00000000
00010000
00000000
00000000
,

00000000
00100000
00000000
00001000
00000000
00010000
00000000
00001000
,

00000000
00000010
00000000
00000001
00000000
00000000
00001000
00000000
,

00001000
00000000
00001000
00000000
00001000
00000001
00000000
00000100
,

00000000
00000010
00000000
00001000
00000000
00000100
00000000
00000000
,

00000000
00010000
00000000
00100000
00000000
01000000
00000000
01100000
,

00000000
00010000
00000000
10000000
00000000
00000000
00010000
00000000
,

00010000
00000000
00010000
00000000
00010000
10000000
00000000
01000000
,

00000000
00010000
00000000
01000000
00000000
00100000
00000000
00001000
,

00000000
00010000
00000000
00001000
00000000
00000010
00000000
00000001
,

00000000
00000010
00000000
00000100
00000000
00000000
00001000
00000000
,

00001000
00000000
00001000
00000000
00001000
00000001
00000000
00000100
,

00000000
00001000
00000000
00000100
00000000
00000010
00000000
00001000
,

00000000
00010000
00000000
00001000
00000000
00010000
00000000
00100000
,

00000000
01000000
00000000
00010000
00000000
10000000
00000000
00010000
,

00000000
11000000
00000000
00110000
00000000
10000000
01000000
00010000
,

00000000
00001000
00010000
01000000
00000000
10010000
00000000
00000000
,
;

//---------------dance-double - ----------------
#NOTES:
     dance-double:
     :
     Medium:
     12:
     0.626,0.585,0.520,0.078,0.000:

00000000
00000000
00000000
00000000
,

00000000
00000000
00000000
00000000
,

00000000
00001000
01000000
00001000
,

00010000
00000010
00010000
00001000
,

00000100
00000010
00000100
00001000
,

00010000
00000000
01000000
00000000
00100000
00000000
00010000
10000000
,

00010000
10000000
01000000
00000000
10000000
00000000
01000000
00000000
,

00010000
00001000
00100000
00001000
,

00010000
00001000
00001000
00000100
,

00000010
00000000
00001000
00000100
,

00001000
00000001
00000010
00000000
00000100
00000000
00001000
00000000
,

00000001
00000110
00001000
00010000
,

00001000
00010000
00100000
00000000
10000000
00000000
00100000
00000000
,

01000000
01100000
00010000
00100000
,

01000000
10000000
00010000
00000000
00100000
00000000
00001000
00000000
,

00010000
00011000
00000010
00001000
,

00000010
00001000
00000100
00000000
00000010
00000000
00000001
00000000
,

00001000
00000110
00001000
00010100
,

00000000
00001000
00010000
00000000
01000000
00000000
10100000
00000000
,

00010000
10000000
01000000
00000000
00100000
00000000
01001000
00000000
,

00000000
00010000
00001000
00000000
00000010
00000100
00000010
00000000
,

00000001
00001001
00000100
00001010
,

00000000
00000001
00001000
00000000
00000100
00000000
00011000
00000000
,

00010000
00001000
01000000
00000000
00100000
00000000
10010000
00000000
,

00000000
00100000
01000000
00000000
00010000
01000000
00010000
10000000
,

00010000
00100000
00010000
00000000
11000000
00000000
01000000
00100000
,

00000000
00100000
00001000
00000000
00011000
00000000
00010000
00000100
,

00000000
00000100
00000010
00000100
00001000
00000000
00000010
00000100
,

00000000
00000100
00001000
00000000
00022000
00000000
00000000
00000000
,

00000000
00000000
00033000
00000000
00101000
00000000
00010000
01000000
,

00000000
00100000
10000000
00000000
10010000
00000000
10000000
01000000
,

00000000
00100000
00001000
00010000
00000100
00000000
00000010
00000100
,

00000000
00001001
00000200
00000310
,

00000001
00000000
00000101
00000000
00000010
00000100
00000000
00001100
,

00000000
00000101
00000000
00000010
00001000
00000010
00001000
00000010
,

00000100
00001000
00010000
00000000
00010000
00001000
00000000
00101000
,

00000000
01010000
00000000
01000000
00010000
00100000
01000000
10000000
,

00100000
00000000
11000000
00000000
00100000
00010000
00000000
01010000
,

00000000
10100000
00000000
00100000
01000000
10000000
01000000
00010000
,

00100000
00001000
00100000
00000000
00010000
00001000
00000000
00011000
,

00000000
00010010
00000000
00001000
00000100
00000010
00000001
00000100
,

00001000
00000000
00000110
00000000
00000001
00000101
00000000
00001100
,

00000000
00000011
00000000
00001000
00000001
00000100
00000010
00000100
,

00001000
00010000
00020000
00000000
00001000
00001000
00000000
00130000
,

00000000
01100000
00000000
00010000
00100000
01000000
10000000
00010000
,

10000000
00000000
11000000
00000000
10000000
10100000
00000000
01001000
,

00000000
00110000
00000000
00100000
00001000
00010000
00001000
00000100
,

00000010
00001000
00000200
00000000
00000010
00000010
00000000
00001300
,

00000000
00001001
00000000
00000011
00000000
00001010
00000000
00001001
,

00000001
00000100
00000001
00000100
00000001
00000000
00001000
00000100
,

00001000
00000100
00001000
00000000
00010000
00001000
00010000
00000000
,

00100000
00010000
00100000
00010000
00100000
00000000
00100000
10000000
,

00100000
10000000
00100000
00000000
10000000
01000000
00100000
00010000
,

01000000
00010000
10000000
01000000
00010000
00000000
00001000
00000100
,

00000001
00001000
00000010
00000000
00000110
00000000
00001001
00000000
,

00000100
00000010
00010000
00010000
00010000
00000000
01000000
00100000
,

00001000
00001000
00001000
00000000
00010000
01000000
10000000
00100000
,

00000000
10000000
00010000
00001000
00000000
00000100
00000000
00001001
,

00000000
00000001
00000100
00000010
00000000
00000100
00000000
00001000
,

00010000
00001000
00100000
00010000
00100000
01000000
00000000
00110000
,

00000000
00010000
10000000
00100000
00000000
20000000
01000000
00000000
,

00010000
00000000
00100000
00000000
30010000
01000000
00000000
01100000
,

00000000
10000000
01000000
00100000
00000000
01100000
00000000
00010000
,

00001000
00010000
00000100
00000010
00000001
00000100
00000000
00000110
,

00000000
00000100
00000001
00000010
00000000
00000002
00000010
00000000
,

00001000
00000000
00000100
00000000
00001003
00000100
00000000
00000110
,

00000000
00000010
00000001
00001000
00000000
00001001
00000000
00000010
,

00000001
00000100
00001000
00010000
00001000
00010000
00000000
00011000
,

00000000
00001000
00010000
00100000
00100000
02000000
10000000
00000000
,

00100000
00000000
00010000
00000000
03001000
00100000
00010000
00100000
,

00010000
10000000
01000000
00100000
00000000
00010000
00100000
00001000
,

00010000
00000100
00001000
00000100
00000000
00000001
00000010
00000100
,

00000000
00001000
00000010
00000100
00000000
00001000
00010000
00100000
,

00010000
00001000
00000010
00001000
00010000
00100000
00100000
01100000
,

00000000
10000000
10000000
10010000
00000000
10010000
00000000
00000000
,
;

//---------------dance-double - ----------------
#NOTES:
     dance-double:
     :
     Hard:
     16:
     0.901,0.951,0.677,0.157,0.476:

00000000
00000000
00000000
00000000
,

00000000
00000000
00000000
00000000
,

00000012
00000000
00000103
00000000
00001000
00000000
00010000
00100000
,

01000000
00000000
00010000
00000000
10000000
00000000
01000000
00100000
,

00010000
00000000
10000000
00000000
01000000
00000000
00010000
00001000
,

00000100
00000000
00000001
00000000
00000100
00000000
00000010
00001000
,

00010000
01000000
00200000
00000000
01300000
00000000
10010000
10000000
,

01000000
00000000
00100000
00000000
00001000
00000000
00011000
00010000
,

00000100
00000000
00001100
00000000
00000011
00000000
00000101
00000010
,

00000100
00000000
00001000
00000020
00000000
00000000
00000030
00000000
00000100
00000000
00000000
00000000
00001001
00000000
00000100
00000000
,

00000001
00001000
00000010
00000000
00000011
00000000
00001000
00000010
,

00010000
00001000
00100000
00000000
01100000
00000000
00110000
00001000
,

00010000
01000000
10000000
00000000
01100000
00000000
10010000
10000000
,

00100000
00010000
00001000
00010000
00011000
00000000
00001100
00000100
,

00000010
00000001
00001000
00000000
00000110
00000000
00000101
00000001
,

00000100
00001000
00010000
00000000
00101000
00000000
01010000
01000000
,

10000000
01000000
00010000
00000000
10010000
00000000
01100000
00100000
,

01000000
00010000
00001000
00000100
00000110
00000000
00000010
00000001
,

00000100
00000010
00000000
00001000
00010000
00000000
00100000
00000000
00010000
00000000
00000000
00000000
00100000
00000000
01000000
00000000
,

10000000
01000000
00000000
01000000
00010000
00000000
00001000
00000000
00011000
00000000
00000000
00000000
00000010
00000000
00000001
00000000
,

00001000
00000100
00000000
00000001
00000100
00000000
00001000
00000000
00000010
00000000
00000000
00000000
00000100
00000000
00001000
00000000
,

00010000
01000000
00000000
01000000
00100000
00000000
10000000
00000000
10010000
00000000
00000000
00000000
00100000
00000000
00010000
00000000
,

01000000
00100000
00000000
10000000
01000000
00000000
00010000
00000000
00000100
00000000
00010000
00000000
00001000
00000000
00100000
00000000
,

01000000
00010000
00000000
00001000
00000010
00000000
00000001
00000000
00001000
00000000
00000100
00000000
00000001
00000000
00000100
00000000
,

00000010
00000001
00000000
00001000
00000001
00000000
00000100
00000000
00001000
00000000
00001000
00000000
00010000
00000000
00010000
00000000
,

00010100
00000000
00000000
00000000
00011000
00000000
00000000
00000000
00001000
00010000
00000000
00000000
01000000
00000000
00010000
00001000
,

00000000
00000000
00000100
00000000
00001000
00010000
00000000
00000000
00100000
00000000
00010000
00001000
00000000
00000000
00000010
00000000
,

00000001
00000000
00000100
00000000
00001000
00000000
00010000
00000000
00100000
00010000
00000000
00000000
00001000
00000000
00000010
00001000
,

00000000
00010000
00100000
01000000
01200000
00000000
00000000
01000000
,

02000000
00000000
00000000
00000000
03300000
00000000
00000000
00000000
10000000
00010000
00000000
00000000
00001000
00000000
00010000
10000000
,

00000000
00000000
01000000
00000000
00010000
00001000
00000000
00000000
00000100
00000000
00001000
00010000
00000000
00000000
00001000
00000000
,

00000100
00000000
00000001
00000000
00000010
00000000
00000010
00000000
00000001
00001000
00000000
00000000
00010000
00000000
00001000
00000001
,

00000000
00000100
00001000
00010000
00021000
00000000
00200000
00330000
,

01000000
00000000
00000000
00000000
10010000
00000000
00000000
00000000
00100000
00000000
00010000
10000000
00010000
00000000
00100000
00000000
,

01000000
00000000
00010000
00000000
00001000
00000000
00000010
00000000
00000001
00000000
00000010
00000100
00001000
00000000
00000001
00000000
,

00000100
00001000
00011000
00000000
00010000
00001000
00000100
00000010
,

00001000
00000000
00010000
01000000
00000000
00000000
00010000
10000000
00000000
00000000
00100000
00010000
00000000
00000000
00010000
00001000
,

00000100
00000000
00000000
00000000
00001001
00000000
00000000
00000000
00000010
00000000
00001000
00000001
00001000
00000000
00000010
00000000
,

00000100
00000000
00001000
00000000
00010000
00000000
00100000
00000000
10000000
00000000
01000000
00100000
00010000
00000000
10000000
00000000
,

01000000
00010000
00011000
00000000
00001000
00010000
01000000
00100000
,

00010000
00000000
00001000
00000100
00000000
00000000
00001000
00000001
00000000
00000000
00000010
00001000
00000000
00000000
00001000
00010000
,

01000000
00000000
00000000
00000000
10010000
00000000
00000000
00000000
01000000
00000000
10000000
00100000
10000000
00000000
01000000
00000000
,

00010000
00000000
00001000
00010000
00001000
00000000
00000100
00000000
00000010
00000000
00010000
00000000
00001000
00000000
00000100
00000000
,

00000010
00000000
00001000
00000100
00000010
00000000
00000001
00000000
00001000
00000000
00000001
00000010
00000001
00000000
00000100
00000000
,

00001000
00000000
00010000
00100000
00000000
00000000
10000000
01000000
00000000
00000000
00010000
00001000
00000000
00000000
00000010
00000001
,

00000010
00000000
00000000
00000000
00001001
00000000
00000000
00000000
00000010
00000000
00000001
00000100
00000001
00000000
00000010
00000000
,

00000100
00000000
00010000
00001000
00010000
00000000
00001000
00000000
01000000
00000000
00010000
00000000
00100000
00000000
01000000
00000000
,

10000000
00000000
00010000
00100000
01000000
00000000
10000000
00000000
00010000
00000000
10000000
01000000
10000000
00000000
00100000
00000000
,

00010000
00000000
00001000
00000100
00000000
00000000
00000001
00000010
00000000
00000000
00001000
00010000
00000000
00000000
01000000
10000000
,

01000000
01100000
00010000
00001000
00011000
00000000
00000100
00000110
,

00001000
00010000
00011000
00000000
01000000
10000000
01000000
00010000
,

00011000
00010000
00000110
00000100
00000110
00000000
00011000
00001000
,

01100000
00000000
01000000
00000000
01100000
00000000
00000000
00000000
00100000
00010000
00100000
00010000
10000000
01000000
10000000
01000000
,

00100000
00010000
00001000
00001100
00000110
00000000
00000100
00001000
,

00010000
00110000
01100000
00000000
01010000
00100000
11000000
00000000
,

11000000
01000000
00110000
00001000
00010100
00000000
00001100
00000100
,

00000011
00000000
00001000
00000000
00000101
00000000
00000000
00000000
00000001
00000100
00000001
00000100
00000010
00001000
00000010
00001000
,

00000000
00002010
00010000
00003100
00000000
00011000
00000000
01100000
,

00000000
00000000
10000000
00000000
01000000
00000000
00100000
00000000
00010000
10000000
01000000
00000000
00000000
00000000
00100000
00000000
,

00001000
01000000
00010000
00000000
00010000
00100000
00001000
00000000
00010000
00000000
00000100
00000000
00000100
00001000
00000020
00000000
,

00000100
00000000
00000130
00000000
00000001
00000000
00001000
00000000
00000001
00000000
00000000
00000000
00000002
00000100
00000000
00000000
,

00000203
00001000
00000000
00000000
00002300
00010000
00000000
00000000
00013000
00001000
00000100
00000000
00000000
00000000
00000110
00000000
,

00000000
00000000
00000001
00000000
00000100
00000000
00000010
00000000
00001000
00000001
00000100
00000000
00000000
00000000
00000010
00000000
,

00010000
00000100
00001000
00000000
00001000
00000010
00010000
00000000
00001000
00000000
01000000
00000000
01000000
00010000
00200000
00000000
,

01000000
00000000
01300000
00000000
10000000
00000000
00010000
00000000
10000000
00000000
00000000
00000000
20000000
01000000
00000000
00000000
,

30010000
00100000
00010000
00100000
10000000
00100000
10000000
00000000
00100000
00000000
01100000
00000000
00000000
00000000
10100000
00000000
,

00000000
00000000
10000000
00000000
01000000
00000000
00010000
00000000
00001000
00100000
00010000
00000000
00000000
00000000
00101000
00000000
,

00010000
00000100
00000010
00000000
00000010
00000100
00001000
00000000
00000001
00000000
00000100
00000000
00000010
00000100
00002000
00000000
,

00010000
00000000
00013000
00000000
01000000
00000000
00100000
00000000
00010000
00000000
00000000
00000000
20000000
01000000
00000000
00000000
,

30010000
01000000
00010000
01000000
10000000
01000000
10000000
00000000
00010000
00000000
10010000
00000000
10000000
00000000
01000000
00000000
,

00010000
00000000
00001000
00000000
00010000
00000100
00000010
00000000
00000001
00000000
00000011
00000000
00000001
00000000
00000100
00000000
,

00001000
00000000
00010000
00000000
00001000
01000000
00100000
00000000
10000000
00000000
10010000
00000000
10000000
00000000
01000000
00000000
,

00010000
00000000
00011000
00000000
00001000
00000000
00000100
00000000
00000001
00000000
00000010
00000001
00000010
00000001
00000100
00000001
,

00000100
00000001
00001000
00000010
00001000
00000100
00010000
00001000
00010000
00001000
00010000
00000000
00001000
00000000
00011000
00000000
,

00000000
01000000
00100000
01100000
00000000
10010000
00000000
00000000
,
;

//---------------dance-double - ----------------
#NOTES:
     dance-double:
     :
     Challenge:
     18:
     1.000,1.000,0.716,0.157,0.726:

00000000
00000000
00000000
00000000
,

00000000
00000000
00000000
00000000
,

00022000
00033000
01000000
10000000
01000000
00010000
00100000
00001000
,

00010000
00010100
00011000
00010100
,

00011000
00000000
00100000
00000000
00001000
00000010
00000001
00000000
,

00000010
00000000
00000100
00000000
00000100
00000000
00000010
00001000
,

00010000
00100000
01000000
00000000
10000000
01000000
00010000
00000000
,

00001000
00000010
00000001
00000000
00000001
00000100
00001000
00000000
,

00010000
00100000
10000000
00000000
10000000
01000000
00010000
00001000
,

00000010
00000000
00000001
00000200
00000000
00000000
00000300
00000000
00000010
00000001
00000000
00001000
00000010
00000000
00000100
00000000
,

00000010
00001000
00000000
00010000
01000000
00000000
00010000
00000000
10000000
00000000
00000000
00000000
10010000
00000000
00000000
00000000
,

01000000
00000000
00100000
00010000
00100000
00000000
01000000
00000000
10000000
01000000
00000000
00100000
00010000
00000000
01000000
00000000
,

00001000
00010000
00000000
00000100
00001000
00000000
00000010
00000000
00000100
00000000
00000000
00000000
00000110
00000000
00000000
00000000
,

00000001
00000000
00001000
00000100
00001000
00000100
00000010
00000000
00000100
00000000
00000000
00000000
00000010
00000001
00000000
00000100
,

00001000
00010000
00001000
00100000
00010000
00000000
00110000
00000000
,

00100000
00000000
00001000
00010000
00001000
00000000
00100000
00000000
01000000
10000000
00000000
00000000
10000000
00000000
00000000
01000000
,

00010000
00000000
00001000
00000000
00000100
00000000
00000010
00000000
00000100
00000000
00000000
00000000
00001001
00000000
00000000
00000010
,

00000001
00000000
00001000
00000000
00000001
00000100
00000001
00000100
00000010
00000000
00000000
00000000
00000010
00000000
00000100
00000000
,

00000001
00000100
00000000
00001000
00000000
00010000
00001000
00000000
00100000
00000000
00010000
00000000
10000000
00000000
01000000
00000000
,

00100000
00010000
00000000
00100000
00000000
00001000
00010000
00000000
00000100
00000000
00001000
00000000
00000100
00000000
00000010
00000000
,

00000001
00000100
00000000
00000010
00000000
00000100
00001000
00000000
00010000
00000000
00001000
00000000
01000000
00000000
00010000
00000000
,

00100000
01000000
00000000
10000000
01000000
00100000
00010000
00000000
10010000
00000000
00000000
00000000
01000000
00000000
00010000
00000000
,

00100000
01000000
00000000
00010000
00000000
00001000
00000010
00000000
00000100
00000000
00000010
00000000
00000001
00000000
00001000
00000001
,

00000100
00001000
00000000
00000100
00001000
00000000
00010000
00000000
00100000
00000000
10000000
00000000
00100000
00000000
01000000
00000000
,

00010000
00100000
00000000
01000000
10000000
00100000
10000000
00000000
01000000
00000000
01000000
00000000
00100000
00000000
00100000
00000000
,

00001000
00000000
00010000
00000000
00001000
00000000
00000000
00000000
00011000
00000000
00001000
00000100
00000001
00000000
00000110
00000000
,

00000001
00000100
00001000
00000000
00011000
00000000
00001000
00010000
00100000
00000000
01000000
00000000
10000000
00000000
01000000
00000000
,

00010000
01000000
00100000
00000000
10000000
01000000
00100000
00000000
10010000
00000000
10000000
01000000
00010000
00000000
00011000
00000000
,

00010000
00001000
00000100
00000000
00000010
00000000
00001000
00000100
00000020
00000000
00000000
00000000
00000001
00000000
00000031
00000000
,

00000020
00000000
00000100
00000000
00000100
00000000
00000130
00000000
00001000
00000001
00000100
00000000
00000010
00000000
00001000
00000100
,

00010000
00000000
00001000
00000000
00010000
00001000
01000000
00000000
00100000
00000000
10000000
00000000
01000000
00000000
00100000
00000000
,

00001000
00000000
00010000
00000000
01000000
00000000
10000000
00000000
00010000
00100000
10000000
00000000
00100000
00000000
01000000
00010000
,

00001000
00000000
00010000
00000000
00000100
00001000
00000010
00000000
00000210
00000000
00000000
00000000
00000002
00000000
00000303
00000000
,

00000010
00000000
00000001
00000000
00000101
00000000
00000000
00000000
00000001
00000000
00000100
00000010
00001000
00000000
00000100
00000000
,

00010000
00000000
00001000
00100000
00010000
00000000
01000000
00000000
00010000
00000000
01000000
00100000
10000000
00000000
01000000
00000000
,

00010000
00000000
00001000
00010000
00001000
00000000
00010000
00000000
00001000
00000000
00000100
00000000
00000001
00000000
00001001
00000000
,

00000000
00000000
00000001
00000100
00000000
00000000
00001000
00010000
00000000
00000000
00100000
10000000
00000000
00000000
10000000
00010000
,

10000000
00000000
00100000
00000000
10100000
00000000
00000000
00000000
10000000
00000000
00100000
01000000
00010000
00000000
00100000
00000000
,

00001000
00000000
00010000
00000100
00001000
00000000
00000010
00000000
00001000
00000000
00000010
00000100
00000001
00000000
00000010
00000000
,

00001000
00000000
00010000
00001000
00010000
00000000
00001000
00000000
00010000
00000000
00100000
00000000
10000000
00000000
10010000
00000000
,

00000000
00000000
10000000
01000000
00000000
00000000
00010000
00001000
00000000
00000000
00000010
00000001
00000000
00000000
00000001
00001000
,

00000001
00000000
00000100
00000000
00001001
00000000
00000000
00000000
00001000
00000000
00000001
00000100
00001000
00000000
00000100
00000000
,

00000010
00000000
00001000
00000010
00010000
00000000
00001000
00000000
00010000
00000000
01000000
10000000
00100000
00000000
01000000
00000000
,

00010000
00000000
00100000
01000000
10000000
00000000
01000000
00000000
00010000
00000000
00001000
00000000
00000010
00000000
00000001
00000000
,

00000100
00000000
00000001
00001000
00000000
00000000
00001000
00010000
00000000
00000000
00010000
10000000
00000000
00000000
10000000
00010000
,

10000000
00000000
00100000
00000000
10010000
00000000
00000000
00000000
00010000
00000000
10000000
00100000
00010000
00000000
00100000
00000000
,

01000000
00000000
00010000
01000000
00001000
00000000
00010000
00000000
00001000
00000000
00000010
00000001
00000100
00000000
00000010
00000000
,

00001000
00000000
00000100
00000010
00000001
00000000
00000100
00000000
00001000
00000000
00010000
00000000
00100000
00000000
10000000
00000000
,

01000000
00000000
10000000
00010000
00000000
00000000
00010000
00001000
00000000
00000000
00001000
00000001
00000000
00000000
00000001
00000000
,

00002001
00003001
00000102
00000103
00001010
00000000
00010020
00010030
,

00021000
00000000
00031000
00000000
00110000
00000000
00000000
00000000
21000000
00000000
31000000
00000000
10010000
00000000
10000000
00010000
,

20000000
31000000
01100000
00110000
00110000
00000000
00210000
00301000
,

00011000
00000000
00010010
00000000
00001010
00000000
00000000
00000000
00000100
00001000
00000100
00010000
00000100
00001000
00000100
00010000
,

00000100
00001100
00001001
00000101
00000110
00000100
00000010
00010010
,

00011000
00000000
01001000
00000000
01010000
00000000
01000000
00000000
00100000
10000000
01000000
00100000
00010000
01000000
00100000
10000000
,

01000000
01100000
00110000
00101000
00011000
00001000
00010100
00001100
,

00000110
00000000
00000011
00000000
00001001
00000000
00000100
00000000
00010000
00000100
00001000
00000100
00010000
00000100
00001000
00000100
,

00000000
00000110
00011000
01100000
00000000
01000000
00000000
00110000
,

00000000
10000000
01000000
00100000
00010000
00110000
00000000
10000000
,

01000000
00100000
00001000
00000000
00010000
00000000
00000100
00000000
00000010
00000000
00001000
00000000
00000010
00000001
00000200
00000000
,

00000010
00000000
00000310
00000000
00001000
00000000
00000001
00000000
00001001
00000000
00000000
00000000
00000001
00000100
00000000
00000000
,

00010000
00001000
00000000
00000000
00000001
00000010
00000000
00000000
00010000
00001000
00000100
00000000
00000000
00000000
00000110
00000000
,

00000000
00000001
00000010
00000100
00001000
00001100
00000000
00000010
,

00000001
00000100
00001000
00000000
00010000
00000000
00100000
00000000
10000000
00000000
00010000
00000000
01000000
00100000
20000000
00000000
,

01000000
00000000
31000000
00000000
00100000
00000000
01000000
00000000
11000000
00000000
00000000
00000000
10000000
01000000
00000000
00000000
,

00001000
00010000
00001000
00010000
00000100
00001000
00000100
00001000
00000010
00000100
00000010
00000000
00000000
00000000
00001001
00000000
,

00000000
00001000
00000100
00000000
00000010
00000000
00000100
00000000
00001000
00000010
00010000
00000000
00000000
00000000
00011000
00000000
,

00010000
00000100
00001000
00000000
00000100
00010000
00001000
00000000
00100000
00010000
01000000
00000000
01000000
00000000
10010000
00000000
,

01000000
00010000
00100000
00000000
01000000
00000000
10000000
00000000
10010000
00000000
00000000
00000000
10000000
01000000
00000000
00000000
,

00001000
00010000
00000100
00000000
00001000
00000100
00000010
00000001
00000100
00000000
00000110
00000000
00000001
00000000
00000100
00000000
,

00001000
00000000
00010000
00001000
00100000
00010000
01000000
00100000
10000000
00000000
11000000
00000000
10000000
00000000
01000000
00000000
,

00010000
00000000
00001000
00010000
00000010
00001000
00000100
00000010
00000001
00001000
00000001
00000010
00000100
00000010
00000001
00000100
,

00000010
00001000
00000010
00000100
00000001
00000100
00001000
00010000
00000100
00010000
00001000
00100000
00001000
00010000
01000000
00100000
,

00010000
01000000
00100000
01000000
10000000
01000000
00100000
01000000
00010000
00100000
01000000
00000000
11000000
00000000
01100000
00000000
,

01000000
00010000
00001000
00000000
00011000
00000000
00010010
00000000
00001000
00000100
00000001
00000000
00000000
00000000
00000000
00000000
,
;
