#TITLE:TRIP MACHINE survivor;
#SUBTITLE:;
#ARTIST:DE-SIRE;
#TITLETRANSLIT:;
#SUBTITLETRANSLIT:;
#ARTISTTRANSLIT:;
#CREDIT:;
#BANNER:TRIP MACHINE survivor.png;
#BACKGROUND:TRIP MACHINE survivor-bg.png;
#LYRICSPATH:;
#CDTITLE:./CDTITLES/DANCE DANCE REVOLUTION EXTREME.PNG;
#MUSIC:TRIP MACHINE survivor.ogg;
#OFFSET:0.000;
#SAMPLESTART:16.944;
#SAMPLELENGTH:15.000;
#SELECTABLE:YES;
#DISPLAYBPM:170.000;
#BPMS:0.000=42.503,4.000=42.503,8.000=169.996,138.500=170.027;
#STOPS:138.500=0.353
;
#BGCHANGES:;

//---------------dance-single - ----------------
#NOTES:
     dance-single:
     :
     Beginner:
     4:
     0.183,0.211,0.041,0.000,0.000:
0000
0000
0000
0000
,
0000
0000
0000
0000
,
0100
0000
0010
0000
,
0000
0100
0000
0010
,
0000
1000
0000
0010
,
0010
0000
0000
0001
,
0000
0100
0000
0010
,
0010
0000
0100
0000
,
0000
1000
0000
0001
,
0001
0000
1000
0000
,
0000
0010
0000
0100
,
0100
0000
0010
0000
,
0000
0001
0000
1000
,
1000
0000
0001
0000
,
0100
0100
0100
0100
,
0100
0000
0010
0000
,
0000
0100
0000
0010
,
0000
0010
0010
0000
,
1001
0000
0000
0000
,
0000
0000
0000
0000
,
0100
0000
0010
0000
,
0100
0000
0010
0000
,
1000
0000
0001
0000
,
0010
0010
0010
0010
,
0010
0000
1000
0000
,
0001
0000
0100
0000
,
0010
0000
1000
0000
,
0001
0000
0100
0000
,
1000
0000
0001
0000
,
0010
0000
0100
0000
,
0010
0000
0001
0000
,
1000
0000
0100
0000
,
0001
0000
0100
0000
,
0010
0000
1001
0000
,
0100
0000
1001
0000
,
0100
0000
0010
0000
,
1000
0000
0001
0000
,
1000
1000
0000
0000
,
0001
0001
0000
0010
,
0000
0100
0000
0000
,
0010
0010
0000
1000
,
0000
0001
0000
0000
,
1000
1000
0000
0100
,
0000
0010
0000
0000
,
0100
0100
0000
0001
,
0000
1000
0000
0000
,
0001
0001
0000
1000
,
1000
0000
0001
0000
,
0001
0000
0001
0000
,
1000
0000
1000
0000
,
0100
0000
0010
0010
,
0010
0000
0100
0000
,
0100
0000
0100
0000
,
0010
0000
0010
0000
,
0001
0000
1000
1000
,
1000
0000
0001
0001
,
0001
0000
1000
1000
,
1000
0000
0100
0100
,
0000
0010
0000
0110
,
0000
0000
0000
0000
;

//---------------dance-single - ----------------
#NOTES:
     dance-single:
     :
     Easy:
     5:
     0.279,0.275,0.031,0.031,0.000:
0000
0000
0000
0000
,
0000
0000
0000
0000
,
0100
0100
0100
0010
,
0000
0100
0100
0010
,
0000
0010
0010
0100
,
0010
0000
0000
1001
,
0100
0100
0010
0010
,
1000
0000
0001
0000
,
1000
1000
0001
0001
,
0100
0000
0010
0000
,
0100
0000
0001
0001
,
0100
0000
1000
1000
,
0010
0000
0001
0001
,
0010
0000
1000
1000
,
0100
0100
0100
0100
,
0001
0000
0010
0100
,
1000
0000
0100
0010
,
0001
0000
1000
0100
,
0020
0000
0000
0030
,
0010
0010
0001
1000
,
0100
0000
0010
0000
,
0100
0000
0010
0000
,
1000
0000
0001
0000
,
1000
0001
0100
0010
,
0100
0000
0010
0010
,
1000
0000
0001
0001
,
0010
0000
0100
0100
,
0001
0000
1000
1000
,
0100
0010
0100
0010
,
0100
0010
0001
0100
,
0010
0100
0010
0100
,
0010
0100
1000
0010
,
0100
0010
0001
1000
,
0100
0010
1000
0001
,
0100
0100
1001
0000
,
0010
0000
0010
0000
,
0100
0000
0100
0000
,
1000
0000
1000
0000
,
0001
0000
0001
1000
,
1000
0000
0001
0010
,
0010
0000
0100
0001
,
0001
0000
1000
0100
,
0100
0000
0010
1000
,
1000
0000
0001
0010
,
0010
0000
0100
0001
,
0001
0000
1000
0100
,
0100
0000
0010
1000
,
0001
1000
0001
1000
,
0100
0001
0100
1000
,
0100
0001
0100
1000
,
0100
0001
0100
1000
,
0001
1000
0001
1000
,
0010
0001
0010
1000
,
0010
0001
0010
1000
,
0010
0001
0010
0100
,
0100
0001
0010
0100
,
0100
1000
0010
0001
,
0001
0100
0010
1000
,
1000
0100
0010
2002
,
0000
0000
3003
0000
,
0000
0000
0000
0000
;

//---------------dance-single - ----------------
#NOTES:
     dance-single:
     :
     Medium:
     11:
     0.447,0.462,0.133,0.031,0.010:
0000
0000
0000
0000
,
0000
0000
0000
0000
,
0100
0000
0100
0000
0010
0100
1000
0100
,
0000
0100
0000
0100
0010
0100
0001
0100
,
0000
0010
0000
0010
0100
1000
0100
0010
,
0100
0000
0100
0001
0000
0100
1000
0100
,
0000
0010
0000
0010
1000
0001
1000
0001
,
0100
0000
0100
0000
0001
1000
0001
1000
,
0000
0010
0010
0000
0000
1000
0000
0001
,
0000
0100
0000
0100
0010
0100
0010
0100
,
0000
0010
0000
0010
0100
0001
0100
1000
,
0100
0000
0100
0000
0010
1000
0010
0001
,
0000
0010
0010
0000
0100
0001
0000
1000
,
0000
0100
0000
0100
0010
0010
0000
0100
,
1000
1000
0001
0001
0100
0100
0010
0010
,
0100
0000
0010
0000
0100
0001
0100
1000
,
0100
0010
0010
0000
0000
1000
0000
0001
,
0000
0100
0000
0010
1000
1000
0001
0001
,
0200
0000
0010
0000
0000
1000
0000
0010
,
0000
0001
0300
0010
0100
1000
0100
0001
,
1000
0000
0000
0000
0010
0100
0001
0000
,
0001
0000
0000
0000
0010
0100
1000
0000
,
1000
0000
0001
0000
,
1000
0001
0100
0010
,
0100
0000
0000
0100
0000
0000
0100
0000
0010
0000
0010
0000
0010
0000
0000
0000
,
0100
0000
0010
0100
0001
0001
1000
1000
,
0010
0000
0000
0010
0000
0000
0010
0000
0100
0000
0100
0000
0100
0000
0000
0000
,
0010
0000
0100
0010
1000
1000
0001
0001
,
0100
0000
0010
0100
0000
0001
1000
0000
,
0100
0100
0000
0010
0100
0000
0100
0000
,
1000
1000
0000
0001
1000
0000
1000
0000
,
0001
0100
0000
0010
1000
0000
0001
0000
,
1000
0100
0000
0010
0001
0000
1000
0000
,
0001
0100
0000
0010
1000
0001
0000
0010
,
0100
0100
0010
0000
1001
0000
0100
0000
,
0010
0000
0000
0100
0000
0010
0000
1000
,
0000
1000
0100
0000
0010
0000
0100
0000
,
0010
0000
0000
0100
0000
0010
0000
0001
,
0000
0001
0100
0000
0010
0000
1000
0000
,
0000
0001
0000
0000
0100
0000
0000
0010
,
0000
0010
0100
0110
0000
0000
0001
0000
,
0000
1000
0000
0000
0100
0000
0000
0010
,
0000
0010
0100
0000
0110
0000
0000
0001
,
0000
0100
0000
0000
0010
0000
0000
1000
,
0000
1000
0001
1001
0000
0000
1000
0000
,
0000
0100
0000
0000
0010
0000
0000
0001
,
0000
0001
1000
0000
1001
0000
0100
0110
,
0000
0010
0100
0000
0100
0000
0000
1000
,
0100
1000
0000
0001
0100
0001
0000
1000
,
0100
1000
0001
0100
0001
1000
0100
1000
,
0001
0100
0001
0000
0000
0110
0000
1001
,
0000
1000
0001
0000
0001
0000
0000
1000
,
0010
1000
0000
0001
0010
0001
0000
1000
,
0010
1000
0001
0010
0001
1000
0010
1000
,
0001
0010
0001
0000
0000
1001
0000
0110
,
0000
0000
1000
0001
1000
0000
0000
0001
,
1000
0001
0000
0110
0000
0100
0000
0110
,
0010
0000
0100
0010
0000
0000
1000
0000
,
0100
1000
0000
0001
1000
1000
0220
0000
,
0000
0000
0000
0000
,
0330
0000
0000
0000
,
0000
0000
0000
0000
;

//---------------dance-single - ----------------
#NOTES:
     dance-single:
     :
     Hard:
     13:
     0.518,0.493,0.021,0.041,0.139:
0000
0000
0000
0000
,
0000
0000
0000
0000
,
0100
1000
0100
0001
0100
0010
1000
0010
,
0001
1000
0000
0100
0000
0010
0000
0001
,
0100
0001
0000
0010
0000
0100
0000
1000
,
0010
0000
0000
0000
0001
0000
0010
0000
0000
0000
0100
0010
0100
0000
0010
0000
,
1000
0100
1000
0010
0100
0001
0100
0010
,
1000
0000
0100
0000
0010
0001
0010
0100
,
0000
0010
0010
0000
0001
0010
0100
0010
,
0000
0001
0000
1000
0100
0001
0100
0010
,
0001
0000
0100
0000
0000
0000
0010
1000
0010
0000
1000
0000
0000
0000
0001
0000
,
0100
1000
0100
0010
1000
0100
0001
0000
,
0000
0000
0100
0000
0010
0000
0000
0000
0001
0010
0001
0000
0010
0000
0100
0000
,
0000
1000
0000
0001
0100
0010
1000
0001
,
1000
0100
0000
0000
0100
0010
0000
0000
0010
0001
0000
0000
0001
0100
0000
0000
,
0000
0010
0000
0010
0000
1000
0100
0010
,
0000
0001
0001
0000
0100
0010
1000
0100
,
0000
0001
0000
0001
0000
0100
1000
0010
,
0100
0000
0100
0000
0010
1000
0010
0001
,
0000
0001
0000
0010
0100
0001
1000
0100
,
1000
0000
0000
0000
0010
0100
0001
0000
,
0001
0000
0000
0000
0010
0100
1000
0000
,
1000
0000
0001
0000
,
1000
0001
0100
0010
,
1000
0000
0000
0010
0000
0000
0100
0000
0001
0000
0100
0000
0010
0000
1000
0000
,
0001
0000
0000
0010
0000
0000
0100
0000
1000
0000
0000
1000
0100
0000
0000
0100
,
0010
0000
0000
0001
0000
0000
1000
0000
0010
0000
0001
0000
0010
0000
1000
0000
,
0100
0001
0100
1000
0010
0100
0001
0010
,
0100
0000
0010
0001
0000
1000
0001
0010
,
0100
0100
0000
1000
0100
0010
0100
1000
,
0001
0100
0000
0010
0000
0100
0001
0000
,
1000
0100
0000
0010
0001
0010
1000
0010
,
0001
0100
0000
0010
1000
0010
0001
0010
,
1000
0100
0000
1000
0001
0100
0000
0001
,
0100
0000
0000
0000
0000
0000
0000
0000
0010
0000
0000
0000
0000
0000
0000
0000
1000
0000
0000
0000
0000
0000
0000
0000
0001
0000
0000
0000
0000
0000
0000
0000
2002
0000
0000
0000
0000
0000
0000
0000
0000
3003
0000
0000
0000
0000
0000
0000
1000
0000
0000
0000
0000
0000
0000
0000
0100
0000
0000
0000
0000
0000
0000
0000
,
1000
0000
0100
0010
0000
0100
0010
0001
,
0000
1000
0000
0010
1000
0010
0001
0100
,
0001
0000
0100
0010
0000
0100
0010
1000
,
0000
0001
0000
0010
0001
0000
0100
0000
,
0010
0000
1000
0000
0000
0000
0010
0000
1000
0001
1000
0000
0000
0000
0100
0000
,
0000
0001
0000
0100
0000
0000
0100
0000
,
0010
0000
0001
0000
0000
0000
0010
0000
0001
1000
0001
0000
0000
0000
0100
0000
,
0000
1000
0000
0100
0010
0000
1000
0100
,
0000
0000
0010
0000
0000
0000
0100
0000
1000
0001
1000
0000
0000
0000
0100
0000
,
0000
1000
0000
0100
0000
0000
0001
0000
,
0100
0000
0010
0000
0000
0000
0100
0000
1000
0001
1000
0000
0000
0000
0100
0000
,
0000
0000
0001
0000
0000
0000
0100
0000
0010
0000
0000
0000
0001
0000
0000
0100
,
0000
0000
0100
0000
0010
1000
0000
1000
0010
0000
0000
0000
0000
0000
1000
0000
,
0100
0001
0000
0001
0100
1000
0000
1000
,
0100
0001
0001
0100
1000
1000
0100
0001
,
0001
0000
0100
0000
1000
0000
0000
0100
0010
0000
0001
0000
0000
0000
0010
0000
,
0000
0000
0010
0000
0100
1000
0000
1000
0100
0000
0000
0000
0000
0000
1000
0000
,
0010
0001
0000
0001
0010
1000
0000
1000
,
0010
0001
0001
0010
1000
1000
0010
0001
,
0001
0000
0010
0000
1000
0000
0000
0010
0100
0000
0001
0000
0000
0000
1000
0000
,
1000
0000
0000
0000
0001
0100
0000
0100
0001
0000
0000
0000
0000
0000
0010
0000
,
0001
0100
0010
1000
0000
1000
0100
0010
,
0001
0000
0000
0000
0010
0000
1000
0000
0000
0000
0010
0000
0001
0000
0000
0100
,
0010
0000
1000
0000
0000
0100
0010
0000
0001
0000
1000
0000
0220
0000
0000
0000
,
0000
0000
0000
0000
,
0330
0000
0000
0000
,
0000
0000
0000
0000
;

//---------------dance-double - ----------------
#NOTES:
     dance-double:
     :
     Easy:
     6:
     0.264,0.277,0.031,0.031,0.000:
00000000
00000000
00000000
00000000
,
00000000
00000000
00000000
00000000
,
10000000
01000000
10000000
01000000
,
00010000
00000000
00010000
00001000
,
00000010
00000000
00000100
00000001
,
00000100
00000000
00010000
00011000
,
00100000
10000000
00100000
01000000
,
00010000
00000000
00100000
00000000
,
00001000
00010000
00001000
00010000
,
00000000
00000100
00000000
00000010
,
00000000
00000001
00000001
00000100
,
00001000
00001000
00000000
00010000
,
00000000
01000000
01000000
00100000
,
00001000
00000000
00010000
00000100
,
00000010
00000010
00000010
00000010
,
00000001
00000000
00000100
00001000
,
00010000
00000000
00001000
00000100
,
00000000
00001000
00001000
00100000
,
20000000
00010000
00000000
00010000
,
00000000
00010000
00010000
30010000
,
01000000
00000000
00010000
00010000
,
00001000
00000000
00000100
00000100
,
00000010
00000000
00001000
00000000
,
00000100
00000010
00000001
00000100
,
00001000
00000000
00001000
00010000
,
00010000
00000000
01000000
00100000
,
01000000
00000000
10000000
01000000
,
00010000
00000000
00001000
00000010
,
00000001
00000100
00001000
00000100
,
00000010
00010000
00001000
00010000
,
01000000
00100000
00010000
00100000
,
10000000
00100000
00010000
01000000
,
00001000
00010000
00000100
00000010
,
00000001
00000100
00001000
00010000
,
00100000
10000000
01100000
00000010
,
00000001
00000000
00000100
00000000
,
00001000
00000000
00010000
00100000
,
10000000
00000000
00010000
00000000
,
01000000
00000000
10000000
01000000
,
00100000
00100000
00000000
10000000
,
00000000
01000000
00000000
00010000
,
00001000
00001000
00000000
00000100
,
00000000
00000010
00000000
00000001
,
00001000
00001000
00000000
00000100
,
00000000
00010000
00000000
00001000
,
00010000
00010000
00000000
01000000
,
00000000
00100000
00000000
10000000
,
10000000
00000000
01000000
00000000
,
00010000
00000000
00001000
00000000
,
01000000
00001000
00010000
00000100
,
00010000
00001000
01000000
00001000
,
00001000
00000010
00000000
00001000
,
00000000
00010000
00000000
00000000
,
00000010
00010000
00001000
00100000
,
00001000
00010000
00000010
00000100
,
00001000
00001000
00000000
00010000
,
00000000
00100000
00000000
10000000
,
01000000
00010000
00001000
00010000
,
00000000
00001000
00000010
00000220
,
00000000
00000000
00000000
00000000
,
00000330
00000000
00000000
00000000
,
00000000
00000000
00000000
00000000
;

//---------------dance-double - ----------------
#NOTES:
     dance-double:
     :
     Medium:
     11:
     0.441,0.493,0.021,0.031,0.015:
00000000
00000000
00000000
00000000
,
00000000
00000000
00000000
00000000
,
01000000
00000000
10000000
00000000
01000000
00010000
01000000
10000000
,
01000000
00100000
00000000
00001000
00000000
00010000
00000000
00000100
,
00000000
00000010
00000000
00000001
00000000
00000100
00000000
00001000
,
00010000
00000000
01000000
00100000
00000000
00010000
10000000
01000000
,
00000000
00100000
00000000
00100000
00001000
00000000
00001000
00010000
,
00000100
00000000
00000100
00000000
00000010
00000001
00000010
00000001
,
00000000
00000100
00000100
00000000
00000000
00001000
00000000
00010000
,
00000000
00100000
00000000
01000000
00100000
10000000
00100000
10000000
,
00000000
01000000
00000000
00010000
01000000
00000000
10000000
00000000
,
01000000
00000000
00010000
00000000
00001000
00010000
00001000
00010000
,
00000000
00000100
00000100
00000000
00000000
00000010
00000000
00000001
,
00000000
00000100
00000000
00000010
00001000
00000100
00010000
00001000
,
01000000
01000000
01000000
01000000
,
00100000
00000000
00000000
10000000
01000000
00010000
00001000
00000010
,
00000000
00000100
00000100
00000000
00000000
00000010
00000000
00000010
,
00000000
00000010
00000000
00000010
00000001
00000100
00001000
00010000
,
00200000
00000000
10000000
00000000
00000000
01000000
00000000
00010000
,
00000000
01000000
00300000
10000000
01000000
00100000
00001000
00010000
,
00000100
00000000
00000010
00000000
,
00000100
00000000
00010000
00000000
,
00000100
00000000
00000001
00000000
,
00000100
00010000
00001000
01000000
,
10000000
00000000
00000000
01000000
00000000
00000000
01000000
00000000
00010000
00000000
01000000
00000000
01000000
00000000
00000000
00000000
,
00100000
00000000
10000000
00000000
01000000
00010000
00001000
00000010
,
00000001
00000000
00000000
00000100
00000000
00000000
00000100
00000000
00001000
00000000
00000100
00000000
00000100
00000000
00000000
00000000
,
00000001
00000010
00001000
00000010
00001000
00010000
01000000
10000000
,
00100000
00000000
01000000
00010000
00000000
10000000
01000000
00000000
,
00010000
00010000
00000000
00001000
00000100
00000000
00000100
00000000
,
00000010
00000000
00000100
00000001
00000000
00001000
00000100
00000000
,
00010000
00010000
00000000
00001000
01000000
00000000
01000000
00000000
,
00100000
10000000
00000000
00010000
01000000
00000000
00100000
00000000
,
01000000
00001000
00000000
00010000
00000100
00000000
00000000
00000010
,
00000001
00000100
00000010
00000000
00000110
00000000
00100000
00000000
,
10000000
00000000
01000000
00010000
00000000
01000000
00000000
00100000
,
00000000
00001000
00000000
00010000
00000100
00000000
00000010
00000001
,
00000001
00000000
00000100
00001000
00000000
00000100
00000000
00000010
,
00000000
00010000
00000000
00001000
01000000
00000000
00100000
10000000
,
00010000
10000000
00000000
01000000
00000000
00010000
00000000
00001000
,
00000000
00000010
00000000
00000001
00001000
00000000
00000010
00000001
,
00001000
00000001
00000000
00000100
00000000
00001000
00000000
00010000
,
00000000
00100000
00000000
10000000
00010000
00000000
01000000
10000000
,
00010000
10000000
00000000
00100000
00000000
00010000
00000000
00001000
,
00000000
00000100
00000000
00000001
00001000
00000000
00000100
00000001
,
00001000
00000001
00000000
00000010
00000000
00001000
00000000
00010000
,
00000000
00000000
01000000
00000000
00000000
00000000
10000000
00000000
00010000
00000000
00000000
00000000
01000000
00000000
00000000
01000000
,
00000000
01000000
01000000
00000000
00100000
00000000
00000000
10000000
,
01000000
10000000
00000000
00010000
00100000
00010000
01000000
00001000
,
00010000
00000010
00010000
00001000
01000000
00001000
00010000
00000010
,
00010000
00001000
01000000
00001000
00000000
00000010
00000000
00000001
,
00000000
00001000
00000100
00000100
00000100
00000000
00000000
00000001
,
00000010
00000001
00000000
00001000
00000100
00001000
00000010
00010000
,
00001000
01000000
00001000
00010000
00000010
00010000
00001000
01000000
,
00001000
00010000
00000010
00000000
00010000
00001000
00000000
00100000
,
00000000
00000000
01000000
01000000
01000000
00000000
00000000
00010000
,
00001000
00000100
00000010
00001000
00000000
00000000
00000100
00000010
,
00000000
00000000
00000001
00000001
00000001
00000000
00000100
00001000
,
00010000
00010000
00100000
10000000
10000000
01000000
02200000
00000000
,
00000000
00000000
00000000
00000000
,
03300000
00000000
00000000
00000000
,
00000000
00000000
00000000
00000000
;

//---------------dance-double - ----------------
#NOTES:
     dance-double:
     :
     Hard:
     12:
     0.515,0.493,0.021,0.021,0.133:
00000000
00000000
00000000
00000000
,
00000000
00000000
00000000
00000000
,
01000000
10000000
01000000
00010000
00100000
00001000
00010000
00000100
,
00000010
00000100
00000000
00000001
00000000
00000100
00000000
00001000
,
00000000
00000010
00000000
00000100
00000000
00001000
00000000
00010000
,
00100000
00000000
00000000
00000000
01000000
00000000
10000000
00000000
00000000
00000000
01000000
00100000
01000000
00000000
00010000
00000000
,
00000000
10000000
00000000
01000000
00100000
01000000
00010000
01000000
,
10000000
00000000
00100000
00000000
00010000
00001000
00010000
00000100
,
00000000
00000010
00000001
00000000
00001000
00000010
00000100
00000001
,
00000000
00000100
00000000
00001000
00010000
00001000
01000000
00100000
,
00000000
00000000
10000000
00000000
00000000
00000000
01000000
00100000
01000000
00000000
00010000
00000000
00000000
00000000
01000000
00000000
,
00010000
00001000
00000100
00000001
00000100
00000010
00010000
00000000
,
00000000
00000000
00000100
00000000
00000010
00000000
00000000
00000000
00000001
00001000
00000001
00000000
00000100
00000000
00001000
00000000
,
00000000
00000100
00000000
00000001
00000010
00001000
00010000
01000000
,
10000000
00010000
00000000
00000000
00010000
01000000
00000000
00000000
01000000
00001000
00000000
00000000
00001000
00010000
00000000
00000000
,
00000000
00000100
00000000
00000010
00000000
00000001
00001000
00000010
,
00000000
00000100
00001000
00000000
00010000
00001000
00100000
01000000
,
00000000
10000000
00000000
00010000
00000000
00100000
01000000
00010000
,
00001000
00000000
00000100
00000000
00000010
00000100
00000001
00001000
,
00000000
00000100
00000000
00000010
00000001
00000100
00001000
00010000
,
00000100
00000000
00000000
00000000
00000010
00000001
00000100
00000000
,
00001000
00000000
00000000
00000000
00010000
00100000
10000000
00000000
,
01000000
00000000
00100000
00000000
,
01000000
00100000
00001000
00010000
,
00001000
00000000
00000000
00000100
00000000
00000000
00000100
00000000
00000010
00000000
00000010
00000000
00001000
00000000
00001000
00000000
,
00000001
00000000
00000000
00000100
00000000
00000000
00000100
00000000
00001000
00000000
00000000
00001000
00010000
00000000
00000000
00010000
,
00100000
00000000
00000000
01000000
00000000
00000000
01000000
00000000
00100000
00000000
10000000
00000000
00010000
00000000
01000000
00000000
,
00001000
00100000
00010000
10000000
01000000
00010000
00001000
00000100
,
00000010
00000000
00001000
00000001
00000000
00000100
00001000
00010000
,
01000000
00100000
00000000
00010000
10000000
10000000
01000000
01000000
,
00100000
10000000
00000000
01000000
00000000
00010000
00001000
00000000
,
00010000
00000100
00000000
00000010
00000001
00000001
00000100
00000100
,
00010000
00001000
00000000
01000000
00100000
00100000
00010000
00010000
,
10000000
01000000
00000000
00100000
00001000
00010000
00000000
00001000
,
00010000
00000100
00000010
00000001
00000110
00000000
01000000
00100000
,
10000000
00000000
00010000
01000000
00000000
00001000
00100000
01000000
,
00000000
00010000
00000000
00001000
00000100
00000010
00001000
00000001
,
00000100
00000000
00001000
00010000
00000000
00100000
01000000
00010000
,
00000000
10000000
00000000
01000000
00010000
00000000
00001000
00000000
,
00000100
00000000
00000010
00000000
00000000
00000000
00001000
00000000
00000100
00000010
00000100
00000000
00000000
00000000
00000010
00000000
,
00000000
00000001
00000000
00000100
00001000
00000000
00010000
00000000
,
00100000
00000000
01000000
00000000
00000000
00000000
00010000
00000000
00100000
01000000
00100000
00000000
00000000
00000000
01000000
00000000
,
00000000
10000000
00000000
00100000
00010000
00000000
00001000
00000100
,
00000000
00000000
00000010
00000000
00000000
00000000
00001000
00000000
00000100
00000010
00000100
00000000
00000000
00000000
00000010
00000000
,
00000000
00000001
00000000
00000100
00001000
00000000
00010000
00000000
,
00100000
00000000
01000000
00000000
00000000
00000000
00010000
00000000
00100000
01000000
00100000
00000000
00000000
00000000
01000000
00000000
,
00000000
10000000
00000000
00100000
01000000
00010000
10000000
01000000
,
00000000
00000000
00010000
00000000
00001000
00010000
00000000
00010000
00001000
00000000
00000000
00000000
00000000
00000000
00000010
00000000
,
00000100
00000010
00000000
00000001
00001000
00000001
00000000
00000100
,
00001000
00000100
00001000
00010000
00001000
01000000
00100000
01000000
,
00010000
00000000
10000000
00000000
00010000
00000000
00000000
00100000
00001000
00000000
00010000
00000000
00000000
00000000
00000100
00000000
,
00000000
00000000
00001000
00000000
00010000
00001000
00000000
00001000
00010000
00000000
00000000
00000000
00000000
00000000
00100000
00000000
,
01000000
00100000
00000000
10000000
00010000
10000000
00000000
01000000
,
00010000
01000000
00010000
00001000
00010000
00000100
00000010
00000100
,
00001000
00000000
00000001
00000000
00001000
00000000
00000000
00000100
00000010
00000000
00000001
00000000
00000000
00000000
00000100
00000000
,
00000010
00000000
00000000
00000000
00001000
00000100
00000000
00000000
00000100
00000000
00000010
00000000
00000001
00000000
00000100
00000000
,
00001000
00000000
00000000
00000000
00010000
00001000
00000000
00000000
01000000
00000000
00100000
00000000
10000000
00000000
01000000
00000000
,
00010000
00000000
00000000
00000000
00001000
00000000
00000100
00000000
00000000
00000000
00000010
00000000
00001000
00000000
00000000
00000100
,
00000010
00000000
00000001
00000000
00000000
00000100
00000010
00000000
00010000
00000000
00001000
00000000
00022000
00000000
00000000
00000000
,
00000000
00000000
00000000
00000000
,
00033000
00000000
00000000
00000000
,
00000000
00000000
00000000
00000000
;
