#TITLE:TWILIGHT ZONE (R-C Extended Club MIX);
#SUBTITLE:;
#ARTIST:2 UNLIMITED;
#TITLETRANSLIT:;
#SUBTITLETRANSLIT:;
#ARTISTTRANSLIT:;
#CREDIT:;
#BANNER:TWILIGHT ZONE (R-C Extended Club MIX).png;
#BACKGROUND:TWILIGHT ZONE (R-C Extended Club MIX)-bg.png;
#LYRICSPATH:;
#CDTITLE:./CDTITLES/Dancemania 19.PNG;
#MUSIC:TWILIGHT ZONE (R-C Extended Club MIX).ogg;
#OFFSET:0.000;
#SAMPLESTART:17.360;
#SAMPLELENGTH:15.000;
#SELECTABLE:YES;
#DISPLAYBPM:138.000;
#BPMS:0.000=137.685,4.000=138.018;
#STOPS:;
#BGCHANGES:;

//---------------dance-single - ----------------
#NOTES:
     dance-single:
     :
     Beginner:
     1:
     0.150,0.184,0.074,0.000,0.000:
0000
0000
0000
0000
,
0000
0000
0000
0000
,
0000
0000
0000
0000
,
0010
0000
0000
0000
,
0000
0000
0000
0000
,
0010
0000
0000
0000
,
0001
0000
0000
0000
,
1000
0000
0000
0000
,
0001
0000
0000
0000
,
1000
0000
0000
1001
,
1001
0000
0000
0001
,
0001
0000
0000
1000
,
1000
0000
0000
0001
,
0001
0000
1001
0000
,
0010
0000
0000
0000
,
0010
0000
0000
0000
,
0010
0000
0010
0000
,
1000
0000
1001
0000
,
0010
0010
0010
0000
,
0010
0010
0010
0000
,
0100
0100
0100
0000
,
1000
0000
0001
0001
,
0001
0000
0000
1000
,
1000
0000
0000
0001
,
0001
0000
0000
1000
,
1000
0000
1001
0000
,
0001
0000
0000
0000
,
1000
0000
0000
0000
,
0001
0000
0000
0000
,
1000
0000
1001
0000
,
0010
0000
0000
0000
,
0010
0000
0000
0000
,
0010
0000
0010
0000
,
0001
0000
1001
0000
,
0100
0100
0100
0000
,
0100
0100
0100
0000
,
0001
0000
0001
0000
,
1000
0000
1000
0000
,
0010
0010
0010
0000
,
0010
0010
0010
0000
,
1000
0000
1000
0000
,
0001
0000
0001
0000
,
1000
1000
1000
0000
,
0001
0001
0001
0000
,
1000
1000
1000
0000
,
0001
0001
0001
0000
,
0010
0000
0000
0000
,
0010
0000
0000
0000
,
0010
0010
0010
0000
,
0100
0100
0100
0000
,
0000
0000
0000
0000
;

//---------------dance-single - ----------------
#NOTES:
     dance-single:
     :
     Easy:
     3:
     0.190,0.237,0.117,0.064,0.000:
0000
0000
0000
0000
,
0000
0000
0000
0000
,
0000
0000
0000
0000
,
0010
0000
0000
0000
,
0010
0000
0000
0000
,
0010
0000
0000
0000
,
1001
0000
0000
0000
,
1001
0000
0000
0000
,
1001
0000
0000
0000
,
1000
0001
1001
0000
,
1000
0000
1000
0000
,
0001
0000
0001
0000
,
1000
0000
0001
0000
,
1000
0001
1001
0000
,
0010
0000
0000
0000
,
0010
0000
0000
0000
,
0010
0000
0010
0000
,
1000
0001
1001
0000
,
0010
0010
0010
0010
,
0010
0010
0010
0010
,
0100
0100
0100
0100
,
1000
1000
0001
0001
,
2000
0000
0000
3000
,
0002
0000
0000
0003
,
2000
0000
0000
3000
,
0001
1000
1001
0000
,
0002
0000
0000
0003
,
2000
0000
0000
3000
,
0002
0000
0000
0003
,
1000
0001
1001
0000
,
0010
0000
0000
0000
,
0010
0000
0000
0000
,
0010
0000
0010
0000
,
0001
1000
1001
0000
,
0001
1000
0100
0000
,
0001
1000
0100
0000
,
0001
1000
0001
1000
,
0001
1000
0100
0000
,
1000
0001
0100
0000
,
1000
0001
0100
0000
,
1000
0001
1000
0001
,
1000
0001
0100
0000
,
1000
1000
1000
0000
,
0001
0001
0001
0000
,
1000
1000
0001
0001
,
1000
0001
1001
0000
,
0010
0000
0000
0000
,
0010
0000
0000
0000
,
0010
0010
0010
0010
,
1000
0001
1001
0000
,
0000
0000
0000
0000
;

//---------------dance-single - ----------------
#NOTES:
     dance-single:
     :
     Medium:
     5:
     0.386,0.421,0.319,0.085,0.000:
0000
0000
0000
0000
,
0000
0000
0000
0000
,
0000
0000
0000
0000
,
0010
0000
0000
0000
,
0010
0000
0010
0000
,
0010
0010
0010
0010
,
1100
0000
0001
0100
,
0101
0000
1000
0100
,
1100
0000
0001
0100
,
0101
1000
0010
1001
,
0010
0000
1001
0000
0100
0000
1000
0100
,
0010
0000
1001
0000
0100
0000
0001
0100
,
0010
0000
1001
0000
0100
0000
1000
0100
,
0010
1001
0100
0001
,
1000
0000
0110
0000
1001
0000
0100
0001
,
1000
0000
0110
0000
1001
0000
0100
0001
,
1000
0000
0110
0000
1001
0000
0100
0001
,
1000
0110
1001
0110
,
0001
0100
0001
0100
0001
0100
0001
0100
,
1000
0100
1000
0100
1000
0100
0001
0000
,
0001
0100
0001
0100
0001
0100
0001
0200
,
1000
1000
1000
1300
,
0001
0000
0010
0000
0001
0000
0010
0001
,
1000
0000
0010
0000
1000
0000
0010
1000
,
0001
0000
0010
0000
0001
0000
0010
0001
,
1000
0010
1000
1001
,
0001
0000
1000
0000
0010
0000
1000
0100
,
1000
0000
0001
0000
0010
0000
0001
0100
,
0001
0000
1000
0000
0010
0000
1000
0100
,
1000
0001
0010
1001
,
0010
0000
1000
0000
0100
0000
0100
1000
,
0010
0000
1000
0000
0100
0000
0100
1000
,
0010
0000
1000
0000
0100
0000
0100
0010
,
0001
0100
1000
1000
,
0001
0100
0010
0000
0102
0000
0013
0000
,
1000
0100
0010
0000
2100
0000
3010
0000
,
0001
0100
0010
0000
1000
0100
0010
0000
,
2100
3010
0102
0013
,
1000
0100
0010
0000
2100
0000
3010
0000
,
0001
0100
0010
0000
0102
0000
0013
0000
,
1000
0100
0010
0000
0001
0100
0010
0000
,
0020
0000
0000
0030
,
1000
0000
0010
0000
0001
0000
1000
0100
,
0001
0000
0010
0000
1000
0000
0001
0100
,
1000
0000
0010
0000
0001
0000
1000
0100
,
0001
0010
1000
0110
,
1000
0000
1100
0000
0010
0000
0100
0001
,
1000
0000
1100
0000
0010
0000
0100
0001
,
1000
0000
1100
0000
0010
0000
0100
0001
,
1000
1000
1000
0000
,
0000
0000
0000
0000
;

//---------------dance-single - ----------------
#NOTES:
     dance-single:
     :
     Hard:
     9:
     0.550,0.552,0.149,0.245,0.362:
0000
0000
0000
0000
,
0000
0000
0000
0000
,
0000
0000
0000
0000
,
0010
0000
0000
0000
,
0010
0010
0010
0010
,
0010
1000
0001
0100
0101
0000
1100
0000
,
1000
0001
0000
1000
0001
0000
1000
0001
0000
1000
0001
0000
1000
0000
0001
0000
,
0100
0010
0000
0100
0010
0000
0100
0010
0000
0100
0010
0000
0100
0000
0010
0000
,
1000
0001
0000
1000
0001
0000
1000
0001
0000
1000
0001
0000
1000
0000
0001
0000
,
0010
0000
0100
0000
1000
0000
0001
1000
0000
0000
0000
0000
0000
0000
0000
0000
,
0010
0001
0000
0100
0001
0000
1000
0001
0000
1000
0100
0000
1000
0000
0010
0000
,
0010
1000
0000
0100
1000
0000
0001
1000
0000
0001
0100
0000
0001
0000
0010
0000
,
0010
0001
0000
0100
0001
0000
1000
0001
0000
1000
0100
0000
1000
0000
0010
0000
,
1000
0000
0001
0000
0100
0000
0010
0100
0000
0000
0000
0000
0000
0000
0000
0000
,
2000
0100
3000
0020
0000
0031
1000
0100
,
0002
0100
0003
0020
0000
1030
0001
0100
,
2000
0100
3000
0020
0000
0031
1000
0100
,
0001
0000
0100
0000
1000
0000
0010
0100
0000
0000
0000
0000
0000
0000
0000
0000
,
1000
0100
0010
0100
0001
0010
0100
0001
,
0100
1000
0010
0100
1000
0100
0001
0000
,
0010
0100
1000
0010
0001
0010
0100
0000
,
0101
0000
1100
0000
0001
1000
0100
0000
,
1000
0010
0000
1000
0001
0000
1000
0100
0000
0010
0001
0000
0100
0000
0010
0000
,
1000
0010
0000
1000
0001
0000
1000
0100
0000
0010
0001
0000
0100
0000
0010
0000
,
1000
0010
0000
1000
0001
0000
1000
0100
0000
0010
0001
0000
0100
0000
0010
0000
,
1000
0000
0010
0000
1000
0000
0001
1000
0000
0000
0000
0000
0000
0000
0000
0000
,
1000
0120
0000
0031
0000
1000
0001
0010
,
0100
2001
0000
3010
0000
0100
0010
1000
,
0001
0120
0000
1030
0000
0001
1000
0010
,
0100
0000
0001
0000
1000
0000
0100
0010
0000
0000
0000
0000
0000
0000
0000
0000
,
0010
1000
0100
0001
,
0010
1000
0100
0000
0001
0100
1000
0000
,
0010
0001
0100
1000
0100
0001
0010
0000
,
0110
0000
0001
0000
1000
0000
0100
0010
0000
0000
0000
0000
0000
0000
0000
0000
,
2000
0100
3100
1000
0200
0001
0301
0000
,
0110
0200
1000
1300
0001
0010
0100
0000
,
0002
0100
0103
0001
0200
1000
1300
0000
,
2002
0000
3003
0000
,
0002
0010
0013
0001
0020
1000
1030
0000
,
0110
0020
0001
0031
1000
0100
0010
0000
,
2000
0010
3010
1000
0020
0001
0031
0000
,
2002
0000
0000
3003
,
1000
0100
0000
0100
1000
0000
0010
0001
0000
0001
0010
0000
1000
0000
0001
0000
,
0001
0100
0000
0100
0001
0000
0010
1000
0000
1000
0010
0000
0001
0000
0100
0000
,
0010
0100
0000
0001
0100
0000
1000
0100
0000
0010
0100
0000
0001
0000
1000
0000
,
0110
0000
0100
0000
0001
0000
1000
0001
0000
0000
0000
0000
0000
0000
0000
0000
,
1000
0100
0000
0001
0100
0000
1000
0100
0000
0001
0100
0000
1000
0000
0001
0000
,
0010
0001
0000
0001
1000
0000
1000
0010
0000
0010
0100
0000
0001
0000
1000
0000
,
0001
0100
0000
1000
0100
0000
0001
0100
0000
1000
0100
0000
0001
0000
1000
0000
,
1001
0000
0100
0000
0010
0000
0001
1000
0000
0000
0000
0000
0000
0000
0000
0000
,
0000
0000
0000
0000
;

//---------------dance-double - ----------------
#NOTES:
     dance-double:
     :
     Easy:
     3:
     0.269,0.369,0.234,0.053,0.000:
00000000
00000000
00000000
00000000
,
00000000
00000000
00000000
00000000
,
00000000
00000000
00000000
00000000
,
00010000
00000000
00000000
00000000
,
00001000
00000000
00000000
00000000
,
00010000
00000000
00000000
00000000
,
00010100
00000000
00000000
00000000
,
01001000
00000000
00000000
00000000
,
00010100
00000000
00000000
00000000
,
00010000
00010000
00010000
00000000
,
00010000
00010000
00010000
00010000
,
01000000
01000000
01000000
01000000
,
10000000
10000000
10000000
10000000
,
01000000
00010000
00001000
00000000
,
00001000
00001000
00001000
00001000
,
00000100
00000100
00000100
00000100
,
00000001
00000001
00000001
00000001
,
00000100
00001000
00010000
00000000
,
00010000
00010000
00010000
00010000
,
00010000
00010000
00010010
00011000
,
00001000
00001000
00001000
00001000
,
00001000
00001000
00101000
00011000
,
00001000
00001000
00001000
00002000
,
00000100
00000100
00003100
00000200
,
00000001
00000001
00000301
00000001
,
00000100
00001000
00010000
00000000
,
00010000
00010000
00010000
00020000
,
01000000
01000000
01030000
02000000
,
10000000
10000000
13000000
10000000
,
01000000
00010000
00001000
00000000
,
00011000
00001000
00001000
00010010
,
00011000
00010000
00010000
00101000
,
00011000
00001000
00001000
00010010
,
00011000
00001000
00000100
00000000
,
00000001
00000100
00001000
00000000
,
00001000
00000100
00000001
00000000
,
00000001
00000100
00001000
00000000
,
00010000
01000000
10000000
00000000
,
10000000
01000000
00010000
00000000
,
00010000
01000000
10000000
00000000
,
10000000
01000000
00010000
00000000
,
00002000
00000000
00000000
00003000
,
00011000
00001000
00001000
00010010
,
00011000
00010000
00010000
00101000
,
00011000
00001000
00001000
00010010
,
00011000
00001000
00000100
00000000
,
00000001
00000100
00001000
00000000
,
00001000
00000100
00000001
00000000
,
00000001
00000100
00001000
00010000
,
01000000
10000000
10010000
00000000
,
00000000
00000000
00000000
00000000
;

//---------------dance-double - ----------------
#NOTES:
     dance-double:
     :
     Medium:
     5:
     0.360,0.369,0.266,0.085,0.000:
00000000
00000000
00000000
00000000
,
00000000
00000000
00000000
00000000
,
00000000
00000000
00000000
00000000
,
01000000
00010000
00001000
00000100
,
00000100
00001000
00010000
01000000
,
01000000
00010000
00001000
00000100
,
00000110
00000000
00001000
00010000
,
01100000
00000000
00010000
00001000
,
00000110
00000000
00001000
00010000
,
01000000
10000000
00010000
00000000
,
01000000
10000000
00000000
10010000
00000000
00100000
00000000
01000000
,
00000000
10000000
00000000
10010000
00000000
01000000
00010000
00001000
,
00000100
00000001
00000000
00001001
00000000
00000010
00000000
00000100
,
00000000
00000001
00000000
00001001
00000000
00000100
00000010
00000000
,
00000100
00000001
00000000
00001001
00000000
00000010
00000000
00000100
,
00000000
00000001
00000000
00001001
00000000
00000100
00001000
00010000
,
01000000
10000000
00000000
10010000
00000000
00100000
00000000
01000000
,
00000000
10000000
00000000
10010000
00000000
00100000
01000000
00000000
,
02100000
00010000
10000000
03020000
,
00001000
00000000
01030000
00000000
00001000
00000100
00000001
00000000
,
00000210
00001000
00000001
00002300
,
00010000
00000000
00013000
00000000
00000100
00001000
00010000
00000000
,
00010010
00001000
00010010
00002000
,
00000100
00000100
00010000
00013000
,
00101000
00010000
00101000
00020000
,
01000000
01000000
00001000
00031000
,
00001000
00000100
00000001
00001000
,
00000001
00000001
00000100
00001000
,
00010000
01000000
10000000
00010000
,
10000000
10000000
01000000
00010000
,
00001000
00010000
00000000
00100000
00000000
00010000
00001000
00000000
,
00010000
00001000
00000000
00000010
00000000
00001000
00010000
00000000
,
00001000
00010000
00000000
00100000
00000000
00010000
00001000
00000000
,
00000100
00000001
00001001
00000100
,
00000010
00000000
00000100
00000000
00000010
00001000
00000100
00001000
,
00000001
00000000
00001100
00000000
00000010
00000001
00000100
00000000
,
00001000
00010000
01000000
10000000
,
10010000
01000000
00100000
10010000
,
01000000
00000000
10000000
00000000
01000000
00010000
00001000
00010000
,
01000000
00000000
01100000
00000000
10000000
01000000
00010000
01000000
,
10000000
10010000
01000000
00100000
,
20020000
00000000
00000000
30030000
,
00100000
00000000
10000000
00000000
00100000
00000000
10000000
01000000
,
00010000
00000000
00001000
00000000
01000000
00000000
00001000
00000100
,
00000001
00000000
00000010
00000000
00001000
00000000
00000100
00001000
,
00000001
00000100
00001001
00000100
,
00000010
00000000
00000100
00000000
00000001
00000000
00000010
00000100
,
00001000
00000000
00000010
00000000
00000001
00000000
00000100
00000001
,
00001000
00000000
00000001
00000000
00000100
00000000
00001000
00010000
,
01000000
10000000
00100000
00000000
,
00000000
00000000
00000000
00000000
;

//---------------dance-double - ----------------
#NOTES:
     dance-double:
     :
     Hard:
     8:
     0.494,0.552,0.298,0.074,0.101:
00000000
00000000
00000000
00000000
,
00000000
00000000
00000000
00000000
,
00000000
00000000
00000000
00000000
,
10000000
01000000
00100000
00010000
,
01000000
00100000
00010000
00001000
,
00010000
01000000
10000000
00100000
,
10010000
00000000
00000000
00000000
10000000
00010000
01000000
00000000
,
01001000
00000000
00000000
00000000
00100000
00010000
00001000
00000000
,
00010100
00000000
00000000
00000000
00000010
00001000
00010000
00000000
,
00001000
00000000
00000100
00000000
00000001
00000000
00001000
00000001
00000000
00000000
00000000
00000000
00000000
00000000
00000000
00000000
,
00000001
00000010
00000100
00001000
00000001
00000010
00001000
00000001
,
00000100
00001000
00000010
00000100
00001000
00010000
00100000
10000000
,
01000000
00010000
00001000
00010000
01000000
00100000
00010000
01000000
,
00100000
00000000
00010000
00000000
00100000
00000000
01000000
00100000
00000000
00000000
00000000
00000000
00000000
00000000
00000000
00000000
,
10000000
00100000
01000000
00010000
10000000
00100000
00010000
10000000
,
01000000
00010000
00100000
01000000
00010000
00001000
00000010
00000001
,
00000100
00001000
00010000
00001000
00000100
00000010
00001000
00000100
,
00000010
00000000
00001000
00000000
00000010
00000000
00000100
00000010
00000000
00000000
00000000
00000000
00000000
00000000
00000000
00000000
,
00001001
00000110
00001001
00001100
,
00001001
00000101
00001001
00011000
,
10010000
01100000
10010000
01010000
,
10010000
01000000
00010000
00001000
,
00000010
00001000
00010000
00001000
00000010
00000001
00000010
00001000
,
00010000
00001000
00000010
00000001
00000100
00001000
00010000
00001000
,
00000100
00000001
00001000
00000100
00000010
00000001
00000100
00001000
,
00010000
00000000
00001000
00000000
00000010
00000000
00000100
00000010
00000000
00000000
00000000
00000000
00000000
00000000
00000000
00000000
,
00000010
00000001
00000100
00000001
00001000
00000100
00001000
00000010
,
00001000
00000100
00000010
00001000
00010000
01000000
00010000
00001000
,
00010000
00100000
00010000
00001000
00010000
01000000
10000000
00100000
,
01000000
00000000
00010000
00000000
10000000
00000000
01000000
10000000
00000000
00000000
00000000
00000000
00000000
00000000
00000000
00000000
,
10000000
01000000
00010000
01000000
10000000
01000000
00020000
00000000
,
00031000
00000100
00000001
00000100
00001000
00000100
00000002
00000000
,
00000013
00000001
00001000
00000010
00000100
00000001
00002000
00000000
,
00003001
00000000
00000110
00000000
00001001
00000100
00000010
00000100
,
00000001
00000000
00000010
00000000
00001000
00000010
00000001
00000100
,
00001000
00000000
00010000
00000000
01100000
10000000
00010000
01000000
,
00100000
10010000
11000000
01010000
,
20020000
00000000
00000000
30030000
10000000
01000000
00100000
00010000
,
10000000
00000000
01100000
00000000
00010000
00001000
00000010
00001000
,
00010000
00000000
01100000
00000000
00010000
00001000
00000100
00001000
,
00010000
00001000
00000110
00000101
,
00002002
00000000
00000000
00003003
,
00000001
00000100
00001000
00001000
00000100
00000100
00001000
00010000
,
01000000
01000000
00100000
00100000
00010000
10000000
00100000
01000000
,
00010000
00100000
01000000
01000000
00010000
00010000
00001000
00000100
,
00000001
00000000
00000010
00000000
00000100
00000000
00001000
00000001
00000000
00000000
00000000
00000000
00000000
00000000
00000000
00000000
,
00001000
00001000
00000000
00000100
00000100
00000000
00000010
00000010
00000000
00000001
00000001
00000000
00000100
00000000
00001000
00000000
,
00010000
00010000
00000000
01000000
01000000
00000000
00100000
00100000
00000000
10000000
10000000
00000000
00010000
00000000
01000000
00000000
,
10000000
10000000
00000000
01000000
01000000
00000000
00100000
00100000
00000000
00010000
00010000
00000000
01000000
00000000
00100000
00000000
,
00010000
00000000
00001000
00000000
00000100
00000000
00000010
00000001
00000000
00000000
00000000
00000000
00000000
00000000
00000000
00000000
,
00000000
00000000
00000000
00000000
;
