#TITLE:WAKA LAKA;
#SUBTITLE:;
#ARTIST:JENNY ROM vs ZIPPERS;
#TITLETRANSLIT:;
#SUBTITLETRANSLIT:;
#ARTISTTRANSLIT:;
#CREDIT:;
#BANNER:WAKA LAKA.png;
#BACKGROUND:WAKA LAKA-bg.png;
#LYRICSPATH:;
#CDTITLE:./CDTITLES/Dancemania SPEED 8.PNG;
#MUSIC:WAKA LAKA.ogg;
#OFFSET:0.000;
#SAMPLESTART:66.350;
#SAMPLELENGTH:15.000;
#SELECTABLE:YES;
#DISPLAYBPM:170.000;
#BPMS:0.000=168.554,4.000=169.996;
#STOPS:;
#BGCHANGES:;

//---------------dance-single - ----------------
#NOTES:
     dance-single:
     :
     Beginner:
     1:
     0.216,0.420,0.174,0.000,0.000:
0000
0000
0000
0000
,
0000
0000
0000
0000
,
0000
0000
0000
0000
,
1000
0000
0000
0000
,
1000
0000
0000
0000
,
0100
0000
0100
0000
,
0010
0000
0000
0000
,
0001
0000
0000
0000
,
0100
0000
0100
0000
,
0001
0000
1000
0000
,
0010
0000
0010
0000
,
0100
0000
0100
0000
,
0001
0000
1000
0000
,
0001
0000
1000
0000
,
0010
0000
0010
0000
,
0100
0000
0100
0000
,
1000
0000
0001
0000
,
1000
0000
0001
0000
,
0000
1001
0000
0110
,
0000
1001
0000
0110
,
0000
1001
1001
1001
,
0000
0110
0110
0110
,
0000
0100
0000
0100
,
0000
0010
0000
0100
,
0000
0001
0000
1000
,
0000
0010
0000
0100
,
0000
0001
0000
1000
,
0000
0010
0000
0100
,
0000
0100
0000
0010
,
0000
1000
0000
0001
,
0001
0000
1000
0000
,
0001
0000
1000
0000
,
1000
0000
0001
0000
,
0010
0000
0100
0000
,
0100
0000
0010
0000
,
0010
0000
1000
0000
,
1000
0000
0001
0000
,
0001
0000
1000
1000
,
1000
0000
1001
0000
,
0010
0000
0110
0000
,
0001
0000
1001
0000
,
0100
0000
0110
0000
,
0001
0000
0001
0000
,
1000
0000
1000
0000
,
0010
0000
0100
0000
,
0001
0000
1000
0000
,
0010
0000
1001
0000
,
0010
0000
0010
0000
,
0100
0000
0100
0000
,
0001
0000
0001
0000
,
1000
0000
1000
0000
,
0010
0000
0010
0000
,
0100
0000
0010
0000
,
1000
0000
0001
0000
,
0100
0000
1001
0000
,
0010
0000
0001
0000
,
0100
0000
1000
0000
,
1000
0000
0001
0000
,
0001
0000
1000
0000
,
0010
0000
0010
0000
,
0100
0000
0010
0000
,
1000
0000
0001
0000
,
0001
0000
1000
0000
,
0100
0000
0010
0000
,
1000
1000
0000
0000
,
0000
0000
0000
0000
;

//---------------dance-single - ----------------
#NOTES:
     dance-single:
     :
     Easy:
     3:
     0.260,0.280,0.142,0.000,0.000:
0000
0000
0000
0000
,
0000
0000
0000
0000
,
0000
0000
0000
0000
,
0001
0000
0010
0000
,
0001
0000
1000
0000
,
0100
0000
1001
0000
,
0010
0000
0001
0000
,
1000
0000
0010
0000
,
0100
0000
0001
0000
,
0100
1000
0110
0000
,
0010
0000
1000
0000
,
0100
0000
0001
0000
,
0100
0000
1000
0000
,
0100
0000
0001
0100
,
0010
0000
0010
0000
,
0100
0000
0010
0000
,
1000
0000
0001
0000
,
0100
0010
1001
0000
,
0010
0000
0010
0000
,
0001
0000
0001
0000
,
1000
0000
1000
0000
,
0010
0100
0110
0000
,
0010
1000
0010
0000
,
0100
0001
0100
0000
,
0100
0001
0100
0000
,
0010
0001
0010
0000
,
0010
0001
0010
0000
,
0100
1000
0100
0000
,
0100
0000
1001
0000
,
0100
0010
0100
0000
,
0010
0000
1000
0000
,
0110
0000
0001
0000
,
0110
0000
0010
0000
,
0110
0000
1000
0000
,
0010
0001
0010
0000
,
0110
0000
0001
0000
,
0100
0000
1000
0000
,
0001
0010
0100
0000
,
0010
0001
0010
0000
,
0001
0100
0001
0000
,
1000
0100
1000
0000
,
0100
1000
0010
0000
,
0010
1000
0010
0000
,
1000
0001
1000
0000
,
0010
0000
0100
0000
,
0001
0000
1000
0000
,
0010
0000
1001
0000
,
0010
0000
0001
0000
,
0100
0000
1000
0100
,
0100
0000
0001
0100
,
0100
0000
1000
0100
,
0010
0000
0010
0000
,
0100
0000
0010
0100
,
0001
0000
1000
0000
,
0100
0010
1001
0000
,
0010
0000
1001
0000
,
0100
0000
1001
0000
,
1000
1000
0100
0000
,
0001
0001
0010
0000
,
0010
0000
0010
0000
,
0100
0000
0010
1000
,
0100
0000
0010
0001
,
0100
0000
0010
1000
,
0100
0000
0010
0001
,
0100
0010
0000
0000
,
0000
0000
0000
0000
;

//---------------dance-single - ----------------
#NOTES:
     dance-single:
     :
     Medium:
     6:
     0.531,0.631,0.730,0.338,0.000:
0000
0000
0000
0000
,
0000
0000
0000
0000
,
0000
0000
0000
0000
,
0010
0001
0010
0000
,
1000
0100
1000
0000
,
1000
0100
0010
0000
,
0010
0001
0010
0001
,
1000
0100
1000
0100
,
0001
0100
1000
0000
0001
0000
1000
0000
,
0001
0100
1001
0000
,
1010
0100
0200
0300
,
1000
1000
0010
0101
,
0001
0100
0001
0000
0010
0000
0100
0000
,
1000
0100
1000
0000
0010
0000
1001
0000
,
0011
0100
0200
0300
,
1000
1000
0010
0101
,
1000
0100
1000
0000
0100
0000
0001
0000
,
1100
0001
0220
0330
,
0010
1000
0010
1000
,
0001
0100
0001
0100
,
2020
3030
0202
0303
,
1001
1001
2002
3003
,
0110
0000
0001
0000
0010
0001
0100
0000
,
1100
0000
0010
0002
0000
0000
1003
0000
,
0101
0000
0010
2000
0000
0000
3001
0000
,
0110
0000
0001
2000
0000
0000
3100
0000
,
1001
0000
0110
0000
0001
0010
0100
0000
,
1100
0000
0010
0200
0000
0000
0300
0001
,
0000
1001
0101
0101
,
1001
1010
1100
0000
,
0110
0000
1001
0000
0010
0001
0100
0000
,
2200
0000
3300
0000
1000
0100
0000
0000
,
0202
0000
0303
0000
0000
0001
0010
0000
,
0220
0000
0330
0000
0000
0010
0100
0000
,
1001
0000
0100
0000
0001
0010
0100
0000
,
1100
0000
0010
0200
0000
0000
0300
0001
,
0000
0010
0101
0011
,
0110
1100
1001
0000
,
0022
0000
0000
0000
0033
0001
1000
0000
,
0220
0000
0000
0000
0330
0010
0001
0000
,
2200
0000
0000
0000
3300
1000
0001
0000
,
0101
0000
0001
0010
0000
0100
1000
0000
,
2020
0000
0000
0000
3030
1000
0001
0000
,
0220
0000
0000
0000
0330
0000
0000
0001
,
1000
0100
0001
0100
,
1100
0001
1010
0100
,
1001
0100
1001
0000
,
1010
0100
0011
0100
,
1000
0100
1000
0000
0010
0000
0101
0000
,
0001
0100
0001
0000
0010
0000
1100
0000
,
1000
0100
1000
0000
0010
0000
1001
0000
,
1010
0100
0011
0100
,
1000
0100
1000
0000
0010
0000
1100
0000
,
0001
0100
0001
0000
0010
0000
0101
0000
,
1100
0001
0110
0000
,
1010
0100
0011
0100
,
1000
0100
1000
0000
0010
0000
1100
0000
,
0001
0100
0001
0000
0010
0000
0101
0000
,
1000
0100
1000
0000
0010
0000
1001
0000
,
1010
0100
0011
0100
,
1000
0100
1000
0000
0010
0000
0001
0000
,
1000
0100
1000
0000
0010
0000
0001
0000
,
1000
0100
1000
0000
0010
0000
0001
0000
,
1000
0100
1000
0000
0100
0000
0001
0000
,
1100
0000
0001
0100
0000
0000
0000
0000
,
0000
0000
0000
0000
;

//---------------dance-single - ----------------
#NOTES:
     dance-single:
     :
     Hard:
     8:
     0.715,0.772,1.000,0.000,0.044:
0000
0000
0000
0000
,
0000
0000
0000
0000
,
0000
0000
0000
0000
,
0001
0000
0000
0000
0010
0000
0000
0000
0100
0000
0000
0010
0100
0000
0000
0000
,
1000
0000
0000
0000
0001
0000
0000
0000
0100
0000
0000
0001
0100
0000
0000
0000
,
0001
1000
0100
0000
,
0010
0000
0000
0000
1000
0000
0000
0000
0001
0000
0000
1000
0001
0000
0000
0000
,
1000
0000
0000
0000
0010
0000
0000
0000
0100
0000
0000
0010
0100
0000
0000
0000
,
0001
0000
0100
0000
0001
0000
0000
0010
0000
0001
0000
0100
0000
0000
0001
0000
,
1000
0000
0100
0000
1000
0000
0000
0100
0000
0000
0000
0000
0000
0000
0000
0000
,
1010
0000
0101
0000
1100
0000
0001
1000
,
0010
0100
0001
0100
0011
0000
0101
0000
,
0001
0100
1000
0100
0101
0000
1100
0000
,
1000
0100
0001
0100
0011
0000
0101
0000
,
0011
0000
1100
0000
0101
0000
0010
1000
,
0001
0100
1000
0100
0110
0000
1100
0000
,
1000
0001
0100
0010
1010
0000
1100
0000
,
1001
0011
1100
0000
,
0001
1000
0001
0100
0001
1000
0001
0100
,
0010
1000
0010
0100
0010
1000
0010
0100
,
0010
1000
0001
1000
0010
1000
0001
1000
,
0001
0100
1000
0100
1001
0000
0010
1000
,
0010
1000
0010
1000
0001
0010
0001
0100
,
1001
0000
0001
1000
0100
0100
0010
0000
,
0011
0000
0010
0001
1000
0100
0010
0000
,
0110
0000
0001
1000
0000
0100
1000
0001
,
0010
0001
0010
0001
1000
0010
1000
0100
,
1001
0000
0001
1000
0010
1000
0100
0110
,
0000
0001
0010
0000
1100
0000
0011
0000
,
0101
0000
1000
0000
0100
1000
0001
0100
,
0010
1000
0010
0000
0001
0010
0001
0100
,
1001
0000
0001
1000
0100
0001
0000
0000
,
0011
0000
0001
1000
0000
1000
0001
0000
,
0110
0000
0001
1000
0000
0100
1000
0001
,
0010
0001
0010
0001
1000
0010
1000
0100
,
1001
0000
0001
1000
0010
0010
0100
0101
,
0000
0001
0010
0001
0101
0000
0110
0000
,
1010
0000
1100
0000
1001
0010
0001
0100
,
1001
0010
1000
0100
1001
0010
0001
0100
,
1001
0010
1000
0100
1001
1000
0001
0100
,
0101
0001
1000
0100
1100
1000
0001
0100
,
0101
0000
1000
0010
0000
0100
0001
0010
,
1001
0010
1000
0100
1001
0010
0001
0100
,
1001
0010
1000
0100
1001
0000
0000
0010
,
1000
0001
1000
0100
,
0101
1010
1100
0011
,
0110
1001
0110
0000
,
1010
0000
0101
0000
1100
0000
0001
1000
,
0010
0100
0001
0100
0011
0000
0101
0000
,
0001
0100
1000
0100
0101
0000
1100
0000
,
1000
0100
0001
0100
1100
0000
0101
0000
,
0011
0000
1100
0000
0101
0000
1000
0010
,
0100
0010
1000
0100
1010
0000
1100
0000
,
1000
0001
0100
0010
1010
0000
1100
0000
,
1001
0011
1100
0000
,
1010
0000
0101
0000
1100
0000
0001
1000
,
0010
0100
0001
0100
0011
0000
0101
0000
,
0001
0100
1000
0100
0101
0000
1100
0000
,
1000
0100
0001
0100
1100
0000
0101
0000
,
0011
0000
1100
0000
0101
0000
0010
1000
,
0001
0100
0010
0100
1010
0000
1100
0000
,
1000
0001
0100
0010
1010
0000
1100
0000
,
1000
0001
0100
0010
1010
0000
1100
0000
,
1000
0100
0001
0100
0110
0000
1100
0000
,
1001
0000
0110
0110
0000
0000
0000
0000
,
0000
0000
0000
0000
;

//---------------dance-double - ----------------
#NOTES:
     dance-double:
     :
     Easy:
     3:
     0.271,0.350,0.316,0.098,0.000:
00000000
00000000
00000000
00000000
,
00000000
00000000
00000000
00000000
,
00000000
00000000
00000000
00000000
,
01000000
00000000
00001000
00000000
,
00010000
00000000
00000010
00000000
,
00001000
00000000
00000100
00000000
,
00010000
00001000
00000000
00000000
,
00010000
00100000
00000000
00000000
,
01100000
00000000
00011000
00000000
,
00001000
00010000
00001000
00000000
,
00010000
00100000
00000000
00000000
,
10000000
10000000
00000000
00000000
,
01000000
01000000
00000000
00000000
,
00010000
00010000
00000000
00000000
,
00001000
00000010
00000000
00000000
,
00000001
00000001
00000000
00000000
,
00001000
00000000
00000010
00000000
,
00010000
00001000
00010000
00000000
,
01100000
00000000
00000000
00000000
,
00011000
00000000
00000000
00000000
,
00000110
00000000
00011000
00000000
,
00100000
00010000
00100000
00000000
,
00010000
00000000
10000000
00000000
,
00010000
00100000
00001000
00000000
,
00010000
00000010
00000100
00000000
,
00001000
00010000
00100000
00000000
,
00100000
00000000
10000000
00000000
,
00010000
00100000
00001000
00000000
,
00010000
00000100
00000010
00000000
,
00001001
00000000
00011000
00000000
,
00001000
00000000
00000010
00000000
,
00012000
00013000
00000000
00000000
,
00120000
00130000
00000000
00000000
,
02100000
03100000
00000000
00000000
,
10000000
00100000
10000000
00000000
,
10020000
10030000
00000000
00000000
,
01000000
00000000
00100000
00000000
,
00011000
00000000
00000100
00000000
,
00001002
00000000
00001003
00000000
,
00001020
00000000
00010030
00000000
,
00012000
00000000
00103000
00000000
,
00010000
10000000
00100000
00000000
,
20010000
00000000
30010000
00000000
,
00210000
00000000
00301000
00000000
,
00010000
00000000
00001000
00000000
,
00001100
00000000
00000001
00000000
,
00000010
00001000
00010000
00000000
,
00001000
00100000
00010000
00000000
,
10000000
10000000
00000000
00000000
,
01000000
01000000
00000000
00000000
,
00010000
00010000
00000000
00000000
,
00010000
00000010
00001000
00000000
,
00000001
00000001
00000000
00000000
,
00000100
00000000
00001000
00000000
,
00010000
00001000
00010000
00000000
,
00011000
00000000
00001010
00000000
,
00000001
00000000
00001001
00000000
,
00000100
00000000
00000110
00000000
,
00010000
00000000
00011000
00000000
,
00011000
00000000
00010000
00000000
,
10010000
00000000
00100000
00000000
,
00011000
00000000
00000010
00000000
,
00011000
00000000
00100000
00000000
,
00011000
00000000
00000010
00000000
,
00010000
00001000
00000000
00000000
,
00000000
00000000
00000000
00000000
;

//---------------dance-double - ----------------
#NOTES:
     dance-double:
     :
     Medium:
     5:
     0.427,0.491,0.436,0.000,0.000:
00000000
00000000
00000000
00000000
,
00000000
00000000
00000000
00000000
,
00000000
00000000
00000000
00000000
,
00010000
00010000
00100000
00100000
,
10000000
10000000
01000000
01000000
,
00010000
00010000
00001000
00000000
,
00000010
00000010
00000001
00000001
,
00000100
00000100
00001000
00001000
,
00010000
01000000
00100000
00010000
,
01000000
00001000
00011000
00000000
,
00001000
00100000
00010000
00100000
,
00011000
00011000
00000010
00001000
,
00001100
00001100
00000001
00000100
,
00000101
00000101
00001000
00010000
,
00001000
00100000
00010000
00100000
,
00011000
00011000
00000010
00001000
,
00011000
01000000
00100000
00010000
,
00001000
00000010
00001000
00000000
,
00010000
00001000
00010000
00001000
,
00100000
01000000
00100000
01000000
,
10000000
01000000
10000000
01000000
,
00010000
00001000
00000010
00000000
,
00000001
00000000
00000010
00000000
00000001
00000100
00001000
00000000
,
00010000
00000000
00001000
00010000
00000000
00000000
00000000
00000000
,
00100000
00000000
00001000
00010000
00000000
00000000
00000000
00000000
,
00100000
00000000
00010000
01000000
00000000
00000000
00000000
00000000
,
10000000
00000000
00100000
00000000
10000000
01000000
00010000
00000000
,
00001000
00000000
00010000
00001000
00000000
00000000
00000000
00001000
,
00000000
00000011
00001000
00000010
,
00000100
00001000
00010000
00000000
,
10000000
00000000
00100000
00000000
10000000
01000000
00010000
00000000
,
00001000
00000000
00010000
00001000
00000000
00000000
00000000
00000000
,
00000010
00000000
00010000
00001000
00000000
00000000
00000000
00000000
,
00001010
00000000
00001000
00000100
00000000
00000000
00000000
00000000
,
00000001
00000000
00000010
00000000
00000001
00000100
00001000
00000000
,
00010000
00000000
00001000
00010000
00000000
00000000
00000000
00001000
,
00000000
00010000
00100000
00000000
10000000
00000000
01000000
00000000
,
11000000
00010000
01000000
00000000
,
10010000
01000000
00010000
00001000
,
00010100
00001000
00000100
00000010
,
00000101
00001000
00010000
00001000
,
00000100
00000000
00000001
00000010
00000000
00000000
00000100
00000000
,
00001001
00000100
00001000
00010000
,
00110000
01000000
10000000
00000000
,
00011000
00000000
00010000
00000100
,
00001100
00001100
00000001
00000001
,
00000110
00001010
00011000
00000000
,
00001000
00100000
00010000
00100000
,
00011000
00011000
00000010
00001000
,
00001100
00001100
00000001
00000100
,
00000101
00000101
00001000
00010000
,
00001000
00100000
00010000
00100000
,
00011000
00011000
00000010
00001000
,
00011000
01000000
00100000
00010000
,
00001000
00000010
00001000
00000000
,
00110000
00001000
00110000
00001000
,
00010000
00010000
00000010
00001001
,
00000100
00000100
00010000
00001000
,
01000000
01000000
00001000
00010000
,
00110000
01000000
10100000
01000000
,
00011000
00011000
00000010
00000100
,
00001000
01000000
00100000
00010000
,
00001000
01000000
00100000
00010000
,
00001000
01000000
00100000
00010000
,
00001000
00000000
00010000
00001000
00000000
00000000
00000000
00000000
,
00000000
00000000
00000000
00000000
;

//---------------dance-double - ----------------
#NOTES:
     dance-double:
     :
     Hard:
     8:
     0.601,0.631,0.469,0.087,0.000:
00000000
00000000
00000000
00000000
,
00000000
00000000
00000000
00000000
,
00000000
00000000
00000000
00000000
,
01000000
00000000
00010000
00000000
00001000
00000000
00010000
00100000
,
00010000
00000000
00001000
00000000
00000010
00000000
00000001
00001000
,
00000100
00000010
00000001
00000000
,
00000001
00000000
00000010
00000000
00001000
00000000
00010000
00001000
,
00000100
00000000
00001000
00000000
00010000
00000000
00001000
00010000
,
00001000
01000000
00001000
00001000
00100000
00010000
00100000
00000000
,
00001000
00001000
00010000
00000000
00011000
00000000
00000000
00000000
,
00010010
00000000
00001010
00000000
00000001
00000000
00000100
00001000
,
00001000
00100000
00001000
00010000
00100000
00000000
01000000
00000000
,
00010000
01000000
00001000
01000000
00010000
00000000
01000000
00000000
,
00001000
00010000
00000010
00001000
00000010
00000000
00010000
00000000
,
00101000
00000000
00110000
00000000
10000000
00000000
01000000
00010000
,
00010000
00000010
00010000
00001000
00000010
00000000
00000100
00000000
,
00001000
00000001
00000100
00000010
00001000
00000000
00000100
00000000
,
00011000
00110000
01010000
00000000
,
00100000
00010000
10000000
01000000
00100000
00010000
10000000
01000000
,
00100000
00001000
00010000
00001000
00100000
00001000
00010000
00001000
,
00000010
00000001
00001000
00000100
00000010
00000001
00001000
00000100
,
00011000
00000000
00110000
00000000
10000000
00010000
01000000
00100000
,
01100000
00000000
10100000
00000000
00100000
10000000
00010000
01000000
,
00010000
00000000
00010000
00001000
00000000
00001000
00010000
00000000
,
00001010
00000000
00001000
00010000
00000000
00010000
00001000
00000000
,
00110000
00000000
00010000
00001000
00000000
00010000
00000100
00001000
,
00000001
00000000
00000011
00000000
00000001
00000010
00000100
00010000
,
00001000
00000000
00010000
01000000
00000000
10000000
00010000
10000000
,
00000000
01000000
00100000
00000000
01010000
00000000
00011000
00000000
,
00001010
00000001
00000100
00000000
,
00000110
00000000
00000011
00000000
00000010
00000001
00000100
00001000
,
00020000
00000000
00000000
00031000
00010000
00000000
00000000
00000000
,
00110000
00000000
00010000
00001000
00000000
00010000
10000000
00000000
,
01100000
00000000
00010000
00001000
00000000
00010000
00000100
00001000
,
00000001
00000000
00001100
00000000
00000001
00000010
00000100
00010000
,
00001000
00000000
00010000
01000000
00000000
10000000
00010000
10000000
,
00000000
00010000
00100000
00000000
01010000
00000000
00011000
00000000
,
00001010
00000000
00000001
00000000
00000100
00001000
00010000
00100000
,
10000000
00000000
00010000
00000000
10000000
01000000
00010000
00001000
,
00000010
00000000
00000001
00000000
00001000
00000001
00001000
00000100
,
00010000
00000000
00000100
00000000
00000010
00001000
00010000
01000000
,
10000000
00000000
00010000
00100000
00000000
00001000
00010000
00100000
,
10000000
00010000
10000000
01000000
10000000
01000000
00010000
00001000
,
00000010
00000001
00001000
00000100
00000010
00000000
00000000
00000001
,
00001000
00000100
00010000
01000000
,
12000000
03100000
00012000
00003100
,
00000021
00000130
00001100
00000000
,
00011000
00000000
01100000
00000000
00100000
00000000
01000000
00001000
,
00010000
00000010
00010000
00001000
00000010
00000000
00000100
00000000
,
00001000
00000100
00010000
00000100
00001000
00000000
00000100
00000000
,
00010000
00001000
00100000
00010000
00100000
00000000
00001000
00000000
,
00011000
00000000
00000100
00000000
00000010
00000000
00000100
00010000
,
00001000
01000000
00001000
00010000
00100000
00000000
01000000
00000000
,
00010000
10000000
01000000
00100000
00010000
00000000
01000000
00000000
,
00011000
00001010
00001100
00000000
,
00001020
00010030
00012000
00103000
,
00100000
00001000
00010000
00001000
00000010
00000000
00001001
00000000
,
00000010
00000100
00000001
00000100
00001000
00000000
00010000
00000000
,
00001000
01000000
00010000
01000000
00100000
00000000
00011000
00000000
,
00210000
00301000
00021000
00030010
,
00001000
00100000
00001000
00010000
00000010
00000000
00001001
00000000
,
00000001
00001000
00000100
00010000
00000010
00000000
00001000
00000000
,
00000001
00001000
00000100
00010000
00000010
00000000
00001000
00000000
,
00000001
00001000
00000100
00010000
00100000
00000000
10000000
00000000
,
01000000
00000000
00010000
00001000
00000000
00000000
00000000
00000000
,
00000000
00000000
00000000
00000000
;
