#TITLE:WILD RUSH(FROM NONSTOP MEGAMIX);
#SUBTITLE:;
#ARTIST:FACTOR-X;
#TITLETRANSLIT:;
#SUBTITLETRANSLIT:;
#ARTISTTRANSLIT:;
#CREDIT:;
#BANNER:WILD RUSH(FROM NONSTOP MEGAMIX).png;
#BACKGROUND:WILD RUSH(FROM NONSTOP MEGAMIX)-bg.png;
#LYRICSPATH:;
#CDTITLE:./CDTITLES/DDRMAX2 -Dance Dance Revolution 7thMIX-.PNG;
#MUSIC:WILD RUSH(FROM NONSTOP MEGAMIX).ogg;
#OFFSET:0.000;
#SAMPLESTART:19.200;
#SAMPLELENGTH:15.000;
#SELECTABLE:YES;
#DISPLAYBPM:125.000;
#BPMS:0.000=125.000,4.000=125.000;
#STOPS:;
#BGCHANGES:;

//---------------dance-single - ----------------
#NOTES:
     dance-single:
     :
     Challenge:
     9:
     0.309,0.384,0.019,0.145,0.058:
0000
0000
0000
0000
,
0000
0000
0000
0000
,
1000
0000
0000
0000
,
0000
0000
0000
0000
0000
1000
0010
0000
,
0100
0000
0000
0000
,
0000
0000
0000
0000
0100
0100
0001
0000
,
1000
0000
0001
0000
1000
0010
0100
0000
,
0001
0000
1000
0000
0001
0010
0100
0010
,
0001
0000
1000
1000
0010
0100
0100
0000
,
0001
0000
0010
0010
0100
1000
1000
0001
,
0200
0001
0000
0001
,
0000
0000
0301
0001
1000
0010
0100
0001
,
1000
0000
1000
0000
1000
0100
0010
0001
,
1000
0001
0001
0000
0100
0010
0010
0100
,
0002
1000
0000
1000
,
0000
0000
1003
0001
0100
0010
1000
1000
,
0001
0001
1000
1000
,
0001
0000
0001
0100
0001
0000
0001
1000
,
0020
0000
0000
0030
,
0100
0000
0100
0010
0100
0010
0010
0000
,
1000
0000
1000
0001
1000
0001
0001
0000
,
0010
0000
0000
0000
,
0100
0000
0000
0000
0001
0000
0000
0001
1000
0000
0001
0000
0001
0000
0000
0000
,
0100
0000
0000
0000
0010
0000
0000
0010
1000
0000
0001
0000
0001
0000
0000
0000
,
0200
0000
0000
0300
,
0002
0000
1000
1003
,
0110
0000
0000
0000
,
0100
0100
0100
0100
,
0010
1000
0001
0100
,
0001
0100
0010
1000
,
0002
0000
0000
0000
,
0000
0000
0000
0003
,
1000
0000
0000
0000
0010
0000
0000
0010
0100
0000
0100
0000
0100
0000
0001
0000
,
1000
0100
1000
0100
0000
0010
0001
0000
,
1000
0000
1000
0010
0100
0001
0001
0000
,
1000
0000
0010
0100
0001
1000
1000
0001
,
0100
0100
0010
0010
1000
0000
1000
0001
,
0100
0010
1000
0000
1000
0001
0100
0001
,
2000
3000
0200
0300
,
0020
0000
0030
0000
0002
0000
0003
1000
,
0020
0000
0000
0000
0000
0000
0030
0100
,
0002
0000
0000
0000
0003
1000
0001
0000
,
0100
0000
0000
0100
0001
0000
0000
0001
1000
0000
1000
0000
1000
0000
0000
0000
,
0010
0000
0000
0010
1000
0000
0000
1000
0001
0000
0001
0000
0001
0000
1000
0000
,
0100
0000
0000
0100
0020
0000
0000
0000
0000
0000
0001
0000
0031
0000
0000
0000
,
2000
0100
0100
0000
3000
0001
1001
0000
,
0100
0000
0000
0100
0001
0000
0000
0001
1000
0000
0100
0000
1000
0000
0000
0000
,
0010
0000
0000
0010
0100
0000
0000
0100
0001
0000
1000
0000
0001
0000
0001
0000
,
0200
0000
0000
0000
,
0000
0000
0000
0300
,
0000
0000
0000
0000
;

//---------------dance-double - ----------------
#NOTES:
     dance-double:
     :
     Challenge:
     10:
     0.343,0.404,0.010,0.183,0.082:
00000000
00000000
00000000
00000000
,
00000000
00000000
00000000
00000000
,
00000001
00000000
00001000
00000000
,
00010000
00000000
10000000
00000000
,
10000000
00000000
00010000
00000000
,
00001000
00000000
00000001
00000000
,
00000200
00000000
00000301
00000001
00000002
00000000
00001003
00001000
,
00000010
00000100
00000010
00000000
00000100
00000010
00010000
00001000
,
02000000
00000000
03010000
00010000
00020000
00000000
00030000
10000000
,
00010000
01000000
00100000
00000000
01000000
00100000
10000000
00010000
,
01000000
01000000
01000000
00000000
00010000
00010000
00010000
00000000
,
00001000
00001000
00001000
00001000
00000010
00000010
00000010
00000000
,
00000100
00000000
00000100
00000000
00000001
00000000
00000000
00000001
00000100
00000000
00000010
00000000
00000010
00000000
00000000
00000000
,
00010000
00000000
00010000
00000000
00000010
00000000
00000000
00000010
00010000
00000000
00001000
00000000
00010000
00000000
01000000
00000000
,
00200000
00010000
00000000
00010000
,
00000000
00000000
00010000
00000000
00300000
00000000
00010000
10000000
,
00100000
01000000
00010000
00000010
,
00000002
00000000
00000000
00000003
,
00000100
00000010
00001000
00000001
00000100
00000010
00001000
00000001
,
00002000
00000000
00003010
00001000
00000100
00000100
00000100
00000000
,
00010000
00000010
00010000
00000100
00010000
00001000
00001000
00001000
,
02000000
00000000
00000000
00000000
00000000
00000000
03010000
00010000
,
10000000
01000000
00010000
01000000
10000000
01000000
00010000
01000000
,
10000000
01000000
00010000
00001000
00000100
00000100
00000100
00000000
,
00000001
00000100
00001000
00000100
00000001
00000100
00001000
00000100
,
00000001
00000100
00001000
00010000
01000000
01000000
01000000
00000000
,
20020000
00000000
00000000
00000000
,
00000000
00000000
00000000
30030000
,
00000000
00000000
01000000
00000000
,
00000000
00000000
00000010
00000000
,
00000002
00000000
00000000
00000000
,
00000000
00000000
00000100
00000103
,
00002000
00003100
00000002
00000103
,
00002000
00000000
00003100
00000000
00000000
00010000
00001000
00000000
,
01000000
00000000
00000000
01000000
00010000
00000000
00000000
00010000
00000000
00000000
10000000
00000000
10000000
00000000
00000000
00000000
,
00100000
00000000
00000000
00100000
01000000
00000000
00000000
01000000
00000000
00000000
00001000
00000000
00001000
00000000
00000000
00000000
,
00010000
00000000
00000000
00010000
00000010
00000000
00000000
00000010
00000000
00000000
00001000
00000000
00001000
00000000
00000001
00000000
,
00000100
00000010
00000010
00000100
00000001
00001000
00000001
00000001
,
00000100
00000000
00000000
00000100
00000010
00000000
00000000
00000010
00000000
00000000
00000000
00000000
00000000
00000000
00010000
00000000
,
00002000
00000000
01003000
00000000
01000000
00100000
10000000
00010000
,
10000000
00000000
01000000
00000000
00010000
00000000
00000000
01000000
00000000
00000000
00000000
00000000
00000000
00000000
10000000
00000000
,
01000000
00000000
00010000
00000000
00010000
00000000
01000000
00000000
00000000
00000000
00001000
00000000
00000010
00000000
00000000
00000100
,
00002000
00000000
00000000
00000000
00003001
00000000
00000000
00000001
00000000
00000000
00000100
00000000
00000010
00000000
00000000
00000000
,
00002000
00000000
00003200
00000000
00000300
00010000
00100000
00100000
,
01000000
01000000
01000000
01000000
01000000
01000000
00100000
00000000
,
10000000
10000000
10000000
10000000
10000000
10000000
00010000
00000000
,
01000000
00000000
00000000
01000000
00001000
00000000
00000000
00001000
00000000
00000000
00010000
00000000
00010000
00000000
00000000
00000000
,
00000010
00000000
00000000
00000010
00001000
00000000
00000000
00001000
00000000
00000000
00000001
00000000
00000001
00000000
00000100
00000000
,
00000020
00000000
00000000
00000000
,
00000000
00000030
00000000
00000000
,
00000000
00000000
00000000
00000000
;
