#TITLE:WITCH DOCTOR (GIANTS TOONS VERSION);
#SUBTITLE:;
#ARTIST:CARTOONS;
#TITLETRANSLIT:;
#SUBTITLETRANSLIT:;
#ARTISTTRANSLIT:;
#CREDIT:;
#BANNER:WITCH DOCTOR (GIANTS TOONS VERSION).png;
#BACKGROUND:WITCH DOCTOR (GIANTS TOONS VERSION)-bg.png;
#LYRICSPATH:;
#CDTITLE:./CDTITLES/CARTOONS TOONTASTIC!.PNG;
#MUSIC:WITCH DOCTOR (GIANTS TOONS VERSION).ogg;
#OFFSET:0.000;
#SAMPLESTART:41.570;
#SAMPLELENGTH:15.000;
#SELECTABLE:YES;
#DISPLAYBPM:150.000;
#BPMS:0.000=149.991;
#STOPS:;
#BGCHANGES:;

//---------------dance-single - ----------------
#NOTES:
     dance-single:
     :
     Beginner:
     1:
     0.158,0.177,0.082,0.000,0.000:
0000
0000
0000
0000
,
0000
0000
0000
0000
,
0000
0000
0000
0000
,
0000
0000
0000
0000
,
0000
0000
0000
0000
,
0000
0000
0000
0000
,
0001
0000
1000
0000
,
1000
0000
0001
0000
,
0001
0000
1000
0000
,
1001
0000
1001
0000
,
0000
0100
0000
0100
,
0000
0010
0000
0010
,
0000
0100
0000
0100
,
0000
0010
0000
1001
,
0000
0100
0000
0100
,
0000
0010
0000
0010
,
0000
0100
0000
0100
,
0000
0010
0000
1001
,
0000
0000
0100
0000
,
0100
0000
0100
0000
,
0001
0000
1000
0000
,
0001
0000
1000
0000
,
1000
0000
0001
0000
,
1000
0000
0001
0000
,
0010
0000
0010
0000
,
0100
0000
0100
0000
,
1000
0000
0010
0000
,
0001
0000
0010
0000
,
1000
0000
0100
0000
,
0001
0000
0100
0000
,
0001
0000
1000
0000
,
1000
0000
0001
0000
,
0010
0000
0100
0000
,
0100
0000
0010
0000
,
0000
0100
0000
0100
,
0000
0010
0000
0010
,
0000
0100
0000
0100
,
0000
0010
0000
1001
,
0000
0100
0000
0100
,
0000
0010
0000
0010
,
0000
0100
0000
0100
,
0000
0010
0000
1001
,
0000
0000
0100
0000
,
0010
0000
0010
0000
,
1000
0000
0001
0000
,
0100
0000
0000
0000
,
1000
0000
1000
0000
,
0001
0000
0001
0000
,
0100
0000
0010
0000
,
0100
0000
0000
0000
,
0001
0000
0010
0000
,
1000
0000
0010
0000
,
0001
0000
0100
0000
,
1000
0000
0100
0000
,
0001
0000
1000
0000
,
1000
0000
0001
0000
,
0001
0000
0100
0000
,
1001
0000
1001
0000
,
0000
0000
0000
0000
;

//---------------dance-single - ----------------
#NOTES:
     dance-single:
     :
     Easy:
     3:
     0.208,0.265,0.123,0.010,0.000:
0000
0000
0000
0000
,
0000
0000
0000
0000
,
0000
0000
0000
0000
,
0000
0000
0000
0000
,
0000
0000
0000
0000
,
0000
0000
0000
0000
,
0001
0100
0010
0000
,
1000
0100
0010
0000
,
0001
1000
0100
0000
,
1001
1001
1001
0000
,
0000
0100
0000
0100
,
0000
0010
0000
0010
,
0000
0100
0000
0100
,
0000
0010
0000
1001
,
0000
0100
0000
0100
,
0000
0010
0000
0010
,
0000
0100
0000
0100
,
0000
0010
0000
1001
,
0100
0000
0100
0000
,
0100
0000
0020
0030
,
0001
0000
1000
0000
,
0001
1000
0100
0000
,
1000
0000
0001
0000
,
1000
0001
0100
0000
,
0010
0000
0010
0000
,
1000
0001
0100
0000
,
1000
0100
0010
0000
,
0001
0100
0010
0000
,
1000
0001
0100
0000
,
0001
1000
0001
0000
,
0010
0100
1000
0000
,
0010
0100
0001
0000
,
1000
0001
0100
0000
,
1001
0100
1001
0000
,
0000
0100
0000
0100
,
0000
0010
0000
0010
,
0000
0100
0000
0100
,
0000
0010
0000
1001
,
0000
0100
0000
0100
,
0000
0010
0000
0010
,
0000
0100
0000
0100
,
0000
0010
0000
1001
,
0100
0000
0100
0000
,
0010
0100
0010
0000
,
1000
0000
0001
0010
,
0100
0000
0000
0000
,
1000
0000
1000
0000
,
0001
1000
0001
0000
,
0100
0000
0010
1000
,
0100
0000
0000
0000
,
0001
0100
0010
0000
,
1000
0100
0010
0000
,
0001
1000
0100
0000
,
0010
0001
0010
0000
,
0100
1000
0010
0000
,
0100
0001
0010
0000
,
0001
1000
0100
0000
,
1001
1001
1001
0000
,
0000
0000
0000
0000
;

//---------------dance-single - ----------------
#NOTES:
     dance-single:
     :
     Medium:
     4:
     0.443,0.530,0.830,0.348,0.000:
0000
0000
0000
0000
,
0000
0000
0000
0000
,
0000
0000
0000
0000
,
0000
0000
0000
0000
,
0000
0000
0000
0000
,
0000
0000
0000
0000
,
1002
0103
2001
3100
,
1002
0103
2001
3100
,
1002
0103
2001
3100
,
1001
1001
2002
3003
,
0010
1001
0100
1001
,
0010
1001
0100
1001
,
0010
1001
0100
1001
,
1100
0101
1100
0000
,
0010
0101
0010
1100
,
0001
0110
1000
0110
,
0001
0011
0100
1100
,
1010
1100
0011
0000
,
1001
0100
1001
0100
,
1001
0100
2002
3003
,
0010
1000
0100
0010
,
0001
0000
1000
0010
1000
0000
0000
0000
,
0001
0010
0100
1000
,
0010
0000
0100
0001
0100
0000
0000
0000
,
0010
1000
0001
0010
,
0100
0000
1000
0001
1000
0000
0000
0000
,
2100
3001
0102
1003
,
1020
0130
0102
0013
,
2100
3001
0102
1003
,
0010
0100
1001
0000
,
2010
3001
0012
1003
,
1200
0310
0012
0103
,
0120
1030
1002
0013
,
0100
1000
0101
0000
,
0010
1100
0010
0101
,
0010
1001
0100
1001
,
0010
0101
0010
1100
,
1010
1100
0011
0000
,
0100
1001
0010
1001
,
0010
0101
0010
1100
,
0001
0101
1000
1100
,
0011
0101
1001
0000
,
0100
0010
0001
0100
,
0010
1000
0001
0000
,
0010
0000
0100
0000
,
1001
0000
0000
0000
,
0100
0010
0001
0100
,
0010
1000
0001
0000
,
0010
0000
0100
0000
,
1001
0000
0001
1000
,
2100
3001
0102
1003
,
2010
3001
0012
1003
,
2100
3001
0102
1003
,
0010
0100
1001
0000
,
1200
0310
0201
0310
,
1002
0013
0210
1300
,
1002
0103
0120
1030
,
1100
0101
1100
0000
,
0000
0000
0000
0000
;

//---------------dance-single - ----------------
#NOTES:
     dance-single:
     :
     Hard:
     8:
     0.645,0.619,0.010,0.031,0.558:
0000
0000
0000
0000
,
0000
0000
0000
0000
,
0000
0000
0000
0000
,
0000
0000
0000
0000
,
0000
0000
0000
0000
,
0000
0000
0000
0000
,
1000
0000
0010
0000
1000
0000
0100
0000
0010
0000
0001
0100
0000
0100
0010
0000
,
1000
0000
0100
0000
0010
0000
0001
0000
0100
0010
0100
0010
1000
0000
0001
0000
,
0010
0000
0100
0000
0010
0000
0001
0000
1000
0000
0010
0100
0000
0100
0001
0000
,
1000
0100
0010
0001
0200
0000
0300
0000
,
0010
1000
0010
0000
1000
0000
0100
0010
0000
0010
0001
0000
0100
0000
0010
0000
,
1000
0100
1000
0000
0001
0000
0100
0010
0000
0010
1000
0000
0001
0000
0100
0000
,
0010
1000
0010
0000
1000
0000
0100
0010
0000
0010
0001
0000
0100
0000
0010
0000
,
1000
0100
0000
0100
0000
0010
0000
0001
0100
0000
0000
0000
0000
0000
0000
0000
,
0010
1000
0010
0000
1000
0000
0100
0010
0000
0010
0001
0000
0100
0000
0010
0000
,
1000
0100
1000
0000
0001
0000
0100
0010
0000
0010
1000
0000
0001
0000
0100
0000
,
0010
1000
0010
0000
1000
0000
0100
0010
0000
0010
0001
0000
0100
0000
0010
0000
,
1000
0100
0000
0100
0000
0010
0000
0001
0100
0000
0000
0000
0000
0000
0000
0000
,
1000
0100
1000
0100
0000
0000
0000
0000
0001
0100
0001
0100
0000
0000
0000
0000
,
1000
0100
1000
0100
0000
0000
0000
0000
0202
0000
0000
0000
0303
0000
0000
0000
,
1000
0000
0100
0000
0010
0000
0001
0000
1000
0100
1000
0100
1000
0000
0001
0000
,
0100
0010
0100
0010
0100
0000
0001
0000
1000
0000
0100
0000
0010
0000
0001
0000
,
0100
0000
0010
0000
1000
0000
0001
0000
0010
0100
0010
0100
0010
0000
0001
0000
,
0100
0010
0100
0010
0100
0000
0001
0000
1000
0000
0100
0000
0010
0000
0001
0000
,
0100
0000
0010
0000
1000
0000
0001
0000
0010
0100
0010
0100
0010
0000
0001
0000
,
1000
0010
1000
0010
1000
0000
0100
0000
0010
0000
0000
0000
0000
0000
0000
0000
,
0001
0000
0100
0000
0010
0000
1000
0000
0100
0000
0010
0001
0000
0001
0100
0000
,
0010
0000
1000
0000
0100
0000
0010
0000
0001
0100
0001
0100
0010
0000
1000
0000
,
0001
0000
0010
0000
0100
0000
1000
0000
0001
0000
0100
0010
0000
0010
1000
0000
,
0001
0010
0100
1000
0010
0000
0000
0000
,
0100
0000
0001
0000
0100
0000
0010
0000
1000
0000
0100
0010
0000
0010
0001
0000
,
0100
0000
0010
0000
1000
0000
0001
0000
0010
0100
0010
0100
1000
0000
0001
0000
,
0100
0000
0010
0000
1000
0000
0001
0000
0010
0000
0100
1000
0000
1000
0001
0000
,
0100
0010
1000
0100
0010
0000
0000
0000
,
0001
0100
0001
0000
1000
0000
0100
0010
0000
0010
0000
0001
0100
0000
0010
0000
,
1000
0100
1000
0000
0001
0000
0100
0010
0000
0010
0000
1000
0100
0000
0010
0000
,
0001
1000
0001
0000
0100
0000
0010
1000
0000
1000
0100
0000
0010
0000
0001
0000
,
0100
0010
0000
0010
0000
1000
0000
0001
0100
0000
0000
0000
0000
0000
0000
0000
,
0010
1000
0010
0000
0100
0000
0001
0010
0000
0010
0000
0100
1000
0000
0001
0000
,
0100
0010
0100
0000
0001
0000
0010
0100
0000
0100
0000
1000
0001
0000
0100
0000
,
0010
1000
0010
0000
0100
0000
0001
0010
0000
0010
0000
0100
1000
0000
0001
0000
,
0100
0010
0000
1000
0000
1000
0000
0001
0010
0000
0000
0000
0000
0000
0000
0000
,
0100
1000
0100
1000
0100
0010
0100
0010
,
0001
0100
0010
1000
0100
0010
0000
0000
,
0001
0000
0000
0000
0001
0000
0000
0100
0010
0000
1000
0000
0100
0000
0010
0000
,
0001
1000
0001
0100
0001
1000
0001
0100
,
0010
1000
0010
1000
0010
0100
0010
0100
,
0001
1000
0100
0010
0001
1000
0000
0000
,
0100
0000
0000
0000
0100
0000
0000
0010
0001
0000
1000
0000
0010
0000
0100
0000
,
0001
0000
0000
0000
0001
0000
0000
1000
0010
0000
0100
0000
0001
0000
0010
0000
,
0100
0000
1000
0000
0100
0000
0010
0000
0001
0000
0100
0010
0000
0010
1000
0000
,
0100
0000
0010
0000
0001
0000
1000
0000
0010
0100
0010
0100
0001
0000
1000
0000
,
0100
0000
0010
0000
0100
0000
1000
0000
0001
0000
0100
0010
0000
0010
1000
0000
,
0001
0010
0100
1000
0001
0000
0000
0000
,
0100
0000
0010
0000
1000
0000
0100
0000
0010
0000
0001
1000
0000
1000
0100
0000
,
0010
0000
0001
0000
0100
0000
0010
0000
1000
0100
1000
0100
0010
0000
0001
0000
,
0100
0000
0010
0000
1000
0000
0001
0000
0100
0000
0010
1000
0000
1000
0100
0000
,
0010
0000
0001
0000
1000
0010
1000
0000
0100
0000
0000
0000
0000
0000
0000
0000
,
0000
0000
0000
0000
;

//---------------dance-double - ----------------
#NOTES:
     dance-double:
     :
     Easy:
     2:
     0.189,0.206,0.154,0.010,0.000:
00000000
00000000
00000000
00000000
,
00000000
00000000
00000000
00000000
,
00000000
00000000
00000000
00000000
,
00000000
00000000
00000000
00000000
,
00000000
00000000
00000000
00000000
,
00000000
00000000
00000000
00000000
,
00010000
00000000
01010000
00000000
,
00001000
00000000
00011000
00000000
,
00000010
00000000
00001010
00000000
,
00000001
00000100
00000001
00000000
,
00001000
00000000
00000100
00000000
,
00010000
00000000
00001000
00000000
,
00000010
00000000
00000001
00000000
,
00000100
00000000
00000010
00000000
,
00010000
00000000
00001000
00000000
,
00100000
00000000
00010000
00000000
,
00001000
00000000
00010000
00000000
,
00000100
00000000
00001000
00000000
,
00000001
00000000
00001000
00000000
,
00000001
00000000
00002000
00003000
,
00000100
00010000
00001000
00000000
,
00100000
00000000
00010000
00000000
,
01000000
00001000
00010000
00000000
,
00000010
00000000
00001000
00000000
,
00000001
00000010
00000100
00000000
,
00000001
00000000
00000100
00000000
,
00001000
00000000
00001100
00000000
,
00010000
00000000
00011000
00000000
,
00100000
00000000
00110000
00000000
,
10000000
01000000
10000000
00000000
,
00010000
00000000
01010000
00000000
,
00001000
00000000
00011000
00000000
,
00000010
00000000
00001010
00000000
,
00000001
00000010
00000001
00000000
,
00001000
00000000
00000100
00000000
,
00000001
00000000
00000100
00000000
,
00001000
00000000
00010000
00000000
,
00100000
10000000
00100000
00000000
,
01000000
00000000
00010000
00000000
,
10000000
00000000
01000000
00000000
,
00010000
00000000
00001000
00000000
,
00000010
00000001
00000010
00000000
,
00000100
00000000
00000100
00000000
,
00010000
00000000
00001000
00000000
,
00100000
00000000
00100000
00000000
,
00010000
00000000
00000000
00000000
,
01000000
00000000
01000000
00000000
,
00010000
00000000
00001000
00000000
,
00000010
00000000
00000010
00000001
,
00000100
00000000
00000000
00000000
,
00001000
00000000
00001100
00000000
,
00010000
00000000
00011000
00000000
,
00100000
00000000
00110000
00000000
,
10000000
01000000
10000000
00000000
,
00010000
00000000
01010000
00000000
,
00001000
00000000
00011000
00000000
,
00000010
00000000
00001010
00000000
,
00000001
00000010
00000100
00000000
,
00000000
00000000
00000000
00000000
;

//---------------dance-double - ----------------
#NOTES:
     dance-double:
     :
     Medium:
     6:
     0.357,0.412,0.215,0.041,0.000:
00000000
00000000
00000000
00000000
,
00000000
00000000
00000000
00000000
,
00000000
00000000
00000000
00000000
,
00000000
00000000
00000000
00000000
,
00000000
00000000
00000000
00000000
,
00000000
00000000
00000000
00000000
,
00000000
10000000
00000000
10000000
00000000
01000000
00000000
01000000
,
00000000
00100000
00000000
00100000
00000000
00010000
01000000
00100000
,
00000000
00010000
00000000
00010000
00000000
00001000
00000000
00001000
,
00000010
00000001
00000010
00000001
00000100
00000000
00000000
00000000
,
00000000
00000010
00000000
00000010
00000000
00001000
00000000
00001000
,
00000000
00000100
00000000
00000010
00000000
00000001
00000000
00000100
,
00000000
00001000
00000000
00001000
00000000
00010000
00000000
00010000
,
00000000
00100000
00000000
00100000
10000000
00000000
00000000
00000000
,
00000000
00010000
00000000
00010000
00000000
01000000
00000000
01000000
,
00000000
00001000
00000000
00010000
00000000
00100000
00000000
10000000
,
00000000
01000000
00000000
01000000
00000000
00010000
00000000
00010000
,
00000000
00001000
00000000
00001000
00010000
00000000
00000000
00000000
,
00000020
00000030
00000020
00000030
,
00000020
00000030
00000200
00000300
,
00000000
00001000
00000000
00001000
00000000
00010000
00000000
00010000
,
00000000
01000000
00000000
01000000
00000000
00010000
00001000
00010000
,
00000000
00000100
00000000
00000100
00000000
00000010
00000000
00000010
,
00000000
00000001
00000000
00000001
00000000
00000100
00001000
00000100
,
00000000
00000001
00000000
00000001
00000000
00001000
00000000
00001000
,
00000000
00000100
00000000
00010000
00001000
00000000
00000000
00000000
,
00110000
00000000
11000000
00000000
00010000
01000000
01000000
00000000
,
00001000
00010000
00010000
00000000
00000010
00000000
00000100
00000000
,
00001001
00000000
00000110
00000000
00001000
00000001
00000001
00000000
,
00000100
00001000
00011000
00000000
,
01010000
00000000
10100000
00000000
01000000
00010000
00010000
00000000
,
00100000
00001000
00001000
00000000
00010000
00000000
00000100
00000000
,
00001001
00000000
00000110
00000000
00000001
00001000
00001000
00000000
,
00000100
00010000
00011000
00000000
,
00000000
00100000
00000000
00100000
00000000
10000000
00000000
10000000
,
00000000
00100000
00000000
00010000
00000000
01000000
00000000
00001000
,
00000000
00010000
00000000
00010000
00000000
00000010
00000000
00000010
,
00000000
00001000
00000000
00001000
00000100
00000000
00000000
00000000
,
00000000
00010000
00000000
00010000
00000000
00001000
00000000
00001000
,
00000000
00100000
00000000
10000000
00000000
00010000
00000000
01000000
,
00000000
00001000
00000000
00001000
00000000
00010000
00000000
00010000
,
00000010
00000100
00000010
00000100
00000001
00000000
00000000
00000000
,
00000000
00000100
00000000
00001000
00000000
00010000
00000000
01000000
,
00000000
10000000
00000000
00010000
00000000
01000000
00000000
00100000
,
00000000
00010000
00000000
00001000
00000000
00100000
00000000
01000000
,
10000000
00100000
00010000
00001000
00000010
00000001
00000100
00000010
,
00000000
00000010
00000000
00001000
00000000
00000100
00000000
00010000
,
00000000
00001000
00000000
01000000
00000000
00100000
00000000
00010000
,
00000000
00001000
00000000
00000010
00000000
00000001
00000000
00001000
,
00000010
00000000
00000100
00000000
00001000
00010000
00001000
00100000
,
00010000
00000000
11000000
00000000
00010000
01000000
01000000
00000000
,
00001000
00010000
00010000
00000000
00000010
00000000
00000100
00000000
,
00001001
00000000
00000110
00000000
00001000
00000001
00000001
00000000
,
00000100
00001000
00011000
00000000
,
01010000
00000000
10100000
00000000
01000000
00010000
00010000
00000000
,
00100000
00001000
00001000
00000000
00010000
00000000
00000100
00000000
,
00001001
00000000
00000110
00000000
00000001
00001000
00001000
00000000
,
00010100
00101000
10010000
00000000
,
00000000
00000000
00000000
00000000
;

//---------------dance-double - ----------------
#NOTES:
     dance-double:
     :
     Hard:
     8:
     0.484,0.471,0.010,0.143,0.379:
00000000
00000000
00000000
00000000
,
00000000
00000000
00000000
00000000
,
00000000
00000000
00000000
00000000
,
00000000
00000000
00000000
00000000
,
00000000
00000000
00000000
00000000
,
00000000
00000000
00000000
00000000
,
10000000
00000000
00000000
00010000
01000000
00000000
00000000
00000000
00001000
00000000
00010000
00000000
00001000
00000000
00000000
00000000
,
00000010
00000000
00000001
00000000
00000100
00000000
00000000
00000000
00000010
00001000
00000000
00001000
00000100
00000000
00000000
00000000
,
00010000
00000000
00000000
00010000
00001000
00000000
00000000
00000000
00100000
00000000
00010000
00000000
01000000
00000000
00000000
00000000
,
00100000
10000000
00000000
00000000
01000000
00100000
00000000
00000000
00010000
01000000
00000000
00000000
00000000
00000000
00000000
00000000
,
00001000
00000000
00010000
00000000
01000000
00000000
00000000
00000000
00010000
00001000
00000000
00010000
00001000
00000000
00000000
00000000
,
00000010
00000000
00000001
00000000
00001000
00000000
00000000
00000000
00000010
00000100
00000000
00000010
00000100
00000000
00000001
00000000
,
00000010
00000000
00000100
00000000
00001000
00000000
00000000
00000000
00000001
00000100
00000000
00000100
00001000
00000000
00000000
00000000
,
00010000
00001000
00000000
00010000
00000000
00100000
00000000
10000000
00010000
00000000
00000000
00000000
00000000
00000000
00000000
00000000
,
00100000
00000000
01000000
00000000
10000000
00000000
00000000
00000000
00010000
01000000
00000000
00010000
01000000
00000000
00000000
00000000
,
00100000
00000000
00001000
00000000
00010000
00000000
00000000
00000000
00000010
00001000
00000000
00000010
00001000
00000000
00000001
00000000
,
00000010
00000000
00000100
00000000
00001000
00000000
00000000
00000000
00000001
00000100
00000000
00000010
00001000
00000000
00000000
00000000
,
00000100
00010000
00000000
00010000
00000000
00001000
00000000
00000010
00000001
00000000
00000000
00000000
00000000
00000000
00000000
00000000
,
00000100
00000020
00000000
00000000
00000030
00000000
00000000
00000000
00001000
00000200
00000000
00000000
00000300
00000000
00000000
00000000
,
00000010
00000002
00000000
00000000
00000003
00000000
00000000
00000000
00000200
00000000
00000000
00000000
00000300
00000000
00000000
00000000
,
00001000
00000000
00010000
00000000
00001000
00000000
00000000
00001000
00010000
00000000
00100000
00000000
10000000
00000000
00000000
10000000
,
01000000
00100000
00010000
01000000
00100000
00000000
00000000
00000000
,
10000000
00000000
01000000
00000000
00010000
00000000
00000000
00010000
00001000
00000000
00000100
00000000
00000001
00000000
00000000
00000001
,
00000010
00000100
00001000
00000010
00000100
00000000
00000000
00000000
,
00001000
00000000
00010000
00000000
00001000
00000000
00000000
00001000
00000010
00000000
00000001
00000000
00000100
00000000
00000000
00000100
,
00001000
00010000
01000000
10000000
00010000
00000000
00000000
00000000
,
01000000
00000000
00000000
01000000
00100000
00000000
00000000
00000000
10000000
00000000
01000000
00000000
01000000
00000000
00000000
00000000
,
00100000
00000000
00010000
00000000
00010000
00000000
00000000
00000000
01000000
00001000
00000000
00010000
00000010
00000000
00001000
00000000
,
00000001
00000000
00000000
00000001
00000010
00000000
00000000
00000000
00000100
00000000
00001000
00000000
00001000
00000000
00000000
00000000
,
00000010
00000100
00001000
00010000
01000000
00000000
00000000
00000000
,
10000000
00000000
00000000
00010000
01000000
00000000
00000000
00000000
00100000
00000000
10000000
00000000
10000000
00000000
00000000
00000000
,
01000000
00000000
00010000
00000000
00010000
00000000
00000000
00000000
00001000
00010000
00000000
00010000
00001000
00000000
00000010
00000000
,
00000001
00000000
00000000
00000001
00001000
00000000
00000000
00000000
00000010
00000000
00000100
00000000
00000100
00000000
00000000
00000000
,
00001000
00010000
00001000
00000010
00001001
00000000
00000000
00000000
,
00000100
00000000
00000010
00000000
00000001
00000000
00000000
00000000
00000100
00000010
00000000
00001000
00000001
00000000
00000000
00000000
,
00000100
00000000
00001000
00000000
00010000
00000000
00000000
00000000
01000000
10000000
00000000
10000000
01000000
00000000
00100000
00000000
,
00001000
00000000
00010000
00000000
00001000
00000000
00000000
00000000
00000010
00001000
00000000
00001000
00010000
00000000
00000000
00000000
,
00001000
00010000
00000000
00010000
00000000
00001000
00000000
00000010
00000001
00000000
00000000
00000000
00000000
00000000
00000000
00000000
,
00000100
00000000
00001000
00000000
00010000
00000000
00000000
00000000
00001000
00010000
00000000
00010000
01000000
00000000
00000000
00000000
,
10000000
00000000
00100000
00000000
01000000
00000000
00000000
00000000
00010000
00100000
00000000
00001000
00010000
00000000
00000100
00000000
,
00010000
00000000
00001000
00000000
00100000
00000000
00000000
00000000
01000000
10000000
00000000
10000000
01000000
00000000
00000000
00000000
,
00100000
00010000
00000000
01000000
00000000
00001000
00000000
00010000
00000010
00000000
00000000
00000000
00000000
00000000
00000000
00000000
,
00000000
00000200
00000000
00000300
00000002
00000000
00000003
00000000
,
00000000
00000020
00000000
00000030
00002000
00000000
00003000
00000000
,
00000000
00020000
00000000
00030000
00200000
00000000
00300000
00000000
,
10000000
01000000
00010000
01000000
10000000
00100000
01000000
00010000
,
00000000
00200000
00000000
00300000
00002000
00000000
00003000
00000000
,
00000000
00020000
00000000
00030000
02000000
00000000
03000000
10000000
,
00100000
00000000
00100000
00000000
00010000
00001000
00000010
00000001
,
00000100
00000000
00000000
00000000
00000100
00000000
00000000
00000010
00001000
00000000
00000100
00000000
00000010
00000000
00000001
00000000
,
00001000
00000000
00000000
00001000
00000100
00000000
00000000
00000000
00010000
00000000
00001000
00000000
00001000
00000000
00000000
00000000
,
00100000
00000000
01000000
00000000
01000000
00000000
00000000
00000000
10000000
00100000
00000000
00100000
10000000
00000000
01000000
00000000
,
00100000
00000000
00000000
00001000
00010000
00000000
00000000
00000000
00000010
00000000
00000100
00000000
00000100
00000000
00000000
00000000
,
00000001
00000010
00001000
00010000
00100000
00000000
00000000
00000000
,
10000000
00000000
00000000
10000000
01000000
00000000
00000000
00000000
00100000
00000000
00010000
00000000
01000000
00000000
00000000
00000000
,
00100000
00000000
10000000
00000000
01000000
00000000
00000000
00000000
00100000
00010000
00000000
00010000
01000000
00000000
00001000
00000000
,
00010000
00000000
00000000
00010000
00000010
00000000
00000000
00000000
00001000
00000000
00000100
00000000
00000100
00000000
00000000
00000000
,
00010000
00000000
00001000
00100000
00001000
00000000
00010000
00000000
00000010
00000000
00000000
00000000
00000000
00000000
00000000
00000000
,
00000000
00000000
00000000
00000000
;
