#TITLE:You're Not Here;
#SUBTITLE:;
#ARTIST:Heather;
#TITLETRANSLIT:;
#SUBTITLETRANSLIT:;
#ARTISTTRANSLIT:;
#CREDIT:;
#BANNER:You're Not Here.png;
#BACKGROUND:You're Not Here-bg.png;
#LYRICSPATH:;
#CDTITLE:./CDTITLES/DANCE DANCE REVOLUTION HOME VERSION.PNG;
#MUSIC:You're Not Here.ogg;
#OFFSET:0.000;
#SAMPLESTART:73.300;
#SAMPLELENGTH:15.000;
#SELECTABLE:YES;
#DISPLAYBPM:70.000:138.000;
#BPMS:0.000=132.353,12.000=137.990,228.000=111.111,229.000=107.143,230.000=76.923,231.000=89.109,232.000=86.400;
#STOPS:;
#BGCHANGES:;

//---------------dance-single - ----------------
#NOTES:
     dance-single:
     :
     Beginner:
     1:
     0.175,0.271,0.112,0.000,0.000:
0000
0000
0000
0000
,
0000
0000
0000
0000
,
0000
0000
0000
0000
,
0000
0000
0000
0000
,
0000
0000
0000
0000
,
0000
0000
0000
0000
,
0001
0000
0001
0000
,
0001
0000
0001
0000
,
1000
0000
1000
0000
,
1000
0000
1000
0000
,
0001
0001
0000
0000
,
0001
0001
0000
0000
,
1000
1000
0000
0000
,
1000
1000
0000
0000
,
0010
0010
0000
0000
,
0010
0010
0000
0000
,
0100
0100
0000
0000
,
0100
0100
0000
0000
,
0001
0000
1000
0000
,
0001
0000
1000
0000
,
0010
0010
0010
0000
,
0001
0001
0001
0000
,
1000
0000
0001
0000
,
1000
0000
0001
0000
,
0100
0000
0100
0000
,
0010
0000
0010
0000
,
0001
0000
0010
0000
,
1000
0000
0010
0000
,
0001
0001
0001
0000
,
1000
1000
1000
0000
,
0001
0000
0100
0000
,
1000
0000
0100
0000
,
1001
0000
0001
0000
,
1000
0000
1001
1001
,
1001
0000
0010
0000
,
0100
0000
0110
0110
,
0110
0000
0001
0000
,
1000
0000
1001
1001
,
1001
0000
0010
0000
,
0100
0000
0010
0010
,
0010
0000
0110
0000
,
1001
0000
0000
0000
,
0001
0000
0010
0000
,
0001
0000
0010
0000
,
1000
1000
1000
0000
,
0100
0100
0100
0000
,
1000
0000
0010
0000
,
1000
0000
0010
0000
,
0001
0001
0001
0000
,
0100
0100
0100
0000
,
0010
0000
0100
0000
,
0001
0000
1000
0000
,
0100
0100
0100
0000
,
0010
0010
0010
0000
,
0100
0000
0010
0000
,
0001
0000
1000
0000
,
0010
0010
0010
0000
,
0100
0000
0100
0000
,
0100
0000
0000
0000
,
0000
0000
0000
0000
;

//---------------dance-single - ----------------
#NOTES:
     dance-single:
     :
     Easy:
     4:
     0.279,0.357,0.262,0.112,0.000:
0000
0000
0000
0000
,
0000
0000
0000
0000
,
0000
0000
0000
0000
,
0000
0000
0000
0000
,
0000
0000
0000
0000
,
0000
0000
0000
0000
,
0001
0001
0001
0001
,
0001
0001
0001
0000
,
1000
1000
1000
1000
,
1000
1000
1000
0000
,
1010
0010
0010
0010
,
0010
0010
0010
0000
,
0011
0010
0010
0010
,
0010
0010
0010
0000
,
0110
0010
0010
0010
,
0010
0010
0010
0000
,
0011
0010
0010
0010
,
0010
0010
0010
0000
,
1000
0100
1000
0100
,
1000
0100
0010
0000
,
0001
0001
1000
1000
,
0001
0001
0010
0000
,
0001
0100
0001
0100
,
0001
0100
0010
0000
,
2000
0000
0000
3000
,
0020
0030
0200
0300
,
1000
0010
1000
0001
,
1000
0010
0100
0000
,
0001
0010
0001
1000
,
0001
0010
0100
0000
,
1000
0100
0001
0100
,
1000
0100
0001
0000
,
0110
0000
1000
1000
,
0001
0000
1100
1100
,
1100
0000
0001
0001
,
1000
0000
0101
0101
,
0101
0000
0010
0010
,
0100
0000
0110
0110
,
0110
0000
0001
1000
,
0001
0000
1001
1001
,
2002
3003
0220
0330
,
2002
3003
0000
0000
,
0010
0010
0100
0100
,
0010
0001
0100
1000
,
0010
0010
0010
0000
,
1100
1100
0101
0000
,
0010
0010
0100
0100
,
0010
1000
0100
0001
,
0010
0010
0010
0000
,
0101
0101
1100
0000
,
0001
0001
1000
1000
,
0010
0100
0001
1000
,
0010
0010
0010
0000
,
1001
0110
1001
0000
,
0001
0100
1000
0100
,
0001
0010
1000
0010
,
0001
0001
0002
0000
,
0000
0003
0000
2000
,
0200
0000
0000
3300
,
0000
0000
0000
0000
;

//---------------dance-single - ----------------
#NOTES:
     dance-single:
     :
     Medium:
     6:
     0.407,0.473,0.402,0.150,0.000:
0000
0000
0000
0000
,
0000
0000
0000
0000
,
0000
0000
0000
0000
,
0000
0000
0000
0000
,
0000
0000
0000
0000
,
0000
0000
0000
0000
0000
0000
0000
2000
,
0010
0010
0010
0010
,
0010
0000
0010
0000
0010
0000
3010
0002
,
0010
0010
0010
0010
,
0010
0000
0010
0000
0010
0000
0013
1000
,
0010
0000
0010
1000
0010
0000
0010
1000
,
0010
1000
0010
0000
0010
0000
0010
0001
,
0010
0000
0010
0001
0010
0000
0010
0001
,
0010
0001
0010
0000
0010
0000
0010
1000
,
0010
0000
0010
1000
0010
0000
0010
1000
,
0010
1000
0010
0000
0010
0000
0010
0001
,
0010
0000
0010
0001
0010
0000
0010
0001
,
0010
0001
0010
0000
0010
0000
0000
0000
,
1001
0000
0001
0010
0100
0000
0100
0000
,
1001
0000
0001
0100
0010
0000
0010
0000
,
1000
2000
3100
0200
,
0310
0020
0031
0001
,
1100
0000
0010
0100
0010
0000
0010
0000
,
0101
0000
0010
1000
0100
0000
0100
0000
,
0110
0000
0001
0000
0100
0000
1000
0001
,
1000
0000
1000
0000
0010
0001
0100
0000
,
1000
1100
0001
0101
,
0010
1000
0100
0001
,
1000
0000
2000
0000
3010
0100
0010
0000
,
0001
0000
0002
0000
0013
0100
0010
0000
,
0001
0101
1000
0101
,
0010
0001
0100
1100
,
0110
0010
0001
1000
,
0010
0000
1001
1100
,
0101
0000
0010
0000
0001
1000
0100
0000
,
1000
1000
0011
0101
,
1001
0000
0010
0000
1000
0001
0100
0000
,
0001
0001
1010
0011
,
1010
0000
0001
0000
0100
1000
0100
0000
,
0001
0001
1001
0110
,
2001
3001
2100
3100
,
0102
0103
0011
1100
,
0010
0001
0100
0000
0010
0001
0100
0000
,
0010
0001
0100
1000
,
0001
0110
1000
0110
,
1010
1100
0011
0101
,
1000
0100
0001
0000
1000
0100
0001
0000
,
0010
0000
1000
0001
0100
0000
0001
0000
,
1000
1000
0001
0001
,
0011
1010
0011
1010
,
0010
1000
0100
0000
0010
1000
0100
0000
,
0010
1000
0100
0001
,
1000
0101
0001
1100
,
0011
0101
1010
1100
,
0001
0100
1000
0000
0001
0100
1000
0000
,
0010
0000
0001
1000
0100
0000
1000
0000
,
0002
0100
0100
0103
,
2000
3200
0320
0032
,
0203
0000
0000
0000
,
0000
0000
0300
0000
,
0000
0000
0000
0000
;

//---------------dance-single - ----------------
#NOTES:
     dance-single:
     :
     Hard:
     8:
     0.505,0.500,0.178,0.262,0.103:
0000
0000
0000
0000
,
0000
0000
0000
0000
,
0000
0000
0000
0000
,
0000
0000
0000
0000
,
0000
0000
0000
0000
,
0000
0000
0000
0000
0000
0000
0000
2000
,
0010
0000
0010
0000
0010
3000
0010
0002
,
0010
0000
0010
0000
0010
0003
0010
0200
,
0010
0000
0010
0000
0010
0300
0010
0002
,
0010
0000
0010
0000
0010
0003
0010
2000
,
0010
3000
0010
2000
0010
3000
0010
0100
,
0010
2000
0010
0000
0010
3000
0010
0002
,
0010
0003
0010
0002
0010
0003
0010
0100
,
0010
0002
0010
0000
0010
0003
0010
2000
,
0010
3000
0010
2000
0010
3000
0010
0001
,
0010
2000
0010
0000
0010
3000
0010
0002
,
0010
0003
0010
0002
0010
0003
0010
1000
,
0010
0100
0010
0000
0010
0000
0000
0000
,
1001
0000
1000
0010
0100
0000
0100
0000
,
1001
0000
1000
0100
0010
0100
0010
0000
,
1000
0010
2000
0000
3100
0001
0200
0000
,
0310
0001
0020
0000
0031
1000
0001
0000
,
1100
0000
0010
0100
0010
0000
0010
0000
,
0101
0000
0010
1000
0100
1000
0010
0100
,
0110
0000
0001
0000
0100
0000
1000
0001
,
1000
0000
1000
0001
0010
0001
0100
0010
,
0110
0000
1000
0100
0001
0000
0001
0000
,
0110
0000
0001
0010
1000
0100
0001
0000
,
1002
0000
0023
0000
0130
1000
0100
0000
,
2010
0000
3002
0000
0013
0100
0001
0000
,
0110
0000
1000
0010
0001
0000
0001
0000
,
0110
0000
0001
1000
0100
0010
0001
0100
,
0210
0000
0010
0000
0310
0000
0001
0020
,
0100
0000
0000
0000
0130
0000
0000
0000
0001
1000
0000
0000
1000
0100
0000
0000
,
0100
0010
0000
0000
0001
0000
0000
0000
0100
0000
1000
0000
0100
0000
0001
0000
,
0010
0000
0000
0000
0010
0000
0000
0000
0100
1000
0000
0000
1000
0010
0000
0000
,
0010
0100
0000
0000
0001
0000
0000
0000
1000
0000
0100
0000
1000
0000
0010
0000
,
0100
0000
0000
0000
0100
0000
0000
0000
0001
0010
0000
0000
1000
0010
0000
0000
,
0001
0010
0000
0000
1000
0000
0000
0000
0010
0000
1000
0000
0001
0000
0100
0000
,
0010
0000
0000
0000
0010
0000
0000
0000
1000
0001
0000
0000
0001
0010
0000
0000
,
0210
0301
2100
3010
,
0102
1003
1100
0101
,
0010
0010
0100
1000
0100
0010
0001
0100
,
1000
1000
1000
0100
0001
0001
0001
0100
,
0010
1000
0100
1000
0010
0100
0001
0100
,
0010
1000
0000
0000
1000
0010
0000
0000
0010
0100
0000
0000
0100
0001
0000
0000
,
1001
1000
0001
0010
0100
0100
1000
0010
,
0100
0100
0100
0001
0010
0010
0010
0100
,
1000
0001
1000
0010
0100
0010
0100
0001
,
1000
0100
0000
0000
0001
0100
0000
0000
1000
0100
0000
0000
0000
0000
0000
0000
,
0010
0010
0100
0001
0100
0010
1000
0100
,
0001
0001
0001
0100
1000
1000
1000
0100
,
0010
0001
0100
0001
0010
0100
1000
0100
,
0010
0001
0000
0000
0001
0010
0000
0000
0010
0100
0000
0000
0100
1000
0000
0000
,
1001
0001
1000
0010
0100
0100
0001
0010
,
0100
0100
0100
1000
0010
0010
0010
0100
,
0001
1000
0001
0010
0100
0010
0001
1000
,
0010
0100
1000
0100
0001
1000
0100
0000
,
0002
0000
0000
0000
,
0000
0000
0003
0000
,
0000
0000
0000
0000
;

//---------------dance-double - ----------------
#NOTES:
     dance-double:
     :
     Easy:
     4:
     0.264,0.352,0.234,0.093,0.000:
00000000
00000000
00000000
00000000
,
00000000
00000000
00000000
00000000
,
00000000
00000000
00000000
00000000
,
00000000
00000000
00000000
00000000
,
00000000
00000000
00000000
00000000
,
00000000
00000000
00000000
00000000
,
00010000
00000000
00010000
00000000
,
00010000
00000000
00010000
00000000
,
00001000
00000000
00001000
00000000
,
00001000
00000000
00001000
00000000
,
00100000
00100000
00100000
00000000
,
00100000
00100000
00100000
00000000
,
00001000
00001000
00001000
00000000
,
00001000
00001000
00001000
00000000
,
00000010
00000010
00000010
00000000
,
00000010
00000010
00000010
00000000
,
00000001
00000001
00000001
00000000
,
00000001
00000001
00000001
00000000
,
00001001
00000100
00000001
00000100
,
00000001
00000100
00000001
00000000
,
00000100
00000100
00001000
00001000
,
00010000
00010000
00100000
00000000
,
10010000
01000000
10000000
01000000
,
10000000
01000000
10000000
00000000
,
02000000
03000000
00020000
00030000
,
00002000
00003000
00000020
00000030
,
00000001
00000100
00000010
00001000
,
00000100
00000010
00000001
00000000
,
00001000
00000100
00010000
00001000
,
00100000
00010000
10000000
00000000
,
10000000
01000000
10000000
00100000
,
10000000
01000000
10000000
00000000
,
00110000
00000000
00001000
00010000
,
00001000
00000000
00011000
00011000
,
00011000
00000000
00001000
00001000
,
00000010
00000000
00000011
00000011
,
00000011
00000000
00000001
00000001
,
00000100
00000000
00001100
00001100
,
00001100
00000000
00001000
00010000
,
00001000
00000000
00011000
00011000
,
00022000
00033000
00000000
00000000
00020200
00030300
00000000
00000000
,
02002000
03003000
00000000
00000000
00000000
00000000
00000000
00000000
,
00100000
01100000
10000000
01100000
,
00100000
00100000
00010000
00010000
,
10000000
10000000
10000000
00000000
,
01000000
00010000
00001000
00000000
,
00000010
00000110
00001000
00000110
,
00000001
00001000
00000100
00000010
,
00000001
00000001
00000001
00000000
,
00000100
00001000
00010000
00000000
,
00010000
00110000
10000000
10100000
,
00010000
10000000
00010000
10000000
,
01000000
01000000
01000000
00000000
,
00010000
00001000
00000100
00000000
,
00000001
00000101
00000010
00000011
,
00001000
00000100
00000001
00000010
,
00000100
00000100
00000100
00000000
,
00000100
00001000
00010000
01000000
,
10000000
00000000
00000000
00000000
,
00000000
00000000
00000000
00000000
;

//---------------dance-double - ----------------
#NOTES:
     dance-double:
     :
     Medium:
     6:
     0.356,0.461,0.467,0.037,0.000:
00000000
00000000
00000000
00000000
,
00000000
00000000
00000000
00000000
,
00000000
00000000
00000000
00000000
,
00000000
00000000
00000000
00000000
,
00000000
00000000
00000000
00000000
,
00000000
00000000
00000000
00000000
00000000
00000000
00000000
00010000
,
01000000
00000000
01000000
00000000
01000000
00000000
01000000
00001000
,
00010000
00000000
00010000
00000000
00010000
00000000
00000000
00000010
,
00001000
00000000
00001000
00000000
00001000
00000000
00001000
00000001
,
00000100
00000000
00000100
00000000
00000100
00000000
00000000
00010000
,
00001000
00000000
00001000
00000000
00001000
00000000
00001000
01000000
,
00100000
00000000
00100000
00000000
00100000
00000000
00000000
10000000
,
01000000
00000000
01000000
00000000
01000000
00000000
01000000
00100000
,
00010000
00000000
00010000
00000000
00010000
00000000
00000000
00001000
,
00010000
01000000
10000000
01000000
,
00010000
00000000
00001000
00000000
00011000
00000000
00000000
00010000
,
00001000
00000100
00000001
00000010
,
00001000
00000010
00000001
00000000
,
00001001
00000100
00000001
00001000
,
00000110
00000001
00000100
00001000
,
00001000
00100000
00110000
10000000
,
01100000
00010000
00100000
10010000
,
01000000
00010000
10000000
00100000
,
01100000
01000000
00010000
00001000
,
00001010
00000001
00000001
00000010
,
00000110
00000001
00000100
00001000
,
00011000
00100000
00010000
01000000
,
01100000
10000000
01000000
00100000
,
00011000
00001000
00110000
10000000
,
01100000
00010000
00100000
10010000
,
01000000
00010000
00001000
00000010
,
00001001
00000100
00001000
00010000
,
00110000
00001000
00010000
00000010
,
00000100
00000100
00001010
00011000
,
00110000
10000000
00100000
01000000
,
00010000
00010000
00110000
00011000
,
00001100
00010000
00000010
00001000
,
00000100
00000100
00000011
00001100
,
00000110
00000000
00000100
00000000
00010000
00001000
00100000
00010000
,
01000000
01000000
01100000
10010000
,
02100000
03100000
00120000
00130000
,
00002010
00003010
00011000
00001001
,
00000010
00000110
00001000
00000110
,
00000001
00000100
00001000
00000010
,
00000001
00001001
00001000
00001001
,
00000100
00011000
00100000
01100000
,
10000000
01100000
00010000
01100000
,
10000000
01000000
00010000
01100000
,
20000000
01000000
31000000
00000000
,
00010000
00001000
00000001
00000000
,
00000010
00000011
00001000
00001100
,
00000010
00001000
00000100
00000001
,
00000010
00000110
00000001
00000110
,
00001000
00011000
00010000
01100000
,
10000000
11000000
00100000
10100000
,
01000000
00100000
00010000
01000000
,
00100000
00010000
00001000
00100000
,
01000000
00010000
00000010
00000100
,
00000001
00000000
00000000
00000000
,
00000000
00000000
00000000
00000000
;

//---------------dance-double - ----------------
#NOTES:
     dance-double:
     :
     Hard:
     8:
     0.481,0.488,0.187,0.103,0.103:
00000000
00000000
00000000
00000000
,
00000000
00000000
00000000
00000000
,
00000000
00000000
00000000
00000000
,
00000000
00000000
00000000
00000000
,
00000000
00000000
00000000
00000000
,
00000000
00000000
00000000
00000000
00000000
00000000
00000000
00001000
,
01000000
00000000
01000000
00000000
01000000
00000000
01000000
00010000
,
00100000
00000000
00100000
00000000
00100000
00000000
00100000
01000000
,
00010000
00000000
00010000
00000000
00010000
00000000
00010000
00000010
,
00000100
00000000
00000100
00000000
00000100
00000100
00000100
00000200
,
00000010
00000000
00000001
00000000
00000010
00000300
00000001
00000100
,
00002000
00000000
00010000
00000000
00000100
00003000
00010000
01000000
,
20000000
00000000
00100000
00000000
01000000
30000000
00100000
00010000
,
00002000
00000000
00000010
00000000
00010000
00003000
00000010
00000001
,
00000200
00000000
00001000
00000000
00000001
00000300
00001000
00010000
,
02000000
00000000
10000000
00000000
00100000
03000000
10000000
00010000
,
00200000
00000000
00001000
00000000
00010000
00300000
00001000
00010000
,
00000020
00001000
00001030
00000000
,
00000110
00000000
00001000
00010000
00000010
00000000
00000010
00000000
,
00001001
00000000
00000100
00001000
00000010
00010000
00000100
00000000
,
00000010
00000001
00000100
00000000
00000010
00010000
00001000
00000000
,
01000000
00010000
00100000
00000000
00001000
00010000
01000000
00000000
,
01100000
00000000
10000000
01000000
00010000
00000000
00010000
00000000
,
00011000
00000000
01000000
00001000
00000010
00000001
00000100
00001000
,
00000100
00000000
00000001
00000000
00001001
00000000
00000010
00000100
,
00000010
00000000
00000001
00000100
00001000
00010000
01000000
00000000
,
01100000
00000000
00010000
00001000
00100000
00000000
00100000
00000000
,
10010000
00000000
01000000
00010000
00100000
00001000
01000000
00000000
,
00100000
10000000
01000000
00000000
00100000
00001000
00010000
00000000
,
00000100
00001000
00000010
00000000
00010000
00001000
00000100
00000000
,
00000110
00000000
00000001
00000100
00001000
00000000
00001000
00000000
,
00011000
00000000
00000100
00010000
00100000
10000000
01000000
00010000
,
01000000
00000000
10000000
00000000
01100000
00000000
00010000
10000000
,
00100000
00000000
00000000
00000000
10010000
00000000
00000000
00000000
01000000
00010000
00000000
00000000
00010000
00001000
00000000
00000000
,
00001000
00000010
00000000
00000000
00000001
00000000
00000000
00000000
00000100
00000000
00001000
00000000
00010000
00000000
00000010
00000000
,
00000100
00000000
00000100
00000000
00000100
00000000
00000000
00000000
00001000
00010000
00000000
00000000
00010000
01000000
00000000
00000000
,
01000000
10000000
00000000
00000000
00100000
00000000
00000000
00000000
00100000
00000000
00010000
00000000
00001000
00000000
00010000
00000000
,
00100000
00000000
00100000
00000000
00100000
00000000
00000000
00000000
01000000
00001000
00000000
00000000
00001000
00100000
00000000
00000000
,
00100000
00010000
00000000
00000000
00000010
00000000
00000000
00000000
00000001
00000000
00000100
00000000
00001000
00000000
00000100
00000000
,
00000001
00000000
00000001
00000000
00000001
00000000
00000000
00000000
00000001
00001000
00000000
00000000
00001000
00010000
00000000
00000000
,
20010000
30100000
01020000
00130000
,
00012000
00003010
00011000
00001001
,
00000110
00000010
00000001
00001000
00000001
00000100
00001000
00010000
,
00100000
00100000
00100000
00010000
00000010
00000010
00000010
00001000
,
00000001
00000010
00001000
00010000
00100000
00010000
00001000
00000100
,
00000001
00001000
00000000
00000000
00000100
00010000
00000000
00000000
00001000
00100000
00000000
00000000
00010000
10000000
00000000
00000000
,
01100000
00100000
01000000
00001000
00010000
00100000
00010000
00001000
,
00000010
00000010
00000010
00000001
00000100
00000100
00000100
00000010
,
00010000
00001000
00000100
00001000
00010000
00001000
00000010
00001000
,
00010000
00001000
00000000
00000000
00001000
00100000
00000000
00000000
00100000
01000000
00000000
00000000
00000000
00000000
00000000
00000000
,
01100000
00100000
10000000
00010000
10000000
01000000
00010000
00001000
,
00000010
00000010
00000010
00001000
00100000
00100000
00100000
00010000
,
10000000
00100000
00010000
00001000
00000010
00001000
00010000
01000000
,
10000000
00010000
00000000
00000000
01000000
00001000
00000000
00000000
00010000
00000010
00000000
00000000
00001000
00000001
00000000
00000000
,
00000110
00000010
00000100
00010000
00001000
00000010
00001000
00010000
,
00100000
00100000
00100000
10000000
01000000
01000000
01000000
00100000
,
00001000
00010000
01000000
00010000
00001000
00010000
00100000
00010000
,
00001000
00000010
00001000
00010000
01000000
00010000
00001000
00000100
,
00000001
00000000
00000000
00000000
,
00000000
00000000
00000000
00000000
;
