#TITLE:おどるポンポコリン;
#SUBTITLE:;
#ARTIST:CAPTAIN JACK;
#TITLETRANSLIT:ODORU PONPOKOLIN;
#SUBTITLETRANSLIT:;
#ARTISTTRANSLIT:;
#CREDIT:;
#BANNER:ODORU PONPOKOLIN.png;
#BACKGROUND:ODORU PONPOKOLIN-bg.png;
#LYRICSPATH:;
#CDTITLE:./CDTITLES/DANCEMANIA J-PARADISE.PNG;
#MUSIC:ODORU PONPOKOLIN.ogg;
#OFFSET:0.000;
#SAMPLESTART:69.278;
#SAMPLELENGTH:15.000;
#SELECTABLE:YES;
#DISPLAYBPM:142.000;
#BPMS:0.000=142.000,4.000=142.023;
#STOPS:;
#BGCHANGES:;

//---------------dance-single - ----------------
#NOTES:
     dance-single:
     :
     Easy:
     1:
     0.096,0.114,0.000,0.000,0.000:
0000
0000
0000
0000
,
0000
0000
0000
0000
,
0000
0000
0000
0000
,
1000
0000
0000
0000
,
1000
0000
0000
0000
,
0001
0000
0000
0000
,
0001
0000
0000
0000
,
0010
0000
0010
0000
,
0010
0000
0010
0000
,
0001
0000
0000
0000
,
1000
0000
0000
0000
,
0100
0000
0000
0000
,
0010
0000
0000
0000
,
0001
0000
0000
0000
,
1000
0000
0000
0000
,
0100
0000
0000
0000
,
0010
0000
0000
0000
,
0001
0000
0000
0000
,
0001
0000
0000
0000
,
1000
0000
0000
0000
,
1000
0000
0000
0000
,
0100
0000
0000
0000
,
0010
0000
0000
0000
,
0001
0000
0000
0000
,
1000
0000
0000
0000
,
0001
0000
0000
0000
,
1000
0000
1000
0000
,
0001
0000
0000
0000
,
1000
0000
1000
0000
,
0001
0000
0000
0000
,
1000
0000
0000
0000
,
0001
0000
0000
0000
,
1000
0000
1000
0000
,
0010
0000
0000
0000
,
0100
0000
0100
0000
,
0010
0000
0000
0000
,
0100
0000
0100
0000
,
0010
0000
0000
0000
,
0100
0000
0000
0000
,
0010
0000
0000
0000
,
0010
0000
0000
0000
,
1000
0000
0000
0000
,
0001
0000
0001
0000
,
1000
0000
0000
0000
,
0001
0000
0001
0000
,
1000
0000
0000
0000
,
0001
0000
0000
0000
,
1000
0000
0000
0000
,
0001
0000
0001
0000
,
0010
0000
0000
0000
,
0100
0000
0100
0000
,
0010
0000
0000
0000
,
0100
0000
0100
0000
,
0010
0000
0000
0000
,
0001
0000
0000
0000
,
1000
0000
0000
0000
,
0100
0000
0000
0000
,
0000
0000
0000
0000
;

//---------------dance-single - ----------------
#NOTES:
     dance-single:
     :
     Medium:
     4:
     0.316,0.314,0.276,0.000,0.000:
0000
0000
0000
0000
,
0000
0000
0000
0000
,
0000
0000
0000
0000
,
1000
0100
0001
0100
,
0010
0100
0010
0100
,
0001
1000
0100
0000
,
0010
0001
0100
0010
,
1000
0100
0001
0010
,
1000
0100
0010
1001
,
0001
1000
0100
0001
,
1000
0010
0100
0000
,
0001
0001
1000
1000
,
0010
0100
0010
0000
,
1000
0100
0010
0001
,
1000
0010
0100
0000
,
0001
0001
1000
1000
,
0100
0010
0100
0000
,
1000
0001
0110
0000
,
0001
1000
0010
0100
,
0001
1000
0110
0000
,
1000
0100
0010
0001
,
1000
1000
0100
0100
,
0010
0010
0001
0001
,
1000
0010
0100
0001
,
0010
0000
0000
0000
,
0100
1001
0010
1001
,
0010
0100
0001
1000
,
0010
1001
0100
1001
,
0010
0100
1000
0001
,
0100
0010
1001
0000
,
0100
0100
0010
0010
,
1001
0000
0000
0000
,
0001
1000
0001
1000
,
0100
1001
0010
1001
,
0010
0100
0001
1000
,
0010
1001
0100
1001
,
0010
0100
1000
0001
,
0100
0010
1001
0000
,
0100
0100
0010
0010
,
1001
0000
0000
0000
,
0100
0000
0000
0000
,
0010
1001
0100
1001
,
0010
0001
1000
0100
,
0010
1001
0100
1001
,
0010
1000
0001
0100
,
0010
1001
0100
0000
,
1000
0100
0001
0100
,
1001
0100
0010
0001
,
1000
1000
0100
0010
,
0001
1001
1000
1001
,
0010
0100
1000
0010
,
1001
0100
0010
1001
,
0100
0100
0010
0010
,
1001
0100
0010
0000
,
1000
0100
0010
0001
,
1000
0001
0100
0010
,
1001
0000
0000
0000
,
0000
0000
0000
0000
;

//---------------dance-single - ----------------
#NOTES:
     dance-single:
     :
     Hard:
     7:
     0.404,0.429,0.031,0.000,0.000:
0000
0000
0000
0000
,
0000
0000
0000
0000
,
0000
0000
0000
0000
,
1000
0100
0001
0100
1000
0100
0001
0100
,
1000
0010
0000
0010
0100
0001
0010
0000
,
0100
1000
0010
0100
0001
0000
0000
1000
,
0000
1000
0100
0010
0001
0000
1000
0000
,
0010
0100
1000
0001
0100
0010
0001
1000
,
0010
0100
1000
0001
0100
0000
0010
0000
,
1000
0000
0100
0010
0001
0000
0100
0010
,
1000
0001
0000
0001
0000
1000
0001
1000
,
0010
0000
0100
0001
0010
0000
0100
1000
,
0001
0100
0000
0100
0000
0010
1000
0100
,
0010
0000
0001
1000
0100
0000
1000
0001
,
0010
0100
0000
0100
0000
1000
0001
0100
,
0010
1000
0010
1000
0001
0100
0001
0100
,
0010
1000
0000
0101
0000
0010
0010
0000
,
0000
1000
0100
1000
0100
0000
0000
0000
,
0001
0001
0001
0100
0000
0010
0000
1000
,
0000
0100
0010
0001
1000
0000
0000
0000
,
0100
0100
0100
0010
0000
0001
0000
1000
,
1000
0000
0001
0000
0100
0010
0000
1000
,
0000
0000
0100
0000
0010
0001
0000
1100
,
0000
0000
0000
0000
,
0000
0001
0000
0001
0010
1000
0100
0001
,
1000
0000
0100
0010
0001
0000
1000
0010
,
0000
0100
0000
0100
1000
0001
1000
0000
,
0010
0000
0001
1000
0100
0000
0001
1000
,
0000
0100
0000
0100
0001
1000
0001
0000
,
0100
0000
1000
0001
1000
0000
0000
0000
,
0000
0010
0000
0010
0100
0010
0001
1000
,
0010
0000
0000
0000
,
0000
0100
0000
0100
1000
0001
0100
0010
,
1000
0000
0100
0010
0001
0000
0100
0010
,
0000
1000
0000
1000
0001
0100
0010
0000
,
1000
0000
0001
0100
1000
0000
0001
0100
,
0000
0010
0100
0010
1000
0001
0100
0000
,
0010
0000
1000
0001
0100
0000
0000
0010
,
0000
0010
1000
0100
0010
0000
0001
1000
,
0000
0000
0100
0000
,
0010
0000
0000
0000
,
0001
0000
1000
0100
0001
0000
0010
0100
,
0000
0001
0000
0001
1000
0100
0010
0000
,
0001
0000
1000
0100
0001
0000
0010
0100
,
0000
0001
0000
0001
1000
0100
0010
0000
,
0001
0000
1000
0100
0010
0000
0000
0000
,
0000
0001
0000
0001
0100
0010
1000
0100
,
0010
0000
0000
0000
,
0000
0001
0000
0001
0010
1000
0100
0010
,
1000
0000
0001
0010
0100
0000
0001
1000
,
0000
0100
0000
0100
0010
1000
0001
0000
,
0010
0000
1000
0100
0001
0000
0010
0100
,
0000
0001
1000
0001
0010
0100
1000
0000
,
0001
0000
1000
0010
0100
0000
0000
0001
,
0000
0001
1000
0100
0010
0000
0001
0100
,
0010
0000
1000
0000
,
1001
0000
0000
0000
,
0000
0000
0000
0000
;

//---------------dance-double - ----------------
#NOTES:
     dance-double:
     :
     Easy:
     1:
     0.098,0.114,0.000,0.000,0.000:
00000000
00000000
00000000
00000000
,
00000000
00000000
00000000
00000000
,
00000000
00000000
00000000
00000000
,
00010000
00000000
00000000
00000000
,
00001000
00000000
00000000
00000000
,
00010000
00000000
00000000
00000000
,
00001000
00000000
00000000
00000000
,
00100000
00000000
00100000
00000000
,
00100000
00000000
00100000
00000000
,
00010000
00000000
00000000
00000000
,
10000000
00000000
00000000
00000000
,
01000000
00000000
00000000
00000000
,
00100000
00000000
00000000
00000000
,
00010000
00000000
00000000
00000000
,
00100000
00000000
00000000
00000000
,
00001000
00000000
00000000
00000000
,
00010000
00000000
00000000
00000000
,
00000100
00000000
00000000
00000000
,
00000010
00000000
00000000
00000000
,
00000001
00000000
00000000
00000000
,
00001000
00000000
00000000
00000000
,
00000100
00000000
00000000
00000000
,
00010000
00000000
00000000
00000000
,
00001000
00000000
00000000
00000000
,
00010000
00000000
00001000
00000000
,
00100000
00000000
00000000
00000000
,
00010000
00000000
00010000
00000000
,
01000000
00000000
00000000
00000000
,
00001000
00000000
00001000
00000000
,
00010000
00000000
00000000
00000000
,
00000010
00000000
00000000
00000000
,
00000100
00000000
00000000
00000000
,
00000001
00000000
00000001
00000000
,
00001000
00000000
00000000
00000000
,
00000100
00000000
00000100
00000000
,
00010000
00000000
00000000
00000000
,
00001000
00000000
00001000
00000000
,
00100000
00000000
00000000
00000000
,
01000000
00000000
00000000
00000000
,
10000000
00000000
00000000
00000000
,
00010000
00000000
00000000
00000000
,
01000000
00000000
00000000
00000000
,
00001000
00000000
00001000
00000000
,
00010000
00000000
00000000
00000000
,
00000010
00000000
00000010
00000000
,
00001000
00000000
00000000
00000000
,
00000001
00000000
00000000
00000000
,
00001000
00000000
00000000
00000000
,
00000010
00000000
00000010
00000000
,
00010000
00000000
00000000
00000000
,
00001000
00000000
00001000
00000000
,
00100000
00000000
00000000
00000000
,
00010000
00000000
00010000
00000000
,
01000000
00000000
00000000
00000000
,
00001000
00000000
00000000
00000000
,
00010000
00000000
00000000
00000000
,
00000010
00000000
00000000
00000000
,
00000000
00000000
00000000
00000000
;

//---------------dance-double - ----------------
#NOTES:
     dance-double:
     :
     Medium:
     4:
     0.310,0.286,0.153,0.000,0.000:
00000000
00000000
00000000
00000000
,
00000000
00000000
00000000
00000000
,
00000000
00000000
00000000
00000000
,
10000000
01000000
00100000
00010000
,
00010000
01000000
00001000
00010000
,
00000100
00000010
00000001
00000000
,
00001000
00001000
00000100
00000100
,
00010000
00001000
00100000
01000000
,
00010000
00001000
00000010
00000010
,
00000001
00000100
00001000
00000100
,
00010000
00001000
00100000
00000000
,
00010000
00010000
10000000
10000000
,
01000000
00100000
00010000
00000000
,
01000000
00001000
00010000
00000010
,
00001000
00000001
00000010
00000000
,
00000100
00000100
00010000
00010000
,
00001000
00010000
00000010
00000000
,
00000100
00000001
00001000
00001000
,
00000100
00010000
00001000
00011000
,
00100000
01000000
10000000
10000000
,
00010000
01000000
00001000
00011000
,
00000010
00000010
00000100
00000100
,
00000001
00000010
00000100
00001000
,
00000010
00010000
00001000
01000000
,
10010000
00000000
01000000
01000000
,
00100000
00001000
00000010
00001000
,
00010000
00010000
00001000
00011000
,
00100000
00001000
00000010
00001000
,
00010000
00001000
00010000
00011000
,
00000100
00000010
00001001
00000000
,
00000100
00010000
00001000
00100000
,
01000000
01000000
10000000
10000000
,
00100000
00010000
00001000
00000010
,
00001000
00010000
00100000
00010000
,
00001000
00001000
00010000
00011000
,
00010000
00001000
00000010
00001000
,
00010000
00001000
00010000
00011000
,
00100000
01000000
10010000
00000000
,
01000000
01000000
00100000
10000000
,
00010000
00000000
00100000
00000000
,
00001000
00000000
00000000
00000000
,
00000010
00001000
00010000
00100000
,
00010000
00010000
00001000
00011000
,
00000010
00001000
00010000
00100000
,
00010000
00001000
00010000
00011000
,
00000010
00000100
00001001
00000000
,
00000010
00000100
00001000
00000010
,
00010000
00010000
00001000
00001000
,
00100000
10000000
01000000
00010000
,
00001000
00000010
00001000
00010000
,
00100000
00100000
00010000
00011000
,
00000010
00001000
00010000
00100000
,
10000000
10000000
01000000
10010000
,
00100000
00001000
00010000
00000000
,
00000010
00000010
00000100
00000100
,
00000001
00001000
00000100
00010000
,
00011000
00000000
00000000
00000000
,
00000000
00000000
00000000
00000000
;

//---------------dance-double - ----------------
#NOTES:
     dance-double:
     :
     Hard:
     7:
     0.499,0.486,0.010,0.000,0.000:
00000000
00000000
00000000
00000000
,
00000000
00000000
00000000
00000000
,
00000000
00000000
00000000
00000000
,
10000000
01000000
00100000
00010000
10000000
01000000
00100000
00010000
,
00000000
01000000
00000000
01000000
00001000
00010000
00000010
00000000
,
00001000
00000001
00000010
00000100
00001000
00000000
00000010
00000000
,
00010000
00001000
01000000
00001000
00010000
00000000
00000010
00000000
,
00001000
00000100
00000001
00000010
00001000
00000100
00000001
00000010
,
00001000
00000100
00000001
00000010
00010000
00000000
00001000
00000000
,
00100000
00010000
01000000
00100000
10000000
01000000
00100000
00000000
,
00001000
00010000
00000100
00010000
00001000
00010000
00000100
00000000
,
00000010
00000001
00000100
00000010
00001000
00000100
00000010
00000001
,
00001000
00000010
00000000
00000010
00000000
00000100
00000100
00000000
,
00000010
00001000
00000100
00000010
00000001
00000100
00000010
00000000
,
00010000
00001000
01000000
00001000
00010000
00001000
01000000
00000000
,
00100000
10000000
01000000
00100000
00010000
01000000
00100000
10000000
,
00010000
00100000
00000000
00100000
00000000
01000000
10000000
01000000
,
10000000
00000000
10000000
00010000
01000000
00100000
01000000
00000000
,
00001000
00000000
00001000
00010000
00000010
00001000
00000100
00000000
,
00000010
00000000
00000010
00000001
00000100
00000010
00001000
00000000
,
00000100
00000000
00000100
00010000
00001000
00100000
00010000
00000000
,
10000000
10000000
00100000
00100000
01000000
01000000
00010000
00010000
,
00100000
00100000
00001000
00001000
00010000
00010000
00000100
00000100
,
00000010
00000001
00000100
00000010
00001000
00000100
00010000
00001000
,
00100000
00000000
00010000
00000000
10000000
01000000
10000000
00000000
,
00010000
00010000
01000000
01000000
00001000
00001000
01000000
01000000
,
00000000
00100000
10000000
01000000
00010000
00001000
00100000
00000000
,
00010000
00010000
01000000
01000000
00001000
00001000
00010000
00010000
,
00000000
00000010
00001000
00000001
00000010
00000100
00001000
00000000
,
00000010
00000010
00000100
00000100
00000001
00000000
00001000
00000000
,
00000100
00010000
00001000
00000000
00100000
00001000
00010000
00000000
,
00000010
00010000
00001000
00000000
01000000
00001000
00010000
00000000
,
00000010
00001000
00000100
00000010
00000001
00000100
00000010
00000100
,
00000001
00000001
00001000
00001000
00000100
00000100
00010000
00010000
,
00000000
00001000
00100000
00010000
01000000
00001000
00010000
00000000
,
00000010
00000010
00001000
00001000
00000001
00000001
00000100
00000100
,
00000000
00000010
00001000
00000100
00000010
00001000
00010000
00000000
,
00100000
00100000
10000000
10000000
00010000
00000000
00100000
00000000
,
00001000
00010000
00000100
00000000
00010000
00001000
00100000
00000000
,
00001000
00010000
00000010
00000000
00010000
00001000
01000000
00000000
,
00100000
00000000
00000000
00000000
,
10000000
10000000
01000000
01000000
00100000
00100000
00010000
00010000
,
00000000
10000000
01000000
00100000
00010000
01000000
00010000
00000000
,
00100000
00100000
00001000
00001000
00010000
00010000
00000100
00000100
,
00000000
00001000
00000001
00000100
00000010
00001000
00000001
00000000
,
00000010
00000010
00000100
00000100
00001000
00000000
00000010
00000000
,
00010000
00001000
01000000
00000000
00001000
00010000
00000010
00000000
,
00010000
00001000
00100000
00000000
00001000
00010000
00000100
00000000
,
00000010
00000001
00001000
00000100
00010000
00001000
00100000
00000000
,
00010000
00000000
10000000
00000000
01000000
00100000
01000000
00000000
,
10000000
00000000
00010000
01000000
00001000
00010000
00000010
00000000
,
00001000
00000000
00000001
00000000
00000010
00000100
00000010
00000000
,
00000001
00000000
00001000
00000100
00010000
00001000
00100000
00000000
,
00010000
00000000
10000000
00000000
00100000
01000000
00010000
00000000
,
00100000
00001000
00010000
00000000
00000100
00010000
00001000
00000000
,
01000000
00001000
00010000
00000000
00000010
00010000
00001000
00000000
,
00011000
00000000
00000000
00000000
,
00000000
00000000
00000000
00000000
;
