#TITLE:ちょっときいてな;
#SUBTITLE:(ZANSHIN-NA MIX);
#ARTIST:Laugh & Peace;
#TITLETRANSLIT:CHOTTO KIITENA;
#SUBTITLETRANSLIT:;
#ARTISTTRANSLIT:;
#CREDIT:;
#BANNER:CHOTTO KIITENA (ZANSHIN-NA MIX).png;
#BACKGROUND:CHOTTO KIITENA (ZANSHIN-NA MIX)-bg.png;
#LYRICSPATH:;
#CDTITLE:./CDTITLES/DANCE DANCE REVOLUTION CLUB VERSION.PNG;
#MUSIC:CHOTTO KIITENA (ZANSHIN-NA MIX).mp3;
#OFFSET:-0.081;
#SAMPLESTART:17.620;
#SAMPLELENGTH:12.000;
#SELECTABLE:YES;
#DISPLAYBPM:164.000;
#BPMS:0.000=164.000;
#STOPS:;
#BGCHANGES:;

//---------------dance-single - ----------------
#NOTES:
     dance-single:
     :
     Easy:
     3:
     0.267,0.293,0.000,0.000,0.000:
0000
0000
0000
0000
,
0000
0000
0000
0000
,
0000
0000
0000
0000
,
0000
0000
0000
0000
,
1000
0000
0001
0000
,
1000
0000
0001
0000
,
0010
0000
0010
0010
,
1000
0001
0000
0001
,
1000
1000
1000
1000
,
0001
0001
1000
1000
,
0001
0001
0001
0001
,
1000
1000
0001
0001
,
1000
0000
0001
0000
,
0010
0100
0010
0000
,
0001
0000
1000
0000
,
0010
0100
0010
0000
,
1000
0000
0001
0000
,
0010
0100
0010
0000
,
0001
0000
1000
0000
,
0010
0100
0010
0000
,
1000
0000
0010
0000
,
0001
1000
0010
0000
,
0001
0000
0100
0000
,
1000
0001
1000
0000
,
1000
0000
1000
0000
,
0001
0010
0001
0000
,
0001
0000
0001
0000
,
1000
0010
1000
0000
,
1000
0000
1000
0000
,
0001
0010
0001
0000
,
0001
0000
0001
0000
,
0001
0100
0001
0000
,
1000
0000
1000
0000
,
0001
0001
0001
0000
,
0001
0000
0001
0000
,
1000
0100
1000
0000
,
1000
0000
1000
0000
,
0001
0001
0001
0000
,
0001
0000
0001
0000
,
0001
0010
0001
0000
,
1000
0001
1000
0001
,
1000
0010
0100
0000
,
0001
1000
0001
1000
,
0100
0010
0100
0000
,
1000
0001
1000
0001
,
1000
0010
0100
0000
,
0001
1000
0001
1000
,
0010
0100
0010
0000
,
0010
1000
0010
0001
,
0010
0100
0010
0000
,
0100
0001
0100
1000
,
0001
1000
0001
0000
,
0010
1000
0010
0001
,
0010
0100
0010
0000
,
0100
0001
0100
1000
,
1000
0001
1000
0000
,
1000
0010
0100
0001
,
0010
0100
1000
0001
,
0001
0100
0010
1000
,
1000
0100
0010
0001
,
1000
1000
0001
0001
,
0001
0010
0100
1000
,
0100
1000
0001
1000
,
0100
0100
0000
0000
;

//---------------dance-single - ----------------
#NOTES:
     dance-single:
     :
     Medium:
     4:
     0.372,0.390,0.072,0.000,0.000:
0000
0000
0000
0000
,
0000
0000
0000
0000
,
0000
0000
0000
0000
,
0000
0000
0000
0000
,
1000
0000
1000
0001
0000
1000
0001
1000
,
0001
0000
1000
0001
0000
0000
0000
0000
,
0010
0000
0000
0000
0010
0100
0010
0000
,
1000
0000
0001
0000
0000
1000
0001
0000
,
1000
1000
1000
1000
,
0001
0001
1000
1000
,
0001
0001
0001
0001
,
1000
0000
1000
0000
0001
1000
0001
0000
,
1000
1000
0001
0001
,
0010
0100
0010
0000
,
0001
0001
1000
1000
,
0010
0100
0010
0000
,
1000
1000
0001
0001
,
0010
0100
0010
0000
,
0001
0001
1000
1000
,
0010
0100
0010
0000
,
1000
0001
0010
0100
,
0001
1000
0010
0000
,
0001
1000
0100
0010
,
1000
0001
1000
0001
1000
0000
0000
0000
,
1000
0100
1000
0100
,
0001
0010
0001
0000
,
0001
0010
0001
0010
,
1000
0010
1000
0010
1000
0000
0000
0000
,
1000
0100
1000
0100
,
0001
0010
0001
0000
,
0001
0010
0001
0010
,
0001
0100
0001
0100
0001
0000
0000
0000
,
1000
0001
1000
1000
,
0001
0001
0001
0000
,
0001
1000
0001
0001
,
1000
0100
1000
0100
1000
0000
0000
0000
,
1000
0001
1000
1000
,
0001
0001
0001
0000
,
0001
1000
0001
0001
,
0001
0010
0001
0010
0001
0000
0000
0000
,
1000
0001
1000
0001
1000
0000
0001
0000
,
1000
0010
0100
0000
,
0001
1000
0001
1000
0001
0000
1000
0000
,
0100
0010
0100
0010
0100
0000
0000
0000
,
1000
0001
1000
0001
1000
0000
0001
0000
,
1000
0010
0100
0000
,
0001
1000
0001
1000
0001
0000
1000
0000
,
0010
0100
0010
0100
0010
0000
0000
0000
,
0010
1000
0010
0001
,
0010
0100
0010
0000
,
0100
0001
0100
1000
,
0001
1000
0001
1000
0001
0000
0000
0000
,
0010
1000
0010
0001
,
0010
0100
0010
0000
,
0100
0001
0100
1000
,
1000
0001
1000
0001
1000
0000
0000
0000
,
1000
0010
0100
0001
,
0010
0100
1000
0001
,
0001
0100
0010
1000
,
1100
0110
0101
0100
,
1000
1000
0001
0001
,
0100
0010
0100
1010
,
0101
0000
1000
0001
1000
0001
1000
0000
,
0101
1100
0000
0000
;

//---------------dance-single - ----------------
#NOTES:
     dance-single:
     :
     Hard:
     7:
     0.472,0.484,0.000,0.000,0.000:  // measure 1
0000
0000
0000
0000
,  // measure 2
0000
0000
0000
0000
,  // measure 3
0000
0000
0000
0000
,  // measure 4
0000
0000
0000
0000
,  // measure 5
0010
0000
1000
0001
0000
1000
0001
0000
,  // measure 6
0100
0000
1000
0001
0000
0001
1000
0000
,  // measure 7
0010
0000
0001
1000
0000
0001
1000
0000
,  // measure 8
0100
0000
0001
1000
0000
1000
0001
0000
,  // measure 9
1000
1000
1000
1000
,  // measure 10
1000
0000
1000
0000
1000
0001
1000
0000
,  // measure 11
0001
0001
0001
0001
,  // measure 12
0001
0000
0001
0000
0001
0001
0001
0000
,  // measure 13
1000
1000
0001
0001
,  // measure 14
0010
0100
0010
0000
,  // measure 15
0001
0001
1000
1000
,  // measure 16
0010
0100
0010
0000
,  // measure 17
1000
1000
0001
0001
,  // measure 18
0010
0100
0010
0000
,  // measure 19
0001
0001
1000
1000
,  // measure 20
0010
0000
0100
0000
0010
0001
1000
0001
,  // measure 21
0010
0100
0010
0100
1000
0001
0100
0010
,  // measure 22
0100
0000
0000
0000
0001
0000
1000
0001
,  // measure 23
0010
0100
1000
0001
0100
0010
0100
0000
,  // measure 24
0000
0001
0000
1000
0001
0000
0010
0100
,  // measure 25
0010
1000
0001
0000
1000
0000
0100
0001
,  // measure 26
0000
1000
0001
1000
0000
0100
0000
0000
,  // measure 27
0010
0100
0010
0100
0000
1000
0001
0000
,  // measure 28
1000
0001
1000
0001
0010
0000
0100
0100
,  // measure 29
1000
0001
1000
0001
1000
0001
1000
0000
,  // measure 30
1000
0000
0001
0000
1000
0000
0100
1000
,  // measure 31
0000
0001
0000
0100
0010
1000
0001
0100
,  // measure 32
0010
0000
1000
0000
0000
1000
0001
0100
,  // measure 33
0010
1000
0001
0000
0001
0000
1000
0000
,  // measure 34
0001
0000
0100
0010
0000
0100
0000
0001
,  // measure 35
1000
0100
0010
0000
0001
0000
1000
0000
,  // measure 36
0001
1000
0000
0001
1000
0001
0000
0000
,  // measure 37
0000
0010
0000
1000
0001
0100
0000
0001
,  // measure 38
1000
0100
0010
0001
0100
0010
0100
0001
,  // measure 39
1000
0001
1000
0010
1000
0100
0001
0000
,  // measure 40
1000
0001
1000
0000
0100
0000
0100
0000
,  // measure 41
0100
0000
0100
0010
0000
0100
1000
0100
,  // measure 42
0000
0010
0001
1000
0001
0000
1000
0010
,  // measure 43
1000
0000
0000
0001
0010
0100
1000
0010
,  // measure 44
1000
0100
0100
0000
,  // measure 45
0001
0000
1000
0001
1000
0000
1000
0000
,  // measure 46
0100
0010
0000
0100
1000
0001
0100
0010
,  // measure 47
0000
1000
0001
1000
0001
1000
0001
0000
,  // measure 48
0100
0000
1000
0001
1000
0001
1000
0000
,  // measure 49
0010
1000
0010
1000
0010
1000
0000
0100
,  // measure 50
0001
0100
0001
0100
0001
0000
1000
1000
,  // measure 51
0000
0010
0100
0001
1000
0010
0000
0100
,  // measure 52
0000
0000
0000
0000
0010
0100
0001
1000
,  // measure 53
0010
0000
1000
0001
0000
1000
0001
0000
,  // measure 54
0010
0000
0010
0000
0010
0000
1000
0010
,  // measure 55
0100
0001
1000
0010
0100
0001
1000
0001
,  // measure 56
1000
0001
1000
0000
0001
0100
0001
0100
,  // measure 57
0000
1000
0100
1000
0100
0010
0100
0010
,  // measure 58
0100
0100
0000
0100
0000
0000
1000
0001
,  // measure 59
1000
0000
0001
1000
0001
0000
1000
0001
,  // measure 60
1000
0000
0001
1000
0001
1000
0001
1000
,  // measure 61
0000
0000
0010
0100
0010
0100
0010
0000
,  // measure 62
1000
0001
0000
0010
1000
0100
0001
0000
,  // measure 63
1000
0001
1000
0001
0001
0001
1000
0000
;

//---------------dance-double - ----------------
#NOTES:
     dance-double:
     :
     Easy:
     5:
     0.367,0.390,0.051,0.000,0.000:
00000000
00000000
00000000
00000000
,
00000000
00000000
00000000
00000000
,
00000000
00000000
00000000
00000000
,
00000000
00000000
00000000
00000000
,
10000000
01000000
00010000
00001000
,
00000010
00000001
00000100
00000000
,
00001000
00000000
00010000
00000000
00001000
00100000
00100000
00000000
,
00001000
00000000
00010000
00000000
00000000
00001000
00010000
00000000
,
00001000
00001000
00001000
00001000
,
00010000
00010000
00001000
00001000
,
00010000
00010000
00010000
00010000
,
00001000
00000000
00000010
00000000
00000001
00001000
00000001
00000000
,
00000100
00001000
00010000
00100000
,
10000000
01000000
10000000
00000000
,
01000000
00010000
00001000
00000010
,
00000001
00000100
00000001
00000000
,
00000100
00001000
00010000
00100000
,
10000000
01000000
10000000
00000000
,
01000000
00010000
00001000
00000010
,
00000001
00000100
00000001
00000000
,
00000100
00000010
00001000
00000001
,
00001000
00000100
00001000
00000000
,
00000010
00010000
00001000
01000000
,
00100000
00100000
10000000
00010000
00010000
00000000
00000000
00000000
,
01000000
00001000
00010000
00000100
,
00000010
00000100
00000010
00000000
,
00000001
00000100
00010000
01000000
,
00010000
00010000
10000000
01000000
01000000
00000000
00000000
00000000
,
00010000
00000100
00001000
00000010
,
00000100
00000001
00001000
00000000
,
00000100
00010000
00001000
00100000
,
00010000
00010000
10000000
01000000
01000000
00000000
00000000
00000000
,
00100000
00001000
00000010
00000100
,
00001000
00000001
00000100
00000000
,
00000010
00010000
00100000
01000000
,
00100000
00100000
10000000
01000000
01000000
00000000
00000000
00000000
,
10000000
01000000
00010000
00001000
,
00000010
00000001
00000100
00000000
,
00000010
00000100
00000001
00000100
,
00001000
00001000
00010000
00001000
00001000
00000000
00000000
00000000
,
01000000
01000000
00010000
10000000
10000000
00000000
00010000
00000000
,
00001000
00000001
00000100
00000000
,
00000001
00000001
00000010
00001000
00001000
00000000
00000100
00000000
,
00010000
00010000
00001000
01000000
01000000
00000000
00000000
00000000
,
00100000
00100000
01000000
00100000
00100000
00000000
01000000
00000000
,
00100000
01000000
00010000
00000000
,
00000010
00000010
00000100
00000010
00000010
00000000
00000100
00000000
,
00000010
00000010
00000100
00001000
00001000
00000000
00000000
00000000
,
00100000
10000000
01000000
00100000
,
00010000
01000000
00010000
00000000
,
00000010
00000001
00000100
00000010
,
00001000
00001000
00000001
00000100
00000100
00000000
00000000
00000000
,
00001000
00010000
00100000
10000000
,
01000000
00100000
00010000
00000000
,
00000010
00000001
00000100
00000010
,
00001000
00001000
00000100
00010000
00010000
00000000
00000000
00000000
,
00001000
00010000
00001000
01000000
,
00001000
00010000
00000100
00010000
,
00001000
01000000
00001000
00010000
,
00001000
00110000
00001000
00001010
,
00010000
00010000
00001000
00001000
,
00010000
00001000
00010000
00110000
,
00001000
00000000
00010000
00001000
00010000
00001000
00010000
00000000
,
00001010
00000101
00000000
00000000
;

//---------------dance-double - ----------------
#NOTES:
     dance-double:
     :
     Medium:
     6:
     0.470,0.484,0.000,0.000,0.000:
00000000
00000000
00000000
00000000
,
00000000
00000000
00000000
00000000
,
00000000
00000000
00000000
00000000
,
00000000
00000000
00000000
00000000
,
10000000
00000000
00010000
00010000
00000000
00001000
00000001
00000000
,
00001000
00000000
00010000
00010000
00000000
10000000
00010000
00000000
,
00010000
00000000
10000000
10000000
00000000
00010000
00001000
00000000
,
00000001
00001000
00000000
00000000
00000000
00000100
00010000
00000000
,
00001000
00001000
00001000
00001000
,
00010000
00000000
00010000
00000000
00001000
00010000
00001000
00000000
,
00010000
00010000
00010000
00010000
,
00001000
00000000
00000010
00000000
00000001
00000001
00000001
00000000
,
00000100
00001000
00010000
00100000
,
10000000
01000000
10000000
00000000
,
01000000
00010000
00001000
00000010
,
00000001
00000100
00000001
00000000
,
00000100
00001000
00010000
00100000
,
10000000
01000000
10000000
00000000
,
01000000
00010000
00001000
00000010
,
00000001
00000000
00000100
00000000
00000001
00000100
00000100
00000100
,
00000010
00000100
00000010
00000100
00000001
00001000
00000100
00000010
,
00000100
00000000
00000000
00000000
00010000
00000000
00001000
00100000
,
00010000
01000000
00001000
00010000
00000100
00001000
00000100
00000000
,
00000000
00010000
00000000
00001000
01000000
00000000
00100000
01000000
,
00100000
10000000
00010000
00000000
00100000
00000000
00001000
00000010
,
00000000
00000001
00000100
00000001
00000000
00000100
00000000
00000000
,
00001000
00010000
00001000
00100000
00000000
00010000
10000000
00000000
,
00100000
01000000
10000000
00010000
01000000
00000000
00010000
00100000
,
00001000
00010000
00001000
00010000
00001000
00010000
00001000
00000000
,
00010000
00000000
00000010
00000000
00000100
00000000
00000001
00000100
,
00000000
00000010
00000000
00001000
00000001
00000100
00000010
00001000
,
00000100
00000000
00010000
00000000
00000000
00001000
00100000
01000000
,
00100000
00010000
10000000
00000000
00010000
00000000
00000010
00000000
,
00001000
00000000
00100000
00010000
00000000
01000000
00000000
00010000
,
10000000
01000000
00100000
00000000
00010000
00000000
01000000
00000000
,
00001000
00010000
00000000
00001000
00010000
00001000
00000000
00000000
,
00000000
00010000
00000000
00000010
00001000
00000001
00000000
00001000
,
00000100
00000010
00000001
00000010
00000100
00001000
00000100
00000010
,
00000001
00000010
00000100
00001000
00000100
00010000
00001000
00000000
,
00100000
00010000
10000000
00000000
01000000
00000000
01000000
00000000
,
01000000
00000000
01000000
00100000
00000000
00010000
10000000
00010000
,
00000000
00100000
01000000
00100000
01000000
00000000
10000000
00010000
,
10000000
00000000
00000000
00010000
00100000
01000000
10000000
01000000
,
00100000
00001000
00010000
00000000
,
00000010
00000000
00000100
00000001
00000100
00000000
00000001
00000000
,
00001000
00000100
00000000
00000010
00000001
00000100
00000010
00001000
,
00000000
00000001
00000100
00000001
00000100
00000001
00000100
00000000
,
00000010
00000000
00010000
00001000
00010000
00001000
00010000
00000000
,
00000010
00001000
00000010
00001000
00000010
00001000
00000000
00000100
,
00010000
00000100
00010000
00000100
00010000
00000000
00001000
01000000
,
00000000
00100000
10000000
00100000
10000000
00100000
00000000
01000000
,
00000000
00000000
00000000
00000000
00100000
10000000
00010000
10000000
,
00010000
00000000
01000000
00001000
00000000
00010000
00000100
00000000
,
00000010
00000000
00000010
00000000
00000010
00000000
00000001
00000100
,
00000010
00001000
00000010
00000100
00000001
00000010
00000100
00001000
,
00000010
00000100
00000001
00000000
00001000
00000100
00001000
00000100
,
00000000
00010000
00010000
00010000
00010000
00001000
00001000
00001000
,
00010000
00001000
00000000
00010000
00000000
00000000
00001000
00100000
,
00001000
00000000
00010000
00000010
00010000
00000000
00001000
01000000
,
00001000
00000000
00010000
00001000
00010000
00001000
00010000
00000100
,
00000000
00000000
00001000
00000100
00001000
00000100
00001000
00000000
,
00000010
00010000
00000000
00001000
00100000
00001000
00100000
00000000
,
00001000
00001000
00001000
00001000
00001000
00001000
00001000
00000000
;
