#TITLE:ちょっときいてな (ZANSHIN-NA MIX);
#SUBTITLE:;
#ARTIST:Laugh & Peace;
#TITLETRANSLIT:CHOTTO KIITENA (ZANSHIN-NA MIX);
#SUBTITLETRANSLIT:;
#ARTISTTRANSLIT:;
#CREDIT:;
#BANNER:CHOTTO KIITENA (ZANSHIN-NA MIX).png;
#BACKGROUND:CHOTTO KIITENA (ZANSHIN-NA MIX)-bg.png;
#LYRICSPATH:;
#CDTITLE:./CDTITLES/DANCE DANCE REVOLUTION CLUB VERSION.PNG;
#MUSIC:CHOTTO KIITENA (ZANSHIN-NA MIX).ogg;
#OFFSET:0.000;
#SAMPLESTART:19.021;
#SAMPLELENGTH:15.000;
#SELECTABLE:YES;
#DISPLAYBPM:164.000;
#BPMS:0.000=163.796,47.500=170.733,50.000=160.850,52.000=164.003;
#STOPS:;
#BGCHANGES:;

//---------------dance-single - ----------------
#NOTES:
     dance-single:
     :
     Easy:
     3:
     0.264,0.293,0.000,0.000,0.000:
0000
0000
0000
0000
,
0000
0000
0000
0000
,
0000
0000
0000
0000
,
0000
0000
0000
0000
,
0000
0000
0000
0000
,
1000
0000
0001
0000
,
1000
0000
0001
0000
,
0010
0000
0010
0010
,
1000
0001
0000
0001
,
1000
1000
1000
1000
,
0001
0001
1000
1000
,
0001
0001
0001
0001
,
1000
1000
0001
0001
,
1000
0000
0001
0000
,
0010
0100
0010
0000
,
0001
0000
1000
0000
,
0010
0100
0010
0000
,
1000
0000
0001
0000
,
0010
0100
0010
0000
,
0001
0000
1000
0000
,
0010
0100
0010
0000
,
1000
0000
0010
0000
,
0001
1000
0010
0000
,
0001
0000
0100
0000
,
1000
0001
1000
0000
,
1000
0000
1000
0000
,
0001
0010
0001
0000
,
0001
0000
0001
0000
,
1000
0010
1000
0000
,
1000
0000
1000
0000
,
0001
0010
0001
0000
,
0001
0000
0001
0000
,
0001
0100
0001
0000
,
1000
0000
1000
0000
,
0001
0001
0001
0000
,
0001
0000
0001
0000
,
1000
0100
1000
0000
,
1000
0000
1000
0000
,
0001
0001
0001
0000
,
0001
0000
0001
0000
,
0001
0010
0001
0000
,
1000
0001
1000
0001
,
1000
0010
0100
0000
,
0001
1000
0001
1000
,
0100
0010
0100
0000
,
1000
0001
1000
0001
,
1000
0010
0100
0000
,
0001
1000
0001
1000
,
0010
0100
0010
0000
,
0010
1000
0010
0001
,
0010
0100
0010
0000
,
0100
0001
0100
1000
,
0001
1000
0001
0000
,
0010
1000
0010
0001
,
0010
0100
0010
0000
,
0100
0001
0100
1000
,
1000
0001
1000
0000
,
1000
0010
0100
0001
,
0010
0100
1000
0001
,
0001
0100
0010
1000
,
1000
0100
0010
0001
,
1000
1000
0001
0001
,
0001
0010
0100
1000
,
0100
1000
0001
1000
,
0100
0100
0000
0000
;

//---------------dance-single - ----------------
#NOTES:
     dance-single:
     :
     Medium:
     4:
     0.367,0.456,0.071,0.000,0.000:
0000
0000
0000
0000
,
0000
0000
0000
0000
,
0000
0000
0000
0000
,
0000
0000
0000
0000
,
0000
0000
0000
0000
,
1000
0000
1000
0001
0000
1000
0001
1000
,
0001
0000
1000
0001
0000
0000
0000
0000
,
0010
0000
0000
0000
0010
0100
0010
0000
,
1000
0000
0001
0000
0000
1000
0001
0000
,
1000
1000
1000
1000
,
0001
0001
1000
1000
,
0001
0001
0001
0001
,
1000
0000
1000
0000
0001
1000
0001
0000
,
1000
1000
0001
0001
,
0010
0100
0010
0000
,
0001
0001
1000
1000
,
0010
0100
0010
0000
,
1000
1000
0001
0001
,
0010
0100
0010
0000
,
0001
0001
1000
1000
,
0010
0100
0010
0000
,
1000
0001
0010
0100
,
0001
1000
0010
0000
,
0001
1000
0100
0010
,
1000
0001
1000
0001
1000
0000
0000
0000
,
1000
0100
1000
0100
,
0001
0010
0001
0000
,
0001
0010
0001
0010
,
1000
0010
1000
0010
1000
0000
0000
0000
,
1000
0100
1000
0100
,
0001
0010
0001
0000
,
0001
0010
0001
0010
,
0001
0100
0001
0100
0001
0000
0000
0000
,
1000
0001
1000
1000
,
0001
0001
0001
0000
,
0001
1000
0001
0001
,
1000
0100
1000
0100
1000
0000
0000
0000
,
1000
0001
1000
1000
,
0001
0001
0001
0000
,
0001
1000
0001
0001
,
0001
0010
0001
0010
0001
0000
0000
0000
,
1000
0001
1000
0001
1000
0000
0001
0000
,
1000
0010
0100
0000
,
0001
1000
0001
1000
0001
0000
1000
0000
,
0100
0010
0100
0010
0100
0000
0000
0000
,
1000
0001
1000
0001
1000
0000
0001
0000
,
1000
0010
0100
0000
,
0001
1000
0001
1000
0001
0000
1000
0000
,
0010
0100
0010
0100
0010
0000
0000
0000
,
0010
1000
0010
0001
,
0010
0100
0010
0000
,
0100
0001
0100
1000
,
0001
1000
0001
1000
0001
0000
0000
0000
,
0010
1000
0010
0001
,
0010
0100
0010
0000
,
0100
0001
0100
1000
,
1000
0001
1000
0001
1000
0000
0000
0000
,
1000
0010
0100
0001
,
0010
0100
1000
0001
,
0001
0100
0010
1000
,
1100
0110
0101
0100
,
1000
1000
0001
0001
,
0100
0010
0100
1010
,
0101
0000
1000
0001
1000
0001
1000
0000
,
0101
1100
0000
0000
;

//---------------dance-single - ----------------
#NOTES:
     dance-single:
     :
     Hard:
     7:
     0.465,0.517,0.000,0.000,0.000:
0000
0000
0000
0000
,
0000
0000
0000
0000
,
0000
0000
0000
0000
,
0000
0000
0000
0000
,
0000
0000
0000
0000
,
0010
0000
1000
0001
0000
1000
0001
0000
,
0100
0000
1000
0001
0000
0001
1000
0000
,
0010
0000
0001
1000
0000
0001
1000
0000
,
0100
0000
0001
1000
0000
1000
0001
0000
,
1000
1000
1000
1000
,
1000
0000
1000
0000
1000
0001
1000
0000
,
0001
0001
0001
0001
,
0001
0000
0001
0000
0001
0001
0001
0000
,
1000
1000
0001
0001
,
0010
0100
0010
0000
,
0001
0001
1000
1000
,
0010
0100
0010
0000
,
1000
1000
0001
0001
,
0010
0100
0010
0000
,
0001
0001
1000
1000
,
0010
0000
0100
0000
0010
0001
1000
0001
,
0010
0100
0010
0100
1000
0001
0100
0010
,
0100
0000
0000
0000
0001
0000
1000
0001
,
0010
0100
1000
0001
0100
0010
0100
0000
,
0000
0001
0000
1000
0001
0000
0010
0100
,
0010
1000
0001
0000
1000
0000
0100
0001
,
0000
1000
0001
1000
0000
0100
0000
0000
,
0010
0100
0010
0100
0000
1000
0001
0000
,
1000
0001
1000
0001
0010
0000
0100
0100
,
1000
0001
1000
0001
1000
0001
1000
0000
,
1000
0000
0001
0000
1000
0000
0100
1000
,
0000
0001
0000
0100
0010
1000
0001
0100
,
0010
0000
1000
0000
0000
1000
0001
0100
,
0010
1000
0001
0000
0001
0000
1000
0000
,
0001
0000
0100
0010
0000
0100
0000
0001
,
1000
0100
0010
0000
0001
0000
1000
0000
,
0001
1000
0000
0001
1000
0001
0000
0000
,
0000
0010
0000
1000
0001
0100
0000
0001
,
1000
0100
0010
0001
0100
0010
0100
0001
,
1000
0001
1000
0010
1000
0100
0001
0000
,
1000
0001
1000
0000
0100
0000
0100
0000
,
0100
0000
0100
0010
0000
0100
1000
0100
,
0000
0010
0001
1000
0001
0000
1000
0010
,
1000
0000
0000
0001
0010
0100
1000
0010
,
1000
0100
0100
0000
,
0001
0000
1000
0001
1000
0000
1000
0000
,
0100
0010
0000
0100
1000
0001
0100
0010
,
0000
1000
0001
1000
0001
1000
0001
0000
,
0100
0000
1000
0001
1000
0001
1000
0000
,
0010
1000
0010
1000
0010
1000
0000
0100
,
0001
0100
0001
0100
0001
0000
1000
1000
,
0000
0010
0100
0001
1000
0010
0000
0100
,
0000
0000
0000
0000
0010
0100
0001
1000
,
0010
0000
1000
0001
0000
1000
0001
0000
,
0010
0000
0010
0000
0010
0000
1000
0010
,
0100
0001
1000
0010
0100
0001
1000
0001
,
1000
0001
1000
0000
0001
0100
0001
0100
,
0000
1000
0100
1000
0100
0010
0100
0010
,
0100
0100
0000
0100
0000
0000
1000
0001
,
1000
0000
0001
1000
0001
0000
1000
0001
,
1000
0000
0001
1000
0001
1000
0001
1000
,
0000
0000
0010
0100
0010
0100
0010
0000
,
1000
0001
0000
0010
1000
0100
0001
0000
,
1000
0001
1000
0001
0001
0001
1000
0000
;

//---------------dance-double - ----------------
#NOTES:
     dance-double:
     :
     Easy:
     5:
     0.362,0.424,0.051,0.000,0.000:
00000000
00000000
00000000
00000000
,
00000000
00000000
00000000
00000000
,
00000000
00000000
00000000
00000000
,
00000000
00000000
00000000
00000000
,
00000000
00000000
00000000
00000000
,
10000000
01000000
00010000
00001000
,
00000010
00000001
00000100
00000000
,
00001000
00000000
00010000
00000000
00001000
00100000
00100000
00000000
,
00001000
00000000
00010000
00000000
00000000
00001000
00010000
00000000
,
00001000
00001000
00001000
00001000
,
00010000
00010000
00001000
00001000
,
00010000
00010000
00010000
00010000
,
00001000
00000000
00000010
00000000
00000001
00001000
00000001
00000000
,
00000100
00001000
00010000
00100000
,
10000000
01000000
10000000
00000000
,
01000000
00010000
00001000
00000010
,
00000001
00000100
00000001
00000000
,
00000100
00001000
00010000
00100000
,
10000000
01000000
10000000
00000000
,
01000000
00010000
00001000
00000010
,
00000001
00000100
00000001
00000000
,
00000100
00000010
00001000
00000001
,
00001000
00000100
00001000
00000000
,
00000010
00010000
00001000
01000000
,
00100000
00100000
10000000
00010000
00010000
00000000
00000000
00000000
,
01000000
00001000
00010000
00000100
,
00000010
00000100
00000010
00000000
,
00000001
00000100
00010000
01000000
,
00010000
00010000
10000000
01000000
01000000
00000000
00000000
00000000
,
00010000
00000100
00001000
00000010
,
00000100
00000001
00001000
00000000
,
00000100
00010000
00001000
00100000
,
00010000
00010000
10000000
01000000
01000000
00000000
00000000
00000000
,
00100000
00001000
00000010
00000100
,
00001000
00000001
00000100
00000000
,
00000010
00010000
00100000
01000000
,
00100000
00100000
10000000
01000000
01000000
00000000
00000000
00000000
,
10000000
01000000
00010000
00001000
,
00000010
00000001
00000100
00000000
,
00000010
00000100
00000001
00000100
,
00001000
00001000
00010000
00001000
00001000
00000000
00000000
00000000
,
01000000
01000000
00010000
10000000
10000000
00000000
00010000
00000000
,
00001000
00000001
00000100
00000000
,
00000001
00000001
00000010
00001000
00001000
00000000
00000100
00000000
,
00010000
00010000
00001000
01000000
01000000
00000000
00000000
00000000
,
00100000
00100000
01000000
00100000
00100000
00000000
01000000
00000000
,
00100000
01000000
00010000
00000000
,
00000010
00000010
00000100
00000010
00000010
00000000
00000100
00000000
,
00000010
00000010
00000100
00001000
00001000
00000000
00000000
00000000
,
00100000
10000000
01000000
00100000
,
00010000
01000000
00010000
00000000
,
00000010
00000001
00000100
00000010
,
00001000
00001000
00000001
00000100
00000100
00000000
00000000
00000000
,
00001000
00010000
00100000
10000000
,
01000000
00100000
00010000
00000000
,
00000010
00000001
00000100
00000010
,
00001000
00001000
00000100
00010000
00010000
00000000
00000000
00000000
,
00001000
00010000
00001000
01000000
,
00001000
00010000
00000100
00010000
,
00001000
01000000
00001000
00010000
,
00001000
00110000
00001000
00001010
,
00010000
00010000
00001000
00001000
,
00010000
00001000
00010000
00110000
,
00001000
00000000
00010000
00001000
00010000
00001000
00010000
00000000
,
00001010
00000101
00000000
00000000
;

//---------------dance-double - ----------------
#NOTES:
     dance-double:
     :
     Medium:
     6:
     0.464,0.517,0.000,0.000,0.000:
00000000
00000000
00000000
00000000
,
00000000
00000000
00000000
00000000
,
00000000
00000000
00000000
00000000
,
00000000
00000000
00000000
00000000
,
00000000
00000000
00000000
00000000
,
10000000
00000000
00010000
00010000
00000000
00001000
00000001
00000000
,
00001000
00000000
00010000
00010000
00000000
10000000
00010000
00000000
,
00010000
00000000
10000000
10000000
00000000
00010000
00001000
00000000
,
00000001
00001000
00000000
00000000
00000000
00000100
00010000
00000000
,
00001000
00001000
00001000
00001000
,
00010000
00000000
00010000
00000000
00001000
00010000
00001000
00000000
,
00010000
00010000
00010000
00010000
,
00001000
00000000
00000010
00000000
00000001
00000001
00000001
00000000
,
00000100
00001000
00010000
00100000
,
10000000
01000000
10000000
00000000
,
01000000
00010000
00001000
00000010
,
00000001
00000100
00000001
00000000
,
00000100
00001000
00010000
00100000
,
10000000
01000000
10000000
00000000
,
01000000
00010000
00001000
00000010
,
00000001
00000000
00000100
00000000
00000001
00000100
00000100
00000100
,
00000010
00000100
00000010
00000100
00000001
00001000
00000100
00000010
,
00000100
00000000
00000000
00000000
00010000
00000000
00001000
00100000
,
00010000
01000000
00001000
00010000
00000100
00001000
00000100
00000000
,
00000000
00010000
00000000
00001000
01000000
00000000
00100000
01000000
,
00100000
10000000
00010000
00000000
00100000
00000000
00001000
00000010
,
00000000
00000001
00000100
00000001
00000000
00000100
00000000
00000000
,
00001000
00010000
00001000
00100000
00000000
00010000
10000000
00000000
,
00100000
01000000
10000000
00010000
01000000
00000000
00010000
00100000
,
00001000
00010000
00001000
00010000
00001000
00010000
00001000
00000000
,
00010000
00000000
00000010
00000000
00000100
00000000
00000001
00000100
,
00000000
00000010
00000000
00001000
00000001
00000100
00000010
00001000
,
00000100
00000000
00010000
00000000
00000000
00001000
00100000
01000000
,
00100000
00010000
10000000
00000000
00010000
00000000
00000010
00000000
,
00001000
00000000
00100000
00010000
00000000
01000000
00000000
00010000
,
10000000
01000000
00100000
00000000
00010000
00000000
01000000
00000000
,
00001000
00010000
00000000
00001000
00010000
00001000
00000000
00000000
,
00000000
00010000
00000000
00000010
00001000
00000001
00000000
00001000
,
00000100
00000010
00000001
00000010
00000100
00001000
00000100
00000010
,
00000001
00000010
00000100
00001000
00000100
00010000
00001000
00000000
,
00100000
00010000
10000000
00000000
01000000
00000000
01000000
00000000
,
01000000
00000000
01000000
00100000
00000000
00010000
10000000
00010000
,
00000000
00100000
01000000
00100000
01000000
00000000
10000000
00010000
,
10000000
00000000
00000000
00010000
00100000
01000000
10000000
01000000
,
00100000
00001000
00010000
00000000
,
00000010
00000000
00000100
00000001
00000100
00000000
00000001
00000000
,
00001000
00000100
00000000
00000010
00000001
00000100
00000010
00001000
,
00000000
00000001
00000100
00000001
00000100
00000001
00000100
00000000
,
00000010
00000000
00010000
00001000
00010000
00001000
00010000
00000000
,
00000010
00001000
00000010
00001000
00000010
00001000
00000000
00000100
,
00010000
00000100
00010000
00000100
00010000
00000000
00001000
01000000
,
00000000
00100000
10000000
00100000
10000000
00100000
00000000
01000000
,
00000000
00000000
00000000
00000000
00100000
10000000
00010000
10000000
,
00010000
00000000
01000000
00001000
00000000
00010000
00000100
00000000
,
00000010
00000000
00000010
00000000
00000010
00000000
00000001
00000100
,
00000010
00001000
00000010
00000100
00000001
00000010
00000100
00001000
,
00000010
00000100
00000001
00000000
00001000
00000100
00001000
00000100
,
00000000
00010000
00010000
00010000
00010000
00001000
00001000
00001000
,
00010000
00001000
00000000
00010000
00000000
00000000
00001000
00100000
,
00001000
00000000
00010000
00000010
00010000
00000000
00001000
01000000
,
00001000
00000000
00010000
00001000
00010000
00001000
00010000
00000100
,
00000000
00000000
00001000
00000100
00001000
00000100
00001000
00000000
,
00000010
00010000
00000000
00001000
00100000
00001000
00100000
00000000
,
00001000
00001000
00001000
00001000
00001000
00001000
00001000
00000000
;
