#TITLE:ヘビーローテーション;
#SUBTITLE:;
#ARTIST:♪♪♪♪♪;
#TITLETRANSLIT:Heavy Rotation;
#SUBTITLETRANSLIT:;
#ARTISTTRANSLIT:;
#CREDIT:;
#BANNER:Heavy Rotation.png;
#BACKGROUND:Heavy Rotation-bg.png;
#LYRICSPATH:;
#CDTITLE:./CDTITLES/DanceDanceRevolution X3 VS 2ndMIX.png;
#MUSIC:Heavy Rotation.ogg;
#OFFSET:0.000;
#SAMPLESTART:70.800;
#SAMPLELENGTH:15.000;
#SELECTABLE:YES;
#DISPLAYBPM:155.000:178.000;
#BPMS:0.000=178.218,4.000=178.015,352.000=155.039;
#STOPS:;
#BGCHANGES:;

//---------------dance-single - ----------------
#NOTES:
     dance-single:
     :
     Beginner:
     2:
     0.097,0.141,0.008,0.000,0.000:

0000
0000
0000
0000
,

0000
0000
0000
0000
,

0000
0000
0000
0000
,

0001
0000
0000
0000
,

0000
0000
0000
0000
,

1000
0000
0000
0000
,

0000
0000
0000
0000
,

0001
0000
0000
0000
,

0001
0000
0000
0000
,

0100
0000
0000
0000
,

0100
0000
0000
0000
,

1000
0000
0000
0000
,

1000
0000
0000
0000
,

0100
0000
0000
0000
,

0100
0000
0000
0000
,

0001
0000
0000
0000
,

0001
0000
0000
0000
,

1000
0000
0000
0000
,

1000
0000
0000
0000
,

0001
0000
0000
0000
,

1000
0000
0000
0000
,

0001
0000
0000
0000
,

0000
0000
0000
0000
,

1000
0000
0000
0000
,

0000
0000
0000
0000
,

0001
0000
0000
0000
,

0000
0000
0000
0000
,

1000
0000
0000
0000
,

1000
0000
0000
0000
,

0001
0000
0000
0000
,

0001
0000
0000
0000
,

1000
0000
0000
0000
,

1000
0000
0000
0000
,

0001
0000
0000
0000
,

0001
0000
0000
0000
,

1000
0000
1000
0000
,

1000
0000
0000
0000
,

1000
0000
0000
0000
,

1000
0000
0000
0000
,

0001
0000
0000
0000
,

0001
0000
0000
0000
,

1000
0000
0000
0000
,

1000
0000
0000
0000
,

0001
0000
0001
0000
,

0001
0000
0000
0000
,

0100
0000
0000
0000
,

0100
0000
0000
0000
,

0100
0000
0000
0000
,

0100
0000
0000
0000
,

0001
0000
0000
0000
,

1000
0000
0000
0000
,

0001
0000
0000
0000
,

0000
0000
0000
0000
,

0001
0000
0000
0000
,

0001
0000
0000
0000
,

0100
0000
0000
0000
,

0100
0000
0000
0000
,

1000
0000
0000
0000
,

1000
0000
0000
0000
,

0100
0000
0000
0000
,

0100
0000
0000
0000
,

0001
0000
0001
0000
,

0001
0000
0000
0000
,

1000
0000
1000
0000
,

1000
0000
0000
0000
,

0100
0000
0000
0000
,

0010
0000
0010
0000
,

0010
0000
0000
0000
,

0000
0000
0000
0000
,

0001
0000
0000
0000
,

0001
0000
0000
0000
,

0100
0000
0000
0000
,

0100
0000
0000
0000
,

1000
0000
0000
0000
,

1000
0000
0000
0000
,

0100
0000
0000
0000
,

0100
0000
0000
0000
,

0001
0000
0001
0000
,

0001
0000
0000
0000
,

1000
0000
1000
0000
,

1000
0000
0000
0000
,

0001
0000
0000
0000
,

1000
0000
0000
0000
,

1001
0000
0000
0000
,

0000
0000
0000
0000
,

0100
0000
0000
0000
,

0000
0000
0000
0000
,

0010
0000
0000
0000
,

1000
0000
0000
0000
,

0001
0000
0000
0000
,
;

//---------------dance-single - ----------------
#NOTES:
     dance-single:
     :
     Easy:
     4:
     0.223,0.356,0.063,0.182,0.000:

0000
0000
0000
0000
,

0000
0000
0000
0000
,

0000
0000
0000
0000
,

0001
0000
0001
0000
,

1000
0000
1000
0000
,

0001
0000
0001
0000
,

1001
0000
0000
0000
,

0002
0000
0003
0000
,

0002
0000
0003
0000
,

0200
0000
0300
0000
,

0200
0000
0300
0000
,

2000
0000
3000
0000
,

2000
0000
3000
0000
,

0010
0000
0001
0000
,

0100
0000
1000
0000
,

0001
0001
0001
0000
,

1000
1000
1000
0000
,

0001
0001
1000
1000
,

0001
0000
0000
0000
,

0100
0000
0010
0000
,

0001
0000
1000
0000
,

2002
0000
0000
0000
,

0000
3003
0000
0000
,

0010
0000
1000
0000
,

0001
0000
0000
0000
,

0010
0000
0010
0000
,

0100
0000
0100
0000
,

0001
0000
1000
0000
,

1001
0000
0000
0000
,

1000
0000
0010
0000
,

1000
0000
0100
0000
,

0001
0000
0010
0000
,

0001
0000
0100
0000
,

1000
0000
0001
0000
,

1000
0000
0100
0000
,

0010
0000
0001
0001
,

0001
0000
0000
0000
,

0001
0000
0100
0000
,

0001
0000
0100
0000
,

1000
0000
0100
0000
,

1000
0000
0010
0000
,

0001
0000
1000
0000
,

0001
0001
0001
0000
,

0100
0000
0010
0000
,

1000
1000
1000
0000
,

0100
0000
0100
0000
,

0010
0000
0010
0000
,

0100
0000
0010
0000
,

1001
0000
0001
0000
,

1000
0000
0010
0000
,

0100
0010
0100
0000
,

0220
0000
0000
0000
,

0330
0000
0000
0000
,

0002
0000
0003
0000
,

0002
0000
0003
0000
,

0200
0000
0300
0000
,

0200
0000
0300
0000
,

2000
0000
3000
0000
,

2000
0000
3000
0000
,

0010
0000
0001
0000
,

0100
0000
1000
0000
,

0001
0001
0001
0000
,

1000
1000
1000
0000
,

0001
0001
1000
1000
,

0001
0000
0000
0000
,

0100
0000
0010
0000
,

0001
0000
1000
0000
,

2002
0000
0000
0000
,

3003
0000
0001
0001
,

0001
0000
0001
0001
,

0001
0000
0100
0100
,

0100
0000
0100
0100
,

0100
0000
1000
1000
,

1000
0000
1000
1000
,

1000
0000
0100
0100
,

0100
0000
0010
0000
,

0001
0000
1000
0000
,

0001
0001
0001
0001
,

1000
1000
1000
1000
,

0001
0001
1000
1000
,

1001
0000
0000
0000
,

0010
0000
0010
0000
,

1000
0000
0001
0000
,

2002
0000
0000
0000
,

0000
3003
0000
0000
,

1000
0000
0100
0000
,

0001
0000
0100
0000
,

0020
0000
0000
0030
,

2000
0000
0000
3000
,

0002
0000
0000
0000
,

0003
0000
0000
0000
,
;

//---------------dance-single - ----------------
#NOTES:
     dance-single:
     :
     Medium:
     9:
     0.463,0.605,0.609,0.277,0.000:

0000
0000
0000
0000
,

0000
0000
0000
0000
,

0000
0000
0000
0000
,

1000
0010
0001
0100
,

1000
0010
0001
0100
,

1000
0010
0001
0100
,

1001
0000
0010
0010
,

0012
0000
0013
0010
,

0012
0000
1003
0001
,

0210
0000
1300
0001
,

0210
0000
0301
0001
,

2100
0000
3001
0001
,

2100
0000
3010
1000
,

1100
0000
1001
0000
,

0101
0000
0110
0000
,

0001
0001
0101
0101
,

1000
1000
1100
1100
,

0001
0000
1000
0000
0001
1000
0001
0000
,

1001
0000
0100
0010
,

0200
1300
0020
0031
,

0200
1000
0010
0301
,

0200
0000
0300
0100
,

0010
0000
1000
0000
0100
1000
0100
0000
,

0010
0001
0100
0010
,

1000
0000
0010
0100
0000
0000
0001
0000
,

0020
0000
0030
0100
,

0010
0001
0100
1000
,

0010
0001
0100
1000
,

0010
0100
0010
0100
0000
0000
1001
0000
,

0100
0100
0010
1000
,

0001
0000
0010
0100
0000
0000
0010
0000
,

0001
0001
1000
0100
,

0010
0000
0001
1000
0000
0000
0001
0000
,

0010
0010
0100
0001
,

1000
0100
0001
0100
,

1100
0000
0101
0000
,

0110
0000
1000
0001
,

1001
0010
0100
0001
,

1000
0000
0100
0010
0100
0000
0100
0000
,

1000
1000
0001
0010
,

0100
0000
1000
0001
1000
0000
1000
0000
,

0100
0100
0010
1000
,

0001
0010
1000
0010
,

0011
0000
1010
0000
,

0110
0000
1001
0000
,

0100
0000
0000
0010
0100
0000
1010
0000
,

0100
0000
0000
0010
0100
0000
0011
0000
,

0001
0010
1000
0100
,

0001
0000
1000
0000
,

0001
1001
0100
0010
,

1000
1001
0100
0010
,

0001
0100
1000
0010
,

0001
1000
0001
0000
0010
0000
0010
0000
,

0012
0000
0013
0010
,

0012
0000
1003
0001
,

0210
0000
1300
0001
,

0210
0000
0301
0001
,

2100
0000
3001
0001
,

2100
0000
3010
1000
,

1100
0000
1001
0000
,

0101
0000
0110
0000
,

0001
0001
0101
0101
,

1000
1000
1100
1100
,

0001
0000
1000
0000
0001
1000
0001
0000
,

1001
0000
0010
0010
,

0120
0000
0000
0130
,

1000
0010
0001
0100
,

0220
0000
0000
0000
,

0330
0000
1000
0110
,

0102
0000
1003
0110
,

0102
0000
1003
0101
,

0120
0000
1030
1001
,

0120
0000
0031
0101
,

2010
0000
3001
0101
,

2010
0000
3100
1000
,

1010
0100
1001
0100
,

0011
0100
1001
0000
,

0011
0011
1001
1001
,

1010
1010
1001
1001
,

0101
0000
1100
0000
1000
0001
1000
0000
,

1001
0000
0010
0100
,

0120
1030
0210
0301
,

0020
1000
0100
0031
,

2002
0000
0000
3003
,

0100
0000
1000
0000
0010
1000
0010
0000
,

0100
0001
0010
0100
,

1000
0010
0100
0000
0110
0000
0001
0000
,

0200
0000
0320
0000
,

1030
0100
0002
0000
,

0203
0000
0000
0000
,

0300
0000
0000
0000
,
;

//---------------dance-single - ----------------
#NOTES:
     dance-single:
     :
     Hard:
     11:
     0.597,0.641,0.823,0.309,0.000:  // measure 1
0000
0000
0000
0000
,  // measure 2
0000
0000
0000
0000
,  // measure 3
0000
0000
0000
0000
,  // measure 4
0110
0000
0100
0001
1000
0000
0010
0100
,  // measure 5
0001
0000
0010
0100
1000
0000
0001
0000
,  // measure 6
0110
0000
0010
0100
1000
0000
0001
0100
,  // measure 7
0010
0010
0100
0000
1010
0000
0101
0000
,  // measure 8
0012
0000
1003
0101
,  // measure 9
0012
0000
0103
1010
,  // measure 10
0210
0000
0301
1010
,  // measure 11
0210
0000
0301
0110
,  // measure 12
2100
0000
3001
0110
,  // measure 13
2100
0000
3001
0010
,  // measure 14
1001
0000
0010
0100
0001
0000
0010
0100
,  // measure 15
1000
1010
1001
0000
,  // measure 16
0101
0101
1100
1100
,  // measure 17
0101
1100
0101
1100
,  // measure 18
0101
0011
1010
1100
,  // measure 19
2002
0000
3003
0010
,  // measure 20
1100
0000
0010
0001
0200
0000
0310
0000
,  // measure 21
1100
0101
1010
0011
,  // measure 22
1002
0000
0000
0103
,  // measure 23
0010
0000
1000
0100
0010
0000
0100
0000
,  // measure 24
0010
0000
0001
0100
0010
0000
1000
0000
,  // measure 25
0010
0000
0100
0001
0000
0001
0100
0010
,  // measure 26
2000
0000
0000
3100
,  // measure 27
0010
0101
0010
1100
,  // measure 28
0001
0100
0010
0000
1000
0100
0010
0000
,  // measure 29
0001
0100
0100
0001
0000
0000
1001
0000
,  // measure 30
2000
0100
0010
3100
,  // measure 31
0010
0001
0010
0000
0001
1000
0001
0000
,  // measure 32
0200
0001
0010
0301
,  // measure 33
0010
1000
0010
0000
0100
0001
0100
0000
,  // measure 34
0020
1000
0100
1030
,  // measure 35
1000
0100
1000
0000
0100
0001
0100
0000
,  // measure 36
0020
0000
0100
0000
0130
0010
0100
0000
,  // measure 37
0010
0001
0100
1000
,  // measure 38
0020
1000
0001
1030
,  // measure 39
0001
0010
0100
0000
1000
0100
0010
0000
,  // measure 40
0002
0100
0010
0103
,  // measure 41
0010
1000
0001
0000
0100
0010
1000
0000
,  // measure 42
0200
1000
0001
1000
,  // measure 43
0320
0001
1000
0031
,  // measure 44
0100
0000
0010
1000
0100
0000
0010
0001
,  // measure 45
0100
0000
0010
1000
0001
0100
0010
0000
,  // measure 46
1001
0000
0000
0100
0100
0000
1010
0000
,  // measure 47
1001
0000
0000
0100
0100
0000
0011
0000
,  // measure 48
1001
0000
0001
0010
0100
0000
0010
0100
,  // measure 49
1000
0000
0001
0000
1000
0010
0100
0001
,  // measure 50
0010
0000
1010
0000
0100
0010
0100
0000
,  // measure 51
0010
0000
0011
0000
0100
0010
0100
0000
,  // measure 52
1000
0100
0010
0100
0010
0001
1000
0001
,  // measure 53
0100
0100
0010
0000
1100
0000
0011
0000
,  // measure 54
0102
0000
1003
0011
,  // measure 55
0102
0000
0013
1100
,  // measure 56
0120
0000
0031
1100
,  // measure 57
0120
0000
0031
0110
,  // measure 58
2010
0000
3001
0110
,  // measure 59
2010
0000
3001
0100
,  // measure 60
1001
0000
0100
0010
0001
0000
0100
0010
,  // measure 61
1000
1010
1001
0000
,  // measure 62
0101
0101
1100
1100
,  // measure 63
0101
1100
0101
1100
,  // measure 64
0101
0011
1010
1100
,  // measure 65
2002
0000
3003
0000
0010
0000
1000
0001
,  // measure 66
1000
0000
0010
0000
1000
0001
0100
0000
,  // measure 67
0110
1001
0110
1001
,  // measure 68
1000
0100
0010
0100
0010
0001
1000
0001
,  // measure 69
0100
0100
0010
0000
1000
0100
0010
0000
,  // measure 70
0102
0000
0000
0000
1003
0100
0010
0000
,  // measure 71
0102
0000
0000
0000
0013
0001
1000
0010
,  // measure 72
0200
0000
0000
0000
0310
1000
0001
0010
,  // measure 73
0200
0000
0000
0000
0310
0100
0010
0000
,  // measure 74
2100
0000
0000
0000
3010
0100
0010
0000
,  // measure 75
2100
0000
3010
0100
,  // measure 76
1001
0000
0010
0100
0001
0000
0010
0100
,  // measure 77
1000
1010
1001
0000
,  // measure 78
0101
1100
0101
1100
,  // measure 79
0011
1010
0011
1010
,  // measure 80
0101
0011
1010
1100
,  // measure 81
2002
0000
3003
0010
,  // measure 82
0101
0000
0010
1000
0200
0000
0310
0000
,  // measure 83
0001
0100
0010
1000
0100
0010
0001
0000
,  // measure 84
1001
0000
1000
0100
1000
0000
0001
0100
,  // measure 85
0001
0000
1000
0100
1000
0001
0100
0000
,  // measure 86
0110
0000
1000
0010
1000
0000
0001
0010
,  // measure 87
0001
0010
0010
0000
0100
0000
0010
0000
,  // measure 88
1002
0000
0203
0000
,  // measure 89
0310
1000
0100
0001
,  // measure 90
0020
0000
0000
0000
,  // measure 91
0030
0000
0000
0000
;

//---------------dance-double - ----------------
#NOTES:
     dance-double:
     :
     Easy:
     5:
     0.225,0.356,0.063,0.182,0.000:

00000000
00000000
00000000
00000000
,

00000000
00000000
00000000
00000000
,

00000000
00000000
00000000
00000000
,

00010000
00000000
00000000
00000000
,

00001000
00000000
00000000
00000000
,

00000100
00000000
00000000
00000000
,

00000001
00000000
00000000
00000000
,

00000002
00000000
00000003
00000000
,

00000002
00000000
00000003
00000000
,

00002000
00000000
00003000
00000000
,

00020000
00000000
00030000
00000000
,

20000000
00000000
30000000
00000000
,

20000000
00000000
30000000
00000000
,

00100000
00000000
10000000
00000000
,

01000000
00000000
00010000
00000000
,

00001000
00001000
00001000
00001000
,

00010000
00010000
00010000
00010000
,

00001000
00001000
00010000
00010000
,

00001000
00000000
00000000
00000000
,

00000100
00000000
00000010
00000000
,

00000001
00000001
00001000
00001000
,

00002002
00000000
00000000
00000000
,

00000000
00003003
00000000
00000000
,

00000001
00000000
00000100
00000000
,

00001000
00000000
00000000
00000000
,

00010000
00000000
00001000
00000000
,

00010000
00000000
01000000
00000000
,

10000000
00000000
00010000
00000000
,

10010000
00000000
00000000
00000000
,

10000000
00000000
00100000
00000000
,

10000000
00000000
01000000
00000000
,

00010000
00000000
00001000
00000000
,

00010000
00000000
00000100
00000000
,

00001000
00000000
00000001
00000000
,

00000100
00000000
00000100
00000000
,

00000001
00000000
00000010
00000000
,

00000010
00000000
00000000
00000000
,

00000001
00000000
00000010
00000000
,

00000001
00000000
00000100
00000000
,

00001000
00000000
00010000
00000000
,

00001000
00000000
00100000
00000000
,

00010000
00000000
10000000
00000000
,

00010000
00000000
00010000
00000000
,

01000000
00000000
00100000
00000000
,

10010000
00000000
00000000
00000000
,

01000000
00000000
00000000
00010000
,

00001000
00000000
00000000
00001000
,

00010000
00000000
00001000
00000000
,

00011000
00000000
00000100
00000000
,

00000010
00000000
00000001
00000000
,

00000100
00000100
00000100
00000000
,

00002002
00000000
00000000
00000000
,

00003003
00000000
00000000
00000000
,

00000002
00000000
00000003
00000000
,

00000002
00000000
00000003
00000000
,

00002000
00000000
00003000
00000000
,

00020000
00000000
00030000
00000000
,

20000000
00000000
30000000
00000000
,

20000000
00000000
30000000
00000000
,

00100000
00000000
10000000
00000000
,

01000000
00000000
00010000
00000000
,

00001000
00001000
00001000
00001000
,

00010000
00010000
00010000
00010000
,

00001000
00001000
00010000
00010000
,

00001000
00000000
00010000
00000000
,

00000100
00000000
00000010
00000000
,

00000001
00000000
00001000
00000000
,

00002002
00000000
00000000
00000000
,

00003003
00000000
00000001
00000001
,

00000001
00000000
00000100
00000100
,

00000100
00000000
00001000
00001000
,

00001000
00000000
00010000
00010000
,

00010000
00000000
01000000
01000000
,

01000000
00000000
10000000
10000000
,

10000000
00000000
00100000
00000000
,

01000000
00000000
00010000
00000000
,

00001000
00000000
00010000
00000000
,

00001000
00001000
00010000
00010000
,

00001000
00001000
00010000
00010000
,

00001000
00010000
00001000
00010000
,

00011000
00000000
00000100
00000000
,

00000010
00000000
00000001
00000000
,

00000001
00001000
00000001
00001000
,

00002002
00000000
00000000
00000000
,

00000000
00003003
00000000
00000000
,

00000001
00000000
00000100
00000000
,

00001000
00000000
00010000
00000000
,

00002000
00000000
00000000
00003000
,

00200000
00000000
00000000
00300000
,

02000000
00000000
00000000
00000000
,

03000000
00000000
00000000
00000000
,
;

//---------------dance-double - ----------------
#NOTES:
     dance-double:
     :
     Medium:
     9:
     0.451,0.641,0.562,0.261,0.000:

00000000
00000000
00000000
00000000
,

00000000
00000000
00000000
00000000
,

00000000
00000000
00000000
00000000
,

00010000
00001000
00010000
00000000
,

00000010
00000100
00001000
00000100
,

00000010
00000100
00000010
00000000
,

00001001
00000000
00000010
00000010
,

00000012
00000000
00000013
00000010
,

00000012
00000000
00001003
00000100
,

00002100
00000000
00003100
00010000
,

00021000
00000000
01030000
10000000
,

21000000
00000000
31000000
10000000
,

21000000
00000000
30100000
10000000
,

11000000
00000000
10010000
00000000
,

00110000
00000000
00101000
00000000
,

00010000
00010000
00010100
00010100
,

00001000
00001000
01001000
01001000
,

00010000
00001000
00000100
00000001
,

00001001
00000000
00000100
00000010
,

00002000
00003100
00000002
00000103
,

00002000
00000100
00000001
00003010
,

00020000
00000000
00000000
00031000
,

00100000
00000000
01000000
00000000
00010000
00100000
00010000
00000000
,

10000000
01000000
00010000
00001000
,

00000010
00000000
00000000
00000110
00000000
00000000
00000001
00000000
,

00000020
00000000
00000000
00000130
,

00000010
00000001
00000100
00001000
,

00100000
00010000
01000000
10000000
,

01000000
00100000
01000000
00100000
00000000
00000000
10010000
00000000
,

01000000
01000000
00100000
10000000
,

00010000
00000000
00100000
01000000
00000000
00000000
00100000
00000000
,

00001000
00010000
00000100
00001000
,

00000010
00000000
00000100
00000010
00000000
00000000
00000100
00000000
,

00000001
00000001
00001000
00000001
,

00000100
00001000
00010000
00001000
,

00011000
00000000
00110000
00000000
,

01100000
00000000
10000000
00010000
,

10010000
00100000
01000000
00010000
,

00001000
00000000
00010000
00001000
00010000
00000000
00001000
00000000
,

00000100
00000100
00000010
00001000
,

00000001
00000000
00000100
00000001
00000100
00000000
00000010
00000000
,

00001000
00000100
00000100
00010000
,

00001000
00001000
00010000
00100000
,

01100000
00000000
10100000
00000000
,

01010000
00000000
00110000
00000000
,

01000000
00000000
00000000
01000000
01000000
00000000
01100000
00000000
,

00010000
00000000
00000000
00001000
00010000
00000000
00011000
00000000
,

00000100
00000000
00000000
00000100
00000100
00000000
00000110
00000000
,

00000001
00000000
00001000
00000000
,

00000001
00000100
00001000
00010000
,

00100000
10000000
01000000
00010000
,

00011000
00001000
00010000
00000100
,

00001000
00000001
00001000
00000000
00000010
00000000
00000010
00000000
,

00000012
00000000
00000013
00000010
,

00000012
00000000
00001003
00000100
,

00002100
00000000
00003100
00010000
,

00021000
00000000
01030000
10000000
,

21000000
00000000
31000000
10000000
,

21000000
00000000
30100000
10000000
,

11000000
00000000
10010000
00000000
,

00110000
00000000
00101000
00000000
,

00010000
00010000
00010010
00010010
,

00001000
00001000
00101000
00101000
,

00010000
00001000
00000010
00000001
,

00001001
00000000
00000100
00000010
,

00000100
00001000
00010000
01000000
,

00100000
00010000
00100000
00000000
01000000
10000000
01000000
00000000
,

10000000
01000000
00010000
00001000
,

00022000
00033000
00000010
00001000
,

00000102
00000000
00000013
00001000
,

00000102
00000000
00000013
00000001
,

00002100
00000000
00003010
00010000
,

00021000
00000000
00031000
00100000
,

21000000
00000000
30010000
01000000
,

21000000
00000000
31000000
10000000
,

10010000
00000000
01100000
00000000
,

00101000
00000000
00011000
00000000
,

00101000
00101000
00011000
00011000
,

00010010
00010010
00011000
00011000
,

00101000
00011000
00010010
00011000
,

00011000
00000000
00000010
00000000
,

00000200
00000001
00000010
00001300
,

00200000
00010000
01000000
10300000
,

20020000
00000000
00000000
30030000
,

00100000
00000000
10000000
00000000
00100000
10000000
00100000
00000000
,

01000000
00001000
00010000
00000100
,

00001000
00000100
00001000
00000000
00001001
00000000
00000000
00000000
,

00000020
00000000
00000230
00000000
,

00001300
00010000
00002000
00000000
,

00203000
00000000
00000000
00000000
,

00300000
00000000
00000000
00000000
,
;

//---------------dance-double - ----------------
#NOTES:
     dance-double:
     :
     Hard:
     11:
     0.601,0.641,0.815,0.324,0.000:

00000000
00000000
00000000
00000000
,

00000000
00000000
00000000
00000000
,

00000000
00000000
00000000
00000000
,

10010000
00000000
01000000
10000000
00010000
00000000
00100000
00010000
,

01000000
00000000
00010000
00100000
00001000
00000000
00010000
00000000
,

00011000
00000000
00001000
00010000
00000100
00000000
00000010
00000001
,

00001000
00000010
00000010
00000000
00001010
00000000
00000101
00000000
,

00000012
00000000
00001003
00000101
,

00000012
00000000
00000103
00001010
,

00012000
00000000
00103000
01010000
,

00021000
00000000
00130000
01010000
,

21000000
00000000
30100000
01010000
,

21000000
00000000
30010000
00100000
,

10010000
00000000
10000000
01000000
00100000
00000000
00010000
01000000
,

00100000
10000000
00010000
01000000
00010000
00000000
00000000
00000000
,

01010000
01010000
01001000
01001000
,

00011000
00011000
00010100
00010100
,

00001100
00000101
00000011
00001010
,

00002002
00000000
00003003
00000010
,

00001001
00000000
00000001
00000010
00000200
00000000
00010300
00000000
,

00011000
00001100
00011000
00110000
,

00021000
00000000
00000000
01030000
,

00100000
00000000
00010000
01000000
00100000
00000000
10000000
00000000
,

00100000
10000000
01000000
00000000
10000000
01000000
00010000
00000000
,

01000000
00100000
00010000
00001000
00000000
00001000
00000100
00000010
,

00000002
00000000
00000000
00000103
,

00000010
00000000
00001000
00000100
00000010
00000000
00000001
00000000
,

00000010
00000001
00000100
00000000
00000001
00000100
00001000
00000000
,

00010000
00001000
00001000
00001000
00000000
00000000
00011000
00000000
,

02000000
00100000
00010000
03100000
,

10000000
01000000
10000000
00000000
00010000
01000000
00010000
00000000
,

00200000
00001000
00010000
00301000
,

00010000
00001000
00010000
00000000
00000100
00001000
00000100
00000000
,

00000020
00000001
00000100
00000031
,

00001000
00000100
00001000
00000000
00000001
00000100
00000001
00000000
,

00001000
00000000
00000001
00000000
00000100
00001000
00010000
00000000
,

00001000
00010000
00100000
10000000
,

02000000
00010000
10000000
03010000
,

10000000
00100000
01000000
00000000
00010000
00100000
01000000
00000000
,

00020000
00001000
00100000
00031000
,

00100000
00001000
00010000
00000000
00000100
00001000
00000010
00000000
,

00002000
00000100
00000010
00003100
,

00000010
00000001
00000100
00001000
,

00000010
00000000
00000001
00000100
00000010
00000000
00000100
00001000
,

00010000
00000000
00001000
01000000
00010000
00000000
00100000
00000000
,

10010000
00000000
00000000
01000000
01000000
00000000
10100000
00000000
,

10010000
00000000
00000000
00100000
00100000
00000000
00101000
00000000
,

00011000
00000000
00000000
00000100
00000100
00000000
00001010
00000000
,

00001001
00000000
00000000
00000000
00001000
00000100
00000010
00000001
,

00000100
00000000
00001010
00000000
00000001
00000100
00001000
00000000
,

00010000
00000000
00011000
00000000
01000000
00100000
01000000
00000000
,

10000000
01000000
00100000
00010000
01000000
00100000
00010000
00001000
,

00010000
00001000
00001000
00000000
00001100
00000000
00000011
00000000
,

00000102
00000000
00001003
00000011
,

00000102
00000000
00000013
00001100
,

00012000
00000000
01003000
00110000
,

00021000
00000000
01030000
00110000
,

20100000
00000000
31000000
00110000
,

20100000
00000000
30010000
01000000
,

10010000
00000000
10000000
00100000
01000000
00000000
00010000
00100000
,

01000000
10000000
00010000
00100000
00010000
00000000
00000000
00000000
,

00110000
00110000
00101000
00101000
,

00011000
00011000
00010010
00010010
,

00001010
00000011
00000101
00001100
,

00002002
00000000
00003003
00000000
00000001
00000100
00001000
00000100
,

00000001
00000000
00000101
00000000
00000100
00001000
00010000
00000000
,

00011000
00101000
01100000
11000000
,

10000000
01000000
00100000
00001000
00010000
00000100
00000010
00000001
,

00000100
00000100
00000010
00000000
00001000
00000100
00000010
00000000
,

00000102
00000000
00000000
00000000
00001003
00000100
00000010
00000000
,

00000102
00000000
00000000
00000000
00000013
00000001
00001000
00000100
,

00002000
00000000
00000000
00000000
00003100
00010000
00001000
00100000
,

00020000
00000000
00000000
00000000
00130000
01000000
00100000
00000000
,

21000000
00000000
00000000
00000000
30100000
01000000
00100000
00000000
,

21000000
00000000
00000000
00000000
30100000
01000000
00010000
00000000
,

10010000
00000000
10000000
01000000
00010000
00000000
00010000
01000000
,

10000000
00000000
10000000
00100000
00010000
00000000
00000000
00000000
,

00101000
00010010
00101000
00010010
,

01001000
00010100
01001000
00010100
,

00001010
00000011
00000101
00001100
,

00002002
00000000
00003003
00000010
,

00001001
00000000
00000001
00000010
00000200
00000000
00010300
00000000
,

00011000
00001100
00011000
00110000
,

10010000
00000000
10000000
01000000
10000000
00000000
00010000
01000000
,

00010000
00000000
10000000
01000000
00010000
00001000
00010000
00000000
,

00011000
00000000
00000100
00001000
00000100
00000000
00000010
00000001
,

00000010
00000100
00001000
00000000
00000001
00000000
00000010
00000000
,

00001002
00000000
00000203
00000000
,

00002300
00023000
00230000
20300000
,

32000000
00000000
00000000
00000000
,

03000000
00000000
00000000
00000000
,
;
