#TITLE:ロマンスの神様;
#SUBTITLE:;
#ARTIST:JUDY CRYSTAL;
#TITLETRANSLIT:ROMANCE NO KAMISAMA;
#SUBTITLETRANSLIT:;
#ARTISTTRANSLIT:;
#CREDIT:;
#BANNER:ROMANCE NO KAMISAMA.png;
#BACKGROUND:ROMANCE NO KAMISAMA-bg.png;
#LYRICSPATH:;
#CDTITLE:./CDTITLES/DANCEMANIA J-PARADISE.PNG;
#MUSIC:ROMANCE NO KAMISAMA.ogg;
#OFFSET:0.000;
#SAMPLESTART:53.485;
#SAMPLELENGTH:15.000;
#SELECTABLE:YES;
#DISPLAYBPM:157.000;
#BPMS:0.000=157.492,4.000=156.988;
#STOPS:;
#BGCHANGES:;

//---------------dance-single - ----------------
#NOTES:
     dance-single:
     :
     Easy:
     3:
     0.261,0.280,0.122,0.000,0.000:
0000
0000
0000
0000
,
0000
0000
0000
0000
,
1000
0000
1000
0000
,
0001
0000
0001
0000
,
1000
0000
0010
0000
,
1000
0000
0001
0000
,
0010
0000
0010
0000
,
0001
0000
0001
0000
,
0010
0000
0001
0000
,
1000
0001
1000
0000
,
0010
0010
0010
0000
,
1000
1000
1000
0000
,
0010
1000
0001
0100
,
0001
1000
0001
0000
,
0010
0010
0010
0000
,
0001
0001
0001
0000
,
1000
0010
1000
0010
,
0100
0000
0000
0000
,
0001
0010
0001
0000
,
1000
0010
1000
0000
,
0001
0001
1000
1000
,
0100
0001
0100
0000
,
1000
0010
0100
0000
,
0001
0010
0100
0000
,
1000
1000
0001
0001
,
1001
0000
0000
0000
,
0010
0000
1000
0000
,
0001
0001
1001
0000
,
0010
0010
0001
1000
,
0010
1000
0100
0001
,
0100
0000
1000
0000
,
0001
0001
1001
0000
,
0110
0000
1001
0000
,
0001
0000
1000
0000
,
0001
1000
0001
1000
,
0001
0001
1001
0000
,
0010
0100
0010
0100
,
0001
0001
0010
0001
,
1000
0010
1000
0001
,
0010
0010
0110
0000
,
1000
0010
1000
0010
,
0100
0100
0001
0100
,
0001
0001
1001
1001
,
0010
0000
0010
0000
,
0100
0000
0100
0000
,
0001
0000
0010
0000
,
0001
0000
1000
0000
,
0010
0000
0010
0000
,
1000
0000
1000
0000
,
0001
0010
0100
0000
,
1000
0010
0100
0000
,
1001
0000
0000
0000
,
0000
0000
0000
0000
;

//---------------dance-single - ----------------
#NOTES:
     dance-single:
     :
     Medium:
     5:
     0.397,0.466,0.256,0.000,0.000:
0000
0000
0000
0000
,
0000
0000
0000
0000
,
0010
1000
0010
1001
,
0010
0001
0010
1001
,
0010
0010
1000
1000
,
0001
0010
0100
1000
,
0001
0100
0001
1001
,
1000
0100
1000
1001
,
0010
0010
1000
1000
,
0001
0010
0001
0000
,
0010
0001
0010
0100
0000
0000
0000
0000
,
0010
0100
0010
0001
0000
0000
0000
0000
,
1000
1000
0001
0100
,
0010
1000
0010
0100
0000
0000
0000
0000
,
0001
0010
0001
1000
0000
0000
0000
0000
,
0010
1000
0010
0100
0000
0000
0000
0000
,
0001
0001
1000
0100
,
0010
0000
0001
1000
0000
0000
0000
0000
,
0010
1000
0010
0100
0000
0000
0000
0000
,
0001
0010
0001
1000
0000
0000
0000
0000
,
0010
0010
1000
0001
,
0100
1000
0100
0001
0000
0000
0000
0000
,
1000
0010
0100
0001
0000
0000
0000
0000
,
0010
0100
1000
0001
0000
0000
0000
0000
,
1000
0000
1000
0000
0001
0010
0100
0000
,
1000
0000
0010
1000
,
1010
1010
0100
0001
,
0010
0010
0001
1000
,
0010
0000
0010
1000
,
0001
0010
0100
0110
,
1000
0000
1000
0001
,
0010
0000
0010
0001
,
1000
1001
0001
1001
,
0100
0001
0100
0001
0100
0010
0100
0010
,
1000
1000
0001
0001
0001
0000
0100
0000
,
0110
0110
1001
0100
,
0001
0000
0001
0000
0100
1000
0100
0000
,
0010
0000
0010
0000
1000
0100
0001
0000
,
0100
1000
0100
0010
0100
1000
0001
0000
,
0110
0110
1001
0100
,
0010
0000
0010
0000
0100
0001
0010
0000
,
0100
1000
0100
0001
0100
1000
0010
0000
,
1000
1001
0001
0010
,
0001
0100
0001
0101
,
0010
0100
0010
0110
,
0010
0010
1000
1000
,
0001
0010
0100
1000
,
0001
0100
0010
1010
,
0100
0010
1000
1010
,
0001
0001
0010
0010
,
0100
1000
0001
0100
,
1001
0000
0000
0000
,
0000
0000
0000
0000
;

//---------------dance-single - ----------------
#NOTES:
     dance-single:
     :
     Hard:
     9:
     0.587,0.622,0.146,0.000,0.244:
0000
0000
0000
0000
,
0000
0000
0000
0000
,
0010
0001
0010
0001
1000
0000
0001
0000
0100
0000
0000
0000
0010
0000
0000
0000
,
1000
0010
1000
0010
0100
0000
0001
0000
0010
0000
0000
0000
0001
0000
0000
0000
,
0100
0001
0100
0010
0100
0000
0000
0000
0001
1000
0001
0100
0001
0000
0000
0000
,
1000
0100
0000
0000
1000
0100
0000
0000
0010
0001
0000
0000
0010
0001
0000
0000
,
0100
0001
1000
0001
0100
0000
0010
0000
1000
0000
0000
0000
0100
0000
0000
0000
,
0001
0100
0010
0100
1000
0000
0001
0000
0100
0000
0000
0000
0010
0000
0000
0000
,
0100
0001
0100
1000
0100
0000
0000
0000
0010
1000
0010
0100
0010
0000
0000
0000
,
1000
0000
1000
0000
1000
0010
0000
1000
,
0010
0100
0001
1000
0000
0100
0000
0010
,
0001
1000
0010
0100
0000
0010
1000
0001
,
0010
0100
0010
0001
1000
1000
0001
1000
,
0010
1000
0010
0100
0000
0001
0100
1000
,
0100
0010
1000
0100
0000
0001
0100
1000
,
0010
1000
0001
0010
0000
0100
1000
0100
,
0001
0100
1000
1000
0001
0001
0100
0010
,
0100
0000
0000
0000
0000
0010
0000
1000
,
0010
0100
0001
1000
0000
0100
0000
0010
,
0001
1000
0010
0100
0000
0010
1000
0001
,
0100
1000
0100
0001
0100
0100
0001
1000
,
0100
0001
0100
1000
0000
0010
0000
1000
,
0001
0100
1000
0100
0000
0001
0000
0100
,
0001
1000
0100
0010
0000
0100
0000
1000
,
0100
0001
0100
1000
0001
0001
0100
0010
,
0100
0000
0001
0001
,
1001
1001
0010
1000
,
0001
0010
0001
0000
1000
0000
1001
0000
,
0010
0000
0010
0000
0100
1000
0100
0000
,
0001
0001
1000
0001
,
1000
1000
0010
0010
,
1000
0010
0100
0000
0001
0010
0100
0000
,
0011
0100
1100
0001
,
0100
0100
0100
0100
,
0000
0010
1000
0010
0100
0000
1001
0000
,
0010
0000
0001
0000
0100
0010
1000
0000
,
0010
0100
0001
1000
0100
0010
0001
0000
,
0100
0010
1000
0001
0100
1000
0100
0010
,
1000
0100
0001
0100
0010
0000
0110
0000
,
1000
0000
0100
0000
0010
0001
1000
0000
,
0100
0010
0001
1000
0010
0100
0001
0000
,
0010
0100
1000
0001
0100
0010
1000
0100
,
0001
0100
0010
0001
0100
0010
1000
0100
,
0010
0001
0010
0001
1000
0000
0010
0000
0100
0000
0000
0000
1001
0000
0000
0000
,
1000
0010
1000
0010
0100
0000
0001
0000
0010
0000
0000
0000
1001
0000
0000
0000
,
0100
1000
0100
0010
1000
0000
0000
0000
0100
0001
0100
1000
0010
0000
0000
0000
,
1000
0100
0000
0000
1000
0100
0000
0000
0010
0001
0000
0000
0010
0001
0000
0000
,
0100
0001
1000
0001
0100
0000
0010
0000
1000
0000
0000
0000
0110
0000
0000
0000
,
0100
1000
0100
0010
1000
0000
0001
0000
0100
0000
0000
0000
0110
0000
0000
0000
,
0001
0100
1000
0100
0001
0000
0000
0000
0010
0100
0001
0100
1000
0000
0000
0000
,
0001
0000
0000
0000
,
1001
0000
0000
0000
,
0000
0000
0000
0000
;

//---------------dance-double - ----------------
#NOTES:
     dance-double:
     :
     Easy:
     3:
     0.267,0.280,0.085,0.000,0.000:
00000000
00000000
00000000
00000000
,
00000000
00000000
00000000
00000000
,
00100000
00000000
00001000
00010000
,
00000010
00000000
00010000
00001000
,
01000000
00000000
00100000
00000000
,
10000000
01000000
00001000
00000100
,
00010000
00000000
00001000
01000000
,
00001000
00000000
00010000
00000100
,
00000010
00000001
00001000
00000100
,
00010000
00001000
00010000
00000000
,
00000010
00000100
00000000
00000000
,
00000001
00001000
00000000
00000000
,
00100000
01000000
00010000
00000000
,
10000000
10000000
10000000
00000000
,
01000000
00001000
00000000
00000000
,
00000100
00001000
00000000
00000000
,
00000010
00000100
00000001
00000000
,
00001001
00000000
00000000
00000000
,
00000010
00010000
00000000
00000000
,
00001000
01000000
00000000
00000000
,
10000000
01000000
00010000
01000000
,
00001000
00010000
00000000
00000000
,
00000100
00000010
00000000
00000000
,
00000001
00001000
00000000
00000000
,
00000100
00000100
00010000
00010000
,
00011000
00000000
00000000
00000000
,
01000000
00000000
00100000
00000000
,
10000000
00000000
00010000
10010000
,
00100000
00000000
00010000
00000000
,
01000000
00001000
00010000
00000100
,
00000001
00000000
00000001
00000000
,
00000100
00001000
00100000
00000000
,
01100000
00000000
10010000
00000000
,
00100000
00100000
00100000
00100000
,
00001000
00001000
00001000
00011000
,
00000010
00001000
00000001
00000000
,
00000100
00001000
00000100
00000001
,
00000010
00000100
00010000
00001000
,
01000000
01000000
00010000
00000000
,
01000000
10000000
01000000
00000000
,
00001000
00010000
00000100
00000010
,
00000001
00000100
00001000
00100000
,
00010000
00010000
01000000
10000000
,
01000000
00000000
00001000
00010000
,
00000010
00000000
00010000
00001000
,
01000000
01000000
00100000
00100000
,
10000000
01000000
00010000
01000000
,
00001000
00000000
00000100
00010000
,
00000100
00000000
00000010
00000100
,
00010000
00001000
01000000
00001000
,
00100000
00010000
01000000
10000000
,
01100000
00000000
00000000
00000000
,
00000000
00000000
00000000
00000000
;

//---------------dance-double - ----------------
#NOTES:
     dance-double:
     :
     Medium:
     6:
     0.427,0.466,0.268,0.000,0.000:
00000000
00000000
00000000
00000000
,
00000000
00000000
00000000
00000000
,
00100000
00010000
10000000
10010000
,
01000000
10000000
01000000
00011000
,
00000100
00000010
00000001
00001000
,
00000010
00010000
00001000
01000000
,
10000000
01000000
00010000
01100000
,
00001000
00010000
00000010
00001010
,
00000001
00000101
00000010
00011000
,
01000000
00100000
10000000
00000000
,
01000000
00010000
00001000
00000100
,
00000001
00000100
00001000
00010000
,
01000000
01000000
10000000
01000000
,
00010000
01000000
10000000
00000000
,
00010000
01000000
00001000
01000000
,
00010000
00100000
00001000
00010000
,
00000100
00000100
00000010
00000010
,
00000001
00000100
00001000
00000000
00000100
00000001
00001000
00000000
,
00000010
00010000
00001000
01000000
,
00010000
10000000
01000000
00001000
,
00010000
00010000
00000010
00000100
,
00001000
00000001
00000100
00000000
,
00000010
00010000
00001000
01000000
,
00100000
10000000
00010000
01000000
,
00001000
00001000
00010000
00010000
,
00011000
00001000
00010000
00000000
00000100
00000000
00000100
00000000
,
00000010
00000100
00010000
00010000
,
00001000
00010000
00001000
00000000
00010000
00000000
00011000
00000000
,
00000010
00001000
00000100
00000100
,
00010000
00001000
01000000
00000000
00100000
10000000
01000000
00000000
,
00010000
01000000
10000000
10000000
,
00010000
01000000
10000000
00000000
01000000
00000000
01010000
00000000
,
00001000
00011000
00000010
00001010
,
00000001
00000100
00001000
00000000
00010000
00001000
00000010
00000000
,
00000100
00001000
00000100
00010000
00000100
00000000
00011000
00000000
,
00100000
00010000
10000000
00000000
00100000
00000000
00100000
00000000
,
01000000
00001000
00010000
00000000
00000100
00000010
00000001
00000000
,
00000010
00000100
00001000
00000010
00001000
00000100
00010000
00001000
,
00010000
00001000
00100000
00010000
01000000
00000000
10010000
00000000
,
00100000
10000000
01000000
00000000
00100000
00000000
00100000
00000000
,
00001000
00000010
00000100
00000000
00001000
00000001
00000100
00000000
,
00000001
00000100
00001000
00010000
00001000
01000000
00010000
10000000
,
00010000
01010000
00001000
00011000
,
00000010
00001000
00000001
00001001
,
00000010
00010000
00001000
00011000
,
01000000
00100000
10000000
00010000
,
00100000
00001000
00010000
00000100
,
00000001
00000100
00001000
00001001
,
00010000
00001000
00100000
00110000
,
10000000
10010000
00100000
00011000
,
00000010
00000100
00001000
00000000
00000100
00000010
00010000
00000000
,
00011000
00000000
00000000
00000000
,
00000000
00000000
00000000
00000000
;

//---------------dance-double - ----------------
#NOTES:
     dance-double:
     :
     Hard:
     8:
     0.571,0.529,0.207,0.000,0.098:
00000000
00000000
00000000
00000000
,
00000000
00000000
00000000
00000000
,
10000000
00010000
01000000
00000000
00100000
01000000
00001000
00000000
,
00010000
00000100
00000010
00000000
00000100
00010000
00001000
00000000
,
00100000
00000000
00000000
00100000
00010000
00000000
00000000
00000000
10000000
00000000
00000000
10000000
00100000
00000000
00000000
00000000
,
10000000
00000000
00000000
10000000
01000000
00000000
00000000
01000000
00001000
00000000
00000000
00001000
00000100
00000000
00000000
00000100
,
00001000
00000010
00000100
00000000
00001000
00000100
00000001
00000000
,
00001000
00000100
00010000
00000000
00100000
01000000
00010000
00000000
,
01000000
00000000
00000000
01000000
10000000
00000000
00000000
00000000
01000000
00000000
00000000
01000000
00010000
00000000
00000000
00000000
,
00100000
01000000
00010000
01000000
10000000
00000000
00000000
00000000
,
00100000
10000000
00100000
10000000
01000000
10000000
01000000
10000000
,
01000000
00010000
01000000
00010000
00001000
00010000
00001000
00010000
,
00001000
00000010
00001000
00000010
00001000
00010000
00000010
00000100
,
00000001
00001000
00000001
00001000
00000010
00001000
00000010
00001000
,
00000100
00000001
00000100
00000001
00000100
00010000
00000100
00010000
,
00100000
00010000
00100000
00010000
00001000
00010000
00001000
00010000
,
00100000
00010000
00001000
01000000
00100000
10000000
10000000
01000000
,
00010000
00000000
00000000
00000000
,
00000010
00000001
00000010
00000001
00000100
00000001
00000100
00000001
,
00000100
00001000
00000100
00001000
01000000
00010000
01000000
00010000
,
00100000
00010000
00100000
00010000
01000000
00100000
10000000
00010000
,
00100000
00001000
00010000
00000100
00000010
00000001
00000010
00000001
,
00001000
00000100
00001000
00000100
00000001
00000100
00000001
00000100
,
00010000
00001000
00010000
00001000
01000000
00001000
01000000
00001000
,
00100000
00010000
10000000
00100000
01000000
00010000
00010000
10000000
,
10010000
00000000
00000000
00000000
,
00011000
00000000
00001001
00000000
,
00000010
00000001
00000100
00001000
00010000
00100000
01100000
00000000
,
10010000
00000000
00011000
00000000
,
00000010
00001000
00000100
00010000
00100000
01000000
00010000
00000000
,
01100000
01100000
10010000
01000000
,
00001000
00010000
00000100
00000010
00000001
00001000
00000010
00010000
,
00001000
00001000
00000000
00000000
01000000
01000000
00000000
00000000
,
00100000
01000000
00010000
01000000
00001000
00010000
00001000
00000010
,
00000100
00000010
00000100
00001000
00000010
00000000
00001001
00000000
,
00000010
00001000
00000001
00000100
00000010
00001000
00000100
00000000
,
00010000
00100000
00010000
00100000
01000000
00010000
10000000
00000000
,
00010000
00100000
00001000
00010000
00000100
00001000
00000010
00001000
,
00001001
00001001
00011000
10010000
,
00100000
00010000
00001000
00010000
00100000
00001000
00010000
00000000
,
00001000
00000010
00001000
00000010
00000100
00001000
00000001
00000000
,
00001001
00000100
00011000
01000000
,
00100000
10000000
00010000
00100000
01000000
00010000
00001000
00000000
,
00000010
00001000
00000010
00000000
00000100
00010000
00001000
00000000
,
01000000
00010000
10000000
00000000
01000000
00001000
00010000
00000000
,
00000010
00000000
00000000
00000010
00000100
00000000
00000000
00000000
00001000
00000000
00000000
00001000
00000100
00000000
00000000
00000000
,
00001000
00000000
00000000
00001000
00000100
00000000
00000000
00000100
00010000
00000000
00000000
00010000
00001000
00000000
00000000
00001000
,
01000000
00100000
10000000
00000000
00010000
00100000
00001000
00000000
,
00010000
00000100
00001000
00000000
00000010
00000100
00001000
00000000
,
00000100
00000000
00000000
00000100
00000001
00000000
00000000
00000000
00000100
00000000
00000000
00000100
00001000
00000000
00000000
00000000
,
00010000
00001000
00100000
00001000
,
00011000
00000000
00000000
00000000
,
00000000
00000000
00000000
00000000
;
