#TITLE:ロンロンへ ライライライ！;
#SUBTITLE:;
#ARTIST:ここなつ;
#TITLETRANSLIT:Ronron e rairairai!;
#SUBTITLETRANSLIT:;
#ARTISTTRANSLIT:CocoNatsu;
#GENRE:;
#CREDIT:;
#BANNER:Ronron e rairairai!.png;
#BACKGROUND:Ronron e rairairai!-bg.png;
#LYRICSPATH:;
#CDTITLE:./CDTitles/SOUND VOLTEX III GRAVITY WARS.png;
#MUSIC:Ronron e rairairai!.ogg;
#OFFSET:0.000000;
#SAMPLESTART:78.461998;
#SAMPLELENGTH:15.000000;
#SELECTABLE:YES;
#BPMS:0.000000=156.000000
;
#STOPS:
;
#BGCHANGES:;
#KEYSOUNDS:;
#ATTACKS:;

//---------------dance-single - ----------------
#NOTES:
     dance-single:
     :
     Hard:
     13:
     0.512194,0.601769,0.356052,0.140765,0.124204,433.000000,390.000000,43.000000,17.000000,0.000000,0.000000,0.512194,0.601769,0.356052,0.140765,0.124204,433.000000,390.000000,43.000000,17.000000,0.000000,0.000000:
0000
0000
0000
0000
,
0000
0000
0000
0000
,
0000
0000
0000
0000
,
0000
0000
0000
0000
,
0000
0000
0000
0000
,
0000
0000
0000
0000
,
0000
0000
0000
0000
,
0000
0000
0000
0000
,
0000
0000
0000
0000
,
0000
0000
0000
0000
,
1100
0110
0011
0110
,
1000
0001
1000
0010
1000
0100
1000
0000
,
0001
1000
0001
0010
0001
0100
0001
0000
,
0010
0100
0010
0000
0001
0000
0100
0000
0010
0000
1000
0000
0100
0000
1000
0000
,
1001
0110
1001
0110
,
0001
1000
0001
0010
0001
0100
0001
0000
,
1000
0001
1000
0010
1000
0100
1000
0000
,
0010
0100
0010
0000
1000
0000
0100
0000
0010
0000
0001
0000
0100
0000
0000
0000
,
0010
0000
0000
1000
0000
0000
0100
0000
0001
0000
0000
0000
0110
0000
0000
0000
,
1000
0100
1000
0000
0001
0000
0000
0000
0100
0010
0100
0000
0001
0000
0000
0000
,
0010
0001
0010
0000
0100
0000
0000
0000
0000
0000
0000
0000
0000
0000
0000
0000
,
0001
1000
0001
0000
1000
0000
0000
0000
0100
1000
0100
0000
1000
0000
0000
0000
,
0100
0000
0000
0001
0000
0000
0100
0000
1000
0000
0000
0000
0110
0000
0000
0000
,
1000
0100
1000
0001
0010
0001
0100
1000
,
0100
0001
0010
0100
1000
0001
1000
0000
,
0000
0000
1000
0000
0001
0000
1000
0000
0001
0000
0000
1000
0100
0000
1000
0000
,
1100
0011
1001
0000
,
0000
1000
0001
1000
0010
1000
0100
0001
,
0100
1000
0010
0100
0001
1000
0001
0000
,
0000
1000
0010
0001
0010
0000
0100
0001
,
0101
0110
1001
0000
,
0000
0001
1000
0001
0100
0001
0010
0100
,
0010
0001
0100
0010
1000
0001
1000
0000
,
0000
0000
0001
0100
0001
0000
1000
0000
0001
0000
1000
0000
0010
0000
1000
0000
,
1010
0101
1001
0011
,
0000
1000
0001
1000
0100
1000
0010
0100
,
0000
0010
0100
0001
0100
0010
1000
0000
,
0001
0100
0001
0000
0100
0000
0000
0000
1000
0010
1000
0000
0010
0000
0000
0000
,
1100
0011
1001
0000
,
0002
1000
0100
0010
,
2003
0100
0001
0010
,
3002
0103
2000
3100
,
0002
0013
2000
3010
,
0002
1000
0010
0100
,
2003
0001
0010
0100
,
3002
0013
2000
3010
,
0002
0103
2000
3100
,
0001
0100
0001
0000
0100
0000
0000
0000
0010
0100
0010
0000
0100
0000
0000
0000
,
0010
1000
0010
0000
1000
0000
0000
0000
0000
0000
0000
0000
0000
0000
0000
0000
,
1000
0001
1000
0000
0001
0000
0000
0000
0100
0001
0100
0000
0001
0000
0000
0000
,
1000
0000
0000
0001
0000
0000
0100
0000
0010
0000
0000
0000
1000
0000
0000
0000
,
0110
0000
1001
0000
0110
0000
0100
0001
,
0010
1000
0100
0001
0010
0000
1000
0000
,
0001
0010
0001
1000
0100
0010
0001
0010
,
0001
0100
1000
0100
0001
0000
0000
0000
,
0110
0000
1001
0000
0110
0000
0100
1000
,
0010
0001
0100
1000
0010
0000
0001
0010
,
0001
0000
1000
0100
0000
1000
0000
0000
0100
0000
0010
0000
0001
0000
0010
0000
,
1000
0110
1001
0000
,
1000
0100
1000
0001
0010
0001
0100
0010
,
1000
0100
0010
0001
1000
0000
0000
0001
,
0010
0000
0100
0010
0000
0100
0000
0000
1000
0000
0100
1000
0000
0100
0000
0000
,
1000
0010
0100
0001
1000
0000
0100
0000
,
0002
0000
0000
0000
0100
0000
0103
0100
,
0000
1000
0001
1000
0010
0000
0000
1000
,
0001
0000
0100
0001
0000
0100
0000
0000
0010
0000
1000
0000
0001
0000
1000
0000
,
0010
0110
1001
0110
,
0002
0000
2000
3003
,
0220
0000
0330
0000
,
0001
1000
0001
0010
0001
0100
0001
0000
,
1000
0001
1000
0010
1000
0100
1000
0000
,
0010
0100
0010
0000
1000
0000
0100
0000
0010
0000
0001
0000
0100
0000
0001
0000
,
1001
0110
1001
0110
,
1000
0001
1000
0010
1000
0100
1000
0000
,
0001
1000
0001
0010
0001
0100
0001
0000
,
1000
0010
1000
0000
0001
0000
0100
0000
0010
0000
1000
0000
0100
0000
0000
0000
,
0011
0000
0000
0101
0000
0000
0110
0000
1001
0000
0000
0000
0000
0000
0000
0000
;

//---------------dance-double - ----------------
#NOTES:
     dance-double:
     :
     Medium:
     11:
     0.382075,0.506753,0.256688,0.066242,0.012420,323.000000,292.000000,31.000000,8.000000,0.000000,0.000000,0.382075,0.506753,0.256688,0.066242,0.012420,323.000000,292.000000,31.000000,8.000000,0.000000,0.000000:
  // measure 0
00000000
00000000
00000000
00000000
,  // measure 1
00000000
00000000
00000000
00000000
,  // measure 2
00000000
00000000
00000000
00000000
,  // measure 3
00000000
00000000
00000000
00000000
,  // measure 4
00000000
00000000
00000000
00000000
,  // measure 5
00000000
00000000
00000000
00000000
,  // measure 6
00000000
00000000
00000000
00000000
,  // measure 7
00000000
00000000
00000000
00000000
,  // measure 8
00000000
00000000
00000000
00000000
,  // measure 9
00000000
00000000
00000000
00000000
,  // measure 10
01100000
00110000
11000000
10010000
,  // measure 11
00100000
00010000
10000000
00000000
00010000
01000000
00010000
00000000
,  // measure 12
10000000
00000000
01000000
00000000
00010000
00001000
00000010
00000000
,  // measure 13
00000100
00000010
00000001
00000100
00000001
00001000
00000100
00000000
,  // measure 14
00010000
00001000
00010000
00010000
,  // measure 15
00000010
00001000
00000001
00000000
00001000
00000100
00001000
00000000
,  // measure 16
00000001
00000000
00000100
00000000
00001000
00010000
00100000
00000000
,  // measure 17
10000000
01000000
10000000
01000000
10000000
00010000
01000000
00000000
,  // measure 18
01010000
10100000
01010000
00000000
,  // measure 19
00001000
00010000
00001000
00000000
00000100
00000010
00000100
00000000
,  // measure 20
00000010
00001000
00000010
00000000
00000000
00000000
00000000
00000000
,  // measure 21
00010000
00001000
00010000
00000000
01000000
10000000
01000000
00000000
,  // measure 22
10000000
00000000
00000000
00010000
00000000
00000000
01000000
00000000
00010000
00000000
00000000
00000000
00011000
00000000
00000000
00000000
,  // measure 23
00001000
00000000
00001000
00000000
00000010
00000001
00000010
00000000
,  // measure 24
00000100
00000000
00000010
00000000
00000001
00000100
00001000
00000000
,  // measure 25
00010000
00001000
00100000
00000000
01000000
10000000
01000000
00000000
,  // measure 26
01100000
00110000
00011000
00000000
,  // measure 27
00001000
00000000
00010000
00000000
00100000
10000000
00100000
00000000
,  // measure 28
01000000
00000000
00100000
00000000
10000000
01000000
00010000
00000000
,  // measure 29
00001000
00010000
00000010
00000000
00000100
00000001
00000100
00000000
,  // measure 30
00000101
00001100
00011000
00000000
,  // measure 31
00000000
00001000
00100000
00010000
00100000
00000000
00010000
00000000
,  // measure 32
00000000
00010000
01000000
00100000
10000000
00000000
01000000
00000000
,  // measure 33
00000000
10000000
01000000
00010000
00001000
00000000
00000010
00000000
,  // measure 34
00000011
00001100
00000101
00000011
,  // measure 35
00000000
00000001
00000010
00001000
00000010
00000000
00001000
00000000
,  // measure 36
00000000
00010000
00001000
00100000
00010000
00000000
01000000
00000000
,  // measure 37
10000000
01000000
00010000
00000000
00010000
00100000
00010000
00000000
,  // measure 38
10000000
00010000
01010000
00000000
,  // measure 39
00020000
01000000
10000000
00100000
,  // measure 40
00032000
00000000
00000000
00000000
00000000
00000000
00000000
00003000
,  // measure 41
00000002
00000000
00000000
00000000
00000000
00000000
00000000
00000003
,  // measure 42
00000000
00000000
00000000
00000000
,  // measure 43
00002000
00000100
00000001
00000010
,  // measure 44
00023000
00000000
00000000
00000000
00000000
00000000
00000000
00030000
,  // measure 45
20000000
00000000
00000000
00000000
00000000
00000000
00000000
30000000
,  // measure 46
00000000
00000000
00000000
00000000
,  // measure 47
10000000
01000000
00010000
00000000
00010000
00001000
00000100
00000000
,  // measure 48
00000100
00000001
00000010
00000000
00000000
00000000
00000000
00000000
,  // measure 49
00000001
00000100
00001000
00000000
00001000
00010000
00100000
00000000
,  // measure 50
10000000
00000000
00000000
00010000
00000000
00000000
10000000
00000000
00010000
00000000
00000000
00000000
01100000
00000000
00000000
00000000
,  // measure 51
10010000
01100000
10010000
00100000
,  // measure 52
10000000
01000000
00010000
00001000
,  // measure 53
00010000
00000000
00000100
00000000
00001000
00000100
00001000
00000000
,  // measure 54
00000001
00000000
00000100
00001000
00000100
00000000
00000000
00000000
,  // measure 55
00001000
00000000
00010000
00000000
00100000
00000000
10000000
00100000
,  // measure 56
10000000
00000000
01000000
10000000
00100000
00000000
00000000
00000000
,  // measure 57
10000000
00000000
01000000
00000000
00010000
00001000
00000010
00000000
,  // measure 58
00000011
00000101
00001001
00000000
,  // measure 59
00001000
00000100
00000001
00000000
00000001
00000100
00000010
00000000
,  // measure 60
00000001
00000010
00001000
00000000
00010000
00001000
00010000
00000000
,  // measure 61
00001000
01000000
00010000
00100000
,  // measure 62
00110000
01100000
10010000
01000000
,  // measure 63
20000000
00000000
00000000
30010000
,  // measure 64
00000000
01000000
00001000
00010000
00001000
00000000
00000000
00000000
,  // measure 65
00001000
00000100
00000001
00000000
00000001
00000100
00001000
00000000
,  // measure 66
00010000
00011000
00010000
01100000
,  // measure 67
10000000
00000000
00010000
00000000
,  // measure 68
00002000
00000000
00000000
00003000
,  // measure 69
00000010
00001000
00000001
00000000
00001000
00000100
00001000
00000000
,  // measure 70
00000001
00000000
00000100
00000000
00001000
00010000
00100000
00000000
,  // measure 71
01000000
00100000
10000000
01000000
10000000
00010000
01000000
00000000
,  // measure 72
00001000
00010000
00001000
00001000
,  // measure 73
00100000
00010000
10000000
00000000
00010000
01000000
00010000
00000000
,  // measure 74
10000000
00000000
01000000
00000000
00010000
00001000
00000010
00000000
,  // measure 75
00000001
00000100
00000001
00000100
00000001
00001000
00000100
00000000
,  // measure 76
00010000
00000000
00000000
00001000
00000000
00000000
00010000
00000000
00001000
00000000
00000000
00000000
00000000
00000000
00000000
00000000
;

//---------------dance-double - ----------------
#NOTES:
     dance-double:
     :
     Hard:
     13:
     0.467244,0.538425,0.190446,0.132484,0.074522,395.000000,372.000000,23.000000,16.000000,0.000000,0.000000,0.467244,0.538425,0.190446,0.132484,0.074522,395.000000,372.000000,23.000000,16.000000,0.000000,0.000000:
  // measure 0
00000000
00000000
00000000
00000000
,  // measure 1
00000000
00000000
00000000
00000000
,  // measure 2
00000000
00000000
00000000
00000000
,  // measure 3
00000000
00000000
00000000
00000000
,  // measure 4
00000000
00000000
00000000
00000000
,  // measure 5
00000000
00000000
00000000
00000000
,  // measure 6
00000000
00000000
00000000
00000000
,  // measure 7
00000000
00000000
00000000
00000000
,  // measure 8
00000000
00000000
00000000
00000000
,  // measure 9
00000000
00000000
00000000
00000000
,  // measure 10
00011000
00001100
00000110
00000101
,  // measure 11
00000100
00000001
00001000
00000010
00010000
00000100
00001000
00000000
,  // measure 12
00000100
00001000
00000001
00000010
00000001
00000100
00001000
00000000
,  // measure 13
01000000
00100000
10000000
01000000
00100000
00010000
01000000
10000000
,  // measure 14
11000000
01100000
10010000
10000000
,  // measure 15
01000000
10000000
00010000
00100000
00001000
01000000
00010000
00000000
,  // measure 16
01000000
00010000
10000000
00100000
10000000
01000000
00010000
00000000
,  // measure 17
00000100
00000010
00000001
00000100
00000010
00001000
00000100
00000000
,  // measure 18
00010000
00000000
00000000
00001000
00000000
00000000
00010000
00000000
00011000
00000000
00000000
00000000
00000000
00000000
00000000
00000000
,  // measure 19
00001000
00010000
00001000
00000000
00010000
00000000
00000000
00000000
00100000
01000000
00100000
00000000
01000000
00000000
00000000
00000000
,  // measure 20
00010000
10000000
00010000
00000000
10000000
00000000
00000000
00000000
00000000
00000000
00000000
00000000
00000000
00000000
00000000
00000000
,  // measure 21
10000000
01000000
10000000
00000000
01000000
00000000
00000000
00000000
00010000
01000000
00010000
00000000
01000000
00000000
00000000
00000000
,  // measure 22
00010000
00000000
00000000
00001000
00000000
00000000
00000100
00000000
00000010
00000000
00000000
00000000
00001001
00000000
00000000
00000000
,  // measure 23
00000000
00000100
00001000
00000001
00000010
00000001
00000100
00001000
,  // measure 24
00010000
00001000
00000100
00000010
00010000
00001000
00010000
00000000
,  // measure 25
00000000
00010000
00100000
10000000
00010000
00000000
10000000
00000000
,  // measure 26
01100000
00010000
00001000
00000000
,  // measure 27
00000000
00000100
00000001
00001000
00000010
00001000
00000100
00000001
,  // measure 28
00000100
00001000
00000010
00000100
00000001
00000100
00001000
00000000
,  // measure 29
00010000
00000000
01100000
00000000
00100000
00000000
01000000
00010000
,  // measure 30
10000000
01000000
00010000
00000000
,  // measure 31
00000000
00001000
00010000
00001000
00000100
00000001
00000010
00001000
,  // measure 32
00000010
00000001
00000100
00000010
00000100
00001000
00010000
00000000
,  // measure 33
00000000
00001000
00010000
00001000
00100000
00010000
00100000
01000000
,  // measure 34
01100000
00110000
10010000
10000000
,  // measure 35
00000000
01000000
00010000
00001000
00000100
00001000
00000100
00000010
,  // measure 36
00001000
00000001
00000010
00000001
00000010
00000100
00010000
00000000
,  // measure 37
00001000
00010000
00001000
00000000
00100000
00010000
00100000
00000000
,  // measure 38
00001000
00010000
00011000
00000000
,  // measure 39
00020000
00000100
00001000
00000100
,  // measure 40
00032000
01000000
00010000
02003000
,  // measure 41
03020000
01000000
10000000
00100000
,  // measure 42
00032000
00000100
00000001
00003020
,  // measure 43
00020030
00000100
00001000
00000100
,  // measure 44
00032000
01000000
00010000
02003000
,  // measure 45
03020000
01000000
10000000
00100000
,  // measure 46
00032000
00000100
00000001
00000010
,  // measure 47
00003001
00000100
00000001
00000000
00000100
00000000
00000000
00000000
00000100
00000010
00000100
00000000
00000010
00000000
00000000
00000000
,  // measure 48
00000010
00010000
00000010
00000000
00010000
00000000
00000000
00000000
00000000
00000000
00000000
00000000
00000000
00000000
00000000
00000000
,  // measure 49
00001000
00010000
00001000
00000000
00010000
00000000
00000000
00000000
00010000
01000000
00010000
00000000
01000000
00000000
00000000
00000000
,  // measure 50
10000000
00000000
00000000
01000000
00000000
00000000
00010000
00000000
00001000
00000000
00000000
00000000
00011000
00000000
00000000
00000000
,  // measure 51
00000010
00000000
00001000
00000000
00000100
00000000
00000001
00000010
,  // measure 52
00001000
00000000
00000100
00000001
00000010
00000000
00001000
00000000
,  // measure 53
00000100
00010000
00001000
00000000
00100000
00001000
00010000
00000000
,  // measure 54
00001000
00010000
01000000
10000000
01000000
00000000
01100000
00000000
,  // measure 55
00010000
00000000
00001000
00000000
00000100
00000000
00000001
00000010
,  // measure 56
00001000
00000000
00000100
00000001
00000010
00000000
00000001
00000000
,  // measure 57
00000001
00001000
00000100
00001000
00000100
00010000
00001000
00010000
,  // measure 58
01000000
10000000
10010000
00000000
,  // measure 59
10000000
01000000
10000000
00010000
00100000
00000000
00100000
00001000
,  // measure 60
00010000
00001000
00000100
00000010
00000100
00000000
00000000
00000010
,  // measure 61
00001000
00000000
00000010
00001000
00000000
00000000
00000000
00000000
00000010
00000000
00000100
00000010
00000000
00000000
00000000
00000000
,  // measure 62
00000100
00001000
00010000
00100000
01000000
00000000
00100000
00000000
,  // measure 63
20000000
00000000
00000000
00000000
01000000
00000000
31000000
01000000
,  // measure 64
00000000
00010000
00001000
00000010
00000001
00000000
00000000
00001000
,  // measure 65
00000001
00000000
00000010
00000001
00000000
00000010
00000000
00000000
00000100
00000000
00001000
00000000
00000001
00000000
00000010
00000000
,  // measure 66
00001000
00010000
00001000
00010000
,  // measure 67
02000000
00000000
00200000
03300000
,  // measure 68
20020000
00000000
30030000
00000000
,  // measure 69
01000000
10000000
00010000
00100000
00001000
01000000
00010000
00000000
,  // measure 70
01000000
00010000
10000000
00100000
10000000
01000000
00010000
00000000
,  // measure 71
00000100
00000010
00000001
00000100
00000010
00001000
00000100
00000001
,  // measure 72
00000101
00000110
00001001
00000001
,  // measure 73
00000100
00000001
00001000
00000010
00010000
00000100
00001000
00000000
,  // measure 74
00000100
00001000
00000001
00000010
00000001
00000100
00001000
00000000
,  // measure 75
01000000
00100000
10000000
01000000
00100000
00010000
01000000
00000000
,  // measure 76
00001000
00000000
00000000
00010000
00000000
00000000
00001000
00000000
00011000
00000000
00000000
00000000
00000000
00000000
00000000
00000000
;

//---------------dance-single - ----------------
#NOTES:
     dance-single:
     :
     Medium:
     10:
     0.421111,0.475081,0.372612,0.207007,0.016561,356.000000,311.000000,45.000000,25.000000,0.000000,0.000000,0.421111,0.475081,0.372612,0.207007,0.016561,356.000000,311.000000,45.000000,25.000000,0.000000,0.000000:
0000
0000
0000
0000
,
0000
0000
0000
0000
,
0000
0000
0000
0000
,
0000
0000
0000
0000
,
0000
0000
0000
0000
,
0000
0000
0000
0000
,
0000
0000
0000
0000
,
0000
0000
0000
0000
,
0000
0000
0000
0000
,
0000
0000
0000
0000
,
1000
0001
0110
1001
,
0010
0001
1000
0000
0001
0100
0001
0000
,
1000
0100
1000
0010
0001
0000
0010
0000
,
0010
0100
0001
0100
0001
1000
0100
0000
,
1100
0011
1100
0000
,
0010
1000
0001
0000
1000
0100
1000
0000
,
0001
0100
0001
0010
1000
0000
0010
0000
,
0010
0100
1000
0100
1000
0001
0100
0000
,
0001
0000
0000
1000
0000
0000
0001
0000
1001
0000
0000
0000
0000
0000
0000
0000
,
1000
0100
1000
0000
0100
0010
0100
0000
,
0010
0001
0010
0000
0000
0000
0000
0000
,
0001
1000
0001
0000
0100
1000
0100
0000
,
0001
0000
0000
1000
0000
0000
0001
0000
1001
0000
0000
0000
0110
0000
0000
0000
,
1000
0000
1000
0000
0010
0001
0010
0000
,
0100
0000
0010
0000
1000
0001
1000
0000
,
1000
0001
0010
0000
0100
1000
0100
0000
,
0011
1100
1001
0000
,
0001
0000
0001
0000
0010
1000
0010
0000
,
0100
0000
0010
0000
0001
1000
0001
0000
,
0001
1000
0010
0000
0100
0001
0100
0000
,
1010
0101
1001
0000
,
0000
1000
0010
0001
0010
0000
0100
0000
,
0000
0001
0100
0010
1000
0001
0100
0000
,
0000
0001
0100
0001
1000
0000
0010
0000
,
0101
1100
0101
0011
,
0000
0001
0010
1000
0010
0000
0100
0000
,
0000
1000
0100
0010
0001
1000
0100
0000
,
1000
0001
1000
0000
0001
0010
0001
0000
,
1100
0011
1001
0000
,
0002
0000
0000
0203
,
2300
0000
3200
0000
,
0302
0023
2000
3030
,
2000
3020
0002
0033
,
2000
0100
0100
3200
,
0302
0000
0203
0000
,
2300
3020
0002
0033
,
0002
0023
2000
3030
,
0001
0100
0001
0000
0100
0010
0100
0000
,
0010
1000
0010
0000
0000
0000
0000
0000
,
1000
0001
1000
0000
0100
1000
0100
0000
,
1000
0000
0000
0001
0000
0000
1000
0000
0001
0000
0000
0000
0110
0000
0000
0000
,
1001
0000
0110
0000
1001
0000
0001
0010
,
1000
0000
0100
0001
0010
0000
0000
0000
,
0001
0000
1100
0000
1000
0100
1000
0000
,
0001
0000
0100
1000
0100
0000
0001
0000
,
1001
0000
0110
0000
1001
0000
1000
0010
,
0001
0000
0100
1000
0010
0000
0000
0000
,
1000
0000
0101
0000
0001
0100
0001
0000
,
1100
0101
1001
0000
,
1000
0100
0001
0000
0001
0100
1000
0000
,
1000
0010
0001
0000
0010
1000
0100
0000
,
1000
0000
0101
0000
0001
0010
0001
0000
,
1100
0101
1001
0100
,
2000
0000
0000
3001
,
0000
0001
0010
0100
1000
0000
0000
0000
,
1000
0100
0001
0000
0001
0100
1000
0010
,
0001
0110
1001
0110
,
2000
0000
0002
3003
,
0220
0000
0000
0330
,
0010
1000
0001
0000
1000
0100
1000
0000
,
0001
0100
0001
0010
1000
0000
0010
0000
,
0010
0100
1000
0100
1000
0001
0100
0000
,
0101
1010
0101
0000
,
0010
0001
1000
0000
0001
0100
0001
0000
,
1000
0100
1000
0010
0001
0000
0010
0000
,
0010
0100
0001
0100
0001
1000
0100
0000
,
1000
0000
0000
0001
0000
0000
1000
0000
1001
0000
0000
0000
0000
0000
0000
0000
;

//---------------dance-single - ----------------
#NOTES:
     dance-single:
     :
     Easy:
     7:
     0.259054,0.348392,0.115924,0.107644,0.000000,219.000000,205.000000,14.000000,13.000000,0.000000,0.000000,0.259054,0.348392,0.115924,0.107644,0.000000,219.000000,205.000000,14.000000,13.000000,0.000000,0.000000:
0000
0000
0000
0000
,
0000
0000
0000
0000
,
0000
0000
0000
0000
,
0000
0000
0000
0000
,
0000
0000
0000
0000
,
0000
0000
0000
0000
,
0000
0000
0000
0000
,
0000
0000
0000
0000
,
0000
0000
0000
0000
,
0000
0000
0000
0000
,
1000
0001
1000
1001
,
1000
0100
0010
0000
,
0100
1000
0001
0010
,
0010
0001
0100
0000
,
0001
1000
1001
0000
,
0001
0100
0010
0000
,
0100
0001
1000
0010
,
0010
1000
0100
0000
,
1000
0001
1001
0000
,
1000
1000
0000
0000
0001
0001
0000
0000
,
1000
1000
0000
0000
0000
0000
0000
0000
,
0001
0001
0000
0000
1000
1000
0000
0000
,
0001
1000
0001
0000
,
1000
0001
0100
0000
,
0001
0010
1000
0000
,
0010
0001
0100
0000
,
0010
0100
1001
0000
,
0001
1000
0100
0000
,
1000
0010
0001
0000
,
0010
1000
0100
0000
,
0010
0100
1001
0000
,
1000
0001
0010
0000
,
0001
0100
1000
0000
,
0100
0001
0010
0000
,
0100
0010
1001
0110
,
0001
1000
0010
0000
,
1000
0100
0010
0000
,
0100
0100
0010
0010
,
0100
0010
1001
0000
,
2000
0000
0000
3000
,
0002
0000
0000
0003
,
0100
0010
0200
0000
,
0310
0200
0010
0300
,
0002
0000
0000
0003
,
2000
0000
0000
3000
,
0100
0010
0200
0000
,
0310
0200
0010
0310
,
0001
0001
0000
0000
1000
1000
0000
0000
,
0010
0010
0000
0000
0000
0000
0000
0000
,
1000
1000
0000
0000
0100
0100
0000
0000
,
0010
0001
0100
0000
,
0010
1000
0100
0001
,
0010
1000
0100
0000
,
0001
0100
1000
0000
,
1000
0100
0001
0000
,
0010
0001
0100
1000
,
0010
0001
0100
0000
,
1000
0100
0001
0000
,
0001
1000
1001
0000
,
1000
0100
0001
0100
,
1000
0100
1000
0000
,
1000
0001
0100
0001
,
1000
0100
1000
0100
,
2000
0000
0000
3001
,
0010
0001
1000
0000
,
1000
0001
0001
0000
,
1000
0100
0001
0100
,
2000
0000
0002
3003
,
0220
0000
0330
0000
,
1000
0100
0010
0000
,
0100
1000
0001
0010
,
0010
0001
0100
0000
,
0001
1000
1001
0000
,
0001
0100
0010
0000
,
0100
0001
1000
0010
,
0010
1000
0100
0000
,
1001
1001
1001
0000
;

//---------------dance-single - ----------------
#NOTES:
     dance-single:
     :
     Beginner:
     3:
     0.170337,0.221704,0.000000,0.057962,0.000000,144.000000,144.000000,0.000000,7.000000,0.000000,0.000000,0.170337,0.221704,0.000000,0.057962,0.000000,144.000000,144.000000,0.000000,7.000000,0.000000,0.000000:
0000
0000
0000
0000
,
0000
0000
0000
0000
,
0000
0000
0000
0000
,
0000
0000
0000
0000
,
0000
0000
0000
0000
,
0000
0000
0000
0000
,
0000
0000
0000
0000
,
0000
0000
0000
0000
,
0000
0000
0000
0000
,
0000
0000
0000
0000
,
0010
0010
0010
0010
,
0000
1000
0000
0001
,
0000
1000
0000
0001
,
0000
0010
0000
0100
,
0100
0100
0100
0000
,
0000
1000
0000
0001
,
0000
1000
0000
0001
,
0000
0010
0000
0100
,
0100
0100
0100
0000
,
1000
0000
0001
0000
,
1000
0000
0000
0000
,
0001
0000
1000
0000
,
0001
0001
0001
0000
,
1000
1000
0000
0000
,
0001
0001
0000
0000
,
0010
0010
0010
0000
,
0001
0001
0001
0000
,
0001
0001
0000
0000
,
1000
1000
0000
0000
,
0010
0010
0010
0000
,
1000
1000
1000
0000
,
1000
1000
0000
0000
,
0001
0001
0000
0000
,
0100
0100
0100
0000
,
0001
0001
0001
0000
,
0001
0001
0001
0000
,
1000
1000
1000
0000
,
0100
0000
0100
0000
,
1000
1000
1000
0000
,
2000
0000
0000
3000
,
0002
0000
0000
0003
,
0200
0000
0000
0300
,
0000
0000
0000
0000
,
0002
0000
0000
0003
,
2000
0000
0000
3000
,
0200
0000
0000
0300
,
0000
0000
0000
0000
,
0010
0000
1000
0000
,
0010
0000
0000
0000
,
0010
0000
0001
0000
,
0010
0010
0010
0000
,
0001
0000
0010
0000
,
1000
0000
0100
0000
,
1000
1000
1000
0000
,
0001
0001
0001
0000
,
1000
0000
0010
0000
,
0001
0000
0100
0000
,
0000
0001
0000
0001
,
0001
0001
0001
0000
,
0001
0000
0010
0000
,
1000
0000
0100
0000
,
1000
1000
1000
0000
,
0001
0001
0001
0000
,
1000
0000
0001
0000
,
1000
0000
0001
0000
,
1000
0000
0001
0000
,
0010
0010
0010
0000
,
1000
0000
0001
0000
,
0020
0000
0030
0000
,
0000
0001
0000
1000
,
0000
0001
0000
1000
,
0000
0010
0000
0100
,
0100
0100
0100
0000
,
0000
0001
0000
1000
,
0000
0001
0000
1000
,
0000
0010
0000
0100
,
0100
0100
0100
0000
;

//---------------dance-double - ----------------
#NOTES:
     dance-double:
     :
     Easy:
     7:
     0.251957,0.316720,0.091083,0.099363,0.000000,213.000000,202.000000,11.000000,12.000000,0.000000,0.000000,0.251957,0.316720,0.091083,0.099363,0.000000,213.000000,202.000000,11.000000,12.000000,0.000000,0.000000:
  // measure 0
00000000
00000000
00000000
00000000
,  // measure 1
00000000
00000000
00000000
00000000
,  // measure 2
00000000
00000000
00000000
00000000
,  // measure 3
00000000
00000000
00000000
00000000
,  // measure 4
00000000
00000000
00000000
00000000
,  // measure 5
00000000
00000000
00000000
00000000
,  // measure 6
00000000
00000000
00000000
00000000
,  // measure 7
00000000
00000000
00000000
00000000
,  // measure 8
00000000
00000000
00000000
00000000
,  // measure 9
00000000
00000000
00000000
00000000
,  // measure 10
10000000
00010000
10000000
10010000
,  // measure 11
10000000
01000000
00100000
00000000
,  // measure 12
00001000
00010000
00000100
00000010
,  // measure 13
00000001
00000100
00001000
00000000
,  // measure 14
00000100
00000001
00000110
00000000
,  // measure 15
00000001
00000100
00000010
00000000
,  // measure 16
00010000
00001000
01000000
00100000
,  // measure 17
10000000
01000000
00010000
00000000
,  // measure 18
01000000
10000000
01100000
00000000
,  // measure 19
10000000
10000000
00000000
00000000
01000000
01000000
00000000
00000000
,  // measure 20
00010000
00010000
00000000
00000000
00000000
00000000
00000000
00000000
,  // measure 21
00001000
00001000
00000000
00000000
00010000
00010000
00000000
00000000
,  // measure 22
00001000
00000010
00000001
00001001
,  // measure 23
00001000
00000001
00000100
00000000
,  // measure 24
00000001
00000010
00001000
00000000
,  // measure 25
00100000
00010000
01000000
00000000
,  // measure 26
00100000
01000000
10010000
00000000
,  // measure 27
00010000
10000000
01000000
00000000
,  // measure 28
10000000
00100000
00010000
00000000
,  // measure 29
00000010
00001000
00000100
00000000
,  // measure 30
00000010
00000100
00001001
00000000
,  // measure 31
00001000
00000001
00000010
00000000
,  // measure 32
00000001
00000100
00001000
00000000
,  // measure 33
01000000
00010000
00100000
00000000
,  // measure 34
01000000
00100000
11000000
01010000
,  // measure 35
00010000
10000000
00100000
00000000
,  // measure 36
10000000
01000000
00010000
00000000
,  // measure 37
00001000
00001000
00010000
00010000
,  // measure 38
00000100
00000010
00001001
00000000
,  // measure 39
00000002
00000000
00000000
00000003
,  // measure 40
00000200
00000000
00000000
00000300
,  // measure 41
00001000
00010000
02000000
00000000
,  // measure 42
13000000
02000000
00100000
03000000
,  // measure 43
00020000
00000000
00000000
00030000
,  // measure 44
02000000
00000000
00000000
03000000
,  // measure 45
00010000
00001000
00000020
00000000
,  // measure 46
00000031
00000200
00000310
00000000
,  // measure 47
00000001
00000001
00000000
00000000
00000010
00000010
00000000
00000000
,  // measure 48
00001000
00001000
00000000
00000000
00000000
00000000
00000000
00000000
,  // measure 49
00010000
00010000
00000000
00000000
00100000
00100000
00000000
00000000
,  // measure 50
10000000
00010000
01000000
00000000
,  // measure 51
00100000
10000000
01000000
00010000
,  // measure 52
00100000
10000000
01000000
00000000
,  // measure 53
00001000
00010000
00001000
00000000
,  // measure 54
00010000
00000100
00001000
00000000
,  // measure 55
00000010
00001000
00000100
00000001
,  // measure 56
00000010
00001000
00000100
00000000
,  // measure 57
00010000
01000000
10000000
00000000
,  // measure 58
00010000
01000000
00010000
00000000
,  // measure 59
10000000
01000000
00010000
00001000
,  // measure 60
00010000
00000010
00001000
00000000
,  // measure 61
00000010
00000000
00000100
00000000
,  // measure 62
00001000
00010000
00100000
00000000
,  // measure 63
20000000
00000000
00000000
30010000
,  // measure 64
00100000
00010000
10000000
00000000
,  // measure 65
10000000
01000000
00010000
00000000
,  // measure 66
00001000
00000010
00000001
00000010
,  // measure 67
00002000
00000000
00000020
00003000
,  // measure 68
00000032
00000000
00000000
00000003
,  // measure 69
00000001
00000100
00000010
00000000
,  // measure 70
00010000
00001000
01000000
00100000
,  // measure 71
10000000
01000000
00010000
00000000
,  // measure 72
01000000
10000000
01100000
00000000
,  // measure 73
10000000
01000000
00100000
00000000
,  // measure 74
00001000
00010000
00000100
00000010
,  // measure 75
00000001
00000100
00001000
00000000
,  // measure 76
00010000
00100000
10010000
00000000
;
