#TITLE:三毛猫ロック;
#SUBTITLE:;
#ARTIST:亜熱帯マジ-SKA爆弾;
#TITLETRANSLIT:CALICO CAT ROCK;
#SUBTITLETRANSLIT:;
#ARTISTTRANSLIT:ANETTAI MAJI-SKA BAKUDAN;
#CREDIT:;
#BANNER:CALICO CAT ROCK.png;
#BACKGROUND:CALICO CAT ROCK-bg.png;
#LYRICSPATH:;
#CDTITLE:./CDTITLES/GUITARFREAKS & drummania.PNG;
#MUSIC:CALICO CAT ROCK.ogg;
#OFFSET:0.000;
#SAMPLESTART:6.839;
#SAMPLELENGTH:15.000;
#SELECTABLE:YES;
#DISPLAYBPM:246.000;
#BPMS:0.000=246.575,4.000=245.993,328.000=250.000,374.000=183.673,376.000=152.059;
#STOPS:;
#BGCHANGES:;

//---------------dance-single - ----------------
#NOTES:
     dance-single:
     :
     Beginner:
     4:
     0.169,0.292,0.070,0.000,0.000:
0000
0000
0000
0000
,
0000
0000
0000
0000
,
0000
0000
0000
0000
,
1000
0000
0000
0000
,
1000
0000
0000
0000
,
1000
0000
1000
0000
,
1000
0000
1000
0000
,
0001
0000
0000
0000
,
0001
0000
0000
0000
,
0010
0000
0000
0000
,
0010
0000
0000
0000
,
1000
0000
0000
0000
,
1000
0000
0000
0000
,
0010
0000
0000
0000
,
0010
0000
0000
0000
,
0001
0000
0000
0000
,
0010
0000
0000
0000
,
1000
0000
0000
0000
,
0010
0000
0000
0000
,
0001
0000
0000
0000
,
0001
0000
0000
0000
,
0100
0000
0000
0000
,
0100
0000
0000
0000
,
1000
0000
0000
0000
,
1000
0000
0000
0000
,
0100
0000
0000
0000
,
0100
0000
0000
0000
,
0001
0000
0000
0000
,
0100
0000
0000
0000
,
1000
0000
0000
0000
,
0100
0000
0000
0000
,
0100
0000
0000
0100
,
0000
0000
0100
0000
,
0010
0000
0010
0000
,
0010
0000
0010
0000
,
1001
0000
0000
0000
,
0100
0000
0000
0000
,
1001
0000
0000
0000
,
0100
0000
0000
0000
,
1001
0000
0000
0000
,
1001
0000
0000
0000
,
0100
0000
0000
0000
,
0100
0000
0100
0000
,
1000
0000
0000
0000
,
1000
0000
0000
0000
,
1000
0000
1000
0000
,
1000
0000
1000
0000
,
0001
0000
0000
0000
,
0001
0000
0000
0000
,
0001
0000
0001
0000
,
0001
0000
0001
0000
,
0110
0000
0000
0000
,
0110
0000
0000
0000
,
0100
0000
0000
0000
,
0100
0000
0000
0000
,
0001
0000
0000
0000
,
0000
0000
0000
0000
,
0001
0000
0000
0000
,
0000
0000
0000
0000
,
1000
0000
0000
0000
,
0000
0000
0000
0000
,
1000
0000
0000
0000
,
0000
0000
0000
0000
,
0010
0000
0010
0000
,
0010
0000
0010
0000
,
0100
0000
0100
0000
,
0100
0000
0100
0000
,
1000
0000
1000
0000
,
1000
0000
1000
0000
,
0001
0000
0001
0000
,
0001
0000
0001
0000
,
0001
0000
0000
0000
,
0001
0000
0000
0000
,
0010
0000
0000
0000
,
0010
0000
0000
0000
,
1000
0000
0000
0000
,
1000
0000
0000
0000
,
0010
0000
0000
0000
,
0010
0000
0000
0000
,
0001
0000
0000
0000
,
0010
0000
0000
0000
,
1000
0000
0000
0000
,
0010
0000
0000
0000
,
0010
0000
0000
0000
,
0010
0000
0000
0000
,
0010
0000
0000
0000
,
0010
0000
0000
0000
,
0100
0000
0000
0000
,
0100
0000
0000
0000
,
0100
0000
0100
0000
,
0100
0000
0100
0000
,
0010
0000
0000
0000
,
0100
0000
0000
0000
,
1000
0000
0001
0000
,
0001
0000
0001
0000
,
0000
0000
0000
0000
,
0000
0000
0000
0000
,
0110
0000
0000
0000
,
0000
0000
0000
0000
;

//---------------dance-single - ----------------
#NOTES:
     dance-single:
     :
     Easy:
     5:
     0.234,0.341,0.151,0.201,0.050:
0000
0000
0000
0000
,
0000
0000
0000
0000
,
0000
0000
0000
0000
,
0010
0000
0000
0000
,
0100
0000
0000
0000
,
0001
0000
0001
0000
,
1000
0000
1000
0000
,
0010
0000
0000
0000
0000
0000
0000
0000
0000
0000
0000
0100
,
0000
0000
0001
0000
,
0020
0000
0000
0030
,
0200
0000
0000
0300
,
0010
0000
0000
0000
0000
0000
0000
0000
0000
0000
0000
0100
,
0000
0000
1000
0000
,
0020
0000
0000
0030
,
0200
0000
0000
0300
,
0100
0000
0000
0000
0000
0000
0000
0000
0000
0000
0000
0100
,
0000
0000
0000
0000
,
0002
0000
0000
0000
,
2000
0000
0000
3003
,
0010
0000
0000
0000
0000
0000
0000
0000
0000
0000
0000
0100
,
0000
0000
0001
0000
,
0020
0000
0000
0030
,
0200
0000
0000
0300
,
0010
0000
0000
0000
0000
0000
0000
0000
0000
0000
0000
0100
,
0000
0000
1000
0000
,
0020
0000
0000
0030
,
0200
0000
0000
0300
,
0100
0000
0000
0000
0000
0000
0000
0000
0000
0000
0000
0100
,
0000
0000
0000
0000
,
0002
0000
0000
0000
,
2000
0000
0000
3003
,
0001
0000
0000
1000
,
0000
0000
0100
0000
,
0100
0000
0001
0000
,
0010
0000
1000
0000
,
1001
0000
0000
0000
,
1000
0000
0000
0000
,
1001
0000
0000
0000
,
1000
0000
0000
0000
,
1001
0000
0000
0000
,
0001
0000
0000
0000
,
1001
0000
0000
0000
,
0001
0000
0000
0000
,
0120
0000
0000
0000
,
0100
0000
0000
0000
,
0100
0000
0100
0000
,
0100
0000
0130
0000
,
0210
0000
0000
0000
,
0010
0000
0000
0000
,
0010
0000
0010
0000
,
0010
0000
0310
0000
,
1001
0000
0100
0000
,
1001
0000
0100
0000
,
1001
0000
0000
0000
,
1001
0000
0000
0000
,
0001
0000
0000
0000
0000
0000
0000
0000
0000
0000
0000
0001
,
0000
0000
0000
0000
,
0100
0000
0000
0000
,
0100
0000
0000
0000
,
1000
0000
0000
0000
,
1000
0000
0000
0000
,
0100
0000
0000
0000
,
0100
0000
0000
0000
,
1000
0000
1000
0000
,
1000
0000
1000
0000
,
0001
0000
0001
0000
,
0001
0000
0001
0000
,
1000
0000
0110
0000
,
0001
0000
0110
0000
,
0001
0000
0110
0000
,
1000
0000
0110
0000
,
0010
0000
0000
0000
0000
0000
0000
0000
0000
0000
0000
0100
,
0000
0000
0001
0000
,
0020
0000
0000
0030
,
0200
0000
0000
0300
,
0010
0000
0000
0000
0000
0000
0000
0000
0000
0000
0000
0100
,
0000
0000
1000
0000
,
0020
0000
0000
0030
,
0200
0000
0000
0300
,
0100
0000
0000
0000
0000
0000
0000
0000
0000
0000
0000
0100
,
0000
0000
0000
0000
,
0002
0000
0000
0000
,
2000
0000
0000
3003
,
0001
0000
0001
0000
,
0010
0000
0010
0000
,
0001
0000
0001
0000
,
0100
0000
0100
0000
,
0001
0000
0001
0000
,
0010
0000
0010
0000
,
0001
0000
0001
0000
,
0100
0000
0100
0000
,
0010
0000
0000
0000
,
0010
0000
0000
0000
,
1000
0000
1000
0000
,
1000
0000
0001
0000
,
0000
0000
0000
0000
,
0000
0000
0000
0000
,
1001
0000
0000
0000
,
0000
0000
0000
0000
;

//---------------dance-single - ----------------
#NOTES:
     dance-single:
     :
     Medium:
     8:
     0.331,0.438,0.030,0.040,0.151:
0000
0000
0000
0000
,
0000
0000
0000
0000
,
0000
0000
0000
0000
,
1000
0000
1000
0000
,
0001
0000
0001
0000
,
1000
0000
1000
0000
,
0001
1000
0100
0000
,
0010
0000
0000
0000
0000
0100
0000
0000
0000
0000
0000
0010
,
0000
0100
0001
0000
,
0010
0001
0010
0000
,
0100
0001
0100
0000
,
0010
0000
0000
0000
0000
0100
0000
0000
0000
0000
0000
0010
,
0000
0100
1000
0000
,
0010
1000
0010
0000
,
0100
1000
0100
0000
,
0010
0000
0000
0000
0000
0100
0000
0000
0000
0000
0000
0010
,
0000
0000
0010
0000
,
0001
0100
1000
0000
,
1000
0100
0001
0000
,
0010
0000
0000
0000
0000
0100
0000
0000
0000
0000
0000
0010
,
0000
0100
0001
0000
,
0001
0100
1000
0000
,
1000
0100
0001
0000
,
0010
0000
0000
0000
0000
0100
0000
0000
0000
0000
0000
0010
,
0000
0100
1000
0000
,
1000
0100
0001
0000
,
0001
0100
1000
0000
,
0010
0000
0000
0000
0000
0100
0000
0000
0000
0000
0000
0010
,
0000
0000
0010
0000
,
0010
0001
0100
0000
,
0010
1000
0100
0000
,
0001
0000
0000
0000
0000
0100
0000
0000
0000
1000
0000
0000
,
0000
0000
0100
0000
0000
0000
0001
0000
0000
0100
0000
0000
,
0010
1000
0100
0010
,
0001
0100
0010
1000
,
2000
0000
0100
0000
,
0100
0000
3100
0000
,
0002
0000
0100
0000
,
0100
0000
0103
0000
,
0100
1000
0001
0100
,
0001
1000
0100
1000
,
0001
0000
0001
0000
,
1000
0000
1000
0000
,
0010
0000
0100
0000
,
0010
0000
0010
0000
,
0100
0000
0100
0000
,
0010
0000
0100
0000
,
0002
0000
0100
0000
,
0100
0000
0103
0000
,
2000
0000
0100
0000
,
0100
0000
3100
0000
,
0001
0000
0100
0000
,
0001
0000
0100
0000
,
1000
0000
0100
0000
,
1000
0000
0100
0000
,
0001
0000
0000
0101
,
0000
0000
0001
0000
,
1000
0000
0000
1100
,
0000
0000
1000
0000
,
0001
0000
1000
0000
,
0001
0000
1000
0000
,
0001
0100
1000
0100
0001
0100
,
1000
0100
0001
0100
0000
0000
,
0001
0000
0000
0000
0000
1000
0000
0000
0000
0000
0000
0000
,
0001
0000
0000
0000
0000
1000
0000
0000
0000
0000
0000
0000
,
0001
0000
0001
0000
,
0001
0000
0001
0000
,
0010
0000
1000
0000
,
0100
0000
0001
0000
,
0010
0000
1000
0000
,
0100
0000
0001
0000
,
0010
0000
0000
0000
0000
0100
0000
0000
0000
0000
0000
0010
,
0000
0100
0001
0000
,
0010
1000
0100
0000
,
0010
0001
0100
0000
,
0010
0000
0000
0000
0000
0100
0000
0000
0000
0000
0000
0010
,
0000
0100
1000
0000
,
0010
0001
0100
0000
,
0010
1000
0100
0000
,
1000
0000
0000
0000
0000
1000
0000
0000
0000
0000
0000
0001
,
0000
0000
0001
0000
,
0010
0000
1000
0000
,
0100
0000
0001
0000
,
0010
0000
0100
0000
,
0010
0000
0100
0000
,
1000
0000
0100
0000
,
0001
0000
0100
0000
,
0010
0000
0010
0000
,
0100
0000
0100
0000
,
1000
0100
0001
0000
,
0001
0100
1000
0000
,
0010
0000
0000
0000
0000
0000
1000
0000
0000
0000
0000
0100
,
0000
0000
0000
0000
0000
0000
0001
0000
0000
0000
0000
0010
,
0000
0000
1000
0000
,
0100
0000
0001
0000
,
0000
0000
0000
0000
,
0000
0000
0000
0000
,
1001
0000
0000
0000
,
0000
0000
0000
0000
;

//---------------dance-single - ----------------
#NOTES:
     dance-single:
     :
     Hard:
     11:
     0.492,0.682,0.201,0.090,0.497:
0000
0000
0000
0000
,
0000
0000
0000
0000
,
0000
0000
0000
0000
,
0001
0010
1000
1100
,
0001
0010
1000
1100
,
1000
0010
0001
0101
,
1000
0010
0001
0101
,
1000
0000
0000
0000
0000
0100
0000
0000
0000
0000
0000
0010
,
0000
0000
0000
0001
0000
0000
0100
0000
0001
0000
0000
1000
,
0000
0100
0000
1000
0000
0000
,
0001
0000
0000
0000
0000
0100
0000
0000
0001
0000
0000
0000
,
1000
0000
0000
0000
0000
0100
0000
0000
0000
0000
0000
0010
,
0000
0000
0000
0001
0000
0000
0100
0000
0001
0000
0000
1000
,
0000
0100
0000
1000
0000
0000
,
0001
0000
0000
0000
0000
0100
0000
0000
0001
0000
0000
0000
,
1000
0000
0000
0000
0000
0100
0000
0000
0000
0000
0000
0010
,
0000
0000
0000
0001
0000
0000
0100
0000
0001
0000
0000
1000
,
0000
0000
0000
0101
0000
0000
0001
0000
0100
0001
0000
0000
,
1000
0000
0000
1000
0000
0100
0000
0000
0000
0000
0000
0000
,
0010
0000
0000
0000
0000
0001
0000
0000
0000
0000
0000
0010
,
0000
0000
0000
0001
0000
0000
1000
0000
0001
0000
0000
0200
,
0000
0000
1000
0000
,
0001
0000
0001
0300
,
0010
0000
0000
0000
0000
0001
0000
0000
0000
0000
0000
0010
,
0000
0000
0000
0001
0000
0000
1000
0000
0001
0000
0000
0200
,
0000
0000
1000
0000
,
0001
0000
0001
0300
,
0010
0000
0000
0000
0000
0001
0000
0000
0000
0000
0000
0010
,
0000
0000
0000
0001
0000
0000
1000
0000
0001
0000
0000
0100
,
0000
0000
0000
0101
0000
0000
0001
0000
0100
0001
0000
0000
,
1000
0000
0000
1000
0000
0100
0000
0000
0000
0000
0000
0000
,
1000
0000
0000
0000
0000
0100
0000
0000
0000
0001
0000
0000
,
0000
0000
0100
0000
0000
0000
1000
0000
0000
0100
0000
0000
,
0001
0100
1000
0100
,
0001
0000
0100
0001
0000
0100
0001
0000
0100
0001
0000
0100
,
0000
1000
0000
0010
,
0000
0000
0000
0001
0000
0000
0000
0000
1000
0100
0000
1000
,
0000
1000
0000
0100
,
0000
0000
0001
0100
0000
0000
0000
0000
0000
1000
0000
0000
,
0000
0000
0000
0010
0000
0000
0000
0000
0001
0010
0000
0001
,
0000
0000
0000
1000
0000
0000
0000
0000
0100
1000
0000
0000
,
0000
0000
0000
0001
0000
0000
0000
0000
0100
0001
0000
0100
,
0001
0000
0100
0001
0000
0100
0001
0000
0000
0001
0000
0000
,
0000
0002
0000
0010
,
0000
0100
0000
1003
,
0000
0020
0000
1000
,
0000
0000
0000
0031
0000
0000
0000
0000
0010
0100
0000
0000
,
0000
2000
0000
0010
,
0000
0100
0000
3001
,
0000
0020
0000
0001
,
0000
0000
0000
1030
0000
0000
0000
0000
0010
0100
0000
0010
,
0000
1000
0000
1100
,
0000
0001
0000
0101
,
0000
0010
1000
0100
,
1000
0100
0010
0001
,
0001
0000
1000
0000
0000
1000
0001
0000
0000
0001
0000
1000
,
0000
0000
1000
0001
0000
0000
0001
0000
0100
0001
0000
0100
,
0001
0000
0100
0000
0000
0100
0001
0000
0000
0001
0000
0100
,
0000
0000
0100
0001
0000
0000
1000
0000
0100
1000
0000
0100
,
1000
0000
0000
1000
0000
0100
0000
0000
0100
1000
0000
0000
,
1000
0000
0001
1000
0000
0001
1000
0000
0001
1000
0000
0000
,
0100
0001
1000
0100
1000
0001
,
0100
0001
1000
0100
0000
0000
,
1100
0000
0000
1000
0000
0100
0000
0000
0100
0001
0000
0100
,
0001
0000
0000
0100
0000
1000
0000
0000
0100
0001
0000
0100
,
0001
0100
1000
0100
,
0001
0100
1000
0000
,
0210
0000
0001
0000
,
0010
0000
1000
0300
,
0210
0000
0001
0000
,
0010
0000
1000
0300
,
0110
0000
0000
0000
0000
1000
0000
0000
0000
0000
0000
0010
,
0000
0000
0000
0001
0000
0000
0001
0000
0010
0000
0000
1000
,
0000
0000
1001
0000
,
0100
0000
1001
0000
,
0110
0000
0000
0000
0000
1000
0000
0000
0000
0000
0000
0010
,
0000
0000
0000
0001
0000
0000
0001
0000
0010
0000
0000
1000
,
0000
0000
1001
0000
,
0100
0000
1001
0000
,
0110
0000
0000
0000
0000
1000
0000
0000
0000
0000
0000
0010
,
0000
0000
0000
0001
0000
0000
0001
0000
0010
0000
0000
1000
,
0000
0000
0000
0101
0000
0000
0001
0000
0100
0001
0000
0000
,
1000
0000
0000
1000
0000
0100
0000
0000
0000
0000
0000
0000
,
1000
0100
0001
0100
,
1000
0100
0001
0100
,
1000
0100
0010
0001
,
0100
0010
1000
0000
,
1000
0100
0001
0100
,
1000
0100
0001
0100
,
1000
0100
0010
0001
,
0100
0010
1000
0000
,
1000
0000
0000
0100
0000
0000
1000
0000
0100
0000
0000
1000
,
0000
0000
0000
0100
0000
0000
0001
0000
0000
0100
0000
0001
,
0000
0000
1000
0000
,
0010
0000
0200
0000
,
0000
0000
0000
0000
,
0000
0000
0000
0300
,
1001
0000
0000
0000
,
0000
0000
0000
0000
;

//---------------dance-double - ----------------
#NOTES:
     dance-double:
     :
     Easy:
     5:
     0.244,0.390,0.181,0.110,0.005:
00000000
00000000
00000000
00000000
,
00000000
00000000
00000000
00000000
,
00000000
00000000
00000000
00000000
,
00000200
00000000
00000000
00000300
,
00001000
00000000
00010000
00000000
,
02000000
00000000
00000000
03000000
,
00010000
00000000
00001000
00000000
,
00000210
00000000
00000000
00000000
,
00001000
00000000
00000301
00000000
,
00001000
00000000
00000000
00000000
,
00010000
00000000
00000000
00000000
,
02100000
00000000
00000000
00000000
,
00010000
00000000
13000000
00000000
,
00010000
00000000
00000000
00000000
,
00001000
00000000
00000000
00000000
,
00000210
00000000
00000000
00000000
,
00001000
00000000
00000301
00000000
,
00001000
00000000
00000000
00000000
,
00010000
00000000
00000000
00000000
,
20010000
00000000
00000000
00000000
,
00100000
00000000
31000000
00000000
,
00010000
00000000
00000000
00000000
,
00001000
00000000
00000000
00000000
,
00000210
00000000
00000000
00000000
,
00000001
00000000
00001300
00000000
,
00010000
00000000
00000000
00000000
,
01000000
00000000
00000000
00000000
,
20010000
00000000
00000000
00000000
,
00100000
00000000
31000000
00000000
,
00010000
00000000
00000000
00000000
,
00001000
00000000
00000000
00000000
,
00001001
00000000
00000000
00000010
,
00000000
00000000
00000100
00000000
,
00001000
00000000
00000000
00000000
,
00010000
00000000
00000000
00000000
,
10000000
00000000
01000000
00000000
,
00100000
00000000
00010000
00000000
,
00001000
00000000
00000000
00000000
,
00000001
00000000
00000000
00000000
,
00000001
00000000
00000100
00000000
,
00000010
00000000
00001000
00000000
,
00010000
00000000
00000000
00000000
,
10000000
00000000
00000000
00000000
,
10010000
00000000
00100000
00000000
,
01000000
00000000
00100000
00000000
,
00101000
00000000
00011000
00000000
,
00010010
00000000
00001010
00000000
,
00001001
00000000
00000010
00000000
,
00000100
00000000
00000010
00000000
,
00000100
00000000
00001000
00000000
,
00010000
00000000
00001000
00000000
,
00000100
00000000
00010000
00000000
,
00000100
00000000
00010000
00000000
,
00000100
00000000
00000100
00000000
,
00010000
00000000
00000100
00000000
,
00000110
00000000
00000000
00000000
00000000
00000000
00000000
00000000
00000000
00000000
00000000
00000001
,
00000000
00000000
00000000
00000000
,
00000010
00000000
00000000
00000000
,
00001000
00000000
00000000
00000000
,
00010000
00000000
00000000
00000000
,
00000010
00000000
00000000
00000000
,
00000001
00000000
00000000
00000000
,
00000100
00000000
00000000
00000000
,
00001000
00000000
00000001
00000000
,
00001000
00000000
00010000
00000000
,
01000000
00000000
10000000
00000000
,
00010000
00000000
10000000
00000000
,
00100000
00000000
10000000
00000000
,
01000000
00000000
00010000
00000000
,
00001000
00000000
00000010
00000000
,
00000001
00000000
00000100
00000000
,
00000210
00000000
00000000
00000000
,
00001000
00000000
00000301
00000000
,
00001000
00000000
00000000
00000000
,
00010000
00000000
00000000
00000000
,
02100000
00000000
00000000
00000000
,
00010000
00000000
13000000
00000000
,
00010000
00000000
00000000
00000000
,
00001000
00000000
00000000
00000000
,
00000210
00000000
00000000
00000000
,
00001000
00000000
00000301
00000000
,
00001000
00000000
00000000
00000000
,
00010000
00000000
00000000
00000000
,
00100000
00000000
00100000
00000000
,
00010000
00000000
00010000
00000000
,
00001000
00000000
00001000
00000000
,
00000010
00000000
00000010
00000000
,
00000010
00000000
00000010
00000000
,
00001000
00000000
00001000
00000000
,
00010000
00000000
00010000
00000000
,
00100000
00000000
00100000
00000000
,
00100000
00000000
10000000
00000000
,
01000000
00000000
00010000
00000000
,
00001000
00000000
00000100
00000000
,
00000100
00000000
00000001
00000000
,
00000000
00000000
00000000
00000000
,
00000000
00000000
00000000
00000000
,
10010000
00000000
00000000
00000000
,
00000000
00000000
00000000
00000000
;

//---------------dance-double - ----------------
#NOTES:
     dance-double:
     :
     Medium:
     9:
     0.386,0.438,0.161,0.060,0.151:
00000000
00000000
00000000
00000000
,
00000000
00000000
00000000
00000000
,
00000000
00000000
00000000
00000000
,
01000000
00000000
01000000
00000000
,
01000000
00000000
01000000
00000000
,
00010000
00000000
00001000
00000000
,
00000100
00000000
00000100
00000000
,
00000010
00000000
00000000
00000000
00000000
00000101
00000000
00000000
00000000
00000000
00000000
00001000
,
00000000
00010000
01000000
10000000
,
01000000
00000000
01100000
00000000
,
10000000
01000000
00010000
00000000
,
00100000
00000000
00000000
00000000
00000000
11000000
00000000
00000000
00000000
00000000
00000000
00010000
,
00000000
00001000
00000100
00000001
,
00000100
00000000
00000110
00000000
,
00000001
00000100
00001000
00000000
,
00010000
00000000
00000000
00000000
00000000
01000000
00000000
00000000
00000000
00000000
00000000
00010000
,
00000000
00001000
00000100
00000000
,
00001000
00000000
00010000
00000000
,
01000000
00000000
01000000
00000000
,
10000000
00000000
00000000
00000000
00000000
01100000
00000000
00000000
00000000
00000000
00000000
00100000
,
00000000
00001000
00010000
00000000
,
00001000
00000000
00000010
00000000
,
00000001
00000000
00000100
00000000
,
00000001
00000000
00000000
00000000
00000000
00000110
00000000
00000000
00000000
00000000
00000000
00000010
,
00000000
00010000
00001000
00000000
,
00010000
00000000
00100000
00000000
,
10000000
00000000
01000000
00000000
,
10000000
00000000
00000000
00000000
00000000
01100000
00000000
00000000
00000000
00000000
00000000
00100000
,
00000000
00001000
00010000
00000000
,
00010000
01000000
10000000
00000000
,
10000000
01000000
00010000
00000000
,
00010000
00000000
00000000
00000000
00000000
01000000
00000000
00000000
00000000
00010000
00000000
00000000
,
00000000
00000000
01000000
00000000
00000000
00000000
00010000
00000000
00000000
00001000
00000000
00000000
,
00000100
00001000
00010000
00001000
,
00000100
00000010
00001000
00000100
,
00002000
00000100
00000000
00000010
,
00000000
00000100
00003000
00000010
,
00010000
00001000
00000100
00000000
,
00001000
00000100
00001000
00000000
,
00001000
00010000
01000000
00000000
,
00010000
00001000
00000100
00000000
,
00000010
00010000
00001000
00000000
,
01000000
00010000
00100000
00000000
,
00101000
00000000
00110000
00000000
,
00100000
00010000
01000000
00010000
,
00100000
00000000
00101000
00000000
,
00100000
00010000
01000000
00010000
,
00200000
00000000
01000000
00000000
,
01000000
00000000
01300000
00000000
,
01000000
00010000
00001000
00010000
,
00001000
00000100
00000001
00000000
,
00001010
00000000
00010000
00000000
,
00001010
00000000
00010000
00000000
,
00001010
00000000
00000001
00000100
,
00001000
00010000
01000000
00000000
,
00010000
00000000
00000000
00001000
,
00000000
00000000
01000000
00000000
,
00001000
00000000
00000000
00010000
,
00000000
00000000
00000100
00000000
,
00010000
00000000
01000000
00000000
,
00001000
00000000
00000100
00000000
,
00000001
00000100
00000010
00000100
00001000
00010000
,
01000000
00100000
01000000
10000000
00000000
00000000
,
00020000
00000000
00000000
00000000
00000000
00001000
00000000
00000000
00000000
00000000
00000000
00000000
,
01000000
00000000
00000000
00000000
00000000
00001000
00000000
00000000
00000000
00030000
00000000
00000000
,
00000200
00000000
00000001
00000000
,
00001000
00000000
00000001
00000300
,
00000010
00000100
00001000
00000000
,
00010000
01000000
00100000
00000000
,
00100000
01000000
00010000
00000000
,
00001000
00000100
00000010
00000000
,
00000001
00000000
00000000
00000000
00000000
00000100
00000000
00000000
00000000
00000000
00000000
00000010
,
00000000
00001000
00010000
00000000
,
00100000
10000000
01000000
00000000
,
00100000
00010000
01000000
00000000
,
10000000
00000000
00000000
00000000
00000000
01000000
00000000
00000000
00000000
00000000
00000000
00100000
,
00000000
00010000
00001000
00000000
,
00000010
00000001
00000100
00000000
,
00000010
00001000
00000100
00000000
,
00000110
00000000
00000000
00000000
00000000
00001000
00000000
00000000
00000000
00000000
00000000
00010000
,
00000000
00000000
01100000
00000000
,
01000000
00000000
00010000
00000000
,
00001000
00000000
00000100
00000000
,
00001000
00000100
00001000
00000100
,
00001000
00010000
00001000
00010000
,
01000000
00010000
01000000
00010000
,
00001000
00010000
01000000
00000000
,
00010000
01000000
00010000
01000000
,
00010000
00001000
00010000
00001000
,
00000100
00001000
00000100
00001000
,
00010000
00001000
00000100
00000000
,
00001000
00000000
00000000
00000000
00000000
00000000
00002000
00000000
00000000
00000000
00000000
00010000
,
00000000
00000000
00000000
00000000
00000000
00000000
00000100
00000000
00000000
00003000
00000000
00020000
,
00000000
00000000
01000000
00000000
,
01030000
00000000
10000000
00000000
,
00000000
00000000
00000000
00000000
,
00000000
00000000
00000000
00000000
,
00001001
00000000
00000000
00000000
,
00000000
00000000
00000000
00000000
;

//---------------dance-double - ----------------
#NOTES:
     dance-double:
     :
     Hard:
     13:
     0.498,0.682,0.191,0.151,0.412:
00000000
00000000
00000000
00000000
,
00000000
00000000
00000000
00000000
,
00000000
00000000
00000000
00000000
,
00100000
00010000
01000000
00001000
,
00010000
00000010
00001000
00000100
,
00000010
00000001
00000100
00001000
,
00010000
01000000
10000000
00100000
,
21000000
00000000
00000000
00000000
00000000
00000000
00000000
00000000
00000000
00000000
00100000
00000000
00000000
00000000
00000000
00000000
00000000
00000000
00000000
00000000
00000000
30000000
01000000
00000000
,
00000000
00000000
00000000
00001000
00000000
00000000
01000000
00000000
00010000
00000000
00000000
00001000
,
00000000
00000100
00000000
00010000
00000000
00000000
,
00000010
00000000
00000000
00000000
00000000
00001000
00000000
00000000
00000100
00000000
00000000
00000000
,
00000012
00000000
00000000
00000000
00000000
00000000
00000000
00000000
00000000
00000000
00000100
00000000
00000000
00000000
00000000
00000000
00000000
00000000
00000000
00000000
00000000
00000003
00000010
00000000
,
00000000
00000000
00000000
00010000
00000000
00000000
00000010
00000000
00001000
00000000
00000000
00010000
,
00000000
00100000
00000000
01000000
00000000
00000000
,
00001000
00000000
00000000
00000000
00000000
00100000
00000000
00000000
00010000
00000000
00000000
00000000
,
00102000
00000000
00000000
00000000
00000000
00010000
00000000
00000000
00000000
00000000
00000000
00000010
,
00000000
00000000
00000000
00013000
00000000
00000000
01000000
00000000
10000000
00000000
00000000
00100000
,
00000000
00000000
00000000
01000000
00000000
00000000
00010000
00000000
01000000
00010000
00000000
00000000
,
00001000
00000000
00000000
00001000
00000000
00000100
00000000
00000000
00000000
00000000
00000000
00000000
,
00000101
00000000
00000000
00000000
00000000
00001010
00000000
00000000
00000000
00000000
00000000
00000001
,
00000000
00000000
00000000
00000100
00000000
00000000
00001000
00000000
00000100
00000000
00000000
00000020
,
00000000
00000000
00010000
00000000
,
00001000
00000000
00000031
00000000
,
00001010
00000000
00000000
00000000
00000000
00000101
00000000
00000000
00000000
00000000
00000000
00000010
,
00000000
00000000
00000000
00001000
00000000
00000000
00010000
00000000
00001000
00000000
00000000
00200000
,
00000000
00000000
00010000
00000000
,
00001000
00000000
00310000
00000000
,
11000000
00000000
00000000
00000000
00000000
00110000
00000000
00000000
00000000
00000000
00000000
10000000
,
00000000
00000000
00000000
01000000
00000000
00000000
00010000
00000000
01000000
00000000
00000000
00010000
,
00000000
00000000
00000000
00001000
00000000
00000000
00010000
00000000
01000000
00010000
00000000
00000000
,
00001000
00000000
00000000
00001000
00000000
00000100
00000000
00000000
00000000
00000000
00000000
00000000
,
00001000
00000000
00000000
00000000
00000000
00000100
00000000
00000000
00000000
00010000
00000000
00000000
,
00000000
00000000
01000000
00000000
00000000
00000000
00001000
00000000
00000000
00000100
00000000
00000000
,
00001000
00010000
01000000
00010000
,
00001000
00000000
00000100
00001000
00000000
00000100
00001000
00000000
00000100
00001000
00000000
00000100
,
00001000
00000100
00000001
00000010
,
00001000
00100000
00001000
00020000
,
00000000
01000000
00000000
10000000
,
00000000
01000000
00000000
00031000
,
00010000
01000000
10000000
00100000
,
00010000
00000010
00010000
00002000
,
00000000
00000100
00000000
00000001
,
00000000
00000100
00000000
00013000
,
00100000
00010000
00001000
00000010
,
00001000
00100000
00010000
00000010
,
00001000
00010000
00100000
00010000
,
00000010
00001000
00100000
00010000
,
00002000
00000000
00000010
00000000
,
00000001
00000000
00003010
00000000
,
00020000
00000000
00100000
00000000
,
10000000
00000000
00130000
00000000
,
00001000
00000100
00001000
00010000
,
01000000
00001000
01000000
00010000
,
00002000
00000000
00000100
00000000
,
00000100
00000000
00013000
00000000
,
00001000
00000000
00000100
00000000
00000000
00000100
00000001
00000000
00000000
00000001
00000000
00000100
,
00000000
00000000
00000100
00001000
00000000
00000000
00010000
00000000
01000000
00010000
00000000
01000000
,
00010000
00000000
01000000
00000000
00000000
01000000
10000000
00000000
00000000
10000000
00000000
01000000
,
00000000
00000000
01000000
00010000
00000000
00000000
00010000
00000000
01000000
00010000
00000000
01000000
,
00010000
00000000
00000000
00001000
00000000
01000000
00000000
00000000
01000000
00001000
00000000
00000000
,
00010000
00000000
00001000
00010000
00000000
00001000
00010000
00000000
00001000
00010000
00000000
00000000
,
00001000
00100000
00010000
00100000
00001000
00010000
,
00001000
00000100
00001000
00000100
00000000
00000000
,
02000000
00000000
00000000
00000000
00000000
10000000
00000000
00000000
00000000
00000000
00000000
00000000
,
00010000
00000000
00000000
00000000
00000000
00001000
03000000
00000000
00000000
00000000
00000000
00000000
,
00000200
00000000
00000001
00000000
,
00001000
00000000
00010300
00000000
,
00001000
00000100
00000001
00000010
,
00001000
00000010
00000001
00000100
,
00001000
00010000
00001000
00100000
,
00001000
00010000
00001000
00100000
,
00110000
00000000
00000000
00000000
00000000
11000000
00000000
00000000
00000000
00000000
00000000
00010000
,
00000000
00000000
00000000
00001000
00000000
00000000
00001000
00000000
00010000
00000000
00000000
01200000
,
00000000
00000000
00001000
00000000
,
01000000
00000000
00310000
00000000
,
00110000
00000000
00000000
00000000
00000000
11000000
00000000
00000000
00000000
00000000
00000000
00010000
,
00000000
00000000
00000000
00001000
00000000
00000000
00001000
00000000
00010000
00000000
00000000
01200000
,
00000000
00000000
00001000
00000000
,
01000000
00000000
00310000
00000000
,
11000000
00000000
00000000
00000000
00000000
00110000
00000000
00000000
00000000
00000000
00000000
00100000
,
00000000
00000000
00000000
00001000
00000000
00000000
00001000
00000000
00100000
00000000
00000000
01000000
,
00000000
00000000
00000000
01010000
00000000
00000000
00010000
00000000
01000000
00010000
00000000
00000000
,
00001000
00000000
00000000
00001000
00000000
00000100
00000000
00000000
00000000
00000000
00000000
00000000
,
00000100
00000001
00000010
00000100
,
00010000
00000100
00001000
00000100
,
00000010
00000001
00000100
00000010
,
00010000
00001000
01000000
00000000
,
00100000
10000000
01000000
00100000
,
00001000
00100000
00010000
00100000
,
01000000
10000000
00100000
01000000
,
00001000
00010000
00000100
00000000
,
00000010
00000000
00000000
00001000
00000000
00000000
00010000
00000000
00100000
00000000
00000000
00010000
,
00000000
00000000
00000000
00001000
00000000
00000000
00000010
00000000
00000000
00001000
00000000
00020000
,
00000000
00000000
01000000
00000000
,
00001000
00000000
10030000
00000000
,
00000000
00000000
00000000
00000000
,
00000000
00000000
00000000
00000000
,
00001001
00000000
00000000
00000000
,
00000000
00000000
00000000
00000000
;
