#TITLE:倉野川音頭;
#SUBTITLE:;
#ARTIST:日向美ビタースイーツ♪＆ひなちくん;
#TITLETRANSLIT:Kuranogawa ondo;
#SUBTITLETRANSLIT:;
#ARTISTTRANSLIT:Hinatabi Bittersweets♪ & Hinachi-kun;
#GENRE:;
#CREDIT:mf32892;
#BANNER:Kuranogawa ondo.png;
#BACKGROUND:Kuranogawa ondo-jacket.jpg;
#LYRICSPATH:;
#CDTITLE:./CDTitles/DDR A.png;
#MUSIC:Kuranogawa ondo.ogg;
#SAMPLESTART:19.115;
#SAMPLELENGTH:15;
#SAMPLELENGTH:15.000000;
#SELECTABLE:YES;
#BPMS:0.000000=113.000000
;
#STOPS:
;
#BGCHANGES:;
#KEYSOUNDS:;
#ATTACKS:;

//---------------dance-single - ----------------
#NOTES:
     dance-single:
     :
     Hard:
     11:
     0.440611,0.368790,0.339022,0.016538,0.545743,330.000000,41.000000,2.000000,0.000000,0.000000,0.000000,0.440611,0.368790,0.339022,0.016538,0.545743,330.000000,41.000000,2.000000,0.000000,0.000000,0.000000:
0000
0000
0000
0000
,
0000
0000
0000
0000
,
0000
0000
0000
0000
,
0010
0000
0000
0100
0000
0000
1000
0000
0100
0010
0000
0001
,
0010
0000
0100
1000
0000
0100
0001
0000
0010
0100
0000
1000
,
0001
0000
0100
0000
0000
0010
0100
0000
0000
1001
0000
0000
,
1000
0000
0100
0000
0000
0010
0100
0000
0000
1001
0000
0001
,
0100
0000
0000
1000
0000
0100
0001
0000
0010
0100
0000
1000
,
0100
0101
0110
1001
,
1000
0000
0100
0000
0000
0100
1000
0000
0000
0001
0000
0000
,
0001
0000
0010
0000
0000
0010
1000
0000
0000
0110
0000
0000
,
0100
0000
0010
0000
0000
0001
0100
0000
0000
1001
0000
0000
,
1000
0000
0100
1000
0000
0100
0010
0000
0000
1001
0000
0000
,
0001
0000
0010
0110
0000
0000
1000
0000
0010
0110
0000
0000
,
0000
0000
1000
0001
0000
0000
1000
0000
0000
0110
0000
0000
,
0001
0000
0010
0001
0000
0100
1000
0000
0100
0010
0000
0100
,
0001
0000
0010
0001
0000
0010
1000
0000
0000
0010
0000
0100
,
0001
0000
0000
0110
0000
0000
1001
0000
0000
1000
0000
0001
,
1000
0000
0100
1000
0000
0100
1001
0000
0000
0100
0000
0000
,
0001
0000
0010
0100
0000
0100
1000
0000
0100
1000
0000
0100
,
1000
0000
0010
0100
0000
0001
1000
0000
0100
1000
0000
0100
,
1000
0000
0010
0100
0000
0100
0001
0000
0100
0001
0000
0100
,
0001
0000
0010
0100
0000
1000
0001
0000
0100
0001
0000
0010
,
0001
0000
0000
1100
0000
0000
0110
0000
0000
0010
0000
0001
,
0010
0000
0100
1000
0000
0100
1000
0000
0000
0000
0000
0000
,
0000
0000
0100
1000
0000
0010
0100
0000
0010
0001
0000
0010
,
1001
0000
0000
1100
0000
0000
0000
0000
0001
1000
0000
0001
,
0010
0000
0001
0010
0000
0001
1000
0000
0100
1000
0000
0100
,
1100
0000
0000
0110
0000
0000
0001
0000
1000
0001
0000
1000
,
0000
0000
0100
1000
0000
0100
0010
0000
0001
1000
0000
0100
,
1000
0000
0001
0010
0000
0001
0010
0000
1000
0010
0000
0100
,
0000
0000
1000
0100
0000
0010
0002
0000
0000
0103
0000
0000
,
0000
0000
0001
0100
0000
0010
2000
0000
0000
3100
0000
0000
,
1001
0001
0110
0100
,
0001
0000
1000
0001
0000
0010
0001
0000
0000
0110
0000
0000
,
1010
0000
0000
0011
0000
0000
0011
0000
0100
0001
0000
0100
,
0001
0000
0010
0001
0000
0100
0001
0000
0000
0010
0000
1000
,
0010
0000
0000
0100
0000
0000
0001
0000
0100
0010
0000
1000
,
0010
0000
0100
0001
0000
0100
1000
0000
0010
0100
0000
0001
,
1000
0000
0100
0000
0000
0010
0100
0000
0000
1001
0000
0000
,
0001
0000
0100
0000
0000
0010
0100
0000
0000
1001
0000
1000
,
0100
0000
0000
0001
0000
0100
1000
0000
0010
0100
0000
0001
,
0100
1100
0110
1001
,
0001
0000
0100
0000
0000
0100
0001
0000
0000
1000
0000
0000
,
1000
0000
0010
0000
0000
0010
0001
0000
0000
0110
0000
0000
,
0100
0000
0010
0000
0000
1000
0100
0000
0000
1001
0000
0000
,
0001
0000
0100
0001
0000
0100
0010
0000
0000
1001
0000
0000
,
1000
0000
0010
0100
0000
0010
0001
0000
0010
0100
0000
0010
,
0000
0000
0001
0010
0000
0000
1000
0000
0000
0110
0000
0000
,
1000
0000
0010
1000
0000
0100
0001
0000
0100
0010
0000
0100
,
1000
0000
0010
1000
0000
0010
0001
0000
0000
0010
0000
0100
,
1000
0000
0000
0110
0000
0000
1001
0000
0000
0001
0000
1000
,
0001
0000
0100
0001
0000
0100
1001
0000
0000
0100
0000
0000
,
0001
0000
0010
0001
0000
0100
1000
0000
0100
0010
0000
0100
,
0001
0000
0010
0001
0000
0010
1000
0000
0000
0010
0000
0100
,
0001
0000
0000
0110
0000
0000
1001
0000
0000
1000
0000
0001
,
1000
0000
0100
0001
0000
0100
1000
0000
0000
1001
0000
0000
;

//---------------dance-double - ----------------
#NOTES:
     dance-double:
     :
     Hard:
     11:
     0.432342,0.368790,0.281140,0.016538,0.537474,330.000000,34.000000,2.000000,0.000000,0.000000,0.000000,0.432342,0.368790,0.281140,0.016538,0.537474,330.000000,34.000000,2.000000,0.000000,0.000000,0.000000:
00000000
00000000
00000000
00000000
,
00000000
00000000
00000000
00000000
,
00000000
00000000
00000000
00010000
,
00001000
00000000
00000000
00000100
00000000
00000000
00001000
00000000
00000100
00000010
00000000
00000001
,
00000010
00000000
00000100
00001000
00000000
00000100
00000001
00000000
00000001
00000010
00000000
00001000
,
00010000
00000000
01000000
00000000
00000000
00100000
01000000
00000000
00000000
10010000
00000000
00000000
,
10000000
00000000
01000000
00000000
00000000
00100000
01000000
00000000
00000000
01100000
00000000
00010000
,
00001000
00000000
00000000
00001000
00000000
00000100
00000001
00000000
00000010
00000100
00000000
00001000
,
00000100
00011000
00110000
01100000
,
10000000
00000000
01000000
00000000
00000000
01000000
10000000
00000000
00000000
00010000
00000000
00000000
,
00010000
00000000
00100000
00000000
00000000
00100000
10000000
00000000
00000000
01100000
00000000
00000000
,
00010000
00000000
00001000
00000000
00000000
00010000
00000100
00000000
00000000
00001000
00000000
00000000
,
00001000
00000000
00000100
00001000
00000000
00000100
00000010
00000000
00000000
00001001
00000000
00000000
,
00000001
00000000
00000100
00001000
00000000
00000000
00010000
00000000
00100000
10000000
00000000
00000000
,
00000000
00000000
10000000
01000000
00000000
00000000
00010000
00000000
00000000
00011000
00000000
00000000
,
00000100
00000000
00000010
00000001
00000000
00000100
00001000
00000000
00000100
00000010
00000000
00000100
,
00000001
00000000
00000100
00001000
00000000
00000100
00000001
00000000
00000000
00000100
00000000
00000010
,
00001000
00000000
00000000
00011000
00000000
00000000
01100000
00000000
00000000
10000000
00000000
00010000
,
10000000
00000000
01000000
10000000
00000000
01000000
00010000
00000000
00000000
00001000
00000000
00000000
,
00000100
00000000
00000010
00000100
00000000
00000100
00001000
00000000
00000100
00001000
00000000
00000100
,
00001000
00000000
00000010
00000100
00000000
00000001
00001000
00000000
00000100
00001000
00000000
00000100
,
00010000
00000000
00001000
00010000
00000000
00100000
01000000
00000000
01000000
00010000
00000000
01000000
,
00010000
00000000
00100000
01000000
00000000
10000000
00010000
00000000
01000000
00010000
00000000
00100000
,
00001000
00000000
00000000
00011000
00000000
00000000
00000110
00000000
00000000
00000010
00000000
00000001
,
00000010
00000000
00000100
00001000
00000000
00000100
00001000
00000000
00000000
00000101
00000000
00000000
,
00000000
00000000
00000100
00001000
00000000
00010000
01000000
00000000
00100000
00010000
00000000
00100000
,
00010000
00000000
00000000
11000000
00000000
00000000
00000000
00000000
00010000
10000000
00000000
00010000
,
00100000
00000000
00001000
00100000
00000000
00001000
00010000
00000000
00000100
00001000
00000000
00000100
,
00001100
00000000
00000000
00000110
00000000
00000000
00000001
00000000
00001000
00000001
00000000
00001000
,
00000000
00000000
00000001
00000100
00000000
00001000
00100000
00000000
00010000
10000000
00000000
01000000
,
10000000
00000000
00010000
00100000
00000000
00010000
00100000
00000000
10000000
00100000
00000000
01000000
,
00000000
00000000
10000000
01000000
00000000
00100000
00020000
00000000
00000000
01030000
00000000
00000000
,
00000000
00000000
10000000
01000000
00000000
00100000
00020000
00000000
00000000
00031000
00000000
00000000
,
00000110
00000001
00000110
00000100
,
00010000
00000000
00001000
00010000
00000000
00100000
00010000
00000000
00000000
00001000
00000000
00000000
,
00001010
00000000
00000000
00000011
00000000
00000000
00000011
00000000
00000100
00000001
00000000
00000100
,
00000001
00000000
00000010
00000001
00000000
00000100
00000001
00000000
00000000
00000010
00000000
00001000
,
00010000
00000000
00000000
01000000
00000000
00000000
00010000
00000000
01000000
00100000
00000000
10000000
,
00100000
00000000
01000000
00010000
00000000
01000000
10000000
00000000
10000000
00100000
00000000
00010000
,
00001000
00000000
00000100
00000000
00000000
00000010
00000100
00000000
00000000
00001001
00000000
00000000
,
00000001
00000000
00000100
00000000
00000000
00000010
00000100
00000000
00000000
00000110
00000000
00001000
,
00010000
00000000
00000000
00010000
00000000
01000000
10000000
00000000
00100000
01000000
00000000
00010000
,
01000000
00011000
00001010
00000110
,
00000001
00000000
00000100
00000000
00000000
00000100
00000001
00000000
00000000
00001000
00000000
00000000
,
00001000
00000000
00000010
00000000
00000000
00000010
00000001
00000000
00000000
00000110
00000000
00000000
,
00001000
00000000
00010000
00000000
00000000
00001000
01000000
00000000
00000000
00010000
00000000
00000000
,
00010000
00000000
01000000
00010000
00000000
01000000
00100000
00000000
00000000
10010000
00000000
00000000
,
10000000
00000000
01000000
00010000
00000000
00000000
00001000
00000000
00000010
00000001
00000000
00000000
,
00000000
00000000
00000001
00000100
00000000
00000000
00001000
00000000
00000000
00011000
00000000
00000000
,
01000000
00000000
00100000
10000000
00000000
01000000
00010000
00000000
01000000
00100000
00000000
01000000
,
10000000
00000000
01000000
00010000
00000000
01000000
10000000
00000000
00000000
01000000
00000000
00100000
,
00010000
00000000
00000000
00011000
00000000
00000000
00000110
00000000
00000000
00000001
00000000
00001000
,
00000001
00000000
00000100
00000001
00000000
00000100
00001000
00000000
00000000
00010000
00000000
00000000
,
00000100
00000000
00000010
00000001
00000000
00000100
00001000
00000000
00000100
00000010
00000000
00000100
,
00000001
00000000
00000100
00001000
00000000
00000100
00000001
00000000
00000000
00000100
00000000
00000010
,
00001000
00000000
00000000
00011000
00000000
00000000
01100000
00000000
00000000
10000000
00000000
00010000
,
10000000
00000000
01000000
10000000
00000000
01000000
00010000
00000000
00000000
00011000
00000000
00000000
;

//---------------dance-single - ----------------
#NOTES:
     dance-single:
     :
     Medium:
     7:
     0.316578,0.345741,0.372098,0.049613,0.202587,217.000000,45.000000,6.000000,0.000000,0.000000,0.000000,0.316578,0.345741,0.372098,0.049613,0.202587,217.000000,45.000000,6.000000,0.000000,0.000000,0.000000:
0000
0000
0000
0000
,
0000
0000
0000
0000
,
0000
0000
0000
0000
,
1100
1001
0110
0000
,
0001
0000
1000
0001
0000
0100
0001
0000
0000
0000
0000
0000
,
0010
0000
1000
0000
0000
0000
1000
0000
0000
0000
0000
0000
,
0010
0000
0001
0000
0000
0000
0001
0000
0000
0000
0000
0000
,
0011
0010
0110
0100
,
1100
1100
0110
0000
,
0001
0000
0100
0000
0000
0000
0001
0000
0000
1100
0000
0000
,
1000
0100
2000
3100
,
1000
0000
0001
0000
0000
0000
0100
0000
0000
0001
0000
0000
,
0010
0001
0100
0000
,
1000
0000
0100
0010
0000
0000
0100
0000
0000
0110
0000
0000
,
0000
0000
1000
0001
0000
0000
1001
0000
0000
0010
0000
0000
,
1000
0000
0100
0000
0000
1000
0100
0000
0000
0000
0000
0000
,
0001
0000
0010
0000
0000
0001
0010
0000
0000
0000
0000
0000
,
0002
0013
2000
3010
,
1100
0110
0011
0000
,
0001
0000
1000
0100
0000
0000
1000
0000
0000
0100
0000
0000
,
1000
0100
0010
0001
,
1000
0000
0001
0100
0000
0000
0001
0000
0000
0100
0000
0000
,
0001
0100
0010
1000
,
1000
0000
0100
1000
0000
0000
0101
0000
0000
0101
0000
0000
,
0001
0000
0100
0001
0000
0000
0110
0000
0000
0110
0000
0000
,
1000
0000
0100
0001
0000
0000
1000
0000
0100
0001
0000
0000
,
1100
0011
0000
0110
,
1000
0000
0100
0000
0000
1000
0100
0000
0000
0000
0000
0000
,
0001
0000
0010
0000
0000
0001
0010
0000
0000
0000
0000
0000
,
0001
0000
1000
0000
0000
0001
1000
0000
0000
0000
0000
0000
,
1000
0000
0100
0000
0000
1000
0100
0000
0000
0000
0000
0000
,
0001
0000
0000
0010
0000
0000
0100
0000
0000
1000
0000
0100
,
1000
0000
0000
0010
0000
0000
0100
0000
0000
0001
0000
0010
,
0001
0000
0110
0000
,
0001
0000
0000
1000
0000
0001
0100
0000
0000
1001
0000
0000
,
1010
1001
0110
0000
,
0001
0000
1000
0000
0000
0001
0100
0000
0000
0000
0000
0000
,
0101
1001
0110
0000
,
1000
0000
0001
1000
0000
0100
1000
0000
0000
0000
0000
0000
,
0010
0000
0001
0000
0000
0000
0001
0000
0000
0000
0000
0000
,
0010
0000
1000
0000
0000
0000
1000
0000
0000
0000
0000
0000
,
1010
0010
0110
0100
,
0101
0101
0110
0000
,
1000
0000
0100
0000
0000
0000
1000
0000
0000
0101
0000
0000
,
0001
0100
0002
0103
,
0001
0000
1000
0000
0000
0000
0100
0000
0000
1000
0000
0000
,
0010
1000
0100
0000
,
0001
0000
0100
0010
0000
0000
0100
0000
0000
0110
0000
0000
,
0000
0000
0001
1000
0000
0000
1001
0000
0000
0010
0000
0000
,
0001
0000
0100
0000
0000
0001
0100
0000
0000
0000
0000
0000
,
1000
0000
0010
0000
0000
1000
0010
0000
0000
0000
0000
0000
,
2000
3010
0002
0013
,
0101
0110
1010
0000
,
1000
0000
0100
0000
0000
1000
0100
0000
0000
1000
0000
0000
,
0001
0000
0010
0000
0000
0001
0010
0000
0000
0001
0000
0000
,
0011
0110
1100
0011
,
1000
0000
0100
1000
0000
0100
0010
0000
0000
0110
0000
0000
;

//---------------dance-single - ----------------
#NOTES:
     dance-single:
     :
     Easy:
     5:
     0.257515,0.276593,0.281140,0.124033,0.000000,169.000000,34.000000,15.000000,0.000000,0.000000,0.000000,0.257515,0.276593,0.281140,0.124033,0.000000,169.000000,34.000000,15.000000,0.000000,0.000000,0.000000:
0000
0000
0000
0000
,
0000
0000
0000
0000
,
0000
0000
0000
0000
,
0110
1001
0110
0000
,
0010
1000
0002
0000
,
0010
2003
0010
3002
,
0010
2003
3010
0000
,
0010
0000
1000
0000
,
0100
0001
0010
0000
,
1000
0100
1000
0000
,
0001
0010
0001
0000
,
0010
0010
0100
0000
,
0010
0100
0100
0000
,
0001
0010
0100
1000
,
0010
0100
0001
0000
,
0001
0001
1001
0000
,
1000
1000
1001
0000
,
1001
0000
0110
0000
,
0110
1001
0110
0000
,
0010
0001
0010
0001
,
0010
1000
0010
0000
,
0010
0001
0010
0001
,
0010
1000
0010
0100
,
2000
0000
0001
3001
,
0002
0000
1000
1003
,
1000
0000
0001
0000
,
0110
1001
0110
0000
,
1000
1000
0100
0000
,
0001
0001
0100
0100
,
1000
1000
1000
0000
,
0001
0010
0001
0010
,
0001
0001
0002
0100
,
1003
0100
2000
3100
,
1001
0000
0110
0000
,
1000
0001
1000
0000
,
0110
1001
0110
0000
,
1000
0001
1000
0000
,
0110
1001
0110
0000
,
0010
0001
2000
0000
,
0010
3002
0010
2003
,
0010
3002
0013
0000
,
0010
0000
0001
0000
,
0100
1000
0010
0000
,
0001
0100
0001
0000
,
1000
0010
1000
0000
,
0010
0010
0100
0000
,
0010
0100
0100
0000
,
1000
0010
0100
0001
,
0010
0100
1000
0000
,
1000
1000
1001
0000
,
0001
0001
1001
0000
,
1001
0000
0110
0000
,
0110
1001
0110
0000
,
0010
0002
0010
2003
,
0010
3002
0010
1003
,
1001
0000
0110
0000
,
1001
0110
1001
0110
;

//---------------dance-single - ----------------
#NOTES:
     dance-single:
     :
     Beginner:
     2:
     0.150020,0.138296,0.000000,0.041344,0.000000,122.000000,0.000000,5.000000,0.000000,0.000000,0.000000,0.150020,0.138296,0.000000,0.041344,0.000000,122.000000,0.000000,5.000000,0.000000,0.000000,0.000000:
0000
0000
0000
0000
,
0000
0000
0000
0000
,
0000
0000
0000
0000
,
0100
0100
0100
0000
,
1000
0000
1000
0000
,
0000
1000
0000
0001
,
0000
1000
0000
0001
,
0001
0000
1000
0000
,
0010
0010
0010
0000
,
1000
0000
1000
0000
,
0001
0000
0001
0000
,
0010
0000
0100
0000
,
0010
0000
0100
0000
,
0001
0001
0001
0000
,
1000
1000
1000
0000
,
0001
0000
1000
0000
,
0001
0000
1000
0000
,
0100
0000
0010
0000
,
0010
0010
0010
0000
,
0010
0000
0010
0000
,
0001
0000
0001
0000
,
0010
0000
0010
0000
,
1000
0000
1000
0000
,
0020
0000
0030
0000
,
0002
0000
0003
0000
,
0200
0000
0300
0000
,
0100
0100
0100
0000
,
1000
1000
1000
0000
,
0001
0001
0001
0000
,
0100
0100
0100
0000
,
0001
0001
0001
0000
,
0020
0000
0030
0000
,
2000
0000
3000
0000
,
0100
0000
0100
0000
,
0010
0010
0010
0000
,
0010
0010
0010
0000
,
1000
0000
1000
0000
,
0100
0100
0100
0000
,
0001
0000
0001
0000
,
0000
0001
0000
1000
,
0000
0001
0000
1000
,
1000
0000
0001
0000
,
0010
0010
0010
0000
,
0001
0000
0001
0000
,
1000
0000
1000
0000
,
0010
0000
0100
0000
,
0010
0000
0100
0000
,
1000
1000
1000
0000
,
0001
0001
0001
0000
,
1000
0000
0001
0000
,
1000
0000
0001
0000
,
0100
0000
0010
0000
,
0010
0010
0010
0000
,
0001
0000
1000
0000
,
0001
0000
1000
0000
,
0100
0000
0010
0000
,
0010
0010
0010
0010
;

//---------------dance-double - ----------------
#NOTES:
     dance-double:
     :
     Medium:
     8:
     0.297678,0.322691,0.239796,0.066151,0.190183,215.000000,29.000000,8.000000,0.000000,0.000000,0.000000,0.297678,0.322691,0.239796,0.066151,0.190183,215.000000,29.000000,8.000000,0.000000,0.000000,0.000000:
00000000
00000000
00000000
00000000
,  // measure 0
00000000
00000000
00000000
00000000
,  // measure 1
00000000
00000000
00000000
00000000
,  // measure 2
00010000
00001000
00000110
00000000
,  // measure 3
00000001
00000000
00001000
00000001
00000000
00000100
00000001
00000000
00000000
00000000
00000000
00000000
,  // measure 4
00000001
00000000
00000100
00000000
00000000
00000000
00001000
00000000
00000000
00000000
00000000
00000000
,  // measure 5
00100000
00000000
00010000
00000000
00000000
00000000
00010000
00000000
00000000
00000000
00000000
00000000
,  // measure 6
00110000
00100000
01100000
01000000
,  // measure 7
10000000
01000000
00010000
00011000
,  // measure 8
00010000
00000000
00001000
00000000
00000000
00000000
00000100
00000000
00000000
00000101
00000000
00000000
,  // measure 9
00000001
00000100
00002000
00013000
,  // measure 10
00100000
00000000
00010000
00000000
00000000
00000000
00100000
00000000
00000000
00010000
00000000
00000000
,  // measure 11
00100000
10000000
01000000
00000000
,  // measure 12
10000000
00000000
01000000
00010000
00000000
00000000
00001000
00000000
00000000
00000110
00000000
00000000
,  // measure 13
00000000
00000000
00001000
00000001
00000000
00000000
00000011
00000000
00000000
00000010
00000000
00000000
,  // measure 14
00001000
00000000
00010000
00000000
00000000
00001000
00010000
00000000
00000000
00000000
00000000
00000000
,  // measure 15
00010000
00000000
00100000
00000000
00000000
00010000
00100000
00000000
00000000
00000000
00000000
00000000
,  // measure 16
20000000
00100000
30020000
00100000
,  // measure 17
00130000
00001000
00011000
00000000
,  // measure 18
00010000
00000000
00001000
00000100
00000000
00000000
00001000
00000000
00000000
00000100
00000000
00000000
,  // measure 19
00001000
00000100
00000010
00000100
,  // measure 20
00000001
00000000
00001000
00000100
00000000
00000000
00001000
00000000
00000000
00000100
00000000
00000000
,  // measure 21
00010000
00001000
00100000
00010000
,  // measure 22
10000000
00000000
01000000
10000000
00000000
00000000
01010000
00000000
00000000
01010000
00000000
00000000
,  // measure 23
00001000
00000000
01000000
00001000
00000000
00000000
00011000
00000000
00000000
00011000
00000000
00000000
,  // measure 24
00001000
00000000
00000100
00000001
00000000
00000000
00001000
00000000
00000100
00000001
00000000
00000000
,  // measure 25
00000100
00000010
00001000
00011000
,  // measure 26
00010000
00000000
01000000
00000000
00000000
00010000
01000000
00000000
00000000
00000000
00000000
00000000
,  // measure 27
10000000
00000000
00100000
00000000
00000000
10000000
00100000
00000000
00000000
00000000
00000000
00000000
,  // measure 28
00010000
00000000
00100000
00000000
00000000
00010000
00100000
00000000
00000000
00000000
00000000
00000000
,  // measure 29
00001000
00000000
00010000
00000000
00000000
00001000
00010000
00000000
00000000
00000000
00000000
00000000
,  // measure 30
00010000
00000000
00000000
00001000
00000000
00000000
00000100
00000000
00000000
00000001
00000000
00000100
,  // measure 31
00000001
00000010
00001000
00010000
,  // measure 32
00011000
00000000
01100000
00000000
,  // measure 33
10000000
00000000
00000000
01000000
00000000
00010000
00001000
00000000
00000000
00011000
00000000
00000000
,  // measure 34
00001010
00000011
00000110
00000000
,  // measure 35
00000001
00000000
00001000
00000000
00000000
00000001
00000100
00000000
00000000
00000000
00000000
00000000
,  // measure 36
00001000
00010000
01100000
00000000
,  // measure 37
10000000
00000000
00010000
10000000
00000000
01000000
10000000
00000000
00000000
00000000
00000000
00000000
,  // measure 38
10000000
00000000
01000000
00000000
00000000
00000000
00010000
00000000
00000000
00000000
00000000
00000000
,  // measure 39
00000010
00000000
00001000
00000000
00000000
00000000
00001000
00000000
00000000
00000000
00000000
00000000
,  // measure 40
00001010
00000010
00000110
00000100
,  // measure 41
00000001
00000100
00001000
00011000
,  // measure 42
00001000
00000000
00010000
00000000
00000000
00000000
01000000
00000000
00000000
11000000
00000000
00000000
,  // measure 43
10000000
01000000
00020000
00031000
,  // measure 44
00000010
00000000
00001000
00000000
00000000
00000000
00000010
00000000
00000000
00001000
00000000
00000000
,  // measure 45
00000010
00000001
00000100
00000000
,  // measure 46
00000001
00000000
00000100
00001000
00000000
00000000
00010000
00000000
00000000
01100000
00000000
00000000
,  // measure 47
00000000
00000000
00010000
10000000
00000000
00000000
10100000
00000000
00000000
00100000
00000000
00000000
,  // measure 48
00010000
00000000
00001000
00000000
00000000
00010000
00001000
00000000
00000000
00000000
00000000
00000000
,  // measure 49
00001000
00000000
00000010
00000000
00000000
00001000
00000010
00000000
00000000
00000000
00000000
00000000
,  // measure 50
00000002
00000000
00000000
00000010
00000000
00000000
00002000
00000003
00000000
00000010
00000000
00000000
,  // measure 51
00003010
00010000
00011000
00000000
,  // measure 52
00001000
00000000
00010000
00000000
00000000
00001000
00010000
00000000
00000000
00000000
00000000
00000000
,  // measure 53
00010000
00000000
00100000
00000000
00000000
00010000
00100000
00000000
00000000
00000000
00000000
00000000
,  // measure 54
20000000
00100000
30020000
00100000
,  // measure 55
00130000
00001000
00011000
00000110
;

//---------------dance-double - ----------------
#NOTES:
     dance-double:
     :
     Easy:
     5:
     0.226802,0.230494,0.140570,0.074420,0.000000,166.000000,17.000000,9.000000,0.000000,0.000000,0.000000,0.226802,0.230494,0.140570,0.074420,0.000000,166.000000,17.000000,9.000000,0.000000,0.000000,0.000000:
00000000
00000000
00000000
00000000
,  // measure 0
00000000
00000000
00000000
00000000
,  // measure 1
00000000
00000000
00000000
00000000
,  // measure 2
00000110
00001001
00000001
00000010
,  // measure 3
00001000
00001000
00020000
00000000
,  // measure 4
00130000
20000000
00100000
30020000
,  // measure 5
00100000
20030000
30100000
00000000
,  // measure 6
10000000
01000000
00010000
00000000
,  // measure 7
00001000
00000010
00000001
00000000
,  // measure 8
00000001
00000100
00001000
00000000
,  // measure 9
00010000
00100000
01000000
00000000
,  // measure 10
00100000
00100000
10000000
00000000
,  // measure 11
10000000
01000000
01000000
00000000
,  // measure 12
00010000
00001000
00000100
00000010
,  // measure 13
00000001
00000010
00000010
00000000
,  // measure 14
00001000
00000001
00000100
00000000
,  // measure 15
00001000
00010000
01100000
00000000
,  // measure 16
10000000
00000000
01000000
00000000
,  // measure 17
00010000
00001000
00000110
00000000
,  // measure 18
00000010
00000001
00000010
00000001
,  // measure 19
00000010
00001000
00010000
00000000
,  // measure 20
00100000
00010000
00100000
00010000
,  // measure 21
00100000
10000000
00100000
01000000
,  // measure 22
10000000
00000000
00010000
00000000
,  // measure 23
00001000
00000000
00000001
00000000
,  // measure 24
00000001
00000000
00000100
00000000
,  // measure 25
00011000
00100000
01000000
00000000
,  // measure 26
10000000
10000000
01000000
00000000
,  // measure 27
00010000
00001000
00000100
00000100
,  // measure 28
00000001
00000001
00000001
00000000
,  // measure 29
00000001
00000010
00000001
00000010
,  // measure 30
00000001
00000000
00001000
00000000
,  // measure 31
00010000
00000000
20000000
31000000
,  // measure 32
10010000
00000000
01100000
00000000
,  // measure 33
00010000
00001000
00010000
00000000
,  // measure 34
00000110
00001001
00000110
00000000
,  // measure 35
00000001
00000100
00001000
00000000
,  // measure 36
01100000
10010000
10000000
00100000
,  // measure 37
00010000
00010000
00002000
00000000
,  // measure 38
00003010
00000002
00000010
00002003
,  // measure 39
00000010
00003002
00000013
00000000
,  // measure 40
00000001
00000100
00001000
00000000
,  // measure 41
00010000
00100000
10000000
00000000
,  // measure 42
10000000
01000000
00010000
00000000
,  // measure 43
00001000
00000010
00000100
00000000
,  // measure 44
00000010
00000010
00000001
00000000
,  // measure 45
00000001
00000100
00000100
00000000
,  // measure 46
00001000
00010000
01000000
00100000
,  // measure 47
10000000
00100000
00100000
00000000
,  // measure 48
00010000
10000000
01000000
00000000
,  // measure 49
00010000
00001000
00000110
00000000
,  // measure 50
00000001
00000000
00000100
00000000
,  // measure 51
00001000
00010000
01100000
00000000
,  // measure 52
00010000
10000000
01000000
00000000
,  // measure 53
00010000
00001000
00000110
00000000
,  // measure 54
00000001
00000000
00000100
00000000
,  // measure 55
00001000
00010000
01100000
10010000
;
