#TITLE:天ノ弱;
#SUBTITLE:;
#ARTIST:164;
#TITLETRANSLIT:Ama no jyaku;
#SUBTITLETRANSLIT:;
#ARTISTTRANSLIT:;
#GENRE:;
#CREDIT:;
#BANNER:Ama no jyaku.png;
#BACKGROUND:Ama no jyaku-bg.png;
#LYRICSPATH:;
#CDTITLE:./CDTitles/SOUND VOLTEX BOOTH.png;
#MUSIC:Ama no jyaku.ogg;
#OFFSET:0.000000;
#SAMPLESTART:57.590000;
#SAMPLELENGTH:15.000000;
#SELECTABLE:YES;
#DISPLAYBPM:200.000000:205.000000;
#BPMS:0.000000=200.000000
,184.000000=205.000000
,242.000000=200.000000
,254.000000=205.000000
,306.000000=200.000000
,314.000000=205.000000
,320.000000=200.000000
,332.000000=205.000000
,338.000000=200.000000
;
#STOPS:
;
#BGCHANGES:;
#KEYSOUNDS:;
#ATTACKS:;

//---------------dance-single - ----------------
#NOTES:
     dance-single:
     :
     Hard:
     13:
     0.617483,0.566512,0.375461,0.045788,0.032052,426.000000,41.000000,5.000000,0.000000,0.000000,0.000000,0.617483,0.566512,0.375461,0.045788,0.032052,426.000000,41.000000,5.000000,0.000000,0.000000,0.000000:
0000
0000
0000
0000
,
0000
0000
0000
0000
,
0000
0000
0000
0000
,
0000
0000
0000
0000
,
0000
0000
0000
0000
,
0001
0010
0100
0000
0001
0000
0100
1000
,
0100
1000
0001
0010
,
1000
0000
0010
0000
0100
0000
1000
0100
,
1000
0100
0010
0001
,
1000
0001
1000
0000
,
1000
0100
1000
0000
0001
0000
0100
0010
,
0100
0001
1000
0100
1000
0000
0100
0000
,
0001
0100
0010
0000
0010
0000
0001
0000
,
1001
0001
0110
0010
,
0001
0100
0001
0000
1000
0000
0100
0010
,
0100
1000
0001
0100
0001
0000
0100
0000
,
1000
0100
0010
0000
0010
0000
1000
0000
,
1001
1100
0110
0011
,
1000
0100
1000
0100
0000
0000
1000
0000
,
0001
0000
1000
0100
1000
0100
1000
0010
,
0001
0010
0001
0010
1000
0000
0100
0000
,
0002
0103
0200
1300
,
0001
0100
0001
0100
0000
0000
0001
0000
,
1000
0000
0001
0100
0001
0100
0001
0000
,
1001
0000
1000
0010
0001
0000
0010
1000
,
0002
0103
0200
1300
,
1000
0000
0100
0010
0001
0000
0010
1000
,
0100
1000
0010
0000
0001
0010
1000
0000
,
0010
0000
0100
0010
0100
0000
1000
0000
,
0001
1000
0001
0000
0100
0000
0010
0100
,
0001
0000
0100
0010
1000
0000
0010
0001
,
0010
1000
0010
0000
1000
0010
0001
0000
,
0010
0000
0100
0010
0100
0000
0001
0000
,
1000
0001
1000
0000
0100
0000
0010
0100
,
0001
0000
0100
0010
1000
0000
0010
0001
,
0100
0001
0010
0000
1000
0010
0001
0000
,
0010
0000
0100
0010
0100
0000
0001
0000
,
1000
0001
1000
0000
0100
0000
0010
0100
,
1000
0000
0100
0010
0001
0000
0010
1000
,
0010
0001
0010
0000
0001
0010
1000
0000
,
0010
0000
0100
0010
0100
0000
1000
0000
,
0010
0000
1000
0000
0100
0000
1100
0000
1001
0000
0011
0000
,
0001
0010
0100
1000
,
0010
0000
1000
0100
0000
0000
0001
0000
0000
0100
0000
0000
,
0010
1001
0200
0310
,
0001
0000
0000
1100
0000
0000
0110
0000
,
0000
0011
0000
0000
0011
0000
0101
0000
,
1100
1010
0010
0000
,
1001
0000
0110
0000
1000
0001
0010
0001
,
1000
0001
0010
0100
,
1000
0000
0001
0000
0010
0100
0010
0001
,
1000
0001
0100
0000
,
1000
0100
1000
0100
0010
0000
0010
0100
,
0010
0000
0001
0000
1000
0001
0100
0000
,
0001
0001
0010
0001
,
1000
0100
1100
0000
,
1001
0000
0110
0000
0001
1000
0010
1000
,
0100
0000
1000
0000
0101
0000
0100
0010
,
0100
0001
0010
0000
0010
0001
0010
1000
,
0010
0001
0110
0000
,
0011
0000
0000
0000
1000
0100
0000
0100
,
0010
0000
0010
0001
0000
0010
0001
0000
,
1000
0100
0000
1000
0010
1000
0000
0100
,
0010
0110
1001
0000
,
1001
0000
0110
0000
0001
1000
0010
1000
,
0001
1000
0010
0100
,
0001
0000
1000
0000
0010
0100
0010
1000
,
0001
1000
0100
0000
,
0001
0100
0001
0100
0010
0000
0010
0100
,
0010
0000
1000
0000
0001
1000
0100
0000
,
1000
1000
0010
1000
,
0001
0100
0101
0000
,
1001
0000
0110
0000
0001
1000
0100
1000
,
0010
0000
1000
0000
0011
0000
0010
0100
,
0010
0001
0100
0000
0100
0001
0100
1000
,
0100
0010
0001
0000
0011
0000
1010
0000
,
0110
0000
0000
0000
1000
0010
0000
0010
,
0100
0000
0100
0001
0000
0100
0001
0000
,
1000
0010
0000
1000
0100
1000
0000
0010
,
0100
0110
1001
0000
,
0110
0000
0000
0000
1000
0100
1000
0000
,
0001
0010
0001
0100
0010
0100
0001
0000
,
0100
0010
0100
0001
1000
0001
1000
0000
,
0100
0000
1100
0000
,
0100
0000
0000
0000
0010
0000
0000
0000
0100
0000
0000
0000
0001
0000
0000
0100
0000
0000
1000
0000
0000
0000
0000
0000
,
0001
0000
1000
0100
0010
0100
1000
0001
,
0100
0010
0100
0000
0100
1000
0000
1000
,
0100
0000
0100
0001
0000
0001
0010
0100
,
1000
0010
0100
0001
0000
0000
0000
0000
;

//---------------dance-double - ----------------
#NOTES:
     dance-double:
     :
     Hard:
     13:
     0.593935,0.526047,0.247255,0.045788,0.032052,422.000000,27.000000,5.000000,0.000000,0.000000,0.000000,0.593935,0.526047,0.247255,0.045788,0.032052,422.000000,27.000000,5.000000,0.000000,0.000000,0.000000:
  // measure 0
00000000
00000000
00000000
00000000
,  // measure 1
00000000
00000000
00000000
00000000
,  // measure 2
00000000
00000000
00000000
00000000
,  // measure 3
00000000
00000000
00000000
00000000
,  // measure 4
00000000
00000000
00000000
00000000
,  // measure 5
00010000
00100000
01000000
00000000
10000000
00000000
01000000
00010000
,  // measure 6
00001000
00000100
00000001
00000010
,  // measure 7
00001000
00000000
00000010
00000000
00000100
00000000
00001000
00000100
,  // measure 8
00010000
01000000
00100000
00010000
,  // measure 9
10000000
00010000
00100000
00000000
,  // measure 10
00001000
00010000
00001000
00000000
00000100
00000000
00000001
00000010
,  // measure 11
00000100
00001000
00000001
00000100
00000001
00000000
00000100
00000000
,  // measure 12
00001000
00010000
00100000
00000000
00100000
00000000
01000000
00000000
,  // measure 13
10010000
00010000
01100000
00010000
,  // measure 14
00001000
00000100
00000001
00000000
00001000
00000000
00000100
00000010
,  // measure 15
00000100
00001000
00000001
00000100
00000001
00000000
00000100
00000000
,  // measure 16
00001000
00010000
00100000
00000000
00100000
00000000
10000000
00000000
,  // measure 17
10010000
11000000
01100000
00110000
,  // measure 18
00001000
00010000
00001000
00000100
00000000
00000000
00000001
00000000
,  // measure 19
00000100
00000000
00001000
00000100
00000010
00000100
00001000
00010000
,  // measure 20
01000000
00100000
00010000
00100000
10000000
00000000
00100000
00000000
,  // measure 21
00020000
01030000
02000000
13000000
,  // measure 22
01000000
00100000
00010000
00001000
00000000
00000000
00000100
00000000
,  // measure 23
00000010
00000000
00000001
00000010
00001000
00000100
00001000
00000000
,  // measure 24
00001001
00000000
00000001
00000010
00001000
00000000
00000010
00000001
,  // measure 25
00002000
00003100
00000200
00000301
,  // measure 26
00000001
00000000
00000100
00000010
00001000
00000000
00010000
00100000
,  // measure 27
01000000
10000000
01000000
00000000
00010000
00100000
10000000
00000000
,  // measure 28
00100000
00000000
01000000
00100000
01000000
00000000
10000000
00000000
,  // measure 29
00010000
10000000
01000000
00000000
00010000
00000000
00001000
00000100
,  // measure 30
00000001
00000000
00000100
00000010
00001000
00000000
00000010
00000001
,  // measure 31
00000010
00001000
00000010
00000000
00001000
00000010
00000001
00000000
,  // measure 32
00000010
00000000
00000100
00001000
00010000
00000000
01000000
00000000
,  // measure 33
10000000
00010000
01000000
00000000
10000000
00000000
01000000
00000000
,  // measure 34
10000000
00000000
01000000
00100000
00010000
00000000
00001000
00000010
,  // measure 35
00000100
00000001
00000100
00000000
00001000
00000010
00000001
00000000
,  // measure 36
00000010
00000000
00000100
00000010
00000100
00000000
00000001
00000000
,  // measure 37
00001000
00000001
00000100
00000000
00001000
00000000
00010000
01000000
,  // measure 38
10000000
00000000
01000000
00100000
00010000
00000000
00100000
10000000
,  // measure 39
00100000
00010000
00100000
00000000
00001000
00100000
00010000
00000000
,  // measure 40
00100000
00000000
01000000
00010000
00001000
00000000
00000100
00000000
,  // measure 41
00000010
00000000
00000001
00000000
00000010
00000000
00001000
00000000
00000010
00000000
00000100
00000000
,  // measure 42
00001000
00010000
00100000
10000000
,  // measure 43
00100000
00000000
10000000
01000000
00000000
00000000
00010000
00000000
00000000
01000000
00000000
00000000
,  // measure 44
00010000
00001000
00000200
00000310
,  // measure 45
00000101
00000000
00000000
00001100
00000000
00000000
00000110
00000000
,  // measure 46
00000000
00000100
00000000
00000000
00001000
00000000
00010000
00000000
,  // measure 47
00100000
10000000
01000000
00010000
,  // measure 48
00001000
00000000
00000000
00000000
00010000
00001000
00000010
00000001
,  // measure 49
00000010
00000001
00000010
00000100
,  // measure 50
00001000
00000000
00000001
00000000
00000010
00000100
00000010
00001000
,  // measure 51
00010000
00001000
01000000
00000000
,  // measure 52
10000000
01000000
10000000
01000000
00100000
00000000
00010000
00001000
,  // measure 53
00010000
00000000
00001000
00000000
00000100
00000010
00000100
00000000
,  // measure 54
00001000
00010000
00100000
00010000
,  // measure 55
00100000
10000000
11000000
00000000
,  // measure 56
10010000
00000000
01100000
00000000
00010000
10000000
00100000
10000000
,  // measure 57
01000000
00000000
00010000
00000000
00001000
00000000
00010000
00000010
,  // measure 58
00000100
00000001
00000010
00000000
00000010
00000001
00000010
00001000
,  // measure 59
00000010
00000001
00000110
00000000
,  // measure 60
00011000
00000000
00000000
00000000
01100000
01000000
00000000
01000000
,  // measure 61
00100000
00000000
00100000
00010000
00000000
00010000
00001000
00000000
,  // measure 62
00001000
00000010
00000000
00000001
00000010
00000001
00000000
00000100
,  // measure 63
00000010
00000110
00001100
00000000
,  // measure 64
00010000
00000000
00000000
00000000
00001000
00010000
00100000
10000000
,  // measure 65
00100000
10000000
00100000
01000000
,  // measure 66
00010000
00000000
10000000
00000000
00100000
01000000
00100000
00010000
,  // measure 67
00001000
00010000
00000100
00000000
,  // measure 68
00000001
00000100
00000001
00000100
00000010
00000000
00001000
00010000
,  // measure 69
00001000
00000000
00010000
00000000
01000000
00100000
01000000
00000000
,  // measure 70
00010000
00001000
00000010
00000001
,  // measure 71
00000001
00000100
00000101
00000000
,  // measure 72
00001001
00000000
00000110
00000000
00001000
00000001
00000010
00000001
,  // measure 73
00000100
00000000
00001000
00000000
00010000
00000000
00001000
00100000
,  // measure 74
01000000
10000000
00100000
00000000
00100000
10000000
00100000
00010000
,  // measure 75
00100000
10000000
01100000
00000000
,  // measure 76
00011000
00000000
00000000
00000000
00000110
00000100
00000000
00000100
,  // measure 77
00000010
00000000
00000010
00001000
00000000
00001000
00010000
00000000
,  // measure 78
00010000
00100000
00000000
10000000
00100000
10000000
00000000
01000000
,  // measure 79
00100000
00001000
00011000
00000000
,  // measure 80
00001010
00000000
00000000
00000000
00001000
00000100
00001000
00000000
,  // measure 81
00000001
00000010
00000001
00000100
00000010
00000100
00000001
00000000
,  // measure 82
00000100
00001000
00010000
00100000
01000000
00100000
01000000
00000000
,  // measure 83
10000000
00000000
11000000
00000000
,  // measure 84
01000000
00000000
00000000
00000000
00100000
00000000
00000000
00000000
00010000
00000000
00000000
00000000
00001000
00000000
00000000
00000100
00000000
00000000
00000001
00000000
00000000
00000000
00000000
00000000
,  // measure 85
00000001
00000000
00001000
00000100
00000010
00000100
00001000
00000001
,  // measure 86
00000100
00000010
00000100
00000000
00000100
00001000
00000000
00010000
,  // measure 87
01000000
00000000
01000000
10000000
00000000
00010000
00100000
01000000
,  // measure 88
10000000
00100000
01000000
00001000
00000000
00000000
00000000
00000000
;

//---------------dance-double - ----------------
#NOTES:
     dance-double:
     :
     Medium:
     10:
     0.435640,0.485581,0.320516,0.054946,0.018315,292.000000,35.000000,6.000000,0.000000,0.000000,0.000000,0.435640,0.485581,0.320516,0.054946,0.018315,292.000000,35.000000,6.000000,0.000000,0.000000,0.000000:
  // measure 0
00000000
00000000
00000000
00000000
,  // measure 1
00000000
00000000
00000000
00000000
,  // measure 2
00000000
00000000
00000000
00000000
,  // measure 3
00000000
00000000
00000000
00000000
,  // measure 4
00000000
00000000
00000000
00000000
,  // measure 5
00001000
00001000
00000001
00000000
,  // measure 6
00000001
00000000
00000100
00000000
,  // measure 7
00001000
00010000
00100000
00000000
,  // measure 8
00100000
00000000
10000000
00000000
,  // measure 9
01000000
00100000
01000000
00010000
,  // measure 10
00001000
00000100
00000010
00001000
,  // measure 11
00000100
00000001
00000100
00000010
,  // measure 12
00001000
00010000
00100000
00010000
,  // measure 13
00100000
01000000
10000000
00000000
,  // measure 14
01000000
00100000
00010000
00001000
,  // measure 15
00000100
00000010
00000100
00000000
,  // measure 16
00000001
00000100
00001000
00010000
,  // measure 17
00001000
00100000
01000000
10000000
,  // measure 18
10000000
01000000
10000000
00000000
01000000
00000000
00010000
00000000
,  // measure 19
00001000
00010000
00000100
00001000
,  // measure 20
00000001
00000010
00000001
00000000
00000100
00000000
00001000
00000000
,  // measure 21
00001200
00001300
00002000
00013000
,  // measure 22
00020000
00130000
02000000
13000000
,  // measure 23
20000000
31000000
00200000
01300000
,  // measure 24
00110000
00000000
00011000
00000000
,  // measure 25
00000100
00000001
00000010
00000000
,  // measure 26
00000001
00000000
00000100
00000000
,  // measure 27
00001000
00010000
00001000
00000000
00000000
00000000
00000000
00000000
,  // measure 28
00010000
00000000
01000000
00000000
,  // measure 29
10000000
00010000
10000000
00000000
01000000
00000000
00000000
00000000
,  // measure 30
00010000
00000000
00001000
00000000
,  // measure 31
00010000
00001000
00010000
00000000
00000000
00000000
00000000
00000000
,  // measure 32
00001000
00000000
00000100
00000000
,  // measure 33
00000001
00000010
00000001
00000000
00000100
00000000
00001000
00000000
,  // measure 34
00010000
00000000
01000000
00000000
,  // measure 35
01000000
00010000
01000000
00000000
00000000
00000000
00000000
00000000
,  // measure 36
00100000
00000000
01000000
00000000
,  // measure 37
10000000
01000000
10000000
00000000
01000000
00000000
00110000
00000000
,  // measure 38
00110000
00000000
00011000
00000000
,  // measure 39
00001000
00010000
00001000
00000000
00000100
00000000
00000000
00000000
,  // measure 40
00000010
00000000
00000110
00000000
,  // measure 41
00000001
00000000
00001000
00000000
00000001
00000000
00001000
00000000
00000001
00000000
00001000
00000000
,  // measure 42
00000001
00000010
00000100
00000010
,  // measure 43
00001000
00010000
00100000
01000000
,  // measure 44
00010000
10000000
01000000
00100000
,  // measure 45
00010000
00000000
00000000
00011000
00000000
00000000
00001100
00000000
,  // measure 46
00000000
00011000
00000000
00000000
00010000
00000000
00001000
00000000
,  // measure 47
00000100
00000001
00000010
00000000
,  // measure 48
00001001
00000000
00001000
00000011
,  // measure 49
00000010
00000001
00001000
00000010
,  // measure 50
00000100
00001000
00010000
01000000
,  // measure 51
10000000
11000000
01000000
00000000
,  // measure 52
10000000
00000000
00010000
00000000
01000000
00000000
00100000
01000000
,  // measure 53
00000000
10000000
01000000
00100000
,  // measure 54
00000000
00010000
00001000
00000010
,  // measure 55
00000100
00000001
00000100
00000000
,  // measure 56
00001001
00000000
00000100
00000010
,  // measure 57
00001001
00000100
00001000
00000000
,  // measure 58
00010000
00001000
00010000
00100000
,  // measure 59
00010000
00001000
00000100
00001000
,  // measure 60
00010000
00000000
00000000
00000000
00110000
00000000
00000000
01100000
,  // measure 61
00000000
00000000
10000000
01000000
00000000
00100000
00010000
00000000
,  // measure 62
00011000
00011000
00010000
01000000
,  // measure 63
00100000
10000000
00100000
00000000
,  // measure 64
10010000
00000000
00010000
10100000
,  // measure 65
00100000
10000000
00010000
00100000
,  // measure 66
01000000
00010000
00001000
00000100
,  // measure 67
00000001
00000101
00000100
00000000
,  // measure 68
00000001
00000000
00001000
00000000
00000100
00000000
00000010
00000100
,  // measure 69
00000000
00000001
00000100
00000010
,  // measure 70
00000000
00001000
00010000
00100000
,  // measure 71
01000000
10000000
01000000
00000000
,  // measure 72
10010000
00000000
01000000
01100000
,  // measure 73
10010000
01000000
00010000
00000000
,  // measure 74
00001000
00010000
00000010
00001000
,  // measure 75
00000010
00000001
00000110
00000000
,  // measure 76
00001010
00000000
00000000
00000000
00000101
00000000
00000000
00000110
,  // measure 77
00000000
00000000
00000001
00000100
00000000
00000010
00001000
00000000
,  // measure 78
00011000
00011000
00010000
01000000
,  // measure 79
00100000
10000000
00100000
00000000
,  // measure 80
10010000
00000000
00000000
00000000
10000000
01000000
10000000
00000000
,  // measure 81
01000000
00000000
00000000
00000000
00010000
00001000
00010000
00000000
,  // measure 82
00000100
00000000
00001000
00000000
00000001
00001000
00000001
00000000
,  // measure 83
00000100
00000000
00001100
00000000
,  // measure 84
00011000
00000000
00000000
00000000
00010000
01000000
00010000
00000000
,  // measure 85
01000000
00000000
00000000
00000000
10000000
01000000
10000000
00000000
,  // measure 86
01000000
00000000
00010000
00000000
00001000
00010000
00000000
00001000
,  // measure 87
00000100
00000110
00000100
00000010
,  // measure 88
00000100
00000010
00000100
00000010
00000000
00000000
00000000
00000000
;

//---------------dance-single - ----------------
#NOTES:
     dance-single:
     :
     Medium:
     10:
     0.433023,0.485581,0.228940,0.064103,0.018315,299.000000,25.000000,7.000000,0.000000,0.000000,0.000000,0.433023,0.485581,0.228940,0.064103,0.018315,299.000000,25.000000,7.000000,0.000000,0.000000,0.000000:
0000
0000
0000
0000
,
0000
0000
0000
0000
,
0000
0000
0000
0000
,
0000
0000
0000
0000
,
0000
0000
0000
0000
,
0001
0100
0001
0000
,
1000
0001
1000
0010
,
1000
0100
0100
0000
,
0001
0100
0010
0001
,
1000
0001
1000
0000
,
1000
0001
1000
0010
,
1000
0100
0000
0000
,
0001
0100
0010
0001
,
1000
0100
1000
0000
,
0001
1000
0001
0010
,
0001
0100
0100
0000
,
1000
0100
0010
1000
,
0001
0010
0100
1000
,
1000
0100
1000
0000
0001
0000
0010
0000
,
0001
1000
0100
1000
,
0001
0010
0001
0000
1000
0000
0100
0000
,
0012
0013
0200
1300
,
0002
0013
0200
1300
,
2000
3100
0020
0130
,
1001
0000
1100
0000
,
0001
1000
0100
0000
,
1000
0000
0001
0000
,
1000
0100
1000
0000
0001
0000
0000
0000
,
0100
0000
0010
0000
,
1000
0001
1000
0000
0100
0000
0000
0000
,
0010
0000
0001
0000
,
0010
0001
0010
0000
1000
0000
0000
0000
,
0010
0000
0100
0000
,
1000
0001
1000
0000
0010
0000
0100
0000
,
0001
0000
1000
0000
,
0100
0001
0100
0000
1000
0000
0000
0000
,
0010
0000
0100
0000
,
0001
1000
0001
0000
0100
0000
0000
0000
,
0001
0000
1000
0000
,
0100
1000
0100
0000
0001
0000
0000
0000
,
0100
0000
0010
0000
,
0001
0000
1000
0000
0001
0000
1000
0000
0001
0000
1000
0000
,
0001
0010
0100
1000
,
0010
0100
0001
0010
,
0001
1000
0100
0010
,
0001
0000
0000
1100
0000
0000
0100
0000
,
0000
0011
0000
0000
0010
0000
0001
0000
,
0100
1000
0010
0000
,
1001
0000
1000
0011
,
0010
0001
1000
0010
,
0100
0001
0010
0100
,
1000
1100
0100
0000
,
1000
0000
0001
0000
0100
0000
0010
0100
,
0000
0001
1000
1000
,
0000
0001
0010
0001
,
1000
0100
1000
0000
,
1001
0000
0001
0110
,
1001
1000
0001
0010
,
0100
1000
0010
0001
,
0010
1000
0110
0000
,
0011
0000
0000
0000
1100
0000
0000
0110
,
0000
0000
1000
0100
0000
0010
0001
0000
,
1000
0100
1000
0000
0010
0000
1000
0000
,
0001
0100
0001
0000
,
1001
0000
0000
0000
1000
0001
0100
0001
,
0000
0001
1000
1000
,
0010
0010
0100
0100
,
0001
1000
0110
0000
,
1000
0100
1000
0000
0010
0000
0100
0010
,
0000
1000
1000
0010
,
1000
0001
0100
0001
,
1000
0010
1000
0000
,
1001
1000
0011
0100
,
0000
1000
0001
0100
,
0010
1000
0100
0010
,
0100
0001
0110
0000
,
0101
0000
0000
0000
1010
0000
0000
0110
,
0000
0000
1000
0010
0000
0100
0001
0000
,
1000
0010
1000
0000
0100
0000
1000
0000
,
0001
0010
0002
0000
,
0003
0000
0000
0000
1000
0100
1000
0000
,
0001
0000
0000
0000
0010
0100
0010
0000
,
0100
0000
0000
0000
1000
0001
1000
0000
,
0100
0000
1100
0000
,
0110
0000
0000
0000
0001
0100
0001
0000
,
1000
0000
0000
0000
0010
0100
0010
0000
,
0100
0000
0000
0000
0001
1000
0000
0001
,
1000
0000
0010
1000
0000
0100
0010
0100
,
0000
0010
0100
0010
0000
0000
0000
0000
;

//---------------dance-single - ----------------
#NOTES:
     dance-single:
     :
     Beginner:
     3:
     0.143905,0.199178,0.000000,0.000000,0.000000,110.000000,0.000000,0.000000,0.000000,0.000000,0.000000,0.143905,0.199178,0.000000,0.000000,0.000000,110.000000,0.000000,0.000000,0.000000,0.000000,0.000000:
0000
0000
0000
0000
,
0000
0000
0000
0000
,
0000
0000
0000
0000
,
0000
0000
0000
0000
,
0100
0000
0000
0000
,
0001
0000
0000
0000
,
1000
0000
0000
0000
,
0010
0000
0000
0000
,
0000
0000
0000
0000
,
0001
0000
0001
0000
,
1000
0000
0000
0000
,
1000
0000
1000
0000
,
0001
0000
0000
0000
,
1000
0000
1000
0000
,
0001
0000
0000
0000
,
0001
0000
1000
0000
,
0010
0010
0010
0000
,
1000
0000
0000
0000
,
0001
0000
0001
0000
,
0100
0000
0000
0000
,
0010
0000
0000
0000
,
0100
0100
0000
0000
,
0001
0000
0000
0000
,
1000
0000
1000
0000
,
0001
0000
0000
0000
,
0001
0000
0000
0000
,
0100
0000
0000
0000
,
0001
0000
0000
0000
,
1000
0000
0100
0000
,
1000
0000
0000
0000
,
0001
0000
0000
0000
,
1000
0000
0000
0000
,
0001
0000
1000
0000
,
1000
0000
0000
0000
,
0100
0000
0000
0000
,
1000
0000
0000
0000
,
0001
0000
0100
0000
,
0001
0000
0000
0000
,
1000
0000
0000
0000
,
0001
0000
0000
0000
,
0010
0000
0100
0000
,
1000
0000
0000
0000
,
0010
0000
0000
0000
,
0000
0000
0000
0000
,
0001
0000
0001
0000
,
1000
0000
1000
0000
,
1000
0000
0001
0000
,
0000
0000
0001
0000
,
0001
0000
0100
0000
,
0100
0000
0001
0000
,
0000
0000
1000
0000
,
0000
0000
0100
0000
,
0000
0000
0100
0000
,
0000
0000
0100
0000
,
0000
0000
0100
0000
,
0000
0000
1000
0000
,
0100
0000
0100
0000
,
1000
0000
0000
0000
,
0001
0000
0000
0000
,
0010
0000
0000
0000
,
0010
0000
0000
0000
,
0010
0000
0000
0000
,
0010
0000
0000
0000
,
0010
0000
0001
0000
,
0000
0000
1000
0000
,
0000
0000
0010
0000
,
0000
0000
0010
0000
,
1000
1000
1000
0000
,
0000
0000
0100
0000
,
0000
0000
0100
0000
,
0001
0000
0001
0000
,
0001
0000
0001
0001
,
0001
0000
0000
0000
,
0000
0000
0001
0000
,
0000
0000
1000
0000
,
0000
0000
0001
0000
,
0000
0000
1000
0000
,
0000
0000
0001
0000
,
0000
0000
0100
0000
,
0000
0000
0001
0000
,
0000
0000
1000
0000
,
0000
0000
0001
0000
,
0001
0000
0100
0000
,
0001
0000
1000
0000
,
0000
0000
0001
0000
,
0000
0000
1000
0000
,
1000
0000
1000
0000
,
1000
0000
0000
0000
;

//---------------dance-single - ----------------
#NOTES:
     dance-single:
     :
     Easy:
     6:
     0.265570,0.279650,0.045788,0.036630,0.000000,194.000000,5.000000,4.000000,0.000000,0.000000,0.000000,0.265570,0.279650,0.045788,0.036630,0.000000,194.000000,5.000000,4.000000,0.000000,0.000000,0.000000:
0000
0000
0000
0000
,
0000
0000
0000
0000
,
0000
0000
0000
0000
,
0000
0000
0000
0000
,
0100
0000
0010
0000
,
0001
0000
0001
0000
,
1000
0000
1000
0000
,
0010
0000
0010
0000
,
0100
0000
0100
0000
,
0001
1000
0100
0000
,
1000
0000
1000
0000
,
0010
0000
0001
0000
,
1000
0001
1000
0000
,
1000
0001
0100
0000
,
0001
0000
0001
0000
,
0010
0000
1000
0000
,
0001
0010
0100
1000
,
0100
1000
0000
0000
,
0001
0010
0001
0000
,
0100
0000
0000
0000
,
0010
0000
0000
0000
,
0100
0010
0100
0000
,
0001
0000
0001
0000
,
1000
0000
0000
0000
,
0001
0000
0000
0000
,
0001
0000
0010
0001
,
0100
0000
0000
0000
,
0001
0000
0000
0000
,
1000
0000
0100
0000
,
1000
0000
0001
1000
,
0001
0000
0000
0000
,
1000
0000
0000
0000
,
0001
0000
0100
0000
,
1000
0000
0010
1000
,
0100
0000
0000
0000
,
1000
0000
0000
0000
,
0001
0000
0100
0000
,
0001
0000
1000
0001
,
1000
0000
0000
0000
,
0001
0000
0000
0000
,
0001
1000
0100
0000
,
1000
0100
0010
0001
,
0010
0000
0010
0000
,
0100
0000
0100
0000
,
1000
0000
1000
0000
,
0100
0000
0100
0000
,
0001
0000
0001
0000
,
1001
0000
0001
0010
,
0001
1000
0100
0000
,
0100
0000
0010
0000
,
0001
0000
0010
0000
,
0001
0001
0100
0000
,
1000
0000
0100
0000
,
0001
0000
0001
0010
,
0100
1000
0100
0000
,
0001
0000
1000
0100
,
1000
0000
0001
0010
,
0001
0000
2000
0000
,
0100
0000
3002
0000
,
0100
0000
1003
1001
,
1001
0000
0100
0000
,
0010
0000
1000
0001
,
0010
0001
0100
0000
,
0001
0000
1000
0010
,
1000
0001
0100
0000
,
0100
0000
0010
0000
,
1000
0000
0010
0000
,
1000
1000
0100
0000
,
0001
0000
0100
0000
,
1000
0000
1000
0010
,
0100
0001
0100
0000
,
0001
0000
0001
0100
,
0001
0000
1000
0010
,
1000
0000
0002
0000
,
0100
0000
2003
0000
,
0100
0000
3001
1001
,
1001
0000
0100
0000
,
0010
0000
0001
1000
,
0010
1000
0100
0000
,
0100
0000
1000
0000
,
0001
0000
1000
0010
,
0100
0000
0001
0000
,
0001
0000
0100
0010
,
1000
0000
0001
0000
,
1000
0000
0010
0100
,
0010
0000
1000
0000
,
1000
0000
0001
1000
,
0001
1000
0000
0000
;

//---------------dance-double - ----------------
#NOTES:
     dance-double:
     :
     Easy:
     7:
     0.269495,0.279650,0.009158,0.054946,0.000000,199.000000,1.000000,6.000000,0.000000,0.000000,0.000000,0.269495,0.279650,0.009158,0.054946,0.000000,199.000000,1.000000,6.000000,0.000000,0.000000,0.000000:
  // measure 0
00000000
00000000
00000000
00000000
,  // measure 1
00000000
00000000
00000000
00000000
,  // measure 2
00000000
00000000
00000000
00000000
,  // measure 3
00000000
00000000
00000000
00000000
,  // measure 4
00001000
00000000
00000001
00000000
,  // measure 5
00000001
00000000
00000100
00000000
,  // measure 6
00001000
00000000
00010000
00000000
,  // measure 7
00100000
00000000
10000000
00000000
,  // measure 8
01000000
00000000
01000000
00000000
,  // measure 9
10000000
00100000
01000000
00000000
,  // measure 10
10000000
00000000
01000000
00000000
,  // measure 11
00100000
00000000
00010000
00000000
,  // measure 12
00001000
00000100
00000001
00000000
,  // measure 13
00000001
00000010
00000100
00000000
,  // measure 14
00000001
00000000
00000100
00000000
,  // measure 15
00000010
00000000
00001000
00000000
,  // measure 16
00010000
01000000
10000000
01000000
,  // measure 17
10000000
01000000
00010000
00000000
,  // measure 18
00001000
00000100
00000010
00000000
,  // measure 19
00000001
00000000
00000000
00000000
,  // measure 20
00000010
00000000
00000000
00000000
,  // measure 21
00001000
00000001
00001000
00000000
,  // measure 22
00000001
00000001
00000100
00000100
,  // measure 23
00001000
00000000
00010000
00000000
,  // measure 24
00001000
00000000
00010000
00000000
,  // measure 25
00010000
00000000
00100000
00010000
,  // measure 26
00100000
00000000
10000000
00000000
,  // measure 27
00010000
00000000
10000000
00000000
,  // measure 28
01000000
00000000
00010000
00000000
,  // measure 29
01000000
00000000
10000000
01000000
,  // measure 30
00100000
00001000
00000000
00000000
,  // measure 31
00010000
00000000
00000000
00000000
,  // measure 32
00001000
00000000
00000100
00000000
,  // measure 33
00001000
00000000
00010000
00001000
,  // measure 34
00000010
00000000
00000001
00000000
,  // measure 35
00001000
00000000
00000001
00000000
,  // measure 36
00000100
00000000
00001000
00000000
,  // measure 37
00000100
00000000
00000001
00000100
,  // measure 38
00000010
00010000
00000000
00000000
,  // measure 39
00001000
00000000
00010000
00000000
,  // measure 40
01000000
00000000
10000000
00000000
,  // measure 41
10000000
01000000
00010000
00001000
,  // measure 42
00000100
00000000
00000001
00000000
,  // measure 43
00000001
00000000
00000100
00000000
,  // measure 44
00000001
00000000
00000001
00000000
,  // measure 45
00000100
00000000
00001000
00000000
,  // measure 46
00000010
00000000
00000001
00000000
,  // measure 47
00001001
00000000
00000001
00000010
,  // measure 48
00001000
00010000
01000000
00000000
,  // measure 49
01000000
00000000
00100000
00000000
,  // measure 50
00000000
00000000
00010000
00000000
,  // measure 51
10000000
10000000
01000000
00000000
,  // measure 52
00010000
00000000
00001000
00000000
,  // measure 53
00000010
00000000
00000100
00000001
,  // measure 54
00000100
00000010
00001000
00000000
,  // measure 55
00010000
00000000
00010000
01000000
,  // measure 56
10000000
00000000
00010000
00100000
,  // measure 57
00010000
00000000
20000000
00000000
,  // measure 58
01000000
00000000
30020000
00000000
,  // measure 59
02030000
00000000
10000000
00000000
,  // measure 60
13000000
00000000
01000000
00000000
,  // measure 61
00100000
00000000
00010000
00000000
,  // measure 62
00001000
00000000
00000100
00000000
,  // measure 63
00000001
00000000
00000001
00000010
,  // measure 64
00001000
00010000
01000000
00000000
,  // measure 65
01000000
00000000
00100000
00000000
,  // measure 66
00000000
00000000
00010000
00000000
,  // measure 67
10000000
10000000
01000000
00000000
,  // measure 68
00010000
00000000
00001000
00000000
,  // measure 69
00000010
00000000
00000100
00000001
,  // measure 70
00000100
00000010
00001000
00000000
,  // measure 71
00010000
00000000
00010000
01000000
,  // measure 72
10000000
00000000
00010000
00100000
,  // measure 73
00010000
00000000
20000000
00000000
,  // measure 74
01000000
00000000
30020000
00000000
,  // measure 75
02030000
00000000
10000000
00000000
,  // measure 76
13000000
00000000
01000000
00000000
,  // measure 77
00100000
00000000
00010000
00000000
,  // measure 78
00001000
00000000
00000100
00000000
,  // measure 79
00000010
00000000
00000100
00001000
,  // measure 80
00010000
00000000
00010000
00100000
,  // measure 81
01000000
00000000
00010000
00000000
,  // measure 82
00010000
00000000
01000000
00100000
,  // measure 83
10000000
00000000
01000000
00010000
,  // measure 84
00001000
00000000
00001000
00000010
,  // measure 85
00000100
00000000
00001000
00000000
,  // measure 86
00001000
00000000
00000100
00000010
,  // measure 87
00000001
00000100
00000000
00000000
;
