#TITLE:怒れる大きな白い馬;
#SUBTITLE:;
#ARTIST:Morning Blue Dragon;
#TITLETRANSLIT:Tino's White Horse;
#SUBTITLETRANSLIT:;
#ARTISTTRANSLIT:;
#CREDIT:;
#BANNER:Tino's White Horse.png;
#BACKGROUND:Tino's White Horse-bg.png;
#LYRICSPATH:;
#CDTITLE:./CDTITLES/Pop'n Music.png;
#MUSIC:Tino's White Horse.ogg;
#OFFSET:0.000;
#SAMPLESTART:66.100;
#SAMPLELENGTH:15.000;
#SELECTABLE:YES;
#DISPLAYBPM:110.000:148.000;
#BPMS:0.000=148.760,4.000=147.974,116.000=109.924,124.000=116.129,132.000=117.647,134.000=120.000,136.000=123.288,137.000=126.761,138.000=128.571,139.000=132.353,140.000=139.535,142.000=140.625,144.000=142.857,146.000=142.857,148.000=142.857,149.000=145.161,150.000=147.541,151.000=145.161,152.000=148.026;
#STOPS:;
#BGCHANGES:;

//---------------dance-single - ----------------
#NOTES:
     dance-single:
     :
     Beginner:
     4:
     0.151,0.146,0.010,0.000,0.000:
0000
0000
0000
0000
,
0000
0000
0000
0000
,
0000
0000
0000
0000
,
0000
0000
0000
0000
,
0000
0000
0000
0000
,
0010
0000
0100
0000
,
0001
0000
1000
0000
,
0010
0000
0001
0000
,
0100
0000
1000
0000
,
0000
0001
0000
0001
,
0000
1000
0000
1000
,
0000
0000
0100
0000
,
1000
0000
0100
0000
,
0010
0000
1000
0000
,
0001
0000
0010
0000
,
0100
0000
1000
0000
,
0001
0000
0100
0000
,
0010
0000
0100
0000
,
1000
0000
0010
0000
,
1000
0000
0000
0000
,
0001
0000
0000
0000
,
1000
1000
0000
0000
,
0001
0001
0000
0000
,
0100
0100
0000
0000
,
0010
0010
0000
0000
,
1000
0000
1000
0000
,
0001
0000
0001
0000
,
1000
0000
1000
0000
,
0100
0000
0100
0000
,
0010
0000
0000
0000
,
1000
0000
0100
0000
,
0001
0000
0010
0000
,
0001
0000
1000
0000
,
0100
0000
0010
0000
,
1000
0000
0001
0000
,
0100
0100
0000
0000
,
0010
0010
0000
0000
,
1000
0000
0001
0000
,
1000
0000
1000
0000
,
0100
0100
0000
0000
,
0010
0010
0000
0000
,
0001
0001
0000
1000
,
0000
1000
0000
1000
,
0000
0010
0010
0000
,
1000
0000
0100
0000
,
0010
0010
0000
0100
,
0000
0001
0000
0001
,
0000
0100
0100
0000
,
0000
0010
0010
0000
,
0000
1000
1000
0000
,
0000
0001
0001
0000
,
0000
1000
0000
0100
,
0000
0001
0000
0100
,
0000
0010
0000
1000
,
0000
0010
0000
0001
,
0000
0001
0000
1001
,
0000
0000
0000
0000
;

//---------------dance-single - ----------------
#NOTES:
     dance-single:
     :
     Easy:
     5:
     0.217,0.263,0.010,0.031,0.000:
0000
0000
0000
0000
,
0000
0000
0000
0000
,
0000
0000
0000
0000
,
0000
0000
0000
0000
,
0000
0000
0000
0000
,
0010
0000
0100
0000
,
0001
0000
1000
0000
,
0010
0000
0001
0000
,
0100
0000
1000
0000
,
0000
0001
0000
0001
,
0000
1000
0000
1000
,
0010
0000
0100
0000
,
1000
0000
0100
0000
,
0010
0000
1000
0000
,
0001
0000
0010
0000
,
0100
0000
1000
0000
,
0001
0000
0100
0000
,
0010
0000
0100
0000
,
1000
0000
0010
0000
,
2000
0000
0000
3000
,
0002
0000
0000
0003
,
1000
1000
1000
0000
,
0001
0001
0001
0000
,
0100
0100
0100
0000
,
0010
0010
0010
0000
,
1000
0010
1000
0000
,
0001
0100
0001
0000
,
1000
0001
1000
0000
,
0100
0010
0100
0000
,
0020
0000
0000
0030
,
1000
0000
0100
0000
,
0001
0000
0010
0000
,
0001
0000
1000
0000
,
0100
0000
0010
0000
,
1000
0000
0001
0000
,
0100
0100
0100
0000
,
0010
0010
0010
0000
,
1000
0000
0001
0000
,
1000
0001
1000
0001
,
0100
0100
0010
0000
,
0010
0010
0100
0000
,
0001
0001
1000
1000
,
0001
1000
0001
1000
,
0001
0010
0010
0000
,
1000
0100
0100
0000
,
0010
0010
0100
0100
,
1000
0001
1000
0001
,
0100
0100
0100
0100
,
0010
0010
0010
0010
,
1000
1000
1000
1000
,
0001
0001
0001
0001
,
1000
1000
0100
0100
,
0001
0001
0100
0100
,
0010
0010
1000
1000
,
0010
0010
0001
0001
,
1000
0001
1000
1001
,
0000
0000
0000
0000
;

//---------------dance-single - ----------------
#NOTES:
     dance-single:
     :
     Medium:
     8:
     0.366,0.410,0.157,0.010,0.000:
0000
0000
0000
0000
,
0000
0000
0000
0000
,
0000
0000
0000
0000
,
0000
0000
0000
0000
,
0000
0000
0000
0000
,
0001
0001
0000
0010
0000
0100
0000
1000
,
0000
0001
0000
0100
0000
0001
0000
0010
,
0000
1000
0000
0010
0000
0001
0000
1000
,
0000
0010
0000
0100
0000
0010
0010
0000
,
0001
0000
1000
1000
0000
0000
0001
0001
,
0000
0000
0010
0010
0000
0000
0100
0000
,
0010
0001
0100
0001
,
1000
0100
0010
0001
,
0010
1000
0001
0100
,
0010
0001
1000
0110
,
1001
0010
0100
0001
,
1000
0100
0010
0001
,
0100
0010
0001
0010
,
1000
0001
0100
0110
,
1001
0010
0100
1000
,
0010
1000
0001
0010
,
0100
0100
0000
1000
0000
0001
0000
0010
,
0000
1000
0000
0010
0000
0100
0000
1000
,
0000
0010
0000
0001
0000
0010
0000
1000
,
0000
0100
0000
0010
0000
0100
0100
0000
,
1000
1000
0000
0010
0000
1000
0000
0001
,
0000
0010
0000
0100
0000
0001
0000
0100
,
0000
0010
0000
0001
0000
0100
0000
1000
,
0000
0001
0000
0010
0000
1000
0000
0010
,
0020
0000
0000
0030
,
0001
0100
1000
0010
,
0100
0000
1000
0000
0010
0000
0100
0010
,
0100
0000
1000
0000
0100
0000
0001
0010
,
0001
0010
0100
0001
,
1000
0000
0010
0000
1000
0000
0001
1000
,
0001
1000
0010
0100
,
0001
0000
0010
0000
0100
0000
0010
1000
,
0010
0100
0010
0001
,
1000
0001
1000
0000
0100
0000
1001
0000
,
0010
0000
0001
0000
0100
0100
0100
0000
,
0010
0000
0001
0000
1000
1000
1000
0000
,
0100
0000
0010
0000
0001
0001
0001
0000
,
0110
1001
0110
1001
,
0010
0000
1000
0000
0001
0001
0001
0000
,
1000
0000
0100
0000
0010
0010
0010
0000
,
1000
0000
0010
0000
1000
1000
1000
0000
,
0110
1001
0110
1001
,
1000
0000
0010
0000
0100
0010
0100
0000
,
0001
0000
0010
0000
0100
0010
0100
0000
,
1000
0000
0001
0000
1000
1000
1000
0000
,
0100
0000
0010
0000
0100
0100
0100
0000
,
1000
1000
1000
0000
0001
0001
0001
0000
,
0100
0100
0100
0000
0010
0010
0010
0000
,
0100
0100
0100
0000
0001
0010
0001
0000
,
1000
1000
1000
0000
0001
1000
0001
0000
,
0110
0000
1001
0000
0010
0100
0010
0000
,
0000
0000
0000
0000
;

//---------------dance-single - ----------------
#NOTES:
     dance-single:
     :
     Hard:
     11:
     0.529,0.556,0.010,0.052,0.604:
0000
0000
0000
0000
,
0000
0000
0000
0000
,
0000
0000
0000
0000
,
0000
0000
0000
0000
,
0000
0000
0000
0000
,
0010
0000
0000
0010
1000
0000
0000
1000
0100
0000
0000
0100
0010
0000
0000
0010
,
0001
0000
0000
0001
1000
0000
0000
1000
0010
0000
0000
0010
1000
0000
0000
1000
,
0100
0000
0000
0100
0001
0000
0000
0001
0100
0000
0000
0100
1000
0000
0000
1000
,
0001
0000
0000
0001
0100
0000
0000
0100
0010
0000
1000
0000
0100
0000
1000
0000
,
0010
0000
1000
0001
0000
0000
0010
0100
,
0000
0000
1000
0001
0000
0100
0001
0010
,
0001
0000
0000
0000
1000
0000
0100
0000
0010
0000
0000
0100
1000
0000
0000
0000
,
0001
0000
0000
0000
0010
0000
0001
0000
0100
0000
0000
0010
1000
0000
0000
0000
,
0100
0000
0000
0000
0001
0000
0100
0000
1000
0000
0000
0001
0010
0000
0000
0000
,
0100
0000
0000
0000
1000
0000
0001
0000
0100
0000
0000
0010
0100
0000
0000
0000
,
1000
0000
0000
0000
0100
0000
0001
0000
0010
0000
0000
0100
1000
0000
0000
0000
,
0001
0000
0000
0000
0010
0000
0001
0000
0100
0000
0000
0001
1000
0000
0000
0000
,
0010
0000
0000
0000
0100
0000
0010
0000
1000
0000
0000
0001
0100
0000
0000
0000
,
0001
0000
0000
0000
1000
0000
0100
0000
0010
0000
0000
0001
0100
0000
0000
0000
,
0010
0000
0100
0001
0010
0000
0100
1000
,
0001
0000
0100
0010
1000
0000
0100
1000
,
0010
0000
0000
0010
0100
0000
0000
0100
0001
0000
0000
0001
1000
0000
0000
1000
,
0100
0000
0000
0100
0001
0000
0000
0001
0100
0000
0000
0100
0010
0000
0000
0010
,
0001
0000
0000
0001
0100
0000
0000
0100
1000
0000
0000
1000
0100
0000
0000
0100
,
0001
0000
0000
0001
0010
0000
0000
0010
0100
0000
0000
0100
1000
0000
0001
0000
,
1000
0000
0000
1000
0010
0000
0000
0010
0100
0000
0000
0100
0001
0000
0000
0001
,
1000
0000
0000
1000
0100
0000
0000
0100
0010
0000
0000
0010
1000
0000
0000
1000
,
0010
0000
0000
0010
0100
0000
0000
0100
1000
0000
0000
1000
0010
0000
0000
0010
,
0001
0000
0000
0001
1000
0000
0000
1000
0100
0000
0000
0100
0001
0000
1000
0000
,
0200
0000
0000
0300
,
1000
0000
0010
1000
0001
0000
0100
0001
,
0010
0000
0001
1000
0100
0000
0010
0100
,
1000
0001
1000
0100
0010
0000
0100
1000
,
0010
0000
0100
0001
1000
0000
0010
0100
,
0001
0000
1000
0100
0001
0100
1000
0001
,
0100
0000
0001
0010
0100
0000
0010
0001
,
1000
0000
0100
1000
0010
0000
1000
0001
,
0100
0000
0010
1000
0100
0000
1000
0000
,
0001
0000
1000
0000
0100
0000
1000
0000
0001
0000
0000
0100
0001
0000
0010
0000
,
0100
0000
0000
0000
1000
0000
0000
0000
0001
0100
0000
0000
0010
0000
1000
0000
,
0100
0000
0000
0000
1000
0000
0000
0000
0001
0010
0000
0000
0001
0000
1000
0000
,
0010
0000
0000
0000
0100
0000
0000
0000
0010
1000
0000
0000
0001
0000
1000
0000
,
0100
0000
0000
0100
0001
0000
0000
0001
0100
0000
0000
0100
1000
0000
0010
0000
,
1000
0000
0000
0000
0001
0000
0000
0000
0100
0010
0000
0000
0100
0000
0001
0000
,
1000
0000
0000
0000
0010
0000
0000
0000
1000
0100
0000
0000
0010
0000
0100
0000
,
0001
0000
0000
0000
0100
0000
0000
0000
1000
0001
0000
0000
0010
0000
0001
0000
,
0100
0000
0000
0100
0010
0000
0000
0010
1000
0000
0000
1000
0100
0000
1000
0000
,
0001
0100
0000
0001
0000
0010
0000
0001
0000
0100
0000
0001
0010
0000
0000
0000
,
0100
1000
0000
0100
0000
0010
0000
0100
0000
1000
0000
0100
0010
0000
0000
0000
,
0001
1000
0000
0001
0000
0100
0000
0001
0000
1000
0000
0001
0100
0000
0000
0000
,
0010
1000
0000
0010
0000
0100
0000
0010
0000
1000
0000
0010
0100
0000
0000
0000
,
0002
1000
0000
1000
0000
1000
0000
1000
0003
1000
0000
1000
0100
0000
0000
0000
,
2000
0010
0000
0010
0000
0010
0000
0010
3000
0010
0000
0010
0100
0000
0000
0000
,
0002
0100
0000
0100
0000
0100
0000
0100
0003
0100
0000
0100
0010
0000
0000
0000
,
0200
0001
0000
0001
0000
0001
0000
0001
0300
0001
0000
0001
0010
0000
0000
0000
,
0001
0000
0000
0001
1000
0000
0000
1000
0100
0000
0010
0000
1001
0000
0000
0000
,
0000
0000
0000
0000
;

//---------------dance-double - ----------------
#NOTES:
     dance-double:
     :
     Easy:
     3:
     0.178,0.234,0.010,0.031,0.000:
00000000
00000000
00000000
00000000
,
00000000
00000000
00000000
00000000
,
00000000
00000000
00000000
00000000
,
00000000
00000000
00000000
00000000
,
00000000
00000000
00000000
00000000
,
01000000
00000000
01000000
00000000
,
10000000
00000000
10000000
00000000
,
00100000
00000000
00100000
00000000
,
00010000
00000000
00010000
00000000
,
00001000
00000000
00010000
00000000
,
00001000
00000000
00010000
00000000
,
00001000
00000000
00000100
00000000
,
00000001
00000000
00001000
00000000
,
00000100
00000000
00000010
00000000
,
00000100
00000000
00001000
00000000
,
00000010
00000000
00000100
00000000
,
00001000
00000000
00010000
00000000
,
00100000
00000000
10000000
00000000
,
00010000
00000000
01000000
00000000
,
00020000
00000000
00000000
00030000
,
20000000
00000000
00000000
30000000
,
01000000
00000000
01000000
00000000
,
00100000
00000000
00100000
00000000
,
00010000
00000000
00010000
00000000
,
01000000
00000000
01000000
00000000
,
00100000
00000000
10000000
00000000
,
01000000
00000000
00010000
00000000
,
00001000
00000000
00000100
00000000
,
00000001
00000000
00000010
00000000
,
00000200
00000000
00000000
00000300
,
00001000
00000000
00000001
00000000
,
00000100
00000000
00000010
00000000
,
00001000
00000000
00000001
00000000
,
00000010
00000000
00000100
00000000
,
00000001
00000000
00001000
00000000
,
00000010
00000000
00000010
00000000
,
00000100
00000000
00000100
00000000
,
00001000
00000000
00010000
00000000
,
00001000
00010000
00001000
00010000
,
00100000
00000000
01000000
00000000
,
00010000
00000000
10000000
00000000
,
00100000
00000000
10000000
00000000
,
00010000
10000000
00010000
10000000
,
01000000
00000000
00010000
00000000
,
00001000
00000000
00000010
00000000
,
00000001
00000000
00000100
00000000
,
00000001
00001000
00000001
00001000
,
00000100
00000100
00000100
00000000
,
00000010
00000010
00000010
00000000
,
00000001
00000001
00000001
00000000
,
00000100
00000100
00000100
00000000
,
00001000
00001000
00010000
00000000
,
00010000
00010000
01000000
00000000
,
01000000
01000000
10000000
00000000
,
10000000
10000000
00100000
00000000
,
10000000
00010000
10000000
10010000
,
00000000
00000000
00000000
00000000
;

//---------------dance-double - ----------------
#NOTES:
     dance-double:
     :
     Medium:
     7:
     0.327,0.351,0.084,0.010,0.000:
00000000
00000000
00000000
00000000
,
00000000
00000000
00000000
00000000
,
00000000
00000000
00000000
00000000
,
00000000
00000000
00000000
00000000
,
00000000
00000000
00000000
00000000
,
00000001
00000100
00000010
00001000
,
00000001
00000010
00000001
00000100
,
00001000
00010000
01000000
10000000
,
00100000
01000000
00010000
10000000
,
01000000
00000000
00010000
00010000
00000000
00000000
01000000
01000000
,
00000000
00000000
00100000
00100000
00000000
00000000
00010000
00000000
,
00001000
00000100
00000010
00000001
,
00001000
00000010
00000100
00000001
,
00000100
00001000
00000001
00000010
,
00000100
00001000
00010000
00011000
,
01000000
10000000
01000000
00100000
,
10000000
00100000
01000000
00010000
,
00100000
01000000
10000000
00010000
,
01000000
00100000
01000000
10010000
,
10000000
00000000
01000000
00000000
,
00010000
00000000
00001000
00000000
,
00000010
00000001
00001000
00000100
,
00000001
00000100
00000010
00001000
,
00000100
00000001
00000100
00001000
,
00000010
00000100
00000010
00001000
,
00010000
01000000
10000000
00010000
,
01000000
00100000
00010000
00100000
,
01000000
00010000
00100000
10000000
,
00010000
01000000
10000000
01000000
,
00200000
00000000
00000000
00300000
,
00010000
00010000
10000000
10000000
,
00100000
00000000
00100000
00000000
00010000
00010000
00010000
00000000
,
00001000
00000000
00001000
00000000
00000010
00000010
00000010
00000000
,
00000001
00000100
00001000
00000100
,
00000010
00000001
00000100
00001000
,
00010000
00010000
00001000
00001000
,
00010000
00010000
00001000
00001000
,
00010000
00100000
10000000
01000000
,
00010000
01000000
00100000
10010000
,
01000000
00000000
10000000
00000000
01000000
01000000
01000000
00000000
,
00100000
00000000
00010000
00000000
00100000
00100000
00100000
00000000
,
00001000
00001000
00010000
00010000
,
00001000
00000010
00000001
00000100
,
00001000
00000000
00000001
00000000
00001000
00001000
00001000
00000000
,
00000100
00000000
00000010
00000000
00000100
00000100
00000100
00000000
,
00001000
00001000
00010000
00010000
,
01000000
10000000
00010000
00100000
,
10000000
01000000
00100000
10010000
,
00100000
01000000
00010000
10010000
,
10000000
01000000
00010000
00011000
,
00001000
00000100
00000001
00001001
,
00000010
00000000
00000100
00000000
00000001
00000001
00000001
00000000
,
00000010
00000000
00000100
00000000
00001000
00001000
00001000
00000000
,
00000001
00000001
00000001
00000000
00000100
00000100
00000100
00000000
,
00001000
00001000
00001000
00000000
00010000
00010000
00010000
00000000
,
00100000
10000000
01000000
10010000
,
00000000
00000000
00000000
00000000
;

//---------------dance-double - ----------------
#NOTES:
     dance-double:
     :
     Hard:
     11:
     0.513,0.497,0.031,0.010,0.609:
00000000
00000000
00000000
00000000
,
00000000
00000000
00000000
00000000
,
00000000
00000000
00000000
00000000
,
00000000
00000000
00000000
00000000
,
00000000
00000000
00000000
00000000
,
00000001
00000000
00000000
00000001
00001000
00000000
00000000
00001000
00000100
00000000
00000000
00000100
00000010
00000000
00000000
00000010
,
00000001
00000000
00000000
00000001
00000100
00000000
00000000
00000100
00001000
00000000
00000000
00001000
00010000
00000000
00000000
00010000
,
00100000
00000000
00000000
00100000
10000000
00000000
00000000
10000000
01000000
00000000
00000000
01000000
10000000
00000000
00000000
10000000
,
00010000
00000000
00000000
00010000
01000000
00000000
00000000
01000000
00100000
00000000
00000000
00100000
10000000
00000000
00000000
00000000
,
01000000
00000000
00010000
00001000
00000000
00000000
00001000
00010000
,
00000000
00000000
00010000
00001000
00000000
00000000
00000010
00000100
,
00000010
00000000
00000000
00000001
00000100
00000000
00000001
00000000
00000010
00000000
00000000
00000000
00001000
00000000
00000000
00000000
,
00010000
00000000
00000000
00100000
10000000
00000000
01000000
00000000
00010000
00000000
00000000
00000000
00001000
00000000
00000000
00000000
,
00000100
00000000
00000000
00000001
00001000
00000000
00000100
00000000
00000010
00000000
00000000
00000000
00001000
00000000
00000000
00000000
,
00010000
00000000
00000000
00100000
10000000
00000000
01000000
00000000
00100000
00000000
00000000
00000000
10010000
00000000
00000000
00000000
,
10000000
00000000
00000000
00100000
00010000
00000000
00001000
00000000
00000010
00000000
00000000
00000000
00000001
00000000
00000000
00000000
,
00001000
00000000
00000000
00000100
00000010
00000000
00000001
00000000
00000100
00000000
00000000
00000000
00001000
00000000
00000000
00000000
,
00010000
00000000
00000000
01000000
10000000
00000000
00010000
00000000
01000000
00000000
00000000
00000000
00001000
00000000
00000000
00000000
,
00010000
00000000
00000000
00001000
00000010
00000000
00001000
00000000
00010000
00000000
00000000
00000000
00110000
00000000
00000000
00000000
,
10000000
00000000
01000000
00000000
00100000
00010000
00100000
00000000
,
01000000
00000000
00010000
00000000
00001000
00000010
00001000
00000000
,
00010000
00000000
00000000
00010000
00100000
00000000
00000000
00100000
10000000
00000000
00000000
10000000
01000000
00000000
00000000
01000000
,
00010000
00000000
00000000
00010000
00001000
00000000
00000000
00001000
00000100
00000000
00000000
00000100
00000010
00000000
00000000
00000010
,
00001000
00000000
00000000
00001000
00000100
00000000
00000000
00000100
00010000
00000000
00000000
00010000
00001000
00000000
00000000
00001000
,
00100000
00000000
00000000
00100000
00010000
00000000
00000000
00010000
01000000
00000000
00000000
01000000
00100000
00000000
10000000
00000000
,
01000000
00000000
00000000
01000000
00010000
00000000
00000000
00010000
00001000
00000000
00000000
00001000
00000100
00000000
00000000
00000100
,
00001000
00000000
00000000
00001000
00010000
00000000
00000000
00010000
00100000
00000000
00000000
00100000
00010000
00000000
00000000
00010000
,
00001000
00000000
00000000
00001000
00000100
00000000
00000000
00000100
00000001
00000000
00000000
00000001
00000010
00000000
00000000
00000010
,
00000100
00000000
00000000
00000100
00010000
00000000
00000000
00010000
00001000
00000000
00000000
00001000
00100000
00000000
00010000
00000000
,
02000000
00000000
00000000
03000000
,
00001000
00000000
00010000
00000010
00001000
00000000
00000100
00010000
,
00001000
00000000
00100000
00010000
01000000
00000000
00001000
00010000
,
00000010
00000000
00001000
00000100
00010000
00000000
00001000
00100000
,
00010000
00000000
01000000
00001000
00010000
00000000
00000010
00000000
,
00001000
00000000
00000001
00000010
00000100
00000000
00001000
00000001
,
00000100
00000000
00001000
00010000
01000000
00000000
00010000
00001000
,
00000100
00000000
00001000
00010000
01000000
00000000
10000000
00000000
,
00010000
01000000
00100000
00000000
10000000
01000000
00010000
00000000
,
00001000
00000000
00000000
00000000
00000100
00000000
00000001
00000000
00000010
00000000
00000000
00001000
00010000
00000000
00000010
00000000
,
00001000
00000000
00000000
00000000
00000001
00000000
00000000
00000000
00000010
00000100
00000000
00000000
00000010
00000000
00000001
00000000
,
00000100
00000000
00000000
00000000
00001000
00000000
00000000
00000000
00010000
00001000
00000000
00000000
00100000
00000000
00010000
00000000
,
01000000
00000000
00000000
00000000
00100000
00000000
00000000
00000000
10000000
01000000
00000000
00000000
00100000
00000000
00010000
00000000
,
01000000
00000000
00000000
01000000
00100000
00000000
00000000
00100000
00010000
00000000
00000000
00010000
00001000
00000000
00000100
00000000
,
00000001
00000000
00000000
00000000
00000010
00000000
00000000
00000000
00000100
00001000
00000000
00000000
00000001
00000000
00000100
00000000
,
00001000
00000000
00000000
00000000
00010000
00000000
00000000
00000000
01000000
10000000
00000000
00000000
00010000
00000000
01000000
00000000
,
00100000
00000000
00000000
00000000
10000000
00000000
00000000
00000000
01000000
00100000
00000000
00000000
00010000
00000000
01000000
00000000
,
00100000
00000000
00000000
00100000
00010000
00000000
00000000
00010000
00001000
00000000
00000000
00001000
00000100
00000000
00000000
00000000
,
00000001
00000010
00000000
00000100
00000000
00001000
00000000
00000100
00000000
00000010
00000000
00000001
00000100
00000000
00000000
00000000
,
00001000
00010000
00000000
01000000
00000000
00010000
00000000
00001000
00000000
00010000
00000000
01000000
10000000
00000000
00000000
00000000
,
00010000
01000000
00000000
10000000
00000000
01000000
00000000
00010000
00000000
10000000
00000000
01000000
00010000
00000000
00000000
00000000
,
00001000
00000100
00000000
00000001
00000000
00000100
00000000
00001000
00000000
00000100
00000000
00000001
00001000
00000000
00000000
00000000
,
00000100
00010000
00000000
00001000
00000000
00100000
00000000
00001000
00000000
00010000
00000000
00000100
00001000
00000000
00000000
00000000
,
00000001
00000100
00000000
00001000
00000000
00010000
00000000
00001000
00000000
00000100
00000000
00000001
00001000
00000000
00000000
00000000
,
00000100
00010000
00000000
00001000
00000000
00100000
00000000
00001000
00000000
00010000
00000000
00000100
00000010
00000000
00000000
00000000
,
00000001
00000100
00000000
00001000
00000000
00010000
00000000
01000000
00000000
10000000
00000000
00010000
01000000
00000000
00000000
00000000
,
00001000
00000000
00000000
00001000
00010000
00000000
00000000
00010000
00000010
00000000
00000100
00000000
00001001
00000000
00000000
00000000
,
00000000
00000000
00000000
00000000
;
