#TITLE:月光蝶;
#SUBTITLE:;
#ARTIST:あさき;
#TITLETRANSLIT:Gekkou chou;
#SUBTITLETRANSLIT:;
#ARTISTTRANSLIT:Asaki;
#CREDIT:;
#BANNER:Gekkou chou.png;
#BACKGROUND:Gekkou chou-bg.png;
#LYRICSPATH:;
#CDTITLE:./CDTITLES/GuitarFreaks & DrumMania.png;
#MUSIC:Gekkou chou.ogg;
#OFFSET:0.000;
#SAMPLESTART:44.344;
#SAMPLELENGTH:15.000;
#SELECTABLE:YES;
#DISPLAYBPM:218.000;
#BPMS:0.000=218.182,4.000=218.006;
#STOPS:;
#BGCHANGES:;

//---------------dance-single - ----------------
#NOTES:
     dance-single:
     :
     Beginner:
     4:
     0.201,0.215,0.024,0.000,0.000:
0000
0000
0000
0000
,
0000
0000
0000
0000
,
0000
0000
0000
0000
,
0000
0000
0000
0000
,
0000
0000
0000
0000
,
0000
0100
0000
0000
,
0000
0001
0000
0000
,
0000
1000
0000
0000
,
0000
0010
0000
0000
,
0001
0000
0001
0000
,
1000
0000
1000
0000
,
1000
0000
0001
0000
,
0001
0000
1000
0000
,
1000
0000
0100
0000
,
0010
0000
0001
0000
,
1000
0000
0001
0000
,
1000
0000
0000
0000
,
0001
0000
0001
0000
,
1000
0000
1000
0000
,
1000
0000
0001
0000
,
0010
0000
0100
0000
,
0001
0000
1000
0000
,
0100
0000
0010
0000
,
1000
0000
0001
0000
,
1000
0000
0000
0000
,
0100
0000
0000
0000
,
0001
0000
0000
0000
,
0010
0000
0000
0000
,
1000
0000
0000
0000
,
0001
0000
0000
0000
,
1000
0000
0000
0000
,
1001
0000
0000
0000
,
0000
0000
0000
0000
,
0010
0000
1000
0000
,
0010
0000
0001
0000
,
0100
0000
1000
0000
,
0001
0000
0100
0000
,
1000
0000
1000
0000
,
0001
0000
0001
0000
,
0010
0000
0000
0000
,
0100
0000
0000
0000
,
0001
0000
0100
0000
,
1000
0000
1000
0000
,
0001
0000
0001
0000
,
0001
0000
0100
0000
,
1000
0000
0010
0000
,
0001
0000
0100
0000
,
0010
0000
1000
0000
,
0100
0000
1000
0000
,
0001
0000
0100
0000
,
0010
0000
0100
0000
,
0001
0000
1000
0000
,
0010
0000
0001
0000
,
0010
0000
1000
0000
,
0100
0000
0001
0000
,
1000
0000
0000
0000
,
0001
0000
0000
0000
,
0010
0010
0000
1000
,
0000
0001
0000
0100
,
0000
0010
0000
1000
,
0000
0100
0000
1000
,
0000
0001
0000
0100
,
0000
1000
0000
0100
,
0000
0001
0000
0010
,
0000
1000
0000
0001
,
0000
0100
0000
1000
,
0000
0010
0000
0100
,
0000
0001
0000
0001
,
0000
1000
0000
1000
,
0000
0001
0000
1000
,
0000
0100
0000
0010
,
0010
0000
0000
0000
,
0100
0000
0000
0000
,
1001
0000
0000
0000
,
0000
0000
0000
0000
;

//---------------dance-single - ----------------
#NOTES:
     dance-single:
     :
     Easy:
     4:
     0.221,0.215,0.024,0.094,0.000:
0000
0000
0000
0000
,
0000
0000
0000
0000
,
0000
0000
0000
0000
,
0000
0000
0000
0000
,
0000
0000
0000
0000
,
0000
0100
0000
0100
,
0000
0001
0000
0001
,
0000
1000
0000
1000
,
0000
0010
0000
0010
,
1000
0000
0010
0000
,
0100
0000
0001
0000
,
1000
0000
0010
0000
,
0100
0000
0010
0000
,
1000
0000
0100
0000
,
0010
0000
0001
0000
,
1000
0000
0001
0000
,
1000
0000
0000
0000
,
0001
0000
0010
0000
,
0100
0000
0010
0000
,
1000
0000
0001
0000
,
0010
0000
0100
0000
,
0001
0000
1000
0000
,
0100
0000
0010
0000
,
1000
0000
0001
0000
,
1000
0000
0000
0000
,
0100
0000
0000
0000
,
0001
0000
0000
0000
,
0010
0000
0000
0000
,
1000
0000
0000
0000
,
0001
0000
0000
0000
,
1000
0000
0000
0000
,
2002
0000
0000
0000
,
0000
0000
0000
3003
,
0010
0000
1000
0000
,
0010
0000
0001
0000
,
0100
0000
1000
0000
,
0001
0000
0100
0000
,
1000
0000
1000
0000
,
0001
0000
0001
0000
,
0020
0000
0000
0030
,
0200
0000
0000
0300
,
0001
0000
0100
0000
,
1000
0000
0100
0000
,
0010
0000
1000
0000
,
0001
0000
0100
0000
,
1000
0000
0010
0000
,
0001
0000
0100
0000
,
0010
0000
1000
0000
,
0100
0000
1000
0000
,
0001
0000
0100
0000
,
0010
0000
0100
0000
,
0001
0000
1000
0000
,
0010
0000
0001
0000
,
0010
0000
1000
0000
,
0100
0000
0001
0000
,
2000
0000
0000
3000
,
0002
0000
0000
0003
,
0010
0010
0000
1000
,
0000
0001
0000
0100
,
0000
0010
0000
1000
,
0000
0100
0000
1000
,
0000
0001
0000
0100
,
0000
1000
0000
0100
,
0000
0001
0000
0010
,
0000
1000
0000
0001
,
0000
0100
0000
1000
,
0000
0010
0000
0100
,
0000
0001
0000
0010
,
0000
0001
0000
0100
,
0000
0001
0000
1000
,
0000
0100
0000
0010
,
0020
0000
0000
0030
,
0200
0000
0000
0300
,
1001
0000
0000
0000
,
0000
0000
0000
0000
;

//---------------dance-single - ----------------
#NOTES:
     dance-single:
     :
     Medium:
     7:
     0.398,0.438,0.094,0.059,0.000:
0000
0000
0000
0000
,
0000
0000
0000
0000
,
0000
0000
0000
0000
,
0000
0000
0000
0000
,
0000
0000
0000
0000
,
0000
0010
1000
0100
,
0000
0010
0001
0100
,
0000
0010
0100
0010
,
0001
1000
0100
1000
,
0010
0001
1000
0010
,
0000
0100
0001
0010
,
0100
1000
0001
0100
,
0000
0001
1000
0100
,
0010
1000
0100
1000
,
0000
1000
0001
0100
,
0001
0000
0000
0000
1000
0000
0000
1001
,
0000
0001
1000
0010
,
1000
0001
1000
0100
,
0000
1000
0010
1000
,
0001
0010
0001
0100
,
0000
0001
1000
0100
,
0001
0100
1000
0001
,
0000
1000
0100
0010
,
0100
1000
0010
0001
,
0000
0010
1000
0000
,
0001
0000
0000
1000
0000
0000
0100
0000
,
0000
1000
0001
0000
,
0010
0000
0000
0001
0000
0000
0100
0000
,
0000
0001
1000
0000
,
0100
0000
0000
1000
0000
0000
0010
0000
,
0000
0100
0001
0000
,
1000
0000
0000
0001
0000
0000
1001
0000
,
0000
1000
0010
0100
,
0000
1001
0010
0001
,
0000
1000
0001
0100
,
0000
1000
0001
0010
,
0000
0100
0001
0010
,
1000
0000
0000
0001
0000
0000
0010
0000
,
0100
0000
0000
1000
0000
0000
0010
0000
,
0002
0000
0000
2000
3003
0000
0110
0000
,
0000
1000
0010
0100
,
0010
1000
0100
0010
,
0000
0100
1000
0001
,
0000
0010
0001
0100
,
0000
1000
0100
0001
,
0010
1000
0100
0010
,
0001
0100
0001
1000
,
0100
0000
0010
0000
0001
0000
0000
0100
,
0000
0000
1000
0000
0000
0001
0000
0110
,
0000
0001
0010
1000
,
0000
0010
0100
0001
,
0000
0010
1000
0100
,
0001
0000
1000
0000
0000
0010
0000
1001
,
0000
0100
0001
1000
,
0000
0001
0010
0001
,
0100
0010
0001
0100
,
1000
0100
0001
0000
,
0010
0001
0100
0010
,
0000
0100
0010
1000
,
0010
0001
0100
0010
,
0000
1000
0100
0010
,
0000
0010
0001
0100
,
1000
0100
0001
0010
,
1000
0000
0100
0000
1000
0000
0000
0001
,
0000
0000
0100
0000
0000
0001
0000
1000
,
0000
0001
1000
0100
,
0000
0010
0100
1000
,
0000
0001
1000
0010
,
0000
0000
1000
0000
0000
0100
0000
1001
,
0000
0100
0001
1000
,
0000
0001
0010
0001
,
0000
0010
0001
0100
,
1000
0100
0010
1001
,
0002
0000
0000
0200
0003
0000
0020
0000
,
0300
1030
0000
0000
,
0000
0000
0000
0000
;

//---------------dance-single - ----------------
#NOTES:
     dance-single:
     :
     Hard:
     10:
     0.558,0.526,0.283,0.094,0.012:
0000
0000
0000
0000
,
0000
0000
0000
0000
,
0000
0000
0000
0000
,
0000
0000
0000
0000
,
0000
0000
0000
0000
,
0000
0000
1001
0000
0100
0000
0010
0001
,
0000
0000
1000
0000
0010
0000
0100
1000
,
0000
0000
0100
0000
0010
0000
0100
0001
,
0000
1000
0100
1001
,
0010
0000
0001
0000
1000
0000
0010
0100
,
0000
1000
0000
0100
0000
0001
0010
0000
,
0100
0000
1000
0000
0001
0000
0100
0010
,
0000
0100
0000
0001
0000
1000
0100
0000
,
0010
0000
1000
0000
0100
0000
1000
0010
,
0000
0001
0000
1000
0000
0001
0100
0000
,
0001
0000
0010
0100
0010
0000
1000
0010
,
0000
0001
1000
0110
,
1000
0000
0001
0000
1000
0000
0100
0010
,
0000
0100
0000
1000
0000
0010
1000
0000
,
0001
0000
0010
0000
0100
0000
0010
0001
,
0000
0100
0000
0001
0000
1000
0100
0000
,
0001
0000
0100
0000
1000
0000
0001
0100
,
0000
0010
0000
1000
0000
0100
0010
0000
,
0100
0000
1000
0010
1000
0000
0001
0100
,
0000
0000
0000
0001
0000
0000
0010
0000
0001
0000
1000
0000
,
0011
0000
0000
1100
0000
0000
0210
0000
,
0000
1000
0001
0310
,
1001
0000
0000
0011
0000
0000
2010
0000
,
0000
0100
0001
3010
,
0101
0000
0000
1001
0000
0000
0012
0000
,
0000
1000
0010
0103
,
1000
0000
0000
0001
0000
0000
1001
0000
,
0100
0000
1000
0000
0010
0000
1000
0001
,
0000
0000
1010
0000
0100
0000
0001
0010
,
0000
0000
1000
0000
0001
0000
0100
0010
,
0000
0000
0100
0000
0001
0000
1000
0100
,
0000
0000
1000
0000
0001
0010
0001
0000
,
1000
0000
0000
0001
0000
0000
0010
0100
,
0010
0000
0000
0001
0000
0000
1000
0100
,
2000
0000
0000
0002
3003
0000
0110
0000
,
0000
1000
0010
0101
,
0010
0000
1000
0000
0100
0000
0010
0100
,
0000
1000
0100
0000
1000
0000
0001
0010
,
0000
0010
0001
0000
1000
0000
0010
0100
,
0000
0100
1000
0000
0100
0000
0001
1000
,
0000
0010
1000
0000
0100
0000
0010
0001
,
0000
0010
0100
0000
0001
0000
1000
0100
,
0000
0000
0010
0000
0001
0000
0100
0001
,
0000
1000
0100
0000
1000
0001
0000
0110
,
0000
0000
0001
0000
0010
0000
0100
1000
,
0000
0000
0001
0000
0100
0000
0001
0010
,
0000
0001
0000
1000
0000
0100
0000
0010
,
0000
0100
1000
0100
0000
0110
0000
1001
,
0000
0010
0100
0000
0001
0000
1000
0100
,
0000
1000
0001
0000
0010
0000
0001
1000
,
0000
0100
0000
0010
0000
0001
0000
0100
,
1000
0100
0001
1001
,
0010
0000
0001
0000
0100
0000
0010
1000
,
0000
0001
0100
0000
0010
0000
1000
0010
,
0000
0010
1000
0000
0100
0000
0010
0100
,
0000
0100
1000
0100
0000
0010
0000
0001
,
0000
1000
0010
0000
0100
0000
0010
1000
,
0000
1000
0100
0000
0001
0000
0010
0100
,
0000
1000
0010
0000
1000
0000
0001
0100
,
0000
1000
0100
0000
0001
0010
0000
1100
,
0000
0000
0001
0000
1000
0000
0100
0010
,
0000
0001
0010
0000
0100
0000
1000
0010
,
0000
1000
0001
0000
1000
0000
0010
0100
,
0000
0001
0010
0001
0000
0110
0000
1001
,
0000
0010
0100
0000
0001
0000
1000
0100
,
0000
1000
0001
0000
0010
0000
0001
1000
,
0000
0010
0001
0100
,
1000
0000
0100
0010
0100
0000
1001
0000
,
0002
0000
0000
0200
0003
0000
0020
0000
,
0300
1030
0000
0000
,
0000
0000
0000
0000
;

//---------------dance-double - ----------------
#NOTES:
     dance-double:
     :
     Easy:
     3:
     0.192,0.307,0.012,0.047,0.000:
00000000
00000000
00000000
00000000
,
00000000
00000000
00000000
00000000
,
00000000
00000000
00000000
00000000
,
00000000
00000000
00000000
00000000
,
00000000
00000000
00000000
00000000
,
00000000
00001000
00000000
00000000
,
00010000
00000000
00000000
00000000
,
00100000
00000000
00100000
00000000
,
01000000
00000000
00000000
00000000
,
00010000
00000000
00010000
00000000
,
10000000
00000000
00000000
00000000
,
01000000
00000000
01000000
00000000
,
00100000
00000000
00000000
00000000
,
00010000
00000000
00000000
00000000
,
10000000
00000000
00000000
00000000
,
00100000
00000000
01000000
00000000
,
00100000
00000000
00000000
00000000
,
00010000
00000000
00010000
00000000
,
00001000
00000000
00001000
00000000
,
00010000
00000000
00010000
00000000
,
00001000
00000000
00001000
00000000
,
00000010
00000000
00000000
00000000
,
00000100
00000000
00000000
00000000
,
00001000
00000000
00000000
00000000
,
00000001
00000000
00000000
00000000
,
00000010
00000000
00001000
00000000
,
00000010
00000000
00001000
00000000
,
00000010
00000000
00000001
00000000
,
00000010
00000000
00000001
00000000
,
00000100
00000000
00000001
00000000
,
00000100
00000000
00000001
00000000
,
00001000
00000000
00000000
00000000
,
00000100
00000000
00000000
00000000
,
00001000
00000000
00001000
00000000
,
00010000
00000000
00010000
00000000
,
00100000
00000000
00100000
00000000
,
10000000
00000000
10000000
00000000
,
00010000
00000000
00000000
00000000
,
10000000
00000000
00000000
00000000
,
01000000
00000000
00000000
00000000
,
00200000
00000000
00300000
00000000
,
10000000
00000000
01000000
00000000
,
00100000
00000000
00010000
00000000
,
01000000
00000000
10000000
00000000
,
00010000
00000000
00000000
00000000
,
00010000
00000000
00001000
00000000
,
00000100
00000000
00000001
00000000
,
00000010
00000000
00001000
00000000
,
00000100
00000000
00000000
00000000
,
00001000
00000000
00001000
00000000
,
00000001
00000000
00000001
00000000
,
00000010
00000000
00000100
00000000
,
00001000
00000000
00000001
00000000
,
00000100
00000000
00000000
00000000
,
00001000
00000000
00000000
00000000
,
00010000
00000000
00000000
00000000
,
00022000
00000000
00000000
00033000
,
00010000
00000000
00100000
00000000
,
10000000
00000000
01000000
00000000
,
00100000
00000000
01000000
00000000
,
10000000
00000000
00010000
00000000
,
01000000
00000000
00000000
00000000
,
00100000
00000000
00000000
00000000
,
10000000
00000000
00000000
00000000
,
01000000
00000000
00000000
00000000
,
00010000
00000000
00001000
00000000
,
00000010
00000000
00000001
00000000
,
00000100
00000000
00000001
00000000
,
00000010
00000000
00000100
00000000
,
00001000
00000000
00000001
00000000
,
00000100
00000000
00001000
00000000
,
00010000
00000000
01000000
00000000
,
10000000
00000000
00100000
00000000
,
00020000
00000000
00000000
00000000
,
00000000
00030000
00000000
00000000
,
00000000
00000000
00000000
00000000
;

//---------------dance-double - ----------------
#NOTES:
     dance-double:
     :
     Medium:
     7:
     0.374,0.394,0.083,0.035,0.000:
00000000
00000000
00000000
00000000
,
00000000
00000000
00000000
00000000
,
00000000
00000000
00000000
00000000
,
00000000
00000000
00000000
00000000
,
00000000
00000000
00000000
00000000
,
00000000
00000010
00001000
00000001
,
00000000
00000010
00000001
00001000
,
00000000
00000100
00000010
00000100
,
00000000
00001000
00000010
00000100
,
00000001
00000001
00001000
00000000
,
00000001
00000010
00001000
00010000
,
00100000
00100000
01000000
00000000
,
00010000
10000000
01000000
00100000
,
00010000
01000000
00010000
00000000
,
10000000
01000000
10000000
00000000
,
00010000
00000000
00000000
00000000
10000000
00000000
00000000
10010000
,
00000000
00100000
10000000
01000000
,
00100000
00010000
00001000
00000000
,
00000010
00000001
00001000
00000100
,
00000010
00000100
00000001
00000000
,
00000100
00001000
00010000
00100000
,
10000000
00010000
10000000
00000000
,
01000000
10000000
00100000
00000000
,
10000000
00000000
00000000
00000000
00010000
00000000
00000000
10010000
,
00000000
00000000
01000000
00000000
,
00100000
00000000
00000000
00010000
00000000
00000000
00001000
00000000
,
00000000
00000100
00000001
00000000
,
00000010
00000000
00000000
00000001
00000000
00000000
00000100
00000000
,
00000000
00000001
00000010
00000000
,
00000100
00000000
00000000
00000001
00000000
00000000
00000100
00000000
,
00000000
00001000
00010000
00000000
,
01000000
00000000
00000000
00100000
00000000
00000000
10010000
00000000
,
00000000
00100000
00010000
01000000
,
00000000
10010000
00100000
00010000
,
00000000
10000000
00010000
01000000
,
00000000
00100000
10000000
01000000
,
00000000
10000000
00010000
00100000
,
01000000
00000000
00000000
00010000
00000000
00000000
00001000
00000000
,
00010000
00000000
00000000
00000010
00000000
00000000
00000100
00000000
,
00000001
00000000
00000000
00001000
00000000
00000000
00000010
00000000
,
00000200
00000000
00000000
00000300
,
00000010
00001000
00000100
00000000
,
00000010
00000001
00000100
00000000
,
00001000
00010000
00100000
00000000
,
10000000
00010000
01000000
00000000
,
00010000
00100000
01000000
00000000
,
00100000
00010000
01000000
00000000
,
00010000
00000000
10000000
00000000
00100000
00000000
00000000
01000000
,
00000000
00000000
10000000
00000000
00000000
00010000
00000000
00100000
,
00000000
00010000
10000000
00000000
,
00100000
00000000
00010000
00000000
00001000
00000000
00000000
00000100
,
00000000
00000000
00000001
00000000
00000010
00000000
00000000
00000100
,
00000000
00000000
00001000
00000000
00000000
00000001
00000000
00001001
,
00000000
00000000
00000010
00000000
00000100
00000000
00000000
00000001
,
00000000
00000000
00000100
00000000
00001000
00000000
00000000
00010000
,
00000000
01000000
10000000
00100000
,
01000000
00010000
00100000
00000000
,
01000000
10000000
01000000
10000000
,
00100000
10000000
00100000
10000000
,
00100000
00010000
00100000
00010000
,
00001000
00010000
00001000
00010000
,
00001000
00000100
00001000
00000100
,
00000001
00000100
00000001
00000100
,
00000001
00000010
00000001
00000010
,
00001000
00000010
00001000
00000010
,
00000001
00001000
00000100
00000000
,
00000010
00000001
00000100
00000000
,
00001000
00000000
00010000
00000000
00100000
00000000
00000000
10000000
,
00000000
00000000
00000000
00010000
00000000
01000000
00000000
10010000
,
00000000
00000000
01000000
00000000
00100000
00000000
00000000
10000000
,
00000000
00000000
00010000
00000000
01000000
00000000
00000000
00100000
,
00000000
00010000
00001000
00000010
,
00000001
00000100
00001000
00000000
,
00022000
00000000
00000000
00000000
,
00000000
00033000
00000000
00000000
,
00000000
00000000
00000000
00000000
;

//---------------dance-double - ----------------
#NOTES:
     dance-double:
     :
     Hard:
     11:
     0.534,0.569,0.201,0.024,0.012:
00000000
00000000
00000000
00000000
,
00000000
00000000
00000000
00000000
,
00000000
00000000
00000000
00000000
,
00000000
00000000
00000000
00000000
,
00000000
00000000
00000000
00000000
,
00000000
00000000
00100000
00000000
10000000
00000000
00010000
01000000
,
00000000
00000000
00100000
00000000
00010000
00000000
00001000
00000010
,
00000000
00000000
00000001
00000000
00001000
00000000
00000100
00000010
,
00000000
00000100
00001000
00000010
,
00000100
00000000
00001000
00000000
00010000
00000000
00100000
10000000
,
00000000
01000000
00010000
00001000
,
00000100
00000000
00000001
00000000
00001000
00000000
00000010
00000100
,
00000000
00000001
00001000
00000100
,
00010000
00000000
00001000
00000000
01000000
00000000
00100000
10000000
,
00000000
00010000
00100000
01000000
,
00010000
00000000
00001000
00000100
00001000
00000000
00010000
01000000
,
00000000
10000000
00010000
01100000
,
10000000
00000000
00010000
00000000
01000000
00000000
00001000
00010000
,
00000000
00000010
00001000
00000100
,
00000010
00000000
00000001
00000000
00001000
00000000
00000100
00000010
,
00000000
00001000
00010000
00100000
,
10000000
00000000
01000000
00000000
00010000
00000000
00001000
00000010
,
00000000
00001000
00010000
00000010
,
00000100
00000000
00000001
00000010
00000001
00000000
00000100
00001000
,
00000000
00000000
00000000
00000001
00000000
00000000
00000100
00000000
00001000
00000000
00010000
00000000
,
00000010
00000000
00000000
00000100
00000000
00000000
00001000
00000000
,
00010000
00100000
10000000
00010000
,
01000000
00000000
00000000
00100000
00000000
00000000
10000000
00000000
,
01000000
00010000
00001000
00000100
,
00000001
00000000
00000000
00001000
00000000
00000000
00000010
00000000
,
00000100
00001000
00010000
00100000
,
10000000
00000000
00000000
00010000
00000000
00000000
10010000
00000000
,
01000000
00000000
00001000
00000000
00010000
00000000
00000010
00001000
,
00000000
00000000
00001001
00000000
00000100
00000000
00010000
00001000
,
00000000
00000000
00100000
00000000
00010000
00000000
10000000
00100000
,
00000000
00000000
01000000
00000000
00001000
00000000
00010000
01000000
,
00000000
00010000
00000000
00001000
00000010
00001000
00010000
00000000
,
00000010
00000000
00000000
00001000
00000000
00000000
00000101
00000000
,
00001000
00000000
00000000
00000010
00000000
00000000
00011000
00000000
,
00100000
00000000
00000000
00010000
00000000
00000000
11000000
00000000
,
00020000
00000000
00002000
00033000
,
01000000
00000000
00100000
00000000
10000000
00000000
01000000
00100000
,
00000000
00010000
01000000
00000000
00001000
00000000
00010000
00000010
,
00000000
00000010
00001000
00000000
00000001
00000000
00000010
00000100
,
00000000
00000100
00001000
00000000
00000001
00000000
00000100
00001000
,
00000000
00000000
00011000
00000000
00100000
00000000
00010000
10000000
,
00000000
00000000
10010000
00000000
00100000
00000000
01000000
00010000
,
00000000
00000000
00011000
00000000
00000010
00000000
00001000
00000001
,
00000000
00000010
00000100
00000000
00010000
00001000
00000000
00110000
,
00000000
00000000
01000000
00000000
10000000
00000000
00010000
01000000
,
00000000
00000000
00001000
00000000
00010000
00000000
00000010
00001000
,
00000000
00000000
00000100
00000000
00010000
00000000
00001000
00100000
,
00000000
00001000
00000010
00001000
00000000
00001001
00000000
00010100
,
00000000
00000010
00001000
00000000
00000100
00000000
00010000
00001000
,
00000000
00100000
00010000
00000000
01000000
00000000
00100000
10000000
,
00000000
00000000
01000000
00000000
00010000
00000000
00001000
00000100
,
00001000
00000000
00010000
01000000
00010000
00000000
11000000
00000000
,
00100000
00000000
00010000
00000000
01000000
00000000
00001000
00010000
,
00000000
00010000
00001000
00000000
00000010
00000000
00000001
00001000
,
00000000
00001000
00000010
00000000
00000100
00000000
00001000
00010000
,
00000000
00100000
10000000
00100000
00000000
01000000
00010000
01000000
,
00000000
00001000
00010000
00000000
00000010
00000000
00001000
00000100
,
00000000
00000100
00001000
00000000
00000001
00000000
00000100
00001000
,
00000000
00001000
00010000
00000000
01000000
00000000
10000000
00100000
,
00000000
00010000
00001000
00000000
00000100
00000001
00000000
00001100
,
00000000
00010000
00001000
00000000
00100000
00000000
00010000
01000000
,
00000000
00100000
10000000
00000000
01000000
00000000
00010000
00001000
,
00000000
00100000
00010000
00000000
10000000
00000000
01000000
00010000
,
00000000
00001000
00000100
00001000
00000000
00000101
00000000
00000011
,
00000000
00000100
00001000
00000000
00000010
00000100
00000010
00001000
,
00000000
00000100
00010000
00000000
00001000
00000000
00100000
00010000
,
00000000
01000000
00100000
00000000
10000000
00000000
00010000
01000000
,
00000000
00001000
00010000
00001000
00010000
00000000
00011000
00000000
,
00000010
00000000
00000000
00000100
00000000
00000000
00001000
00000000
,
00000000
00010000
00000000
00000000
,
00000000
00000000
00000000
00000000
;
