#TITLE:祭 (J-SUMMER MIX);
#SUBTITLE:;
#ARTIST:RE-VENGE;
#TITLETRANSLIT:MATSURI (J-SUMMER MIX);
#SUBTITLETRANSLIT:;
#ARTISTTRANSLIT:;
#CREDIT:;
#BANNER:MATSURI (J-SUMMER MIX).png;
#BACKGROUND:MATSURI (J-SUMMER MIX)-bg.png;
#LYRICSPATH:;
#CDTITLE:./CDTITLES/DANCEMANIAX.PNG;
#MUSIC:MATSURI (J-SUMMER MIX).ogg;
#OFFSET:0.000;
#SAMPLESTART:5.220;
#SAMPLELENGTH:15.000;
#SELECTABLE:YES;
#DISPLAYBPM:180.000;
#BPMS:0.000=180.905,4.000=180.000;
#STOPS:;
#BGCHANGES:;

//---------------dance-single - ----------------
#NOTES:
     dance-single:
     :
     Beginner:
     2:
     0.167,0.203,0.020,0.000,0.000:
0000
0000
0000
0000
,
0000
0000
0000
0000
,
0000
0000
0000
0000
,
0000
0000
0000
0000
,
0000
0000
0000
0000
,
0000
0000
0000
0000
,
0001
0000
0001
0000
,
1000
0000
1000
0000
,
0010
0010
0000
0100
,
0000
0001
0000
1000
,
0000
1000
0000
0010
,
0000
1000
0000
0100
,
0000
0001
0000
0100
,
0000
0001
0000
0010
,
0000
0001
0000
0000
,
0100
0000
0010
0000
,
1000
1000
0000
0000
,
1000
0000
0001
0000
,
1000
0000
1000
1000
,
0000
0001
0000
0100
,
0000
0000
0001
0001
,
0000
0100
0000
0010
,
0000
0000
1000
1000
,
0000
1000
0000
0100
,
0100
0000
1000
0000
,
0010
0000
0001
0001
,
0000
0000
0000
0000
,
0100
0000
0000
0000
,
1000
0000
0000
0000
,
0001
0000
0000
0000
,
0001
0000
0010
0010
,
0000
0010
0000
0100
,
0000
1000
0000
0001
,
0000
0010
0000
1000
,
0000
0100
0000
0010
,
0000
0001
0000
0100
,
0100
0000
0010
0000
,
0010
0000
0100
0100
,
0000
0000
0000
0000
,
0001
0000
0000
0000
,
0100
0000
1000
0000
,
0010
0000
0001
0000
,
0000
0010
0000
0000
,
0000
0000
0000
0000
,
0100
0000
0000
0000
,
0010
0000
0000
0000
,
0100
0000
0000
0000
,
0010
0000
0000
0000
,
0100
0000
1000
0000
,
0001
0000
0100
0000
,
0001
0000
0010
0000
,
1000
0000
0010
0010
,
0000
0000
0100
0000
,
1001
0000
0010
0000
,
1001
0000
0100
0000
,
0001
0000
0100
0000
,
0010
0000
0001
0000
,
0010
0000
0001
0000
,
1000
1000
1000
0000
,
0100
0000
0010
0000
,
0001
0000
1000
0000
,
0100
0000
0001
0000
,
0001
0000
1000
0000
,
1000
0000
1000
0000
,
0100
0000
0100
0000
,
0010
0000
1000
1000
,
0000
0010
0000
0100
,
0000
0100
0000
0001
,
0000
0000
0000
0000
;

//---------------dance-single - ----------------
#NOTES:
     dance-single:
     :
     Easy:
     4:
     0.346,0.483,0.050,0.240,0.135:
0000
0000
0000
0000
,
0000
0000
0000
0000
,
0000
0000
0000
0000
,
0000
0000
0000
0000
,
0000
0000
0000
0000
,
0000
0000
0000
0000
,
0001
1000
0001
0000
,
1000
0001
1000
0000
,
0010
0010
0100
0100
,
0001
0001
1000
1000
,
0001
1000
0010
0010
,
1000
1000
0100
0100
,
1000
0001
0100
0100
,
0001
0001
0010
0010
,
0001
0000
0000
0002
0000
0000
0003
0000
0000
0000
0000
0001
,
0200
0300
0020
0030
,
1000
0000
0000
2000
0000
0000
3000
0000
0000
0000
0000
0001
,
2000
3000
0002
0003
,
1000
0000
0000
0000
0000
0001
1000
0000
0000
1000
0000
0000
,
0001
0001
0000
0100
,
0001
0000
0000
0000
0000
0100
0001
0000
0000
0001
0000
0000
,
0100
0100
0000
0010
,
1000
0000
0000
0000
0000
0001
1000
0000
0000
1000
0000
0000
,
0001
1000
0100
0100
,
0100
0000
0000
0000
0000
0100
2000
0000
0000
3000
0000
0000
,
0010
0100
0001
0001
,
0010
0000
0000
0000
0000
0100
0000
0000
0100
0000
0000
0000
,
0100
0000
0000
0000
0000
0010
0000
0000
0010
0000
0000
0000
,
1000
0000
0000
0000
0000
0001
0000
0000
0001
0000
0000
0000
,
0001
0000
0000
0000
0000
1000
0000
0000
1000
0000
0000
0000
,
0001
0100
0010
0010
,
1000
0010
0100
0100
,
0001
1000
0001
0001
,
0100
0010
1000
1000
,
0001
0100
0010
0010
,
1000
0000
0000
0001
0000
0000
0100
0000
0000
0100
0000
0001
,
0100
0000
0000
0001
0000
0000
0020
0000
0000
0030
0000
0001
,
0010
0001
0100
0100
,
2020
0000
0000
0030
0000
0000
3000
0000
0001
0000
0000
0000
,
0202
0000
0000
0300
0000
0000
0003
0000
1000
0000
0000
0000
,
0100
1000
1000
0001
,
0010
0001
0001
0100
,
0000
0020
0000
0000
,
0000
0000
0000
0030
,
0100
0000
0001
0000
0000
0001
0000
0000
0000
0000
0000
0000
,
0010
0000
0100
0000
0000
0100
0000
0000
0000
0000
0000
0000
,
0100
0000
1000
0000
0000
1000
0000
0000
0000
0000
0000
0000
,
0010
0000
0100
0000
0000
0100
0000
0000
0000
0000
0000
0001
,
0100
0010
1000
0001
,
0001
1000
0100
0010
,
0001
0100
0010
1000
,
1000
0100
0010
0010
,
2002
3003
0100
0010
,
2002
3003
0010
0100
,
2002
3003
0100
0010
,
0001
2000
3100
0000
,
0010
0001
0001
0100
,
0010
2000
3001
0000
,
1000
1000
1000
0010
,
0100
0010
0010
1000
,
0001
1000
1000
0010
,
0100
0001
0001
1000
,
0001
1000
1000
0010
,
1000
0001
2000
3000
,
0100
0010
0200
0300
,
0010
0001
1000
1000
,
0001
0010
0100
0100
,
1000
0100
0010
0002
,
0000
0000
0000
0000
,
0003
0000
0000
0000
,
0000
0000
0000
0000
;

//---------------dance-single - ----------------
#NOTES:
     dance-single:
     :
     Medium:
     5:
     0.473,0.483,0.240,0.160,0.455:
0000
0000
0000
0000
,
0000
0000
0000
0000
,
0000
0000
0000
0000
,
0000
0000
0000
0000
,
0000
0000
0000
0000
,
0000
0000
0000
0000
,
1000
0000
0001
1000
0000
0000
0001
0000
0000
0001
0000
0000
,
0100
0000
0010
0100
0000
0000
0010
0000
0000
0010
0000
0000
,
1000
0000
0001
1000
0000
0000
0001
0000
1000
0001
0000
0000
,
0010
0000
0100
0010
0000
0000
0100
0000
0010
0100
0000
0000
,
1000
0000
0000
1002
0000
0000
1003
0000
0000
0000
0000
0001
,
0010
0000
0000
0010
0000
0100
1000
0000
0000
1000
0000
0001
,
0100
0000
0000
0120
0000
0000
0130
0000
0000
0000
0000
1000
,
0001
0000
0000
0001
0000
0010
0100
0000
0000
0100
0000
1000
,
0001
0000
0000
2001
0000
0000
3001
0000
0000
0000
0000
1000
,
0010
0000
0000
0010
0000
1000
0001
0000
0000
0001
0000
1000
,
0001
0000
0000
2001
0000
0000
3001
0000
0000
0000
0000
0001
,
0100
0000
0000
0100
0000
0010
1000
0000
0000
1000
0000
0001
,
1000
0000
0000
0010
0000
1000
0001
0000
0000
0001
0000
0010
,
0100
0000
0000
1000
0000
0001
0100
0000
0000
0100
0000
0010
,
0100
0000
0000
0100
0000
0100
0001
0000
0000
0001
0000
1000
,
0001
0000
0000
0001
0000
0001
1000
0000
0000
1000
0000
0010
,
0100
0000
0000
0100
0000
0100
0001
0000
0000
0001
0000
0010
,
0001
0000
0000
0001
0000
0001
1000
0000
0000
1000
0000
0010
,
0100
0000
0000
0100
0000
0100
0001
0000
0000
0001
0000
1000
,
0010
0000
0000
0010
0000
0010
1000
0000
0000
1000
0000
0000
,
0002
0000
0000
0003
0000
1000
0000
0000
1000
0000
0000
0000
,
2000
0000
0000
3000
0000
0001
0000
0000
0001
0000
0000
0000
,
0020
0000
0000
0030
0000
0100
0000
0000
0100
0000
0000
0000
,
0200
0000
0000
0300
0000
0001
0000
0000
0001
0000
0000
0001
,
1000
0000
0000
0100
0000
0000
0010
0000
0000
0010
0000
0001
,
0100
0000
0000
0010
0000
1000
0200
0000
0000
0300
0000
1000
,
0001
0000
0000
0100
0000
0000
0010
0000
0000
0010
0000
1000
,
0100
0000
0000
0010
0000
0001
0200
0000
0000
0300
0000
0001
,
1000
0000
0000
0100
0000
0000
0010
0000
0000
0010
0000
0001
,
0100
0000
0000
0010
0000
1000
0100
0000
0000
0100
0000
1000
,
0001
0000
0000
0100
0000
0000
0010
0000
0000
0010
0000
1000
,
0100
0000
0000
0010
0000
0001
0100
0000
0000
0100
0000
0000
,
2002
0000
0000
0003
0000
0000
3000
0000
0001
1000
0000
0000
,
2002
0000
0000
0003
0000
0000
3000
0000
0001
0100
0000
0000
,
0010
1010
1001
0001
,
0010
0110
1100
1000
,
0000
0002
0000
0000
,
0000
0000
0000
1000
0000
0000
0000
0000
0000
0003
0000
1000
,
0001
0000
1000
0000
0000
1000
0000
0000
0000
0000
0000
0001
,
1000
0000
0001
0000
0000
0001
0000
0000
0000
0000
0000
0010
,
0100
0000
0010
0000
0000
0010
0000
0000
0000
0000
0000
1000
,
0001
0000
1000
0000
0000
1000
0000
0000
0000
0000
0000
0001
,
1000
0000
0000
0100
0000
0010
0100
0000
0000
1000
0000
0001
,
0100
0000
0000
0001
0000
1000
0100
0000
0000
0010
0000
0001
,
1000
0000
0000
0100
0000
0010
0100
0000
0000
1000
0000
0001
,
0100
0000
0000
0010
0000
1000
0001
0000
0000
0010
0000
0000
,
1100
0011
0100
1000
,
0011
1100
0010
0001
,
1100
0011
1000
0100
,
0010
0000
0001
0010
0000
0000
0011
0000
0000
0000
0000
0000
,
0100
0000
0001
0100
0000
0000
0101
0000
0000
0000
0000
0000
,
1000
0000
0001
1000
0000
0000
1001
0000
0000
0000
0000
0000
,
0100
0000
0010
0100
0000
0000
0110
0000
0000
0000
0000
0000
,
1000
0000
0001
0010
0000
0000
0011
0000
0000
0000
0000
0000
,
1000
0000
0001
0100
0000
0000
0101
0000
0000
0000
0000
0000
,
0010
0000
1000
0100
0000
0000
1100
0000
0000
0000
0000
0000
,
0010
0000
0001
1000
0000
0000
1001
0000
0000
0000
0000
0000
,
1000
0000
0100
0010
0000
0000
0001
0000
1000
0001
0000
0000
,
0100
0000
0001
0010
0000
0000
0100
0000
1000
0100
0000
0000
,
0010
0000
0001
0100
0000
0000
0010
0000
1000
0010
0000
0000
,
1000
0000
0001
0100
0000
0000
0010
0000
1000
0010
0000
0000
,
1000
0100
0001
0020
,
0000
0000
0000
0000
,
0030
0000
0000
0000
,
0000
0000
0000
0000
;

//---------------dance-single - ----------------
#NOTES:
     dance-single:
     :
     Hard:
     9:
     0.523,0.552,0.330,0.210,0.795:
0000
0000
0000
0000
,
0000
0000
0000
0000
,
0000
0000
0000
0000
0000
0000
0000
0000
0000
0000
0000
1000
,
0001
0000
1000
0001
0000
1000
0001
0000
1000
0001
0000
1000
,
0100
0000
0000
0000
0000
0001
0100
0000
0000
0000
0000
0110
,
0000
0000
1001
0000
0000
1000
0001
0000
0000
1100
0000
0000
,
1000
0000
0000
0101
0000
0000
0010
0000
0001
0000
0000
0100
,
0000
0000
0001
0000
0000
1000
1100
0000
0000
0000
0000
0000
,
0010
0000
0001
0000
0000
0100
0010
0000
1000
0000
0000
0100
,
0010
0000
0001
0000
0000
0100
1000
0000
0000
0000
0000
0000
,
0010
0000
0000
1100
0000
0000
0100
0000
0001
0000
0000
0010
,
0000
0000
0100
0000
0000
1000
0001
0000
0000
0000
0000
1000
,
0100
0000
0000
0011
0000
0000
0010
0000
1000
0000
0000
0100
,
0000
0000
0010
0000
0000
0001
1000
0000
0001
0000
0000
0001
,
0010
0000
0000
1100
0000
0000
0100
0000
0001
0000
0000
0010
,
0000
0000
0100
0000
0000
1000
0001
0000
0000
0000
0000
1000
,
0100
0000
0000
0011
0000
0000
0010
0000
1000
0000
0000
0100
,
0000
0000
0010
0000
0000
0001
0000
0000
0001
1000
0000
0001
,
1000
0000
0000
0101
0000
0000
0001
0000
0100
0000
0000
1000
,
0001
0000
0000
1100
0000
0000
1000
0000
0100
0000
0000
0001
,
1000
0000
0000
0101
0000
0000
0010
0000
0100
0000
0000
0010
,
0100
0000
0000
0110
0000
0000
0001
0000
0010
0000
0000
1000
,
0010
0000
0000
1001
0000
0000
0001
0000
1000
0000
0000
1000
,
0001
0000
0000
1010
0000
0000
0001
0000
0100
0000
0000
1000
,
0000
0000
1010
0000
0000
1100
0000
0000
0101
0000
0000
0011
,
0000
0000
1000
0000
0000
0100
1000
0100
1000
0100
0000
0000
,
0000
0000
0100
1000
0000
1000
0100
0000
0100
0010
0000
0010
,
0000
0000
0001
0100
0000
0100
0010
0000
0010
1000
0000
1000
,
0000
0000
0001
0100
0000
0100
0010
0000
0010
1000
0000
1000
,
0100
0000
0100
0010
0000
0010
0100
0000
0100
1000
0000
0001
,
2000
0000
0000
3000
0000
0010
0200
0000
0000
0300
0000
0001
,
1000
0000
1000
0000
0000
0001
0100
0000
0000
0000
0000
1000
,
0002
0000
0000
0003
0000
0010
0200
0000
0000
0300
0000
1000
,
0001
0000
0001
0000
0000
1000
0100
0000
0000
0000
0000
0001
,
1000
0000
1000
0000
,
1000
0000
1000
0000
0000
0001
1000
0000
1000
0000
0000
0000
,
0010
0000
0100
0000
0000
1000
0100
0000
0010
0000
0000
1000
,
0010
0000
0100
0000
0000
0100
0010
0000
0100
0010
0000
0100
,
0001
0000
1000
0001
0000
1000
0001
0000
1000
0001
0000
0000
,
1000
0000
0001
0000
0000
0100
0001
0000
1000
0100
0000
1000
,
0100
0000
1000
0100
0000
0001
0100
0000
0001
0100
0000
1000
,
0100
0000
1000
0100
0000
0001
0100
0000
0001
0100
0000
2000
,
0000
0200
0000
0000
,
0000
0000
0000
3000
,
0010
0000
0010
0000
0000
0020
0000
0000
0000
0030
0000
0000
,
0000
0000
0001
0000
0000
0002
0000
0000
0000
0003
0000
0000
,
0000
0000
0010
0000
0000
0020
0000
0000
0000
0030
0000
0000
,
0000
0000
1000
0000
0000
2000
0000
0000
0000
3300
0000
0000
,
0000
0000
0010
0000
0000
0100
0001
0000
1000
0000
0000
0100
,
0001
0000
0010
0000
0000
0100
1000
0000
0001
0000
0000
0001
,
1000
0000
0010
0000
0000
0100
0001
0000
1000
0000
0000
1000
,
0000
0000
0010
0000
0000
0100
0001
0000
1000
0001
0000
0000
,
1002
0000
0000
0003
0000
0000
1000
0000
0001
0010
0000
0000
,
0120
0000
0000
0030
0000
0000
0100
0000
1000
0001
0000
0000
,
0012
0000
0000
0003
0000
0000
0100
0000
0010
0001
0000
0000
,
0010
0000
0100
0000
0000
0100
0010
0000
0100
0010
0000
0000
,
2001
0000
0000
3000
0000
0000
0001
0000
1000
0010
0000
0000
,
0210
0000
0000
0300
0000
0000
0100
0000
0001
1000
0000
0000
,
1020
0000
0000
0030
0000
0000
0100
0000
0010
1000
0000
0000
,
0010
0000
0100
0000
0000
0100
0010
0000
0100
0010
0000
0000
,
1200
0000
0000
0300
0000
0000
0001
0000
0100
0000
0000
0000
,
1020
0000
0000
0030
0000
0000
0100
0000
1000
0000
0000
0000
,
0012
0000
0000
0003
0000
0000
1000
0000
0010
0000
0000
0000
,
0201
0000
0000
0300
0000
0000
0010
0000
0001
0000
0000
0000
,
1100
0000
0000
0000
0000
0010
1000
0000
0000
0010
0000
0001
,
0010
0000
0000
0001
0000
0100
0001
0000
0000
0100
0000
1000
,
0100
0000
0000
1000
0000
0010
1010
0000
0000
0001
0000
0010
,
0011
0000
0000
0001
0000
0100
0101
0000
0000
2000
0000
0000
,
0000
0000
0000
0000
,
3000
0000
0000
0000
,
0000
0000
0000
0000
;

//---------------dance-double - ----------------
#NOTES:
     dance-double:
     :
     Easy:
     4:
     0.334,0.312,0.130,0.020,0.000:
00000000
00000000
00000000
00000000
,
00000000
00000000
00000000
00000000
,
00000000
00000000
00000000
00000000
,
00000000
00000000
00000000
00000000
,
00010000
00001000
00001000
00000100
,
00000001
00000010
00000010
00000100
,
00010000
00001000
00001000
00010000
,
01000000
10000000
10000000
00100000
,
00010000
00001000
00001000
00000010
,
00000001
00000100
00000100
00000001
,
00000010
00000100
00001000
00000000
,
00000001
00000100
00001000
00010000
,
01000000
00010000
00001000
00000000
,
01000000
00010000
00100000
10000000
,
01000000
00010000
00001000
00000000
,
00000100
00000001
00000010
00001000
,
00010000
00100000
10000000
00000000
,
01000000
00010000
00001000
00000100
,
00001000
00010000
01000000
00000000
,
00100000
01000000
01100000
00000000
,
10000000
01000000
00010000
00000000
,
00010000
00001000
00011000
00000000
,
00001000
00000100
00000001
00000000
,
00000010
00000100
00000110
00000000
,
00000001
00000010
00001000
00000000
,
00001000
00010000
00011000
00000000
,
10010000
00000000
01000000
00100000
,
00000000
10000000
01000000
00010000
,
00011000
00000000
00001000
00000100
,
00000000
00000001
00000010
00000100
,
00000110
00000000
00000001
00001000
,
00000000
00000001
00000100
00001000
,
00011000
00000000
00010000
01000000
,
00000000
10000000
00100000
01000000
,
00010000
00010000
00010000
00010000
,
10000000
01000000
00010000
00001000
,
00000100
00000100
00000100
00000100
,
00000001
00000010
00001000
00010000
,
00001000
00001000
00001000
00001000
,
00010000
01000000
10000000
01000000
,
00010000
00010000
00010000
00010000
,
00001000
00000100
00000001
00000010
,
00000000
00002000
00000000
00000000
,
00000000
00000000
00000000
00003000
,
00010000
00010000
01000000
00000000
,
10000000
10000000
00010000
00000000
,
01000000
01000000
00001000
00010000
,
00010000
00000100
00001000
00000000
,
00000001
00000001
00000100
00000000
,
00000010
00000010
00010000
00000000
,
00001000
00001000
01000000
00100000
,
00100000
10000000
01000000
00000000
,
00100000
00010000
00100000
10000000
,
00100000
00010000
10000000
01000000
,
00100000
00001000
00010000
00001000
,
00000100
00000001
00000100
00001000
,
00010000
01000000
00010000
00001000
,
00000100
00000001
00000010
00001000
,
00010000
00001000
00000010
00001000
,
00010000
00100000
10000000
01000000
,
00010000
00001000
00000100
00000000
,
00001001
00001000
00000001
00000000
,
00000001
00000100
00001000
00000000
,
00011000
00010000
00010000
01000000
,
10000000
01000000
00010000
00000000
,
01100000
01000000
00100000
00000000
,
10010000
10000000
10000000
01000000
,
00010000
00001000
00000100
00002000
,
00000000
00000000
00000000
00000000
,
00003000
00011000
00000000
00000000
,
00000000
00000000
00000000
00000000
;

//---------------dance-double - ----------------
#NOTES:
     dance-double:
     :
     Medium:
     6:
     0.486,0.485,0.330,0.230,0.235:
00000000
00000000
00000000
00000000
,
00000000
00000000
00000000
00000000
,
00000000
00000000
00000000
00000000
,
00000000
00000000
00000000
00000000
,
00100000
00000000
10000000
01000000
00000000
00000000
00100000
00000000
00000000
01000000
00000000
00000000
,
00010000
00000000
00001000
00010000
00000000
00000000
00001000
00000000
00000000
00000100
00000000
00000000
,
00001000
00000000
00000100
00000001
00000000
00000000
00001000
00000000
00000001
00000010
00000000
00000000
,
00000001
00000100
00001000
00010000
,
01000000
00110000
01000000
11000000
,
10000000
01000000
00010000
00001000
,
00001100
00000000
00000000
00001010
00000000
00000000
00001001
00000000
00000000
00000000
00000000
00000001
,
00000100
00000000
00000000
00000100
00000000
00000001
00001000
00000000
00000000
00001000
00000000
00000100
,
00010000
00000000
00000000
00002000
00000000
00000000
00023000
00000000
00000000
00030000
00000000
01000000
,
10000000
00000000
00000000
00010000
00000000
00010000
01000000
00000000
00000000
01000000
00000000
00010000
,
10000000
00000000
00000000
02000000
00000000
00000000
03020000
00000000
00000000
00030000
00000000
00001000
,
00010000
00000000
00000000
00010000
00000000
00010000
00001000
00000000
00000000
00001000
00000000
00001000
,
00000100
00000000
00000000
00000002
00000000
00000000
00002003
00000000
00000000
00003000
00000000
00000001
,
00000010
00000000
00000000
00000010
00000000
00000001
00000100
00000000
00000000
00000100
00000000
00000010
,
00001000
00000000
00001000
00000001
00000000
00000000
00000100
00000000
00000000
00001000
00000000
00000000
,
00010000
00000000
00000000
01000000
00000000
00000000
00010000
00000000
00000000
00001000
00000000
00001000
,
00010000
00001000
00000100
00000001
,
00000100
00000000
00000000
00001000
00000000
00000000
00010000
00000000
00000000
01000000
00000000
01000000
,
10000000
01000000
00010000
00001000
,
00000100
00000000
00000000
00000001
00000000
00000000
00000100
00000000
00000000
00001000
00000000
00001000
,
00010000
01000000
10000000
00100000
,
00010000
00001000
00000010
00000001
,
00000101
00001001
00000001
00000100
,
00011000
01001000
00010000
01000000
,
11000000
10100000
01000000
10000000
,
01010000
00000000
00000000
00011000
00000000
00000000
00001000
00000000
00000000
00000100
00000000
00000100
,
00000001
00000000
00000000
00000100
00000000
00000100
00001000
00000000
00000000
00010000
00000000
00000000
,
01000000
00000000
00000000
10000000
00000000
10000000
01000000
00000000
00000000
00010000
00000000
00010000
,
00001000
00000000
00000000
00000100
00000000
00000100
00001000
00000000
00000000
00010000
00000000
00000000
,
00001000
00000000
00000000
00001000
00000000
00001000
01000000
00000000
00000000
00100000
00000000
10000000
,
00010000
00010000
01000000
01000000
,
00001000
00000000
00000000
00001000
00000000
00000000
00010000
00000000
00000000
00010000
00000000
00010000
,
00001000
00000000
00000000
00001000
00000000
00000000
00000100
00000000
00000000
00000001
00000000
00001000
,
00000100
00000000
00000100
00000001
00000000
00000001
00000100
00000000
00000000
00001000
00000000
00000000
,
00002002
00000000
00000000
00003003
00000000
00000000
00001000
00000000
00000000
00000100
00000000
00000100
,
00010000
00000000
00000000
00010000
00000000
00000000
00010000
00000000
00000000
00001000
00000000
00001000
,
01000000
01000000
00010000
00010000
,
10000000
10000000
00010000
00010000
,
00000000
00022000
00000000
00000000
,
00000000
00000000
00000000
00033000
,
00010100
00011000
00010100
00000000
,
00001100
00000101
00001100
00000000
,
00010100
00011000
00010100
00000000
,
01010000
11000000
01010000
00000000
,
20000000
30020000
00230000
00300000
,
00002000
00023000
00030020
00000030
,
00002000
00003002
00000203
00000300
,
00000020
00020030
00032000
00003000
,
01000000
01000000
01010000
11000000
,
00010000
00010000
00110000
00011000
,
00001000
00001000
00001100
00000101
,
00000001
00000000
00001000
00000001
00000000
00000000
00000001
00000000
00001000
00000001
00000000
00000000
,
00000100
00001000
00010000
01000000
,
10000000
00010000
00010000
10000000
,
10000000
01000000
00010000
00001000
,
00010000
00000000
00001000
00010000
00000000
00000000
00010000
00000000
00001000
00010000
00000000
00000000
,
00000100
00000000
00001000
00000100
00000000
00000000
00000100
00000000
00001000
00000100
00000000
00000000
,
00001000
00000001
00001000
00000100
,
00010000
00000000
00001000
00010000
00000000
00000000
00010000
00000000
00001000
00010000
00000000
00000000
,
01000000
10000000
01000000
00010000
,
01000000
00000000
10000000
01000000
00000000
00000000
01000000
00000000
10000000
01000000
00000000
00000000
,
00010000
00000000
00001000
00010000
00000000
00000000
00010000
00000000
00001000
00010000
00000000
00000000
,
00000100
00000000
00001000
00000100
00000000
00000000
00000100
00000000
00001000
00000100
00000000
00000000
,
00000010
00000001
00000100
00002000
,
00000000
00000000
00000000
00000000
,
00000000
00013000
00000000
00000000
,
00000000
00000000
00000000
00000000
;

//---------------dance-double - ----------------
#NOTES:
     dance-double:
     :
     Hard:
     9:
     0.601,0.589,0.100,0.030,0.850:
00000000
00000000
00000000
00000000
,
00000000
00000000
00000000
00000000
,
00000000
00000000
00000000
00000000
,
00000000
00000000
00000000
00000000
,
00001000
00000000
00001000
00000100
00000000
00000100
00000001
00000000
00000001
00000010
00000000
00000000
,
00000001
00000000
00000001
00000100
00000000
00000100
00001000
00000000
00001000
00100000
00000000
00000000
,
00010000
00000000
00010000
10000000
00000000
10000000
01000000
00000000
01000000
00100000
00000000
00100000
,
00001000
00000000
00001000
00000100
00000000
00000100
00001000
00000000
00001000
00010000
00000000
00010000
,
01000000
10000000
00100000
00010000
,
00001000
00000010
00000001
00000001
,
00000010
00000000
00000001
00000100
00000000
00000010
00010000
00000000
00001000
00000100
00000000
00000000
,
00001000
00000000
00010000
00100000
00000000
00000000
00010000
00000000
00001000
00000010
00000000
00000000
,
00000001
00000000
00000100
00000010
00000000
00010000
00001000
00000000
00010000
01000000
00000000
00000000
,
00010000
00000000
00001000
00000100
00000000
00000000
00001000
00000000
00010000
01000000
00000000
00000000
,
00100000
00000000
00010000
01000000
00000000
00100000
01000000
00000000
00001000
00010000
00000000
00000000
,
01000000
00000000
00010000
00001000
00000000
00000000
00010000
00000000
00100000
10000000
00000000
00000000
,
01000000
00000000
00100000
00001000
00000000
00010000
01000000
00000000
00010000
00001000
00000000
00000000
,
00000100
00000000
00001000
00010000
00000000
00000000
00001000
00000000
00000100
00000010
00000000
00000000
,
00001000
00000000
00000100
00001000
00000000
00000000
00000010
00000000
00000000
00000110
00000000
00000000
,
00000001
00000000
00001000
00000001
00000000
00000000
00001000
00000000
00000000
00011000
00000000
00000000
,
00010000
00000000
01000000
00010000
00000000
00000000
01000000
00000000
00000000
01100000
00000000
00000000
,
00010000
00000000
10000000
00010000
00000000
00000000
10000000
00000000
00000000
10010000
00000000
00000000
,
10000000
00000000
10000000
00100000
00000000
00100000
00010000
00000000
00010000
00001000
00000000
00000000
,
00010000
00000000
00010000
01000000
00000000
01000000
00100000
00000000
00100000
00001000
00000000
00000000
,
00010000
00000000
00010000
00000100
00000000
00000100
00001000
00000000
00001000
00000001
00000000
00000001
,
00000010
00000000
00000010
00001000
00000000
00001000
00010000
00000000
00010000
00000010
00000000
00000000
,
00000010
00000000
00001000
00000010
00000000
00000100
00001000
00000000
00010000
00001000
00000000
01000000
,
00000000
00000000
00010000
10000000
00000000
00100000
00010000
00000000
00000000
00001000
00000000
00000000
,
00000010
00000000
00000001
00000010
00000000
00000100
00010000
00000000
00001000
00000100
00000000
00000010
,
00000000
00000000
00010000
00001000
00000000
01000000
00010000
00000000
00000000
10000000
00000000
00000000
,
00010000
00000000
10000000
00010000
00000000
00100000
00001000
00000000
00010000
01000000
00000000
10000000
,
00000000
00000000
01000000
00010000
00000000
00001000
00000100
00000000
00000000
00000001
00000000
00000000
,
00000010
00000000
00001000
00000010
00000000
00000100
00010000
00000000
00001000
01000000
00000000
00100000
,
00000000
00000000
00010000
10000000
00000000
00100000
00010000
00000000
00000000
00001000
00000000
00000000
,
00000010
00000001
00000100
00001000
,
01000000
00000000
00000000
00001000
00000000
00000000
00011000
00000000
00000000
00010000
00000000
00001000
,
00010000
00000000
00010000
01000000
00000000
01000000
10000000
00000000
10000000
00100000
00000000
00100000
,
00010000
00000000
00010000
00001000
00000000
00001000
00000010
00000000
00000010
00001000
00000000
00000000
,
00001000
00000000
00000010
00000001
00000000
00000001
00000100
00000000
00000100
00001000
00000000
00000000
,
00010000
00000000
00010000
01000000
00000000
01000000
00010000
00000000
00000000
00001000
00000000
00000000
,
01000000
00000000
01000000
00100000
00000000
00100000
10000000
00000000
10000000
01000000
00000000
01000000
,
00010000
00000000
00010000
00001000
00000000
00001000
00010000
00000000
00010000
00000010
00000000
00000010
,
00002000
00000000
00000000
00000000
,
00000000
00000000
00000000
00003000
,
00010000
00000000
00010000
01000000
00000000
01000000
10000000
00000000
00000000
00000000
00000000
01000000
,
00010000
00000000
00010000
00001000
00000000
00001000
00000100
00000000
00000000
00000000
00000000
00000000
,
00000001
00000000
00000001
00000010
00000000
00000010
00001000
00000000
00000000
00000000
00000000
00010000
,
00001000
00000000
00001000
00010000
00000000
00010000
00100000
00000000
00000000
00000000
00000000
00000000
,
10000000
00000000
10000000
01000000
00000000
01000000
00100000
00000000
00000000
00000000
00000000
00001000
,
00010000
00000000
00010000
01000000
00000000
01000000
10000000
00000000
00000000
00000000
00000000
00000000
,
01000000
00000000
01000000
00010000
00000000
00010000
00001000
00000000
00000000
00000000
00000000
00000100
,
00000001
00000000
00000001
00000010
00000000
00000010
00000100
00000000
00000000
00000000
00000000
00000000
,
00000010
00000000
00000001
00000100
00000000
00000010
00001000
00000000
00000100
00000010
00000000
00001000
,
00010000
00000000
00001000
01000000
00000000
00010000
00100000
00000000
10000000
00100000
00000000
01000000
,
00010000
00000000
00001000
00010000
00000000
00000100
00010000
00000000
00001000
01000000
00000000
00010000
,
00100000
00000000
10000000
00100000
00000000
01000000
00010000
00000000
00001000
00000100
00000000
00000001
,
00000010
00000000
00001000
00000010
00000000
00000100
00000001
00000000
00000100
00001000
00000000
00000010
,
00010000
00000000
00001000
00100000
00000000
10000000
00100000
00000000
00001000
00010000
00000000
01000000
,
10000000
00000000
01000000
00010000
00000000
00001000
00000100
00000000
00001000
00010000
00000000
00001000
,
00000100
00000000
00000001
00000010
00000000
00001000
00000010
00000000
00000100
00001000
00000000
00000100
,
00000010
00001100
00010100
01001000
,
00010000
00000000
10000000
01000000
00000000
00000000
00010000
00000000
00000000
00001000
00000000
00000000
,
00000100
00000000
00000001
00000100
00000000
00000000
00001000
00000000
00000000
00010000
00000000
00000000
,
00001000
00000000
01000000
00010000
00000000
00100000
00001000
00000000
01000000
00010000
00000000
00100000
,
00001000
00000000
00000100
00000010
00000000
00010000
00001000
00000000
00000100
00000010
00000000
00000010
,
00010000
00000000
00001000
00100000
00000000
00010000
10000000
00000000
01000000
00010000
00000000
00001000
,
00000100
00000000
00000001
00000010
00000000
00001000
00010000
00000000
00100000
10000000
00000000
00100000
,
00010000
00000000
00001000
00000010
00000000
00000001
00000100
00000000
00000001
00001000
00000000
00002002
,
00000000
00000000
00000000
00000000
,
00000000
00000000
00000000
00000000
00000000
00003003
00000000
00000000
00000110
00000000
00000000
00000000
00000000
00000000
00000000
00000000
00000000
00000000
00000000
00000000
00000000
00000000
00000000
00000000
00000000
00000000
00000000
00000000
00000000
00000000
00000000
00000000
,
00000000
00000000
00000000
00000000
;
