#TITLE:чен JAPAN (FROM NONSTOP MEGAMIX);
#SUBTITLE:;
#ARTIST:RE-VENGE;
#TITLETRANSLIT:MATSURI JAPAN (FROM NONSTOP MEGAMIX);
#SUBTITLETRANSLIT:;
#ARTISTTRANSLIT:;
#CREDIT:;
#BANNER:MATSURI JAPAN(FROM NONSTOP MEGAMIX).png;
#BACKGROUND:MATSURI JAPAN(FROM NONSTOP MEGAMIX)-bg.png;
#LYRICSPATH:;
#CDTITLE:./CDTITLES/DDRMAX2 -Dance Dance Revolution 7thMIX-.PNG;
#MUSIC:MATSURI JAPAN(FROM NONSTOP MEGAMIX).ogg;
#OFFSET:0.000;
#SAMPLESTART:54.700;
#SAMPLELENGTH:15.000;
#SELECTABLE:YES;
#DISPLAYBPM:180.000;
#BPMS:0.000=178.818,4.000=180.000;
#STOPS:;
#BGCHANGES:;

//---------------dance-single - ----------------
#NOTES:
     dance-single:
     :
     Challenge:
     7:
     0.512,0.535,0.574,0.043,0.128:
0000
0000
0000
0000
,
0000
0000
0000
0000
,
0000
0000
0000
0000
,
0010
1000
0001
0010
,
0010
0001
1000
0010
,
0101
0000
0000
0001
0100
0000
0000
1000
0100
0000
0000
1000
0100
0000
0000
0001
,
0100
0000
0000
0001
0100
0000
0000
1000
0100
0000
0000
1000
0100
0000
0000
0000
,
0010
1000
0001
0010
,
0010
0001
1000
0010
,
0101
0000
0000
0001
0100
0000
0000
1000
0100
0000
0000
1000
0100
0000
0000
0001
,
0100
0000
0000
0001
0100
0000
0000
1000
0100
0000
0000
1000
0100
0000
0000
0000
,
0010
1000
0100
0000
0001
0000
0101
0000
,
0010
0001
0100
0000
1100
0000
1100
0000
,
0010
1000
0100
0000
0001
0000
0101
0000
,
0010
0001
0100
0000
1100
0000
1100
0000
,
0010
1000
0100
0000
0001
0000
0101
0000
,
0010
1000
0001
0010
,
0010
0001
0100
0000
1100
0000
1100
0000
,
0010
0001
1000
0010
,
0101
0000
0000
1000
0100
0000
0000
0001
0100
0000
0000
1000
0100
0000
0000
0000
,
0010
0001
1000
0010
,
1001
0000
0000
1000
0001
0000
0000
0001
1000
0000
0000
1000
0001
0000
0000
0000
,
0010
0001
1000
0010
,
0010
0100
0001
0000
1100
0000
0000
0000
,
0010
0100
1000
0000
0101
0000
0000
0000
,
0010
0100
0001
0000
1100
0000
0000
0000
,
0010
0100
1000
0000
0101
0000
0000
0000
,
0010
0101
0010
1100
,
0010
0101
0010
1100
,
0010
0101
0010
1100
,
0010
0101
1100
0101
,
1001
0000
0000
0000
0100
0000
0001
0100
0000
0000
0001
0000
0000
0000
1001
0000
,
0000
0000
1000
0100
0000
0000
1000
0100
0000
0000
0000
1001
0000
0000
0000
0000
,
0010
0001
1000
0010
,
0010
1000
0001
0010
,
0010
0001
1000
0010
,
0010
1000
0001
0010
,
1100
0101
1100
0101
,
2002
0000
0000
0000
,
0000
0000
0000
0000
,
0000
0000
0000
3003
,
0011
1000
0100
1100
,
0001
1001
0100
0001
,
0010
0001
1000
0010
,
0010
1000
0001
0010
,
1100
0010
0100
1100
,
1000
1001
1000
0010
,
0010
1000
0001
0010
,
0010
0001
1000
0010
,
1001
0010
0100
1001
,
1000
1001
0001
0100
,
0101
1000
1100
0001
,
0010
0001
1000
0010
,
0010
1100
0001
1100
,
0100
1100
1000
1100
,
0010
0101
1000
0101
,
0100
0101
0001
0101
,
1000
0000
1000
0000
0001
0100
1000
0000
,
0001
0000
0001
0000
1000
0100
0001
0000
,
1000
0000
1000
0000
0001
0100
1000
0000
,
0001
0000
0001
0000
1000
0100
0001
0000
,
1000
0010
0100
0010
,
0100
0010
0100
0001
,
1000
0010
0100
0010
,
0100
0001
1000
0001
,
2000
0001
0010
3100
,
0002
1000
0010
0103
,
1001
0000
0000
0000
,
0000
0000
0000
0000
;

//---------------dance-double - ----------------
#NOTES:
     dance-double:
     :
     Challenge:
     8:
     0.465,0.606,0.404,0.053,0.096:
00000000
00000000
00000000
00000000
,
00000000
00000000
00000000
00000000
,
00000000
00000000
00000000
00000000
,
00000010
00000001
00000010
00001000
,
00000010
00000001
00000010
00001000
,
00000101
00000000
00000000
00000100
00001000
00000000
00000000
00001000
00010000
00000000
00000000
00010000
01000000
00000000
00000000
10000000
,
01000000
00000000
00000000
10000000
01000000
00000000
00000000
00010000
01000000
00000000
00000000
00010000
01000000
00000000
00000000
00000000
,
00100000
10000000
00100000
00010000
,
00100000
10000000
00100000
00010000
,
11000000
00000000
00000000
01000000
00010000
00000000
00000000
00010000
00001000
00000000
00000000
00001000
00000100
00000000
00000000
00000001
,
00000100
00000000
00000000
00000001
00000100
00000000
00000000
00001000
00000100
00000000
00000000
00001000
00000100
00000000
00000000
00000000
,
00000011
00001001
00001100
00001001
,
00000110
00001000
00010000
01000000
,
11000000
10010000
00110000
10010000
,
01100000
00010000
00001000
00000100
,
00001000
00000100
00001000
00020000
,
00100000
00001000
00100000
00031000
,
00010000
01000000
00010000
00002000
,
00000010
00010000
00000010
00013000
,
01000000
00010000
00001000
00000100
,
00000010
00000001
00000010
00001000
,
00000100
00001000
00010000
01000000
,
00100000
10000000
00100000
00010000
,
10000000
01000000
00100000
01000000
,
10000000
01000000
00100000
01000000
,
00010000
01000000
00010000
01000000
,
00010000
00001000
00000100
00000001
,
00001000
00000001
00000100
00000001
,
00001000
00000001
00000100
00000001
,
00000010
00001000
00000010
00001000
,
00010000
00100000
10000000
01000000
,
10010000
00000000
00000000
00000000
10000000
00000000
01000000
10000000
00000000
00000000
01000000
00000000
00000000
00000000
00010000
00000000
,
00000000
00000000
00001000
00010000
00000000
00000000
00001000
00000100
00000000
00000000
00000000
00000001
00000000
00000000
00000000
00000000
,
00001001
00000100
00001000
00000100
,
00000010
00000001
00000010
00001000
,
00000010
00000001
00000010
00001000
,
00000010
00001000
00010000
00100000
,
10000000
10000000
01000000
02000000
,
00020000
00000000
00000000
00000000
,
00000000
00000000
00000000
00000000
,
00000000
00000000
00000000
03030000
,
10000000
10010000
10000000
10010000
,
01000000
00010000
00001000
00000100
,
00000010
00000001
00000010
00001000
,
00000010
00000001
00000010
00001000
,
00000001
00001001
00000001
00001001
,
00000100
00001000
00010000
01000000
,
00100000
10000000
00100000
00010000
,
00100000
10000000
00100000
00010000
,
10000000
01000000
00010000
00001000
,
00010010
00011000
00010010
00011000
,
00101000
00011000
00101000
00021000
,
00100000
00001000
00100000
00031000
,
00010010
00011000
00010010
00011000
,
00000100
00000001
00000100
00001000
,
00000010
00000100
00000001
00000010
,
00000100
00000001
00000100
00001000
,
00000010
00000001
00000010
00001000
,
00000101
00000101
00001000
00010000
,
11000000
11000000
00010000
01000000
,
11000000
11000000
00010000
00001000
,
00000101
00000101
00001000
00000100
,
00000001
00000010
00000100
00000010
,
00000100
00000010
00001000
00010000
,
00100000
10000000
00010000
10000000
,
00100000
10000000
00010000
10000000
,
00100000
10000000
01000000
10000000
,
00010000
00000000
00000000
00000000
,
00000000
00000000
00000000
00000000
;
