#TITLE:祭 JAPAN;
#SUBTITLE:;
#ARTIST:RE-VENGE;
#TITLETRANSLIT:MATSURI JAPAN;
#SUBTITLETRANSLIT:;
#ARTISTTRANSLIT:;
#CREDIT:;
#BANNER:MATSURI JAPAN.png;
#BACKGROUND:MATSURI JAPAN-bg.png;
#LYRICSPATH:;
#CDTITLE:./CDTitle/Dance Dance Revolution 5thMIX.png;
#MUSIC:MATSURI JAPAN.ogg;
#OFFSET:0.000;
#SAMPLESTART:14.679;
#SAMPLELENGTH:15.000;
#SELECTABLE:YES;
#DISPLAYBPM:180.000;
#BPMS:0.000=178.414,4.000=180.000;
#STOPS:;
#BGCHANGES:;

//---------------dance-single - ----------------
#NOTES:
     dance-single:
     :
     Beginner:
     2:
     0.166,0.237,0.000,0.000,0.000:
0000
0000
0000
0000
,
0000
0000
0000
0000
,
0000
0000
0000
0000
,
1000
1000
0000
0000
,
0001
0001
0000
0000
,
1000
1000
0000
0000
,
0001
0001
0000
0000
,
1000
1000
0000
0000
,
0001
0001
0000
0000
,
1000
1000
1000
1000
,
0000
0000
0000
0000
,
1000
0000
0000
0000
,
0010
0000
0000
0000
,
0001
0000
0000
0000
,
0010
0000
0000
0000
,
1000
0000
0000
0000
,
0010
0000
0000
0000
,
0001
0000
0000
0000
,
0010
0000
0000
0000
,
1000
0000
0000
0000
,
0100
0000
0000
0000
,
0001
0000
0000
0000
,
0100
0000
0000
0000
,
1000
0000
0000
0000
,
0100
0000
0000
0000
,
0001
0000
0000
0000
,
0100
0000
0000
0000
,
0000
0100
0000
0100
,
0000
0010
0000
0010
,
0000
0100
0000
0100
,
0000
0010
0000
0010
,
0000
0100
0000
0100
,
0000
0010
0000
0010
,
0000
0100
0000
0100
,
0000
0010
0000
0010
,
0000
0010
0000
0010
,
0000
1000
0000
1000
,
0000
0100
0000
0100
,
0000
0001
0000
0001
,
0000
0010
0000
0010
,
0000
1000
0000
1000
,
0000
0100
0000
0100
,
0000
0001
0000
0001
,
0000
0000
0000
0000
,
0000
0000
0000
0000
,
0001
0000
0001
0000
,
0001
0001
0001
0001
,
0000
1000
1000
1000
,
0000
0000
1000
1000
,
1000
0000
1000
0000
,
1000
0000
0000
0000
,
0000
0000
0000
0000
,
0010
0000
0001
0000
,
0001
0000
0100
0000
,
0001
0001
0001
0001
,
0000
1000
1000
1000
,
0000
0100
0000
1000
,
0000
1000
0000
0010
,
0000
0001
0001
0001
,
0000
1000
1000
1000
,
0000
0100
0000
0100
,
0000
0010
0000
0010
,
0000
0100
0000
0100
,
0000
1000
1000
1000
,
0000
0100
0000
0100
,
0000
0010
0000
0010
,
0000
0100
0000
0100
,
0000
0010
0000
0010
,
0000
0000
0000
0000
;

//---------------dance-single - ----------------
#NOTES:
     dance-single:
     :
     Easy:
     4:
     0.309,0.305,0.000,0.000,0.000:
0000
0000
0000
0000
,
0000
0000
0000
0000
,
0000
0000
0000
0000
,
1000
1000
0001
0001
,
1000
1000
0001
0001
,
1000
1000
0001
0001
,
1000
1000
0001
0001
,
1000
1000
0001
0001
,
1000
0100
0001
0100
,
1000
1000
1000
1000
,
0000
0000
0000
0000
,
1000
1000
0100
0010
,
0001
0001
1000
1000
,
0010
0010
0100
0001
,
1000
1000
0001
0001
,
0010
0010
0100
1000
,
0001
0001
1000
1000
,
0001
0001
0100
0010
,
1000
1000
0001
0001
,
0010
0100
1000
0100
,
0001
0001
1000
1000
,
0010
0100
0001
0100
,
1000
1000
0001
0001
,
0010
0100
1000
0001
,
1000
1000
0001
0001
,
0100
0010
0001
1000
,
0001
0001
1000
1000
,
0000
0100
0000
0100
,
0000
0010
0000
0010
,
0000
0001
0000
0001
,
0000
1000
0000
1000
,
0000
0100
0000
0100
,
0000
0010
0000
0010
,
0000
0001
0000
0001
,
0000
0100
0000
0100
,
0000
0010
0000
0010
,
0000
1000
0000
1000
,
0000
0001
0000
0001
,
0000
0100
0000
0100
,
0000
0010
0000
0010
,
0000
1000
0000
1000
,
0000
1000
0000
1000
,
0000
1000
0000
1000
,
1000
1000
0100
0100
,
0010
0010
0001
0001
,
0001
0100
1000
0100
,
0001
0001
0001
0001
,
1000
1000
1000
1000
,
0001
0000
0001
0001
,
0001
1000
0100
0001
,
1000
0000
0000
0000
,
0000
0000
0000
0000
,
0010
0100
0001
1000
,
0100
0010
0001
1000
,
0001
0001
0001
0001
,
1000
1000
1000
1000
,
0010
0100
0001
1000
,
0100
0010
0001
1000
,
0001
0001
0001
0001
,
1000
1000
1000
1000
,
0010
0100
0001
1000
,
0100
0010
0001
1000
,
0100
0001
0100
0010
,
1000
1000
1000
1000
,
0001
0100
0010
1000
,
0001
0010
0100
1000
,
0001
0001
0010
0100
,
1000
0001
0100
0010
,
0000
0000
0000
0000
;

//---------------dance-single - ----------------
#NOTES:
     dance-single:
     :
     Medium:
     5:
     0.406,0.441,0.070,0.000,0.000:
0000
0000
0000
0000
,
0000
0000
0000
0000
,
0000
0000
0000
0000
,
1000
0000
0001
0001
,
1000
0100
0000
0000
0010
0000
0001
0000
,
1000
0100
1000
0000
,
0001
0000
1000
0010
,
0100
0000
0001
0001
,
1000
0100
0000
0000
1001
0000
0000
0000
,
0100
0100
0100
0100
,
0000
0000
0000
0000
,
0001
0010
1000
0100
,
0001
1000
0100
0000
0001
1000
0100
0000
,
0010
0001
1000
0010
,
0001
1000
0100
0000
0001
1000
0100
0000
,
1000
0100
0010
0001
,
0001
1000
0100
0000
0001
1000
0100
0000
,
0010
0001
0100
0010
,
0001
1000
0100
0000
0001
1000
0100
0000
,
0001
1000
0010
0100
,
0001
0100
1000
0000
0001
0100
1000
0000
,
0001
0010
0100
1000
,
0001
0100
1000
0000
0001
0100
1000
0000
,
0010
1000
0001
0010
,
0001
0100
1000
0000
0001
0100
1000
0000
,
0001
0010
0100
1000
,
0001
0100
1000
0000
0001
0100
1000
0000
,
0000
0001
0000
0001
0000
1000
0000
1000
,
0000
0100
0000
0100
0000
0100
0000
0100
,
0000
0010
0000
0010
0000
0001
0000
0001
,
0000
1000
0000
1000
0000
1000
0000
1000
,
0000
0010
0000
0010
0000
0100
0000
0100
,
0000
0001
0000
0001
0000
0001
0000
0001
,
0000
1000
0000
1000
0000
0100
0000
0100
,
0000
0010
0000
0010
0000
0010
0000
0010
,
0000
0001
0000
0001
0000
1000
0000
1000
,
0000
0010
0000
0010
0000
0010
0000
0010
,
0000
0100
0000
0100
0000
0001
0000
0001
,
0000
1000
0000
1000
0000
0100
0000
0100
,
0000
0010
0000
0010
0000
0001
0000
0001
,
0000
1000
0000
1000
0000
0010
0000
0010
,
0000
0100
0000
0001
0000
0010
0000
0100
,
0000
1000
0000
0001
0000
0100
0000
0000
,
1000
0001
1000
0001
,
1000
0001
1000
0001
,
0001
0100
0010
0000
1000
0100
0010
0000
,
0001
1001
0001
0011
,
1000
1010
1000
1001
,
0010
0000
1001
0100
,
0011
0100
0010
1000
,
0001
0000
0000
0000
,
0000
0000
0000
0000
,
0010
0000
0100
0000
1000
0010
1000
0000
,
0001
0000
0010
0000
0100
1000
0100
0000
,
0010
0000
0001
1000
0100
0000
0010
0000
,
1000
0000
0001
1000
0100
0000
0010
0000
,
0001
0000
0100
0000
0010
1000
0010
0000
,
0100
0000
0001
0000
0010
0100
0010
0000
,
0001
0000
1000
0100
0001
0000
1000
0000
,
0001
0000
1000
0100
0001
0000
0010
0000
,
0001
0000
1000
0000
0010
0100
0010
0000
,
1000
0000
0001
0000
0010
0100
0010
0000
,
1000
0000
0001
0000
0100
0010
1000
0000
,
0001
0000
1000
0100
0001
0000
1000
0000
,
0001
0000
0100
0000
0010
1000
0001
0000
,
0010
0000
0100
0000
1000
0001
0100
0000
,
0010
0000
1000
0000
0100
0010
0001
0000
,
1000
0000
0010
0000
0100
0001
0010
0100
,
0000
0000
0000
0000
;

//---------------dance-single - ----------------
#NOTES:
     dance-single:
     :
     Hard:
     9:
     0.639,0.577,0.000,0.000,0.425:
0000
0000
0000
0000
,
0000
0000
0000
0000
,
0000
0000
0000
0000
,
0010
0000
0000
0010
0001
0000
0000
0001
0100
0000
0000
0100
0010
0000
0000
0010
,
1000
0000
0000
1000
0100
0000
0000
0100
0010
0000
0000
0010
0001
0000
0000
0001
,
1000
0000
0000
1000
0100
0000
0000
0100
0010
0000
0000
0010
0001
0000
0000
0001
,
1000
0000
0000
1000
0010
0000
0000
0010
0100
0000
0000
0100
0001
0000
0000
0001
,
1000
0000
0000
1000
0001
0000
0000
0001
1000
0000
0000
1000
0001
0000
0000
0000
,
0010
0000
0000
0100
1000
0000
0000
0001
0100
0000
0000
0010
1000
0000
0000
0001
,
0010
0000
0000
0100
0010
0000
0000
0100
0010
0000
0000
0100
0010
0000
0000
0100
,
0000
0000
0000
0000
,
0001
1000
0100
0010
0001
0100
0010
0000
,
1000
0000
0000
0000
0001
0100
0000
0000
0010
0000
0000
0000
1000
0100
0000
0000
,
0010
0001
0100
0010
1000
0001
0010
0000
,
0100
0000
0000
0000
1000
0001
0000
0000
0100
0000
0000
0000
0010
1000
0000
0000
,
0100
0010
0001
0100
0010
1000
0001
0000
,
0010
0000
0000
0000
0100
1000
0000
0000
0001
0000
0000
0000
0100
0010
0000
0000
,
1000
0001
0010
0100
1000
0001
0100
0000
,
0010
0000
0000
0000
1000
0001
0000
0000
0010
0000
0000
0000
0100
1000
0000
0000
,
0010
0100
0001
0010
0100
1000
0001
0000
,
0100
0000
0000
0000
0010
1000
0000
0000
0100
0000
0000
0000
0010
0001
0000
0000
,
1000
0100
0010
0001
1000
0010
0100
0000
,
0001
0000
0000
0000
0010
0100
0000
0000
1000
0000
0000
0000
0010
0100
0000
0000
,
0001
0010
0100
1000
0001
0010
0100
0000
,
1000
0000
0000
0000
0001
0100
0000
0000
0010
0000
0000
0000
1000
0001
0000
0000
,
0100
0010
1000
0001
0010
0100
1000
0000
,
0001
0000
0000
0000
0100
0010
0000
0000
1000
0000
0000
0000
0001
0100
0000
0000
,
0010
1000
0100
0010
0001
0010
0100
1000
,
0000
0001
0100
0010
1000
0001
0010
0000
,
0100
1000
0100
0010
0001
1000
0010
0100
,
0000
0001
1000
0100
0010
0001
0100
0000
,
0010
1000
0001
0010
0001
0100
0010
1000
,
0000
0001
0100
0010
1000
0001
0010
0000
,
0100
1000
0001
0100
0010
1000
0100
1000
,
0000
0001
0100
0010
1000
0100
0010
0000
,
0001
1000
0100
1000
0001
0100
0010
1000
,
0000
0001
0010
0100
1000
0001
0100
0000
,
0010
1000
0100
0010
0001
1000
0001
0100
,
0000
0010
1000
0100
0010
0001
0100
0000
,
0010
1000
0010
0100
0001
0010
0001
0100
,
0000
0010
1000
0001
0010
0100
1000
0000
,
0001
0100
0010
1000
0001
0010
0100
1000
,
0000
0001
0010
0100
1000
0010
0100
0000
,
0001
1000
0001
1000
,
0001
0000
0000
0001
1000
0000
0000
1000
0001
0000
0000
0001
1000
0000
0000
0000
,
0010
0000
0000
0100
0001
0000
0000
0010
0100
0000
0000
1000
0010
0000
0000
0100
,
0001
0000
0000
1000
0001
0000
0000
1000
0001
0000
0000
1000
0001
0000
0000
1000
,
0010
0000
0000
0100
0010
0000
0000
0100
0010
0000
0000
0100
0010
0000
0000
0100
,
0001
0000
1000
0000
0000
0000
0000
0001
1000
0000
0000
0001
1000
0000
0000
0001
,
1000
0000
0000
0001
0010
0000
0000
0010
0100
0000
0000
0100
1000
0000
0000
1000
,
0001
0000
0000
0000
,
0000
0000
0000
0000
,
0010
0100
1000
0010
0100
0001
0010
0100
,
1000
0001
0100
0010
1000
0001
0100
0000
,
0010
0000
0000
0100
0010
0000
0000
0100
0010
0000
0000
0100
0010
0000
0000
0100
,
0001
0000
0000
0010
0001
0000
0000
0010
0001
0000
0000
0010
0001
0000
0000
0010
,
0100
1000
0010
0100
0001
1000
0100
0010
,
0001
0100
0010
1000
0001
0100
0010
0000
,
1000
0000
0000
0100
1000
0000
0000
0100
1000
0000
0000
0100
1000
0000
0000
0100
,
0010
0000
0000
0001
0010
0000
0000
0001
0010
0000
0000
0001
0010
0000
0000
0001
,
1000
0010
0100
0001
1000
0001
0010
0100
,
1000
0001
0100
0010
1000
0100
0010
0001
,
1000
0010
1000
0001
0010
0100
1000
0000
,
0001
0000
0000
0100
0001
0000
0000
0100
0001
0000
0000
0100
0001
0000
0000
0100
,
0010
1000
0001
0010
0100
1000
0001
0100
,
0010
1000
0100
0010
0001
1000
0010
0100
,
0001
1000
0100
0001
0100
1000
0010
0100
,
0001
1000
0100
0010
0001
1000
0010
0100
,
0000
0000
0000
0000
;

//---------------dance-double - ----------------
#NOTES:
     dance-double:
     :
     Easy:
     4:
     0.319,0.339,0.160,0.000,0.000:
00000000
00000000
00000000
00000000
,
00000000
00000000
00000000
00000000
,
00000000
00000000
00000000
00000000
,
10000000
10000000
00100000
00100000
,
00010000
00010000
00001000
00001000
,
00000100
00000100
00000001
00000001
,
00000010
00000010
00001000
00001000
,
00010000
00010000
01000000
01000000
,
10000000
00100000
00010000
01000000
,
00010000
00001000
00000010
00000001
,
00000000
00000000
00000000
00000000
,
00001000
00001000
00000100
00000100
,
00011000
00000000
00011000
00000000
,
00100000
00100000
10000000
10000000
,
10010000
00000000
10010000
00000000
,
00100000
00100000
00001000
00001000
,
00011000
00000000
00011000
00000000
,
00000010
00000010
00000001
00000001
,
00001001
00000000
00001001
00000000
,
00000010
00010000
00001000
01000000
,
10010000
00000000
10010000
00000000
,
00100000
00001000
00010000
00000100
,
00001001
00000000
00001001
00000000
,
00000100
00001000
00010000
00100000
,
10010000
00000000
10010000
00000000
,
01000000
00010000
00001000
00000010
,
00001001
00000000
00001001
00000000
,
00000010
00000000
00000010
00000000
,
00010000
00001000
00010000
00000000
,
00100000
00000000
00100000
00000000
,
00001000
00010000
00001000
00000000
,
00000100
00000000
00000100
00000000
,
00010000
00001000
00010000
00000000
,
00100000
00000000
00100000
00000000
,
00010000
00000000
00010000
00000000
,
01000000
00000000
01000000
00000000
,
00001000
00010000
00001000
00000000
,
00000010
00000000
00000010
00000000
,
00010000
00001000
00010000
00000000
,
01000000
00000000
01000000
00000000
,
00001000
00010000
00001000
00000000
,
00000010
00000000
00000010
00000000
,
00010000
00001000
00010000
00000000
,
00100000
00100000
01000000
01000000
,
10000000
10000000
00010000
00010000
,
00100000
10000000
01000000
00010000
,
00010000
00001000
00000010
00000001
,
00000100
00001000
00010000
00100000
,
10000000
00000000
01000000
00010000
,
00001000
00000010
00000001
00000100
,
00001000
00000000
00000000
00000000
,
00000000
00000000
00000000
00000000
,
00010000
00001000
00100000
00010000
,
10000000
01000000
00100000
00010000
,
00010000
00001000
00000010
00000001
,
00000100
00001000
00010000
00100000
,
10000000
01000000
00010000
00100000
,
10000000
01000000
00010000
00100000
,
00010000
00001000
00000010
00000001
,
00000100
00001000
00010000
00100000
,
10000000
01000000
00010000
00100000
,
10000000
01000000
00010000
00100000
,
10000000
01000000
00010000
00100000
,
00010000
00001000
00000010
00000001
,
00001000
00000100
00000001
00000010
,
00001000
00000100
00001000
00010000
,
00100000
10000000
01000000
00010000
,
00001000
00000010
00000001
00000100
,
00000000
00000000
00000000
00000000
;

//---------------dance-double - ----------------
#NOTES:
     dance-double:
     :
     Medium:
     6:
     0.409,0.373,0.000,0.000,0.000:
00000000
00000000
00000000
00000000
,
00000000
00000000
00000000
00000000
,
00000000
00000000
00000000
00000000
,
10000000
00000000
00010000
00000000
01000000
00100000
01000000
00000000
,
00010000
00000000
01000000
00001000
,
00010000
00000010
00010000
00000000
00001000
00000000
00000000
00000000
,
00010000
00000000
00000100
00000000
00000010
00000001
00000010
00000000
,
00000100
00000000
00010000
00001000
,
00100000
00010000
00100000
00000000
10000000
01000000
10000000
00000000
,
00010000
01000000
00001000
00010000
,
00000000
00000000
00000000
00000000
,
00000010
00000100
00000001
00000010
,
00000100
00001000
00000100
00000000
00010000
00001000
00010000
00000000
,
00100000
10000000
00010000
01000000
,
00100000
10000000
00100000
00000000
01000000
00010000
01000000
00000000
,
00100000
00010000
00001000
00000010
,
00000001
00001000
00000001
00000000
00000010
00000100
00000010
00000000
,
00000001
00001000
00000010
00010000
,
00000100
00001000
00000100
00000000
00010000
00001000
00010000
00000000
,
00000100
00000010
00001000
00010000
,
00100000
10000000
00100000
00000000
01000000
00010000
01000000
00000000
,
00001000
00010000
00000010
00001000
,
00000001
00000010
00000001
00000000
00001000
00000100
00001000
00000000
,
00000010
00010000
00001000
01000000
,
00010000
10000000
01000000
00000000
00100000
00010000
01000000
00000000
,
00001000
00000010
00000001
00001000
,
00000010
00000100
00000001
00000000
00001000
00000100
00000010
00000000
,
00000001
00000100
00000010
00001000
,
00000100
00010000
00001000
00100000
,
00010000
10000000
00100000
01000000
,
00010000
00100000
00001000
00010000
,
00000100
00000010
00000001
00001000
,
00000100
00000010
00000001
00000100
,
00000010
00001000
00000001
00000100
,
00000001
00000100
00000001
00000100
,
00000010
00001000
00000100
00010000
,
00001000
00100000
00010000
10000000
,
01000000
00100000
00001000
00010000
,
00000100
00000010
00000001
00000100
,
00000010
00001000
00000001
00000010
,
00000100
00010000
00001000
00100000
,
00010000
10000000
00100000
01000000
,
00010000
00100000
01000000
00010000
,
00001000
00010000
00001000
00010000
,
00001000
00010000
00001000
00010000
,
00100000
10000000
00010000
00000000
00100000
01000000
10000000
00000000
,
00010000
01000000
00001000
00010000
,
00000100
00001000
00010000
00001000
,
00100000
00100000
00000000
00000000
10000000
00000000
00010000
00000000
,
01000000
00000000
00100000
00000000
10000000
00000000
01000000
00100000
,
01000000
00000000
00000000
00000000
,
00000000
00000000
00000000
00000000
,
00010000
00000000
01000000
00000000
00001000
00010000
00000010
00000000
,
00001000
00000000
00000100
00000000
00010000
00001000
00100000
00000000
,
00010000
10000000
01000000
00000000
00010000
00000000
00010000
00000000
,
01000000
00001000
00010000
00000000
00000010
00000000
00000010
00000000
,
00001000
00000000
00000100
00000000
00010000
00001000
00100000
00000000
,
00010000
00000000
01000000
00000000
00001000
00010000
00000010
00000000
,
00001000
00000100
00000001
00000000
00001000
00000000
00001000
00000000
,
00000010
00010000
00001000
00000000
01000000
00000000
01000000
00000000
,
00100000
00000000
10000000
00000000
01000000
00100000
00010000
00000000
,
01000000
00000000
00100000
00000000
00010000
00001000
00010000
00000000
,
00000010
00000000
00000001
00000000
00001000
00000100
00000010
00000000
,
00000001
00001000
00000100
00000000
00010000
00000000
00010000
00000000
,
00001000
00000000
00100000
00000000
00010000
10000000
00100000
00000000
,
01000000
00000000
00001000
00000000
00010000
00100000
01000000
00000000
,
00001000
00000000
00010000
00000000
00000010
00001000
00000100
00000000
,
00010000
00000000
00001000
00000000
00100000
00010000
01000000
00000000
,
00000000
00000000
00000000
00000000
;

//---------------dance-double - ----------------
#NOTES:
     dance-double:
     :
     Hard:
     8:
     0.520,0.576,0.150,0.000,0.130:
00000000
00000000
00000000
00000000
,
00000000
00000000
00000000
00000000
,
00000000
00000000
00000000
00000000
,
10000000
01000000
00100000
00010000
00100000
01000000
10000000
00000000
,
00010000
01000000
00001000
00010000
00000010
00001000
00000100
00000000
,
00000010
00000001
00001000
00000100
00001000
00000001
00000010
00000000
,
00000100
00010000
00001000
00100000
00010000
01000000
00100000
00000000
,
10000000
00010000
00100000
01000000
10000000
00010000
01000000
00100000
,
10000000
01000000
00100000
00000000
00010000
01000000
00100000
00000000
,
10010000
01001000
00010010
00001001
,
00000000
00000000
00000000
00000000
,
00000010
00000000
00000000
00000100
00000000
00000000
00010000
00000000
,
00001000
00100000
00010000
10000000
00100000
01000000
00010000
00000000
,
00100000
00000000
00000000
00001000
00000000
00000000
00010000
00000000
,
00000010
00001000
00000001
00000010
00000100
00001000
00000010
00000000
,
00000100
00000000
00000000
00000001
00000000
00000000
00000010
00000000
,
00000100
00010000
00001000
00100000
00010000
10000000
00100000
00000000
,
01000000
00000000
00000000
00010000
00000000
00000000
00100000
00000000
,
01000000
10000000
00010000
01000000
00100000
10000000
01000000
00000000
,
00010000
00000000
00000000
00001000
00000000
00000000
00000100
00000000
,
00000001
00001000
00000100
00000010
00000001
00001000
00000100
00000000
,
00010000
00000000
00000000
00100000
00000000
00000000
10000000
00000000
,
01000000
00100000
00010000
01000000
00100000
10000000
00010000
00000000
,
00100000
00000000
00000000
00001000
00000000
00000000
00010000
00000000
,
00000100
00000010
00000001
00001000
00000010
00000100
00000001
00000000
,
00001000
00000000
00000000
00000100
00000000
00000000
00010000
00000000
,
00001000
00100000
00010000
01000000
00001000
00010000
00000010
00000000
,
00001000
00000000
00000001
00000000
00000001
00000000
00001000
00000010
,
00000100
00000001
00000010
00000100
00001000
00000000
00000010
00000000
,
00010000
00000000
00001000
00000000
00001000
00000000
01000000
00100000
,
10000000
01000000
00100000
00010000
01000000
00001000
00010000
00000000
,
00000010
00000000
00000100
00000000
00000010
00000000
00001000
00000100
,
00001000
00000010
00000100
00000001
00001000
00000000
00000001
00000000
,
00000010
00000000
00000100
00000000
00000100
00000000
00001000
00000010
,
00010000
00001000
00100000
00010000
10000000
01000000
00100000
00000000
,
00010000
00000000
01000000
00000000
00001000
00000000
00010000
00000010
,
00001000
00000100
00010000
00001000
00100000
00000000
00010000
00000000
,
10000000
00000000
00100000
00000000
00100000
00000000
01000000
00010000
,
00100000
01000000
10000000
00010000
00100000
00001000
00010000
00000000
,
00000010
00000000
00010000
00000000
00001000
00000000
01000000
00001000
,
00010000
00000010
00001000
00000100
00000010
00000000
00000001
00000000
,
00001000
00000000
00000010
00000000
00000010
00000000
00000100
00000001
,
00001000
00000100
00000010
00001000
00010000
00100000
01000000
00000000
,
00010000
10000000
00010000
10000000
00010000
10000000
00010000
10000000
,
00010000
10000000
00010000
10000000
00010000
10000000
00010000
10000000
,
00100000
01000000
00010000
00000000
10000000
01000000
00100000
00000000
,
10010000
01001000
00010010
00001001
,
00001001
00010100
00101000
10010000
,
10000000
01000000
00000000
00000000
00110000
00000000
00011000
00000000
,
00001100
00000000
00000010
00000001
00000100
00000000
00000010
00001000
,
00000100
00000000
00000000
00000000
,
00000000
00000000
00000000
00000000
,
00010000
00000000
00000000
00000000
00001000
00000000
00000000
00100000
00010000
00000000
00000000
00000000
10000000
00000000
00000000
01000000
,
00100000
00000000
00000000
01000000
00100000
00000000
00000000
00000000
00010000
00000000
00000000
00000000
01000000
00000000
00000000
00000000
,
00001000
00000000
00000000
00000000
00010000
00000000
00000000
00000010
00001000
00000000
00000000
00000000
00000001
00000000
00000000
00000010
,
00000100
00000000
00000000
00000010
00000100
00000000
00000000
00000000
00001000
00000000
00000000
00000000
00000001
00000000
00000000
00000000
,
00000100
00000000
00000000
00000000
00000010
00000000
00000000
00001000
00000100
00000000
00000000
00000000
00010000
00000000
00000000
00001000
,
00100000
00000000
00000000
00001000
00100000
00000000
00000000
00000000
00010000
00000000
00000000
00000000
10000000
00000000
00000000
00000000
,
00100000
00000000
00000000
00000000
01000000
00000000
00000000
00010000
00100000
00000000
00000000
00000000
00001000
00000000
00000000
00010000
,
00000100
00000000
00000000
00010000
00000100
00000000
00000000
00000000
00001000
00000000
00000000
00000000
00000010
00000000
00000000
00000000
,
00000100
00000000
00000000
00000000
00000001
00000000
00000000
00000010
00000100
00000000
00000000
00000000
00001000
00000000
00000000
00000010
,
00010000
00000000
00000000
00000010
00010000
00000000
00000000
00000000
00001000
00000000
00000000
00000000
01000000
00000000
00000000
00000000
,
00010000
00000000
00000000
00000000
10000000
00000000
00000000
01000000
00100000
00000000
00000000
00000000
00010000
00000000
00000000
00001000
,
01000000
00000000
00000000
00001000
01000000
00000000
00000000
00000000
00010000
00000000
00000000
00000000
00000010
00000000
00000000
00000000
,
00001000
00000000
00000000
00000000
00000100
00000000
00000000
00010000
00001000
00000000
00000000
00000000
00100000
00000000
00000000
00010000
,
10000000
00000000
00000000
00010000
10000000
00000000
00000000
00000000
00100000
00000000
00000000
00000000
01000000
00000000
00000000
00000000
,
00010000
00000000
00000000
00000000
00100000
00000000
00000000
00001000
00010000
00000000
00000000
00000000
00000100
00000000
00000000
00001000
,
00000001
00000000
00000000
00000100
00000010
00000000
00000000
00001000
00000100
00000000
00000000
00010000
00001000
00000000
00000000
00000000
,
00000000
00000000
00000000
00000000
;
