#TITLE:色は匂へど散りぬるを;
#SUBTITLE:;
#ARTIST:幽閉サテライト(Arranged\:Iceon) feat. senya;
#TITLETRANSLIT:Iro wa nio e do chirinuru wo;
#SUBTITLETRANSLIT:;
#ARTISTTRANSLIT:Yuuhei satellite (Arranged\:Iceon) feat. senya;
#CREDIT:;
#BANNER:Iro wa nio e do chirinuru wo.png;
#BACKGROUND:Iro wa nio e do chirinuru wo-bg.png;
#LYRICSPATH:;
#CDTITLE:./CDTitles/SOUND VOLTEX.png;
#MUSIC:Iro wa nio e do chirinuru wo.ogg;
#OFFSET:0.000;
#SAMPLESTART:60.870;
#SAMPLELENGTH:15.000;
#SELECTABLE:YES;
#DISPLAYBPM:138.000;
#BPMS:0.000=138.000;
#STOPS:;

//---------------dance-single - ----------------
#NOTES:
     dance-single:
     :
     Beginner:
     3:
     0.146,0.164,0.000,0.103,0.000:
0000
0000
0000
0000
,
0000
0000
0000
0000
,
0000
0000
0000
0000
,
0000
0000
0000
0000
,
0000
0000
0000
0000
,
1000
0000
0000
0000
,
0001
0001
0001
0000
,
0100
0000
0001
0000
,
1000
0000
0000
0000
,
0000
0000
0000
0000
,
0000
0000
1000
0000
,
0001
0000
1000
0000
,
0001
0001
0001
0001
,
0000
0010
0000
0001
,
0000
0010
0000
1000
,
0000
0100
0000
0001
,
0000
0010
0010
0010
,
0000
0100
0100
0100
,
0000
0010
0000
0010
,
0000
0001
0000
0100
,
0000
0200
0000
0000
,
0000
0000
0000
0300
,
0000
0010
0000
0010
,
0000
0001
0000
0000
,
0000
1000
0000
0001
,
0000
1000
0000
0001
,
0000
1000
0000
0100
,
0000
0001
0000
0001
,
0000
0100
0000
0010
,
0000
0001
0000
0000
,
0000
0001
0001
0001
,
0000
1000
1000
1000
,
0000
0001
0000
0001
,
0000
1000
0000
1000
,
0000
0010
0010
0010
,
0000
1000
0000
1000
,
0000
0001
0001
0001
,
0000
0010
0000
1000
,
1000
1000
0000
0000
,
0000
0002
0000
0003
,
0000
0020
0000
0030
,
0000
2000
0000
3000
,
0000
1000
0000
0001
,
0000
0001
0000
0001
,
0000
1000
1000
1000
,
0000
0010
0000
0001
,
0001
0001
0000
0000
,
0000
2000
0000
3000
,
0000
0020
0000
0030
,
0000
0001
0001
0001
,
0000
0200
0000
0000
,
0000
0000
0000
0000
,
0300
0000
1000
1000
,
0000
0001
0001
0001
,
0000
0010
0000
1000
,
1000
1000
0000
0000
,
0000
0002
0000
0003
,
0000
0020
0000
0030
,
0000
2000
0000
3000
,
0000
1000
0000
0001
,
0000
0001
0000
0001
,
0000
1000
1000
1000
,
0000
0010
0000
0001
,
0001
0001
0000
0000
,
0000
2000
0000
3000
,
0000
0020
0000
0030
,
0000
0001
0001
0001
,
0000
0200
0000
0000
,
0000
0000
0000
0000
,
0300
0000
0000
0000
;

//---------------dance-single - ----------------
#NOTES:
     dance-single:
     :
     Easy:
     8:
     0.242,0.276,0.063,0.032,0.000:
0000
0000
0000
0000
,
0000
0000
0000
0000
,
0000
0000
0000
0000
,
0000
0000
0000
0000
,
0000
0000
0000
0000
,
1000
0010
0100
0000
,
1000
0001
0010
0000
,
0200
0000
2300
0000
,
0002
0000
0000
3003
,
0000
0000
0000
0000
,
0000
1000
0100
0001
,
0100
1000
0000
1000
,
0000
0001
0010
1000
,
0010
0001
0000
0001
,
1000
0110
1000
0001
,
0010
0001
0100
1000
,
1000
0001
0100
1000
,
0100
0001
1000
0010
,
0010
0001
0000
0100
,
0000
0001
0000
0100
,
0000
0200
0000
0000
,
0000
0010
0010
0310
,
0010
1000
0000
0100
,
0000
0001
0000
0001
,
0010
0100
1000
0001
,
1000
1000
0000
0100
,
0000
1000
1000
0100
,
0100
0001
0000
0001
,
0000
0100
0100
0010
,
0010
0001
0000
0100
,
1001
0001
1000
1000
,
0001
0001
1000
0001
,
0100
0001
0000
0001
,
0000
1000
0001
0110
,
0000
0001
1000
1001
,
0000
1000
0100
1000
,
1000
0001
0100
0001
,
0000
0010
0001
1000
,
1000
0001
0001
1001
,
0000
0001
1000
0100
,
0000
1000
0001
0100
,
0000
1000
0100
0001
,
0100
1000
1000
0001
,
0001
0001
0100
0001
,
0001
1000
0100
1000
,
0000
0010
1000
0001
,
0001
1000
1000
1001
,
0000
0010
0001
1000
,
0000
1000
0001
0100
,
0000
0001
0100
1000
,
0100
0001
0100
0000
,
0100
0000
0100
0000
,
1000
0001
0010
0001
,
0001
1000
0010
1000
,
0000
0100
1000
0001
,
0001
1000
1000
0110
,
0000
1000
0001
0010
,
0000
0001
1000
0010
,
0000
0001
0010
1000
,
0010
0001
0010
1000
,
0001
1000
0010
1000
,
1000
0001
0010
0001
,
0000
0100
0001
1000
,
1000
0001
0001
1001
,
0000
0001
0100
1000
,
0000
1000
0010
0001
,
0000
1000
0010
0001
,
0010
1000
0100
0000
,
0100
0000
0100
0000
,
0100
0000
0100
0000
;

//---------------dance-single - ----------------
#NOTES:
     dance-single:
     :
     Medium:
     10:
     0.363,0.386,0.278,0.063,0.000:
0000
0000
0000
0000
,
0000
0000
0000
0000
,
0000
0000
0000
0000
,
0000
0000
0000
0000
,
0000
0000
0000
0000
,
1000
0001
0010
0000
0100
0000
0000
0000
,
1000
0010
0001
0000
0010
0000
0000
0000
,
0200
0000
0302
0000
,
2000
0000
0000
3003
,
0000
0000
0000
0000
,
0000
0000
1000
0000
0101
0000
0001
1000
,
0100
1000
0001
0010
,
0100
0000
1000
0010
0100
0000
0010
0000
,
0001
0011
1000
0001
,
1000
0100
1000
0011
,
0010
0001
0100
1000
,
0010
0001
0100
1000
,
0010
0000
1000
0001
1000
0000
0010
0001
,
0010
0000
0001
0000
0000
1000
0100
0000
,
0000
0100
0001
0000
0000
0001
0100
0000
,
0000
0001
0200
0000
0000
0000
0000
0000
,
0000
0010
0010
0310
,
0010
0000
1000
0100
0010
0100
0000
0000
,
0100
0101
0000
0001
,
1000
0010
0110
0001
,
1000
0100
1000
0000
0000
0001
0100
0000
,
0010
0000
1000
0100
0000
1000
0000
0000
,
0001
0000
0100
0010
0000
0100
0000
0000
,
0001
0000
0100
0010
0000
1000
0000
0000
,
0001
0000
1000
0100
0000
0010
0000
0000
,
1001
0001
1100
1000
,
0101
0000
0001
0000
1000
0000
0001
1000
,
0100
1000
0001
0100
,
0010
0001
1001
0110
,
0000
0011
1100
1001
,
1000
0001
0010
0000
0001
0000
0010
0100
,
0010
0001
0010
0101
,
0010
0100
0010
0000
1000
0000
1100
0000
,
0101
0200
0310
1001
,
0001
0010
0001
0000
1000
0010
1000
0000
,
0001
0100
0001
0000
1000
0100
1000
0000
,
0010
0000
1000
0000
0010
0000
0001
0010
,
0001
0100
0110
1001
,
0001
1000
0010
0000
1000
0000
0010
0100
,
0010
1000
0010
1100
,
0010
0100
0010
0000
0001
0000
0101
0000
,
1100
0200
0310
1001
,
1000
0010
1000
0000
0001
0010
0001
0000
,
1000
0100
1000
0000
0001
0100
0001
0000
,
0100
0000
0010
0100
0010
0000
0100
0010
,
0100
0110
0100
0000
,
0010
0000
0100
0000
,
0001
1000
0100
0000
1000
0000
0100
0010
,
0100
1000
0100
1010
,
0100
0010
0100
0000
0001
0000
0011
0000
,
1010
0020
0130
1001
,
1000
0100
1000
0000
0001
0100
0001
0000
,
1000
0010
1000
0000
0001
0010
0001
0000
,
0100
0000
0001
0000
0100
0000
1000
0100
,
1000
0010
0110
1001
,
1000
0001
0100
0000
0001
0000
0100
0010
,
0100
0001
0100
0011
,
0100
0010
0100
0000
1000
0000
1010
0000
,
0011
0020
0130
1001
,
0001
0100
0001
0000
1000
0100
1000
0000
,
0001
0010
0001
0000
1000
0010
1000
0000
,
0100
0010
0100
0000
0100
0000
0001
0000
,
1000
0110
0100
0000
,
0010
0000
0100
0000
,
0010
0000
0100
0000
;

//---------------dance-single - ----------------
#NOTES:
     dance-single:
     :
     Hard:
     12:
     0.418,0.440,0.127,0.190,0.063:
0000
0000
0000
0000
,
0000
0000
0000
0000
,
0000
0000
0000
0000
,
0000
0000
0000
0000
,
0000
0000
0000
0000
,
1000
0001
0010
0001
0100
0000
0000
0000
,
0001
0010
0001
1000
0100
0000
0000
0000
,
0200
0000
2300
0000
,
0002
0000
0000
3003
,
0000
0000
0000
0000
,
0000
0000
1000
0000
0101
0000
0001
1000
,
0100
0000
1000
0000
0001
0000
0010
0001
,
0100
0000
0001
0010
0100
1000
0000
0000
,
0001
0000
1010
0000
0000
0001
0000
0000
,
1000
0100
1100
0011
,
0010
0000
0001
1000
0100
0000
1000
0000
,
0101
0010
0001
0010
,
1000
0000
0010
0001
0010
1000
0010
0001
,
0100
0000
0000
0000
0001
0000
0000
0000
0000
0000
1000
0000
0100
0000
0000
1000
,
0000
0000
0100
0000
0001
0000
0000
0000
0000
0000
0001
0000
0100
0000
0000
0010
,
0000
0001
0200
0000
0000
0000
0000
0000
,
0010
0001
1000
0310
,
0010
0000
1000
0100
0010
0100
0000
1000
,
0100
0000
0000
0000
0101
0000
0000
0000
0000
0000
0000
0000
0001
0000
0000
0010
,
0000
0001
0010
0000
0110
0000
0001
0000
,
1000
0100
1000
0000
0000
0010
0001
0000
,
0010
0000
1000
0100
0000
1000
0000
0001
,
1000
0100
0100
0010
0000
0001
0000
0100
,
0010
1000
0100
0010
0000
0001
0000
1000
,
0001
0100
1000
0100
0000
0001
0000
0010
,
0001
0000
0100
0000
0001
0000
0000
0010
0000
0000
0001
0000
1000
0000
0000
0000
,
0101
0001
1000
0001
,
0110
0000
0000
0000
1000
0000
0000
0100
0000
0000
0001
0000
0100
0000
0000
1000
,
0000
0000
0010
0000
0001
0000
0000
0010
0000
0000
0100
0000
0110
0000
0000
0000
,
0000
0011
1100
1001
,
1000
0000
0002
0000
0100
0000
0013
0100
,
0010
0100
2000
0000
0010
0000
3100
0000
,
0010
0100
0020
0000
1000
0000
0130
1000
,
0100
0001
0200
0000
0010
0000
0301
1000
,
0001
0010
0100
1000
0001
0100
0010
0100
,
0001
0010
0002
0000
1000
0000
0100
0000
,
0013
0000
1100
0000
0010
0000
1000
0001
,
0100
0000
0010
0000
0100
0000
0000
0000
0010
0000
0000
1000
0001
0000
0010
0000
,
0001
0000
1000
0100
2000
0000
0000
0000
0100
0000
0000
0000
3010
0000
0100
0000
,
0010
0100
0002
0000
0010
0000
0103
0000
,
0010
0100
0020
0000
0001
0000
0130
0001
,
0100
1000
0200
0000
0010
0000
1300
0001
,
1000
0010
0100
0001
1000
0100
0010
0100
,
1000
0010
2000
0000
0001
0000
0100
0000
,
3010
0000
0000
0000
0100
0000
0001
0000
0010
0000
0001
0010
0001
0000
1000
0000
,
0100
0000
0010
0100
0010
0000
0000
0000
0100
0000
0000
0000
0000
0000
0000
0000
,
0010
0000
0000
0000
0000
0000
0000
0000
0100
0000
0000
0000
0001
0010
0001
0000
,
1000
0000
0000
0000
1001
0000
0100
0010
,
0100
0010
2000
0000
0100
0000
3010
0000
,
0100
0010
0200
0000
1000
0000
0310
1000
,
0010
0001
0020
0000
0100
0000
0031
1000
,
0001
0100
0010
1000
0001
0010
0100
0010
,
0001
0100
0002
0000
1000
0000
0010
0000
,
0103
0000
1010
0000
0100
0000
1000
0001
,
0010
0000
0100
0000
0010
0000
0000
0000
0100
0000
0000
1000
0001
0000
0100
0000
,
0001
0000
1000
0010
2000
0000
0000
0000
0010
0000
0000
0000
3100
0000
0010
0000
,
0100
0010
0002
0000
0100
0000
0013
0000
,
0100
0010
0200
0000
0001
0000
0310
0001
,
0010
1000
0020
0000
0100
0000
1030
0001
,
1000
0100
0010
0001
1000
0010
0100
0010
,
1000
0100
2000
0000
0001
0000
0010
0000
,
3100
0000
0000
0000
0100
0000
0000
1000
0000
0000
0100
0000
0010
0000
0000
0100
,
0000
0010
0002
0000
0100
0000
0000
0000
,
0010
0000
0100
0000
,
0010
0000
0000
0003
0000
0000
0000
0000
;

//---------------dance-double - ----------------
#NOTES:
     dance-double:
     :
     Easy:
     8:
     0.248,0.276,0.111,0.024,0.000:
00000000
00000000
00000000
00000000
,
00000000
00000000
00000000
00000000
,
00000000
00000000
00000000
00000000
,
00000000
00000000
00000000
00000000
,
00000000
00000000
00000000
00000000
,
10000000
00100000
01000000
00000000
,
00001000
00010000
00000100
00000000
,
00000001
00000000
00000200
00000000
,
00020000
00000000
00000000
00030300
,
00000000
00000000
00000000
00000000
,
00000000
00010000
00001000
00010000
,
01000000
10000000
00000000
10000000
,
00000000
10000000
00100000
00010000
,
00001000
00000100
00000000
00000010
,
00001000
00000110
00000001
00001000
,
00000100
00010000
00001000
00100000
,
00010000
00010000
01000000
10000000
,
01000000
00010000
10000000
00100000
,
00010000
00001000
00000000
00010000
,
00000000
00001000
00000000
00000100
,
00000000
00000020
00000000
00000000
,
00000000
00000130
00000000
00000001
,
00000010
00001000
00000000
00010000
,
00000000
00001000
00000000
00010000
,
00100000
01000000
10000000
01000000
,
10000000
10000000
00000000
01000000
,
00000000
00010000
10000000
01000000
,
01000000
00010000
00000000
00010000
,
00000000
00001000
00001000
00000010
,
00000010
00000001
00000000
00000100
,
00001001
00000001
00000100
00001000
,
00010000
00100000
01000000
00010000
,
10000000
11000000
00000000
00110000
,
00000000
00010000
00001000
00000110
,
00000000
00000001
00001000
00001001
,
00000000
00001000
00000100
00001000
,
00001000
00000001
00000100
00000001
,
00000000
00000010
00001000
00010000
,
00001000
00010000
00010000
00110000
,
00000000
00010000
10000000
01000000
,
00000000
10000000
01000000
00010000
,
00000000
00001000
00000100
00000001
,
00000100
00000001
00000001
00001000
,
00000010
00010000
00001000
00010000
,
00010000
00100000
01000000
00100000
,
00000000
00100000
10000000
00010000
,
00010000
00100000
00010000
00110000
,
00000000
00001000
00010000
00001100
,
00000000
00000001
00000010
00000110
,
00000000
00000001
00000100
00001000
,
00000100
00000001
00000100
00000000
,
00001000
00000000
00010000
00100000
,
00000000
00010000
00100000
00010000
,
00100000
10000000
00100000
10000000
,
00000000
01000000
00010000
00001000
,
00010000
00001000
00001000
00001100
,
00000000
00001000
00000001
00000010
,
00000000
00000001
00000010
00001000
,
00000000
00010000
00100000
10000000
,
00100000
10000000
10000000
00010000
,
01000000
00001000
00010000
00001000
,
00001000
00000100
00000010
00000100
,
00000000
00000100
00000001
00001000
,
00001000
00000100
00001000
00011000
,
00000000
00010000
00001000
00110000
,
00000000
00100000
01000000
01100000
,
00000000
10000000
00100000
00010000
,
00100000
10000000
00100000
00000000
,
00010000
00000000
00001000
00000100
,
00000010
00000000
00000010
00000000
;

//---------------dance-double - ----------------
#NOTES:
     dance-double:
     :
     Medium:
     10:
     0.349,0.386,0.182,0.063,0.008:
00000000
00000000
00000000
00000000
,
00000000
00000000
00000000
00000000
,
00000000
00000000
00000000
00000000
,
00000000
00000000
00000000
00000000
,
00000000
00000000
00000000
00000000
,
10000000
00010000
00100000
00000000
00001000
00000000
00000000
00000000
,
00001000
00000010
00000001
00000000
00000010
00000000
00000000
00000000
,
00000002
00000000
00002003
00000000
,
00020000
00000000
00000000
00033000
,
00000000
00000000
00000000
00000000
,
00000000
00000000
10000000
00000000
01010000
00000000
00010000
10000000
,
01000000
10000000
01000000
00100000
,
00010000
00000000
00001000
00000010
00000100
00000000
00000010
00000000
,
00000110
00000101
00001000
00000001
,
00000100
00001000
00010000
00110000
,
00100000
00010000
01000000
10000000
,
01000000
00010000
01000000
00100000
,
10000000
00000000
10000000
00010000
10000000
00000000
00100000
00010000
,
00001000
00000000
00010000
00000000
00000000
00001000
00000100
00000000
,
00000000
00000001
00000010
00000000
00000000
00000001
00000100
00000000
,
00000000
00001000
00020000
00000000
00000000
00000000
00000000
00000000
,
00000000
00100000
00100000
00130000
,
00100000
00000000
10000000
01000000
00100000
01000000
00000000
00000000
,
01000000
01010000
00000000
01000000
,
00001000
00010000
00001000
00000100
,
00000001
00000100
00000001
00000000
00000000
00000001
00000100
00000000
,
00000000
00000000
00001000
00010000
00000000
00100000
00000000
00000000
,
00010000
00000000
00100000
01000000
00000000
01000000
00000000
00000000
,
00010000
00000000
01000000
00100000
00000000
10000000
00000000
00000000
,
01000000
00000000
00010000
00001000
00000000
00010000
00000000
00000000
,
00011000
00001000
00000100
00000001
,
00000101
00000000
00000001
00000000
00001000
00000000
00000001
00001000
,
00000100
00010000
00001000
00000100
,
00000010
00010000
00001000
00011000
,
00000000
00110000
11000000
10010000
,
10000000
00010000
00100000
00000000
00010000
00000000
00100000
01000000
,
00100000
00010000
00100000
00011000
,
00001000
00000100
00000010
00000000
00001000
00000000
00001100
00000000
,
00000101
00000200
00000310
00001001
,
00000001
00000100
00001000
00000000
00001000
00010000
00100000
00000000
,
00010000
00100000
10000000
00000000
10000000
01000000
10000000
00000000
,
00100000
00000000
10000000
00000000
00100000
00000000
00010000
00100000
,
00010000
00100000
00010000
00001000
,
00000100
00000010
00000100
00000000
00000001
00000000
00000010
00000100
,
00000010
00001000
00000010
00000101
,
00000010
00000100
00000001
00000000
00000100
00000000
00001000
00000000
,
00010000
02000000
03100000
10010000
,
10000000
00100000
00010000
00000000
00001000
00010000
00000100
00000000
,
00001000
00000010
00000100
00000000
00000001
00000010
00000100
00000000
,
00001000
00000000
00000001
00000010
00000100
00000000
00000010
00000100
,
00010000
00001000
01000000
00000000
,
00001000
00000000
00010000
00000000
,
00001000
00010000
00001000
00000000
00001000
00000000
00000010
00000100
,
00000010
00001000
00000010
00011000
,
00010000
01000000
00100000
00000000
00010000
00000000
01010000
00000000
,
11000000
02000000
03100000
10010000
,
10000000
01000000
00010000
00000000
00010000
00001000
00000010
00000000
,
00001000
00000010
00000001
00000000
00000001
00000100
00000001
00000000
,
00000010
00000000
00000001
00000000
00000010
00000000
00001000
00000010
,
00001000
00000010
00001000
00010000
,
01000000
00100000
01000000
00000000
10000000
00000000
00100000
01000000
,
00100000
10000000
01000000
01100000
,
00100000
01000000
10000000
00000000
01000000
00000000
00010000
00000000
,
00001000
00000200
00000310
00001001
,
00000001
00000010
00001000
00000000
00010000
00001000
01000000
00000000
,
00010000
00100000
01000000
00000000
10000000
00100000
01000000
00000000
,
00001000
00000000
00000000
00000000
00010000
00000000
00000000
00001000
00000000
00000000
00000100
00000000
00000010
00000000
00000000
00000100
,
00000000
00000010
00001000
00000000
00000010
00000000
00000000
00000000
,
00010000
00000000
00001000
00000000
,
00000010
00000000
00000100
00000000
;

//---------------dance-double - ----------------
#NOTES:
     dance-double:
     :
     Hard:
     12:
     0.424,0.416,0.119,0.143,0.063:
00000000
00000000
00000000
00000000
,
00000000
00000000
00000000
00000000
,
00000000
00000000
00000000
00000000
,
00000000
00000000
00000000
00000000
,
00000000
00000000
00000000
00000000
,
00001000
00000001
00000010
00000001
00000100
00000000
00001000
00100000
,
00010000
00100000
00010000
10000000
01000000
00000000
00000000
00000000
,
02000000
00000000
13000000
00000000
,
10000000
01000000
00010000
00001000
00000100
00000010
00001000
00000000
,
00000200
00000000
00000000
00000300
,
00000000
00000000
00001000
00000000
00000101
00000000
00000001
00001000
,
00000100
00000000
00001000
00000000
00000001
00000000
00000010
00000001
,
00000100
00000000
00001000
00010000
01000000
10000000
00000000
00000000
,
00010000
00000000
10100000
00000000
10000000
00010000
00000000
00000000
,
10000000
01000000
11000000
00110000
,
00001000
00000000
00010000
00001000
00000100
00000000
00000010
00000000
,
00000101
00000010
00000001
00000010
,
00001000
00000000
00000010
00010000
00001000
00010000
00100000
00010000
,
00100000
00000000
00000000
00000000
10000000
00000000
00000000
00000000
00000000
00000000
10000000
00000000
01000000
00000000
00000000
10000000
,
00000000
00000000
01000000
00000000
00010000
00000000
00000000
00000000
00000000
00000000
00010000
00000000
00001000
00000000
00000000
00000010
,
00000000
00000001
00000200
00000000
00000000
00000000
00000000
00000000
,
00000010
00000010
00001300
00010000
,
00100000
00000000
10000000
01000000
00100000
01000000
00000000
10000000
,
01000000
00000000
00000000
00000000
01010000
00000000
00000000
00000000
00000000
00000000
00000000
00000000
00001000
00000000
00000000
00010000
,
00000000
00000100
00000010
00000000
00000011
00000000
00000100
00000000
,
00000010
00000001
00000100
00000000
00001000
00010000
00100000
00000000
,
10000000
00000000
00010000
01000000
00000000
00010000
00000000
00010000
,
10000000
01000000
00100000
00001000
00000000
00010000
00000000
00001000
,
00000100
00000010
00000100
00000001
00000000
00000001
00000000
00000010
,
00001000
00000010
00000001
00000100
00000000
00001000
00000000
00010000
,
00100000
00000000
01000000
00000000
00010000
00000000
00000000
00100000
00000000
00000000
00010000
00000000
10000000
00000000
00000000
00000000
,
01010000
00000000
00010000
00000000
01000000
00000000
00010000
00100000
,
00001000
00000000
00000000
00000000
00001000
00000000
00000000
00000100
00000000
00000000
00000001
00000000
00000100
00000000
00000000
00001000
,
00000000
00000000
00000100
00000000
00000001
00000000
00000000
00000010
00000000
00000000
00000100
00000000
00000110
00000000
00000000
00000000
,
00000000
00001100
00011000
00110000
,
10000000
01000000
00020000
00000000
01030000
00000000
00100000
01000000
,
00100000
01000000
10000000
00000000
01000000
00000000
00010000
00000000
,
00000010
00000100
00000020
00000000
00001000
00000000
00000130
00001000
,
00000100
00000001
00000200
00000000
00000010
00000000
00000301
00001000
,
00000001
00000010
00000100
00010000
00001000
01000000
00100000
00000000
,
10000000
00100000
20000000
00000000
00010000
00000000
01000000
00000000
,
30100000
00000000
11000000
00000000
00010000
00000000
00010000
00001000
,
00000100
00000000
00000010
00000000
00000100
00000000
00000000
00000000
00000010
00000000
00000000
00001000
00000001
00000000
00000010
00000000
,
00000001
00000000
00001000
00000100
00001000
00000000
00000000
00000000
00000001
00000000
00000000
00000000
00000100
00000000
00001000
00000000
,
00010000
01000000
20000000
00000000
00100000
00000000
01000000
00000000
,
30100000
01000000
00200000
00000000
00010000
00000000
01300000
10000000
,
01000000
00010000
01000000
00000000
00100000
00000000
10000000
01000000
,
00010000
00001000
00000100
00000001
00000010
00000001
00000100
00000010
,
00001000
00000100
00000020
00000000
00000001
00000000
00000100
00000000
,
00001030
00000000
00000000
00000000
00010000
00000000
00001000
00000000
00010000
00000000
00001000
00100000
00001000
00000000
00010000
00000000
,
01000000
00000000
00100000
01000000
00100000
00000000
00000000
00000000
00010000
00000000
00000000
00000000
00000000
00000000
00000000
00000000
,
00001000
00000000
00000000
00000000
00000000
00000000
00000000
00000000
00000100
00000000
00000000
00000000
00000001
00000010
00000001
00000000
,
00001000
00000100
00000000
00000000
00011000
00000000
00010000
00001000
,
00100000
00010000
01000000
00000000
00010000
00000000
01000000
00000000
,
10000000
01000000
00200000
00000000
00010000
00000000
01300000
00010000
,
01000000
10000000
02000000
00000000
03100000
00000000
10000000
00010000
,
10000000
00100000
01000000
00001000
00010000
00000100
00001000
00000000
,
00001000
00000010
00002000
00000000
00000001
00000000
00000100
00000000
,
00003010
00000000
00000101
00000000
00001000
00000000
00001000
00010000
,
01000000
00000000
00100000
00000000
01000000
00000000
00000000
00000000
00100000
00000000
00000000
00010000
10000000
00000000
00100000
00000000
,
10000000
00000000
00010000
01000000
00010000
00000000
00000000
00000000
10000000
00000000
00000000
00000000
01000000
00000000
00010000
00000000
,
00001000
00000100
00000002
00000000
00000010
00000000
00000100
00000000
,
00000013
00000100
00000020
00000000
00000031
00000000
00000100
00000001
,
00000100
00001000
00000100
00000000
00000010
00000000
00000001
00000100
,
00001000
00010000
01000000
10000000
00100000
10000000
01000000
00100000
,
00010000
01000000
00200000
00000000
10000000
00000000
01000000
00000000
,
00010000
00000000
00000000
00000000
01300000
00000000
00000000
00001000
00000000
00000000
00010000
00000000
00001000
00000000
00000000
00100000
,
00000000
00001000
00020000
00000000
00000100
00000000
00000000
00000000
,
00000100
00000000
00100000
00000000
,
00230000
00000000
00000000
00000000
00000000
00000000
00000000
00300000
;
