#TITLE:華爛漫 -Flowers-;
#SUBTITLE:;
#ARTIST:TЁЯRA;
#TITLETRANSLIT:Hana Ranman -Flowers-;
#SUBTITLETRANSLIT:;
#ARTISTTRANSLIT:;
#CREDIT:;
#BANNER:Hana Ranman -Flowers-.png;
#BACKGROUND:Hana Ranman -Flowers--bg.png;
#LYRICSPATH:;
#CDTITLE:./CDTITLES/Dancing Stage SuperNOVA.png;
#MUSIC:Hana Ranman -Flowers-.ogg;
#OFFSET:0.000;
#SAMPLESTART:88.497;
#SAMPLELENGTH:15.000;
#SELECTABLE:YES;
#DISPLAYBPM:160.000;
#BPMS:0.000=160.000,4.000=160.000,168.000=160.000;
#STOPS:168.000=1.127
;
#BGCHANGES:;

//---------------dance-single - ----------------
#NOTES:
     dance-single:
     :
     Beginner:
     3:
     0.165,0.188,0.019,0.000,0.000:
0000
0000
0000
0000
,
0000
0000
0000
0000
,
0000
0000
0000
0000
,
0000
0000
0000
0000
,
0000
0000
0000
0000
,
0000
0000
0000
0000
,
0001
0000
1000
0000
,
0001
0000
0100
0000
,
0010
0000
0100
0000
,
1000
0000
0001
0000
,
0100
0000
1000
0000
,
0010
0000
0010
0000
,
0010
0000
0010
0000
,
0100
0000
0100
0000
,
0001
0000
0100
0000
,
1000
0000
0001
0000
,
0100
0000
0001
0000
,
1000
0000
1000
0000
,
0010
0010
0000
0100
,
0000
0010
0000
1000
,
0000
0010
0000
0100
,
0000
0010
0000
0000
,
1000
1000
0000
0001
,
0000
1000
0000
0001
,
0000
0100
0000
0010
,
0000
0000
0000
0000
,
0100
0000
0100
0000
,
0001
0000
0100
0000
,
0001
0000
0001
0000
,
0100
0000
0010
0000
,
1000
0000
1000
0000
,
0001
0000
1000
0000
,
0010
0000
0010
0000
,
0010
0000
0001
0000
,
0010
0000
0100
0000
,
0010
0000
0100
0000
,
1000
0000
0100
0000
,
0001
0000
0010
0000
,
1000
0000
0100
0000
,
0001
0000
1000
0000
,
0010
0000
0010
0000
,
0010
0000
0001
0000
,
0000
0010
0000
0001
,
0000
1000
0000
0001
,
0000
0001
0000
0100
,
0000
0010
0000
0001
,
0000
1000
0000
0001
,
0000
0001
0000
0010
,
0000
1000
0000
0010
,
0000
0100
0000
0001
,
0000
0010
0000
0010
,
0000
0010
0000
0100
,
0000
0100
0000
0100
,
0000
1000
0000
0100
,
0000
1000
0000
1000
,
0000
0100
0000
0010
,
0000
0100
0000
0100
,
0000
0001
0000
0010
,
0000
0010
0010
0000
,
0100
0000
0001
0000
,
1000
0000
0100
0000
,
0100
0000
1000
0000
,
1001
0000
0100
0000
,
0010
0000
1000
0000
,
0001
0000
0010
0000
,
0010
0000
1000
0000
,
1001
0000
0000
1000
,
0000
0001
0000
0010
,
0000
0000
0000
0000
;

//---------------dance-single - ----------------
#NOTES:
     dance-single:
     :
     Easy:
     5:
     0.298,0.314,0.074,0.056,0.000:
0000
0000
0000
0000
,
0000
0000
0000
0000
,
0000
0000
0000
0000
,
0000
0000
0000
0000
,
0000
0000
0000
0000
,
0000
0000
0000
0000
,
0001
0000
1000
0000
,
0001
0010
0100
0000
,
0010
0000
0100
0000
,
1000
0100
0001
1001
,
0100
0010
1000
0001
,
0010
0100
0010
0000
,
0010
0001
0010
1000
,
0100
0001
0100
0000
,
0001
1000
0100
0010
,
1000
0010
0001
0000
,
0100
0010
0001
0010
,
1000
0100
1000
0000
,
0010
0010
0100
0100
,
0001
0010
0001
1000
,
0010
0010
0100
0100
,
1000
0010
0100
0000
,
1000
1000
0001
0001
,
0100
1000
0010
0001
,
0100
0100
0010
0010
,
2002
0000
0000
3003
,
0100
1000
0100
1000
,
0001
0010
0100
0000
,
0001
1000
0001
1000
,
0100
0001
0010
0000
,
1000
0010
1000
0010
,
0001
0100
1000
0000
,
0010
0100
0010
0100
,
0010
1000
0001
1001
,
0020
0030
0200
0300
,
0010
0001
0100
0000
,
2000
3000
0200
0300
,
0001
1000
0010
0000
,
1000
0001
0100
1000
,
0001
0010
1000
0000
,
0010
0100
0010
0001
,
0010
0100
0001
1001
,
0000
0010
0000
0001
,
0000
1000
0100
0001
,
0000
0001
0000
0100
,
0000
0010
1000
0001
,
0000
1000
0010
0001
,
1000
0001
0100
0010
,
0000
1000
0100
0010
,
0001
0100
1000
0001
,
1001
0010
0001
0010
,
0001
0010
1000
0100
,
0000
0100
0001
0100
,
0001
1000
0010
0100
,
0000
1000
0001
1000
,
0001
0100
1000
0010
,
0000
0100
0010
0100
,
0010
0001
0100
0010
,
1001
0010
0010
0100
,
0100
0001
0001
1000
,
1000
0001
0100
1000
,
0100
0001
1000
0010
,
1001
0100
0100
0010
,
0010
1000
1000
0001
,
0001
1000
0010
0001
,
0010
0100
1000
0001
,
1001
0100
0000
1000
,
0000
0001
0000
0010
,
0000
0000
0000
0000
;

//---------------dance-single - ----------------
#NOTES:
     dance-single:
     :
     Medium:
     7:
     0.415,0.439,0.380,0.009,0.000:
0000
0000
0000
0000
,
0000
0000
0000
0000
,
0000
0000
0000
0000
,
0000
0000
0000
0000
,
0000
0000
0000
0000
,
0000
0000
0000
0000
,
0001
0100
1000
0010
,
0001
0000
0100
1000
0010
0000
0000
0000
,
0100
0010
1000
0100
,
1000
0000
0010
0001
0100
0000
1001
0000
,
0010
0100
1000
0001
,
0100
0000
0010
0001
0100
0000
0000
0000
,
0100
0001
0100
1000
,
0010
0000
1000
0001
0010
0000
0000
0000
,
0001
1000
0010
0100
,
1000
0000
0100
0001
1000
0000
0000
0000
,
0010
0100
0001
0100
,
1000
0000
0010
1000
0010
0000
0001
0000
,
0110
1001
0100
0010
,
0001
0000
0100
0010
0001
0000
1000
0000
,
0110
1001
0001
0010
,
1000
0000
0100
0001
0010
0000
0000
0000
,
1001
0110
1000
0100
,
0001
0000
1000
0001
0100
0000
0010
0000
,
1000
0000
0100
0000
0001
0100
0010
0000
,
1002
0000
0010
0103
,
0010
1100
0010
0101
,
0010
0000
0100
0001
0010
0000
0100
0000
,
0001
1100
0001
1100
,
0010
0000
0001
1000
0010
0000
0100
0000
,
1000
0011
1000
0011
,
0100
0000
0010
0100
1000
0000
0010
0000
,
1000
0110
0001
0110
,
0001
0000
1000
0001
0010
0000
1001
0000
,
0100
1000
0010
0001
,
0110
1001
0110
0000
,
0100
0001
0010
0100
,
1001
1100
0101
0000
,
0010
0000
0100
0000
1000
0010
1000
0000
,
0001
0000
0100
0001
1000
0000
0001
0000
,
0100
0000
0010
0001
0010
0000
0001
0000
,
0100
0000
0010
1000
0001
0000
0110
0000
,
0000
0010
0100
0010
,
0000
1000
1000
0000
0010
0000
0001
0000
,
1000
0001
0100
0010
,
0000
0100
0100
0000
1000
0000
0001
0000
,
0110
0000
1000
0000
0100
0010
0001
0000
,
1000
0000
0001
0000
0010
0001
0100
0000
,
0010
1000
0010
0100
,
0001
0000
0010
0000
1000
0010
0100
0000
,
1001
0100
0011
0100
,
0011
0000
0100
0000
1000
0100
0010
0000
,
1001
0010
0101
0010
,
0101
0000
1000
0000
0100
1000
0010
0000
,
0011
1000
0101
1000
,
0101
0000
0010
0000
1000
0001
0100
0000
,
1010
0001
0110
1000
,
0110
0000
0001
0000
0010
1000
0100
0000
,
1001
0000
0100
0000
0010
0000
0100
1000
,
0001
0000
0010
0000
1000
0000
0010
0100
,
0010
0000
0100
0000
0001
0000
1000
0100
,
0001
0010
1000
0001
,
0110
0000
0001
0000
0010
0000
0100
1000
,
0001
0000
0100
0000
1000
0000
0100
0010
,
0001
0000
1000
0000
0100
0000
0001
1000
,
0010
0001
1000
0110
,
1001
0000
0010
0000
0100
0000
1000
0001
,
0010
0000
0100
0000
0010
1000
0100
0000
,
0000
0000
0000
0000
;

//---------------dance-single - ----------------
#NOTES:
     dance-single:
     :
     Hard:
     11:
     0.501,0.470,0.278,0.009,0.046:
0000
0000
0000
0000
,
0000
0000
0000
0000
,
0000
0000
0000
0000
,
0000
0000
0000
0000
,
0000
0000
0000
0000
,
0000
0000
0000
0000
,
1000
0000
0010
0000
0001
0100
0001
0000
,
1000
0000
0010
0001
0100
0000
1000
0000
,
0010
1000
0100
0000
0010
0001
0100
0000
,
0001
0010
0100
1000
0010
0000
1001
0000
,
0100
0000
0010
0100
0001
0000
1000
0100
,
0000
0010
0100
1000
0010
0000
0101
0000
,
0010
0000
1000
0001
0010
0000
0001
0100
,
0000
0010
0001
1000
0100
0000
0110
0000
,
1000
0000
0001
1000
0100
0000
0010
0001
,
0000
1000
0010
1000
0001
0000
0011
0000
,
0100
0000
0010
0100
1000
0000
0010
0001
,
0000
1000
0100
0001
0100
0000
1001
0000
,
0110
0000
1001
0000
0010
0001
0100
0000
,
1100
0000
0010
0100
1000
0000
0001
0000
,
1010
0000
0101
0000
1000
0001
0100
0000
,
1001
0000
0010
1000
0100
0000
1000
0000
,
0011
0000
1100
0000
0001
0100
0010
0000
,
1100
0000
0001
1000
0010
0000
0100
0000
,
1001
0000
0110
0000
1000
0001
0010
0000
,
2100
0000
0010
3001
,
0110
0000
1000
0010
0100
0000
0001
0010
,
0100
0000
0000
1000
0010
0000
1000
0000
0100
0000
0000
0000
0010
0000
0100
0000
,
1000
0000
0010
0100
1000
0000
0010
0001
,
0100
0000
0000
1000
0100
0000
0001
0000
0010
0000
0000
0000
0100
0000
1000
0000
,
0001
0000
0100
1000
0001
0000
1000
0100
,
0010
0000
0000
0100
1000
0000
0001
0000
0100
0000
0000
0000
1000
0000
0100
0000
,
0001
0000
1000
0100
0001
0000
0100
1000
,
0010
0000
0000
1000
0001
0000
0100
0000
0010
0000
0000
0000
1001
0000
0000
0000
,
0010
0000
0001
0000
0100
0001
1000
0000
,
0110
0000
1000
0010
0100
0000
0000
0000
,
0010
0000
1000
0000
0100
0001
0100
0000
,
1001
0000
0010
1000
0100
0000
0011
0000
,
1010
0000
0100
0001
0010
0000
0001
1000
,
0010
0100
0010
1000
0100
0000
0001
0000
,
0010
0000
0100
1000
0010
0000
1000
0001
,
0010
0001
0100
0001
1000
0000
0110
0000
,
0001
0000
0100
0000
0000
0010
0100
0000
,
0000
0001
0000
0010
0000
0100
1000
0000
,
0001
0100
1000
0000
0000
0010
0100
0000
,
0000
1000
0000
0010
0000
0001
1000
0000
,
0010
0100
0001
0000
0010
0100
1000
0000
,
0001
0000
0010
0000
1000
0000
0000
0010
0100
0000
1000
0000
0010
0000
0000
0000
,
0100
0001
0010
0000
0100
1000
0010
0000
,
1000
0000
0010
0000
0100
0000
0000
1000
0001
0000
0100
0000
0010
0000
0000
0000
,
1001
0000
0010
0100
1000
0000
0010
0100
,
1000
0000
0000
0000
0010
0000
0000
1000
0001
0000
0010
0000
0100
0000
0000
0000
,
0101
0000
0010
1000
0001
0000
0010
1000
,
0001
0000
0000
0000
0100
0000
0000
0001
0010
0000
0001
0000
0100
0000
0000
0000
,
1010
0000
0001
1000
0100
0000
0001
1000
,
0100
0000
0000
0000
0010
0000
0000
0100
0001
0000
1000
0000
0010
0000
0000
0000
,
0101
0000
1000
0010
0100
0000
1000
0010
,
0100
0000
0000
0000
0010
0000
0000
1000
0100
0000
0001
0000
0100
0000
0000
0000
,
1001
0000
0010
0000
0100
0010
0000
0001
,
1000
0010
0100
0000
0001
0100
0000
0010
,
0100
0001
0010
0000
1000
0010
0000
0001
,
1000
0100
1000
0000
0001
0000
0110
0000
,
0001
0100
0010
0000
0010
0100
0000
0001
,
1000
0010
1000
0000
0001
0010
0000
0100
,
1000
0010
0001
0000
0010
1000
0000
0001
,
0100
1000
0100
0000
0001
0000
1000
0010
,
1000
0000
0001
0000
0010
1000
0001
1000
,
0100
1000
0010
0001
0100
0001
0010
0000
,
0000
0000
0000
0000
;

//---------------dance-double - ----------------
#NOTES:
     dance-double:
     :
     Easy:
     4:
     0.251,0.314,0.037,0.019,0.000:
00000000
00000000
00000000
00000000
,
00000000
00000000
00000000
00000000
,
00000000
00000000
00000000
00000000
,
00000000
00000000
00000000
00000000
,
00000000
00000000
00000000
00000000
,
00000000
00000000
00000000
00000000
,
00001000
00000000
00000001
00000000
,
00001000
00000010
00000100
00000000
,
00000010
00000000
00000100
00000000
,
00000001
00000100
00001000
00000000
,
00010000
00000000
01000000
00000000
,
00100000
10000000
01000000
00000000
,
00100000
00000000
10000000
00000000
,
01000000
00010000
00001000
00000000
,
00000100
00000000
00000001
00000000
,
00001000
00000010
00000001
00000000
,
00000100
00000000
00001000
00000000
,
00010000
00001000
00010000
00000000
,
00100000
00100000
01000000
00000000
,
00010000
00100000
00010000
00000000
,
01000000
01000000
00100000
00000000
,
01000000
00001000
00010000
00000000
,
00000100
00000001
00001000
00000000
,
00000100
00000001
00000010
00000000
,
00001000
00000000
00010000
00000000
,
00022000
00000000
00000000
00033000
,
00010000
00010000
00100000
00100000
,
01000000
00001000
00010000
00000000
,
00001000
00001000
00000100
00000100
,
00000001
00001000
00000100
00000000
,
00000001
00000001
00000010
00000010
,
00000100
00010000
00001000
00000000
,
01000000
01000000
00100000
00100000
,
10000000
00010000
10000000
10010000
,
00100000
00000000
10000000
00000000
,
01000000
00010000
00001000
00000000
,
00000010
00000000
00000100
00000000
,
00001000
00000001
00001000
00000000
,
00000001
00000001
00000001
00000001
,
00000100
00001000
00010000
00000000
,
00100000
00100000
01000000
01000000
,
00010000
10000000
00010000
10010000
,
00000000
00100000
00000000
00010000
,
00000000
00001000
00010000
00001000
,
00000000
00000010
00000000
00000100
,
00000000
00001000
00010000
01000000
,
00000000
00010000
00000000
00100000
,
00000000
10000000
01000000
00100000
,
00000000
00010000
00000000
00100000
,
00000000
00001000
00010000
00001000
,
00000000
00000010
00000010
00001000
,
00001000
00000010
00000001
00000100
,
00000000
00001000
00001000
00000100
,
00000100
00000001
00000010
00001000
,
00000000
00010000
00010000
00001000
,
00001000
00010000
01000000
00100000
,
00000000
10000000
10000000
00010000
,
00010000
00100000
01000000
00100000
,
10010000
01000000
10000000
01000000
,
00000000
00010000
00001000
00000100
,
00000000
00000001
00001000
00000001
,
00000000
00000010
00000010
00001000
,
00001000
00010000
00001000
00010000
,
00000000
01000000
00010000
01000000
,
00000000
10000000
01000000
10000000
,
00000000
00010000
00001000
00000100
,
00000001
00000010
00000000
00000001
,
00000000
00001000
00000000
00000010
,
00000000
00000000
00000000
00000000
;

//---------------dance-double - ----------------
#NOTES:
     dance-double:
     :
     Medium:
     7:
     0.380,0.376,0.185,0.009,0.000:
00000000
00000000
00000000
00000000
,
00000000
00000000
00000000
00000000
,
00000000
00000000
00000000
00000000
,
00000000
00000000
00000000
00000000
,
00000000
00000000
00000000
00000000
,
00000000
00000000
00000000
00000000
,
10000000
01000000
00010000
00100000
,
10010000
01100000
10010000
00000000
,
00100000
00010000
00001000
00000100
,
00001001
00000110
00001001
00000000
,
00000010
00000100
00001000
00000001
,
00000100
00000000
00001000
00010000
01000000
00000000
00000000
00000000
,
00100000
01000000
00010000
00100000
,
10000000
00000000
00010000
00100000
01000000
00000000
00000000
00000000
,
01000000
00010000
00001000
00000100
,
00000010
00000000
00000100
00000001
00001000
00000000
00000000
00000000
,
00000100
00001000
00010000
01000000
,
00010000
00000000
00100000
00010000
01000000
00000000
00000000
00000000
,
00100000
00010000
00001000
00000010
,
00000001
00000000
00000100
00000010
00001000
00000000
00000001
00000000
,
00000010
00000100
00001000
00000001
,
00000100
00000000
00000010
00001000
00000100
00000000
00000000
00000000
,
00000001
00000100
00001000
00010000
,
00100000
00000000
01000000
00010000
10000000
00000000
00100000
00000000
,
00010000
01000000
10000000
01000000
,
20010000
00000000
00100000
31000000
,
00100000
00000000
01000000
10000000
00010000
00000000
10000000
00000000
,
01000000
00000000
00010000
00001000
00000100
00000000
00000000
00000000
,
00000010
00000001
00000100
00000000
00001000
00000000
00000001
00000000
,
00000100
00001000
00010000
00000000
01000000
00000000
00000000
00000000
,
00100000
00000000
01000000
10000000
00010000
00000000
10000000
00000000
,
01000000
00000000
00010000
00001000
00000100
00000000
00000000
00000000
,
00001000
00000000
00010000
00001000
00010000
00000000
01000000
00000000
,
10000000
00000000
00010000
01000000
00100000
00000000
10010000
00000000
,
01000000
00010000
00100000
10000000
,
00110000
00011000
00001100
00000000
,
00000100
00000001
00000010
00000001
,
00001100
00011000
00110000
00000000
,
00100000
00000000
01000000
00000000
10000000
00100000
01000000
00000000
,
00010000
00000000
01000000
00010000
10000000
00000000
01000000
00000000
,
00100000
00000000
10000000
00010000
01000000
00000000
00010000
00000000
,
00100000
00000000
01000000
00100000
00010000
00000000
01100000
00000000
,
00000000
00000001
00000100
00001000
,
00000000
00010000
00000000
00000000
00100000
00000000
10000000
00000000
,
00000000
00010000
00001000
00000100
,
00000000
00000010
00000000
00000000
00001000
00000000
00000001
00000000
,
00000110
00000000
00000001
00000000
00000100
00000000
00001000
00010000
,
01000000
00000000
10000000
00000000
01000000
00000000
00010000
01000000
,
00010000
00100000
01000000
10000000
,
00100000
00000000
00010000
00000000
00001000
00010000
00001000
00000000
,
00011000
00000000
00000010
00000000
00000100
00000000
00000001
00001000
,
00000100
00000000
00000001
00000000
00000100
00001000
00010000
00000000
,
00000010
00001000
00010000
00000000
00000010
00001000
00010000
00000000
,
00000000
00000000
01000000
00000000
00010000
00001000
00010000
00000000
,
00100000
00010000
00001000
00000000
00100000
00010000
00001000
00010000
,
01000000
00000000
00100000
00000000
01000000
10000000
00010000
00000000
,
00000000
00000000
10000000
00000000
01000000
00100000
00010000
00000000
,
00001000
00000000
00000100
00000000
00000010
00000100
00000010
00000000
,
00001001
00000000
00000100
00000000
00000010
00000000
00000100
00000001
,
00001000
00000000
00000010
00000000
00000001
00000000
00000010
00000100
,
00001000
00000100
00001000
00000001
,
00000100
00001000
00010000
00001000
,
00011000
00000000
00100000
00000000
10000000
00000000
01000000
00010000
,
10000000
00000000
01000000
00000000
10000000
00000000
00100000
01000000
,
10000000
00010000
01000000
10000000
,
00100000
00010000
00001000
00010000
,
00011000
00001000
00000010
00000001
,
00000100
00001000
00010000
01000000
,
00000000
00000000
00000000
00000000
;

//---------------dance-double - ----------------
#NOTES:
     dance-double:
     :
     Hard:
     11:
     0.540,0.533,0.407,0.046,0.333:
00000000
00000000
00000000
00000000
,
00000000
00000000
00000000
00000000
,
00000000
00000000
00000000
00000000
,
00000000
00000000
00000000
00000000
,
00000000
00000000
00000000
00000000
,
00000000
00000000
00000000
00000000
,
00000001
00000000
00000010
00000000
00000100
00001000
00000010
00000000
,
00001000
00000000
00000001
00000100
00001000
00000000
00010000
00000000
,
00100000
00000000
01000000
00000000
00010000
10000000
01000000
00000000
,
00100000
00000000
01000000
10000000
00100000
00000000
10010000
00000000
,
01000000
00000000
00001000
00010000
00001000
00000000
00010000
00000010
,
00000000
00001000
00000100
00000000
00001000
00000000
00000010
00000000
,
00000100
00000000
00000001
00001000
00000010
00000000
00010000
00000100
,
00000000
00001000
00000010
00000000
00010000
00000000
00011000
00000000
,
00100000
00000000
00010000
10000000
01000000
00000000
00100000
00010000
,
00000000
10000000
00100000
00000000
01000000
00000000
00010000
00000000
,
10000000
00000000
01000000
00010000
00001000
00000000
00000100
00001000
,
00000000
00010000
01000000
00010000
00001000
00000000
00011000
00000000
,
00001010
00000011
00000101
00001100
,
00011000
00000000
00100000
00010000
01000000
00000000
00011000
00000000
,
00001010
00000011
00000101
00001100
,
00010000
00001000
00100000
00010000
01000000
00000000
10010000
00000000
,
11000000
01010000
00011000
00001010
,
00000011
00000000
00001000
00000100
00000010
00000000
00001001
00000000
,
00000101
00000000
00001100
00000000
00010000
00001000
00100000
00000000
,
01020000
00000000
10000000
00130000
,
11000000
00000000
00000000
00000000
00010000
00000000
00000000
00010000
01000000
00000000
00000000
01000000
00100000
00000000
00000000
00100000
,
10000000
00000000
00000000
10000000
01000000
00000000
00000000
01000000
00010000
00000000
00000000
00000000
00011000
00000000
00000000
00000000
,
00000100
00000000
00000000
00000100
00000001
00000000
00000000
00000001
00001000
00000000
00000000
00001000
00000010
00000000
00000000
00000010
,
00010000
00000000
00000000
00010000
00000100
00000000
00000000
00000100
00000010
00000000
00000000
00000000
00001001
00000000
00000000
00000000
,
00000010
00000000
00000000
00000010
00010000
00000000
00000000
00010000
00001000
00000000
00000000
00001000
00100000
00000000
00000000
00100000
,
00010000
00000000
00000000
00010000
01000000
00000000
00000000
01000000
00100000
00000000
00000000
00000000
10010000
00000000
00000000
00000000
,
01000000
00000000
00000000
01000000
00001000
00000000
00000000
00001000
00100000
00000000
00000000
00100000
00010000
00000000
00000000
00010000
,
10000000
00000000
00000000
10000000
01000000
00000000
00000000
01000000
00010000
00000000
00000000
00000000
00011000
00000000
00000000
00000000
,
00000010
00000100
00001000
00000000
00000010
00000100
00000001
00000000
,
00001100
00011000
00220000
00330000
,
01000000
00100000
10000000
00000000
01000000
00100000
00010000
00000000
,
00011000
00001010
00000202
00000303
,
00000010
00000001
00000010
00000000
00000100
00001000
00000100
00000000
,
00000010
00000000
00000100
00010000
00001000
00000000
01000000
00000000
,
00010000
10000000
00010000
00000000
01000000
00100000
01000000
00000000
,
00010000
10000000
01000000
00010000
00001000
00000000
00011000
00000000
,
00000010
00000000
00001000
00000000
00000000
00000100
00000010
00000000
,
00000000
00000001
00000000
00000100
00000000
00000010
00001000
00000000
,
00000100
00010000
00001000
00000000
00000000
00001000
00010000
00000000
,
00000000
00001000
00000000
00100000
00000000
00010000
01000000
00000000
,
00100000
10000000
01000000
00000000
00100000
00010000
01000000
00000000
,
00001000
00000000
00010000
00000000
00000010
00001000
00000100
00000000
,
00000010
00000000
00000001
00000000
00001000
00000100
00010000
00000000
,
00001000
00000000
00100000
00000000
00010000
00000000
00000000
10000000
00010000
00000000
01000000
00000000
00100000
00000000
00000000
00000000
,
10010000
00000000
00000000
00000000
00100000
00000000
00000000
00100000
00001000
00000000
00000000
00001000
00010000
00000000
00000000
00010000
,
00000100
00000000
00000000
00000100
00001000
00000000
00000000
00001000
00000001
00000000
00000000
00000001
00000010
00000000
00000000
00000000
,
00001001
00000000
00000000
00000000
00000100
00000000
00000000
00000100
00010000
00000000
00000000
00010000
00001000
00000000
00000000
00001000
,
00100000
00000000
00000000
00100000
00010000
00000000
00000000
00010000
10000000
00000000
00000000
10000000
01000000
00000000
00000000
00000000
,
10010000
00000000
00000000
00000000
00100000
00000000
00000000
00100000
01000000
00000000
00000000
01000000
00010000
00000000
00000000
00010000
,
00001000
00000000
00000000
00001000
00000010
00000000
00000000
00000010
00000001
00000000
00000000
00000001
00001000
00000000
00000000
00000000
,
00000110
00000000
00000000
00000000
00001000
00000000
00000000
00001000
00000001
00000000
00000000
00000001
00000100
00000000
00000000
00000100
,
00001000
00000000
00000000
00001000
00010000
00000000
00000000
00010000
01000000
00000000
00000000
01000000
10000000
00000000
00000000
00000000
,
01010000
00000000
00000000
00000000
00001000
00000000
00000000
00001000
00100000
00000000
00000000
00100000
00010000
00000000
00000000
00010000
,
01000000
00000000
00000000
01000000
00001000
00000000
00000000
00001000
00010000
00000000
00000000
00010000
00000010
00000000
00000000
00000010
,
00000100
00000000
00000000
00000100
00001000
00000000
00000000
00001000
00010000
00000000
00000000
00010000
01000000
00000000
00000000
01000000
,
10000000
00000000
00000000
10000000
00010000
00000000
00000000
00000000
01100000
00000000
00000000
00000000
10010000
00000000
00000000
00000000
,
01100000
00000000
00000000
00000000
00010000
00000000
00000000
00010000
10000000
00000000
00000000
10000000
00100000
00000000
00000000
00100000
,
00010000
00000000
00000000
00010000
00001000
00000000
00000000
00001000
00000010
00000000
00000000
00000010
00000001
00000000
00000000
00000001
,
00000100
00000000
00000000
00000100
00001000
00000000
00000000
00001000
00010000
00000000
00000000
00010000
01000000
00000000
00000000
01000000
,
10000000
00000000
00000000
10000000
00010000
00000000
01000000
00000000
00001000
00000000
00010000
00000000
00000010
00000000
00000000
00000000
,
00001001
00000000
00000100
00000000
00000010
00000001
00000100
00000000
,
00001000
00010000
01000000
10000000
00100000
00010000
00001000
00000000
,
00000000
00000000
00000000
00000000
;
