#TITLE:魔法のたまご ～心菜 ELECTRO POP edition～;
#SUBTITLE:;
#ARTIST:東雲心菜(from ここなつ);
#TITLETRANSLIT:Mahou no tamago ~Cocona ELECTRO POP edition~;
#SUBTITLETRANSLIT:;
#ARTISTTRANSLIT:Cocona Shinonome (from CocoNatsu);
#GENRE:;
#CREDIT:;
#BANNER:Mahou no tamago ~Cocona ELECTRO POP edition~.png;
#BACKGROUND:Mahou no tamago ~Cocona ELECTRO POP edition~-bg.png;
#LYRICSPATH:;
#CDTITLE:./CDTitles/BeatStream.png;
#MUSIC:Mahou no tamago ~Cocona ELECTRO POP edition~.ogg;
#OFFSET:0.000000;
#SAMPLESTART:69.264000;
#SAMPLELENGTH:15.000000;
#SELECTABLE:YES;
#DISPLAYBPM:142.000000;
#BPMS:0.000000=142.000000
;
#STOPS:
;
#BGCHANGES:;
#KEYSOUNDS:;
#ATTACKS:;

//---------------dance-single - ----------------
#NOTES:
     dance-single:
     :
     Hard:
     11:
     0.478733,0.509009,0.089496,0.009944,0.134244,327.000000,9.000000,1.000000,0.000000,0.000000,0.000000,0.478733,0.509009,0.089496,0.009944,0.134244,327.000000,9.000000,1.000000,0.000000,0.000000,0.000000:
0000
0000
0000
0000
,
0000
0000
0000
0000
,
0000
0000
0000
0000
,
0000
0000
0000
0000
,
0000
0000
0000
0000
,
0001
1000
0010
0100
,
0001
1000
0010
0100
,
0010
1000
0001
0100
,
0010
1000
0001
0100
,
0001
0000
0100
0010
0000
0000
0000
0000
1000
0000
0001
0000
1000
0000
0001
0000
,
1000
0000
0010
0100
0000
0000
0000
0000
0001
0000
1000
0000
0001
0000
1000
0000
,
0010
0000
1000
0001
0000
0000
0000
0000
0100
0000
0010
0000
0100
0000
0010
0000
,
0100
0000
0001
1000
0000
0000
0000
0000
0010
0000
0100
0000
0010
0000
0100
0000
,
0001
0000
0100
0010
0000
0000
0000
0000
1000
0000
0001
0000
0100
0000
0001
0000
,
1000
0000
0010
0100
0000
0000
0000
0000
0001
0000
1000
0000
0001
0000
1000
0000
,
0010
0000
1000
0001
0000
0000
0000
0000
1000
0000
0001
0000
0100
0000
0010
0000
,
1000
0001
0100
0010
0000
1001
0000
0000
,
0001
1000
0010
0100
0000
0010
0000
0000
,
1000
0001
0100
0010
0000
0000
0100
0000
,
0001
1000
0010
0100
0000
0000
0010
0000
,
1000
0000
0010
0100
0000
0000
0010
0000
0000
0000
1000
0000
0010
0000
0100
0000
,
0001
0000
0100
0010
0000
0000
0100
0000
0000
0000
0001
0000
0100
0000
0010
0000
,
1000
0000
0010
0100
0000
0000
0010
0000
0000
0000
1000
0000
0000
0000
0010
0000
,
1000
0010
0100
0001
,
1000
0000
0010
0100
0000
0000
0010
0000
0000
0000
1000
0000
0010
0000
0100
0000
,
0001
0000
0100
0010
0000
0000
0100
0000
0000
0000
0001
0000
0010
0000
0100
0000
,
0000
1000
0000
0001
0000
1000
0000
0000
,
0001
0000
0100
0010
0000
0000
1000
0000
0000
0000
0010
0000
0100
0000
0010
0000
,
1000
0000
0010
0100
0000
0000
0001
0000
0000
0000
0100
0000
0010
0000
0100
0000
,
0001
0000
0100
0010
0000
0000
1000
0000
0000
0000
0010
0000
0100
0000
0010
0000
,
1000
0000
0010
0100
0000
0000
0001
0000
0000
0000
0100
0000
0010
0000
0100
0000
,
0001
0000
1000
0001
0000
0000
1000
0000
0000
0000
0001
0000
1000
0000
0001
0000
,
1000
0000
0010
1000
0000
0000
0001
0000
0000
0000
1000
0000
0001
0000
1000
0000
,
0001
0000
0010
0001
0010
0000
1000
0010
,
0100
0000
0010
0100
0010
0000
0100
0010
,
0001
0000
0100
0010
1000
0000
0010
0100
,
0010
0000
1000
0001
0100
0000
0001
0010
,
0100
1000
0010
1000
0001
0100
0010
1000
,
0001
0000
0001
1000
0001
0100
0010
1000
,
0010
0100
0001
1000
0100
1000
0001
1000
,
0100
0010
0001
0000
0001
0010
0001
1000
,
0000
0000
0010
0100
0000
0000
0010
0000
0000
0000
1000
0000
0001
0000
0100
0000
,
0001
0000
0100
0010
0000
0000
0100
0000
0000
0000
0001
0000
1000
0000
0010
0000
,
0000
0100
0010
0100
0000
0010
0100
0010
,
0000
1100
0000
0011
1000
0010
0000
0100
,
0001
0000
0100
0010
0000
0000
0100
0000
0000
0000
0001
0000
1000
0000
0010
0000
,
1000
0000
0010
0100
0000
0000
0010
0000
0000
0000
1000
0000
0001
0000
1000
0000
,
0000
0010
0000
0100
0000
0001
1000
0010
,
0000
1100
0000
0011
0100
0010
0100
0010
,
1000
0000
0001
0010
0000
0000
0100
0000
1000
0000
0100
0000
0010
0000
0001
0000
,
0010
0100
0010
0100
1000
0001
1000
0001
,
1000
0000
0001
0100
0000
0000
0010
0000
0100
0000
0010
0000
0000
0000
0110
0000
,
0000
0011
0000
1100
0000
0001
0100
0010
,
1000
0000
1000
0010
0000
0000
0100
0000
0010
0000
0100
0000
0001
0000
1000
0000
,
0100
0000
0100
0010
0000
0000
0100
0000
1000
0000
0001
1000
0000
0000
0010
0000
,
1010
0010
0010
0100
0001
1000
0010
0200
,
0000
0010
0000
1000
0000
0001
0000
0310
;

//---------------dance-double - ----------------
#NOTES:
     dance-double:
     :
     Medium:
     8:
     0.356564,0.373273,0.139216,0.029832,0.000000,234.000000,14.000000,3.000000,0.000000,0.000000,0.000000,0.356564,0.373273,0.139216,0.029832,0.000000,234.000000,14.000000,3.000000,0.000000,0.000000,0.000000:
00000000
00000000
00000000
00000000
,
00000000
00000000
00000000
00000000
,
00000000
00000000
00000000
00000000
,
00000000
00000000
00000000
00000000
,
00000000
00000000
00000000
00000000
,
00001000
00000010
00000001
00000100
,
00001000
00010000
00000000
00000000
,
00010000
00100000
10000000
00100000
,
00010000
00001000
00000000
00000000
,
00001000
00000010
00000100
00001000
,
00000001
00000100
00001000
00010000
,
00010000
00100000
01000000
00010000
,
10000000
00000000
01000000
00000000
00010000
00000000
00001000
00010000
,
00001000
00000010
00000001
00000100
,
00001000
00000000
00010000
00000000
00001000
00000000
00010000
00001000
,
00010000
00100000
10000000
01000000
,
00010000
00001000
00010000
00001000
00000000
00011000
00000000
00000000
,
00000010
00000001
00001000
00000001
00000000
00000000
00000100
00000000
,
00000010
00000100
00001000
00010000
00000000
00000000
00010000
00000000
,
00100000
10000000
00010000
10000000
00000000
00000000
01000000
00000000
,
00100000
01000000
00010000
00001000
00000000
00000000
00001000
00000000
,
00001000
00000010
00000001
00001000
,
00000010
00000100
00001000
00000000
,
00011000
00110000
10100000
00010000
,
00100000
01000000
00010000
00011000
,
00001000
00000100
00000001
00000011
,
00000001
00000000
00000100
00000000
00001000
00010000
00001000
00000000
,
00010000
01000000
10000000
10100000
,
10000000
00000000
01000000
00000000
00010000
00000000
00001000
00010000
,
00001000
00000000
00000100
00000000
00000001
00000010
00000001
00000100
,
00000010
00000100
00001000
00010000
,
00010000
00000000
01000000
00000000
10000000
00100000
10000000
01000000
,
00100000
01000000
00010000
00001000
,
00000200
00001000
00000010
00000001
,
00000010
00001300
00010000
00000000
,
02000000
00010000
00100000
10000000
,
00100000
03010000
00001000
00000000
,
00010000
00000000
00001000
00000100
00000010
00000000
00000001
00000000
,
00000010
00000000
00010000
00001000
00010000
00000000
00000000
00000000
,
00001000
00000000
00010000
01000000
00100000
00000000
10000000
00000000
,
00100000
00000000
00001000
00010000
00001000
00010000
00001000
00000000
,
00000010
00000000
00000001
00000000
00001000
00000001
00001000
00000001
,
00000000
00000000
00000100
00000000
00001000
00010000
00001000
00010000
,
00100000
00000000
10000000
00000000
00010000
10000000
00010000
10000000
,
00000000
01100000
00000000
00110000
00000000
00011000
00000000
00000100
,
00000010
00000000
00000001
00000000
00000100
00000001
00000100
00000010
,
00000000
00000000
00000100
00000000
00001000
00010000
00001000
00010000
,
00100000
00000000
10000000
00000000
01000000
10000000
01000000
00100000
,
00000000
01000000
00010000
00001000
,
00000010
00000000
00000001
00000000
00001000
00000010
00000100
00000001
,
00000000
00000100
00001000
00010000
,
00100000
00000000
10000000
00000000
00010000
00100000
01000000
11000000
,
00000000
01100000
00000000
00110000
00000000
00011000
00001000
00000000
,
00000010
00000000
00000001
00000000
00001000
00000010
00000100
00000001
,
00000000
00000000
00000010
00000000
00000001
00000100
00001000
00010000
,
00000000
00000000
00100000
00000000
10000000
00010000
10000000
00010000
,
00000000
10000000
00000000
00010000
00000000
00001000
00000000
00000000
,
00000002
00000000
00000000
00000003
;

//---------------dance-single - ----------------
#NOTES:
     dance-single:
     :
     Beginner:
     3:
     0.135,0.200,0.000,0.000,0.000:
0000
0000
0000
0000
,
0000
0000
0000
0000
,
0000
0000
0000
0000
,
0000
0000
0000
0000
,
0000
0000
0000
0000
,
0001
0000
0000
0000
,
1000
0000
0000
0000
,
0010
0000
0000
0000
,
0100
0000
0000
0000
,
0001
0000
0000
0000
,
1000
0000
0000
0000
,
0010
0000
0000
0000
,
0100
0000
0000
0000
,
0001
0000
1000
0000
,
0010
0000
0100
0000
,
0001
0000
1000
0000
,
0000
0000
0000
0000
,
0001
0001
0000
0000
,
1000
1000
0000
0000
,
0001
0001
0000
0000
,
1000
1000
0000
0000
,
0010
0010
0000
0000
,
0100
0100
0000
0000
,
0001
0000
0000
0000
,
1000
0000
0000
0000
,
0001
0000
0000
0000
,
1000
0000
0001
0000
,
0000
0000
0100
0000
,
0100
0000
0010
0000
,
0010
0000
1000
0000
,
1000
0000
0001
0000
,
0001
0000
0010
0000
,
0010
0000
0100
0000
,
0100
0000
0010
0000
,
0100
0000
1000
0000
,
0001
0000
1000
0000
,
0001
0000
1000
0000
,
0100
0000
1000
0000
,
0001
0000
0010
0000
,
0001
1000
0001
1000
,
0001
1000
0000
0000
,
0001
0000
0010
0000
,
0100
0000
1000
0000
,
0001
0000
0010
0000
,
0100
0000
1000
0000
,
0001
0000
0100
0000
,
0010
0000
1000
0000
,
0001
0000
0100
0000
,
0010
0000
1000
0000
,
0001
0100
0000
0000
,
0010
1000
0000
0000
,
0100
0010
0000
0000
,
0001
1000
0000
0000
,
0100
0010
0000
0000
,
0100
0010
0100
0000
,
0010
0100
0010
0000
,
0000
0000
0000
0001
,
1000
0000
0000
0000
;

//---------------dance-single - ----------------
#NOTES:
     dance-single:
     :
     Medium:
     8:
     0.328,0.377,0.040,0.020,0.000:
0000
0000
0000
0000
,
0000
0000
0000
0000
,
0000
0000
0000
0000
,
0000
0000
0000
0000
,
0000
0000
0000
0000
,
0001
0000
0001
0001
0000
0000
0000
0000
,
1000
0000
1000
1000
0000
0000
0000
0000
,
0010
0000
0010
0010
0000
0000
0000
0000
,
0100
0000
0100
0100
0000
0000
0000
0000
,
0001
0000
0010
0100
0000
0000
1000
0000
,
1000
0000
0010
0100
0000
0000
0001
0000
,
0001
0000
0010
0100
0000
0000
1000
0000
,
1000
0000
0010
0100
0000
0000
0001
0000
,
0001
0000
1000
0000
0100
0000
0010
0001
,
0001
0000
1000
0000
0010
0000
1000
0100
,
0010
0000
0100
0000
0010
0000
0010
0100
,
0001
1000
0010
0100
0000
1001
0000
0000
,
0001
0000
0010
0100
0000
1000
0000
0100
,
1000
0000
0010
0100
0000
0001
0000
0100
,
0001
0000
0010
0100
0000
1000
0000
0100
,
1000
0000
0010
0100
0000
0001
0000
0100
,
0010
0100
0001
0010
,
0100
1000
0100
0010
,
0100
0001
1000
0100
0010
0001
1000
0100
,
0020
0000
0000
0130
,
0000
0000
0000
0000
0001
0000
1000
0001
,
0000
1000
0000
0010
0000
0100
0000
0001
,
0000
0000
0000
0000
1000
0000
0001
1000
,
0000
0001
0000
0100
0000
0010
0000
1000
,
0000
0000
0000
0000
0001
0000
1000
0001
,
0000
1000
0000
0010
0000
0100
0000
0001
,
0000
0000
0000
0000
1000
0000
0001
1000
,
0000
0001
0000
0100
0000
0010
0000
1000
,
0001
0000
0010
0000
,
0100
0000
1000
0000
,
0001
0010
0100
1000
,
0010
0100
0001
0001
,
0001
0100
0010
1000
,
0001
0100
0010
1000
,
0001
0000
1000
0100
1000
0000
0001
0100
,
0010
0000
0100
0010
1000
0000
0000
0000
,
0001
0000
1000
0000
0010
1000
0100
1000
,
0000
0000
0001
0000
0010
0001
0100
0001
,
0000
0000
0010
0100
0000
0000
0000
1000
,
0000
0010
0000
0100
0000
0001
0000
0100
,
0000
0000
0000
0001
1000
0001
0100
0010
,
0000
0000
0000
1000
0001
1000
0100
0010
,
0000
0000
0001
1000
0000
0001
1000
0001
,
0000
0010
0000
0100
0000
1000
0000
0001
,
1000
0000
1000
0000
0001
1000
0100
0010
,
0001
0000
0001
0000
1000
0001
0100
0010
,
0000
0000
0001
0100
0000
0000
0001
0010
,
0000
0100
0000
0010
0000
0100
0000
0010
,
0000
0000
1000
0000
0001
1000
0100
0010
,
0001
0000
0001
0000
1000
0001
0100
0010
,
0000
0100
0010
0100
0000
0010
0100
0001
,
0000
1100
0000
0101
0000
0110
0000
1000
,
0200
0000
0000
0000
0000
0000
0000
0300
;

//---------------dance-double - ----------------
#NOTES:
     dance-double:
     :
     Easy:
     4:
     0.269,0.377,0.090,0.040,0.000:
00000000
00000000
00000000
00000000
,
00000000
00000000
00000000
00000000
,
00000000
00000000
00000000
00000000
,
00000000
00000000
00000000
00000000
,
00000000
00000000
00000000
00000000
,
00000010
00000001
00000000
00000000
,
00000100
00001000
00010000
00000000
,
00100000
10000000
00000000
00000000
,
01000000
00010000
00001000
00000000
,
00000010
00000001
00000001
00000001
,
00000100
00001000
00010000
00000000
,
00100000
10000000
10000000
10000000
,
01000000
00010000
00001000
00000000
,
00000100
00000001
00000001
00000000
,
00000100
00001000
00010000
00010000
,
01000000
10000000
10000000
00000000
,
01000000
00010000
00001000
00011000
,
00000010
00000001
00000100
00001000
,
00010000
00001000
00010000
00000000
,
00100000
10000000
01000000
00010000
,
00001000
00010000
00001000
00000000
,
00000100
00000001
00000100
00001000
,
00010000
00000000
00010000
00000000
,
00100000
00010000
00001000
00000010
,
00001000
00000000
00010000
00000000
,
00100000
10000000
01000000
00010000
,
00001000
00010000
00001000
00001000
,
00000010
00000001
00000100
00001000
,
00010000
00000000
00001000
00000000
,
00010000
00100000
10000000
01000000
,
00010000
00000000
00001000
00000000
,
00001000
00000010
00000001
00000100
,
00001000
00000000
00010000
00000000
,
00001000
00010000
00100000
00000000
,
00100000
00010000
00001000
00000000
,
00010000
00001000
00000010
00000000
,
00000010
00001000
00010000
00000000
,
00010000
01000000
00100000
00000000
,
01000000
00010000
00001000
00000000
,
00001000
00000100
00000010
00000000
,
00000100
00001000
00010000
00000000
,
02000000
10000000
00010000
10000000
,
03010000
00001000
00000000
00000000
,
00000200
00000001
00001000
00000001
,
00001300
00010000
00000000
00000000
,
00001000
00010000
00100000
10000000
,
01000000
00010000
00001000
00010000
,
00010000
00001000
00000010
00000001
,
00000110
00001100
00011000
00011000
,
00001000
00010000
00100000
10000000
,
01000000
00010000
00001000
00010000
,
00010000
00001000
00000010
00000001
,
00000100
00011000
00011000
00011000
,
00010000
00100000
00010000
00001000
,
00000100
00001000
00010000
00010000
,
00001000
00000010
00001000
00010000
,
01000000
00010000
00001000
00010000
,
00022000
00000000
00000000
00000000
00000000
00000000
00000000
00033000
;

//---------------dance-double - ----------------
#NOTES:
     dance-double:
     :
     Hard:
     11:
     0.481,0.493,0.130,0.030,0.115:
00000000
00000000
00000000
00000000
,
00000000
00000000
00000000
00000000
,
00000000
00000000
00000000
00000000
,
00000000
00000000
00000000
00000000
,
00000000
00000000
00000000
00000000
,
00001000
00000010
00000001
00001000
,
00000010
00000100
00001000
00000000
,
00010000
00100000
10000000
00010000
,
00100000
01000000
00010000
00000000
,
00001000
00000000
00010000
00001000
00000000
00000000
00000000
00000000
00000010
00000000
00000001
00000000
00001000
00000000
00000000
00000000
,
00000001
00000000
00001000
00000001
00000000
00000000
00000000
00000000
00000100
00000000
00001000
00000000
00010000
00000000
00000000
00000000
,
00010000
00000000
00001000
00010000
00000000
00000000
00000000
00000000
00100000
00000000
10000000
00000000
00010000
00000000
00000000
00000000
,
10000000
00000000
00010000
10000000
00000000
00000000
00000000
00000000
01000000
00000000
00010000
00000000
00001000
00000000
00000000
00000000
,
00001000
00000000
00010000
00001000
00000000
00000000
00000000
00000000
00000010
00000000
00000001
00000000
00001000
00000000
00000000
00000000
,
00000001
00000000
00001000
00000001
00000000
00000000
00000000
00000000
00000100
00000000
00001000
00000000
00010000
00000000
00000000
00000000
,
00010000
00000000
00001000
00010000
00000000
00000000
00000000
00000000
00100000
00000000
10000000
00000000
00010000
00000000
00000000
00000000
,
10000000
01000000
00100000
00010000
00000000
00001000
00010000
00001000
,
00000010
00000001
00000100
00000010
00000000
00000000
00000100
00000000
,
00000010
00000100
00000001
00000100
00000000
00001000
00010000
00000000
,
00100000
10000000
01000000
00100000
00000000
00000000
01000000
00000000
,
00100000
01000000
10000000
01000000
00000000
00010000
00001000
00000000
,
00000010
00000000
00000001
00000100
00000000
00000000
00000001
00000000
00000000
00000000
00001000
00000000
00000001
00000000
00000000
00000000
,
00000010
00000000
00000001
00000100
00000000
00000000
00000001
00000000
00000000
00000000
00000100
00000000
00001000
00000000
00010000
00000000
,
00100000
00000000
10000000
01000000
00000000
00000000
10000000
00000000
00000000
00000000
01000000
00000000
10000000
00000000
00000000
00000000
,
00100000
00000000
10000000
01000000
00000000
00000000
10000000
00000000
00000000
00000000
01000000
00000000
00010000
00000000
00001000
00000000
,
00000010
00000000
00000100
00000000
00001000
00000001
00000100
00000001
,
00000010
00000000
00000100
00000000
00000001
00000100
00001000
00010000
,
00100000
00000000
01000000
00000000
00010000
10000000
01000000
00000000
,
00100000
00000000
01000000
00000000
10000000
01000000
00010000
00001000
,
00000010
00000000
00000001
00000000
00000100
00000001
00000100
00000001
,
00000010
00000000
00000001
00000000
00000100
00001000
00010000
00000000
,
00100000
00000000
10000000
00000000
01000000
10000000
01000000
10000000
,
00000000
00100000
10000000
00000000
01000000
00010000
00001000
00000000
,
00000200
00001000
00000010
00000001
,
00001000
00000000
00000010
00000000
00000301
00000100
00001000
00010000
,
02000000
00010000
00100000
10000000
,
00010000
00000000
00100000
00000000
13000000
01000000
00010000
00001000
,
00010000
00001000
00000010
00000001
00001000
00000100
00000010
00000100
,
00010000
00000100
00000010
00000001
00000100
00001000
00010000
00000000
,
00001000
00010000
00100000
10000000
00010000
01000000
00100000
10000000
,
00010000
01000000
00100000
10000000
01000000
00010000
00001000
00000000
,
00000010
00000000
00000001
00001000
00000000
00000000
00000100
00000000
00000000
00000000
00001001
00000000
00000000
00000000
00000110
00000000
,
00000000
00001000
00000001
00001000
00000001
00000100
00001000
00010000
,
00100000
00000000
10000000
00010000
00000000
00000000
01000000
00000000
00000000
00000000
10010000
00000000
00000000
00000000
11000000
00000000
,
00000000
01100000
01000000
00010000
10000000
01000000
00010000
00001000
,
00000010
00000000
00000001
00001000
00000000
00000000
00000100
00000000
00000010
00000000
00000100
00000000
00010000
00000000
00000100
00000000
,
00000010
00000000
00000001
00001000
00000000
00000000
00000010
00000000
00000100
00000000
00001000
00000000
00010000
00000000
00000000
00000000
,
00100000
00000000
10000000
00010000
00000000
00000000
01000000
00000000
00100000
00000000
10000000
00000000
00010000
00000000
01010000
00000000
,
00000000
00011000
00000000
00001100
00001000
00000100
00001000
00000100
,
00000010
00000000
00000001
00001000
00000000
00000000
00000100
00000000
00010000
00000000
00001000
00000000
00000100
00000000
00000001
00000000
,
00000100
00000010
00001000
00000010
00000100
00001000
00010000
00000000
,
00100000
00000000
10000000
00010000
00000000
00000000
01000000
00000000
00100000
00000000
10000000
00000000
01000000
00000000
11000000
00000000
,
00000000
00110000
00010000
00100000
01000000
00010000
00001000
00000000
,
00000010
00000000
00000100
00001000
00000000
00000000
00000001
00000000
00000100
00000000
00000010
00001000
00000000
00000000
00000001
00000000
,
00001000
00000000
00000010
00000100
00000000
00000000
00000001
00000000
00000100
00000000
00001000
00000000
00010000
00000000
00000000
00000000
,
00100000
00000000
01000000
00010000
00000000
00000000
10000000
00000000
01000000
00000000
00100000
00010000
00000000
00000000
11000000
00000000
,
00000000
00110000
00000000
00011000
00001000
00000100
00001000
00000001
,
00002000
00000000
00000000
00000000
00000000
00000000
00000000
00003000
;

//---------------dance-single - ----------------
#NOTES:
     dance-single:
     :
     Easy:
     4:
     0.169048,0.226724,0.059664,0.000000,0.000000,119.000000,113.000000,6.000000,0.000000,0.000000,0.000000,0.169048,0.226724,0.059664,0.000000,0.000000,119.000000,113.000000,6.000000,0.000000,0.000000,0.000000:
  // measure 0
0000
0000
0000
0000
,  // measure 1
0000
0000
0000
0000
,  // measure 2
0000
0000
0000
0000
,  // measure 3
0000
0000
0000
0000
,  // measure 4
0000
0000
0000
0000
,  // measure 5
0001
0001
0000
0000
,  // measure 6
1000
1000
0000
0000
,  // measure 7
0010
0010
0000
0000
,  // measure 8
0100
0100
0000
0000
,  // measure 9
0001
0010
0000
0000
,  // measure 10
0100
1000
0000
0000
,  // measure 11
0010
0100
0000
0000
,  // measure 12
0001
0100
0000
0000
,  // measure 13
0001
1000
0000
0000
,  // measure 14
0010
0100
0000
0000
,  // measure 15
0001
1000
0010
0100
,  // measure 16
0010
0000
0000
0000
,  // measure 17
0001
0100
0000
0000
,  // measure 18
0010
1000
0000
0000
,  // measure 19
0100
1000
0000
0000
,  // measure 20
0001
0010
0000
0000
,  // measure 21
0001
0000
0010
0000
,  // measure 22
0100
0000
1000
0000
,  // measure 23
0001
0000
0010
0000
,  // measure 24
0100
0000
1000
0000
,  // measure 25
0001
0000
0000
1000
,  // measure 26
1000
0000
0000
0001
,  // measure 27
0001
0000
0000
0100
,  // measure 28
0100
0000
0000
0010
,  // measure 29
0010
0000
0000
1000
,  // measure 30
0010
0000
0000
0100
,  // measure 31
0001
0000
0000
1000
,  // measure 32
0100
0000
0000
0010
,  // measure 33
0001
0000
0010
0000
,  // measure 34
0100
0000
1000
0000
,  // measure 35
0010
0100
0010
0100
,  // measure 36
0010
0100
0010
0000
,  // measure 37
0000
0000
1000
0000
,  // measure 38
0001
0000
0010
0000
,  // measure 39
0001
1000
0001
1000
,  // measure 40
0001
1000
0000
0110
,  // measure 41
0000
0000
0000
1001
,  // measure 42
0000
0000
0000
0110
,  // measure 43
0000
0000
0000
1001
,  // measure 44
0000
0000
0000
1001
,  // measure 45
0000
0000
0001
0100
,  // measure 46
0010
0000
1000
0100
,  // measure 47
0010
0000
0000
0001
,  // measure 48
1000
0001
1000
0000
,  // measure 49
0000
0000
1000
0100
,  // measure 50
0010
0000
0001
0100
,  // measure 51
0010
0000
0000
0000
,  // measure 52
0100
0010
0100
0010
,  // measure 53
0000
0000
1000
0100
,  // measure 54
0010
0000
0000
0100
,  // measure 55
0010
0100
0010
0100
,  // measure 56
0010
0100
0000
0000
,  // measure 57
1001
0000
0000
0000
;
