#TITLE:魔理沙は大変なものを盗んでいきました;
#SUBTITLE:;
#ARTIST:ARM(IOSYS);
#TITLETRANSLIT:Marisa wa taihen na mono wo nusunde ikimashita;
#SUBTITLETRANSLIT:;
#ARTISTTRANSLIT:;
#GENRE:;
#CREDIT:;
#BANNER:Marisa wa Taihen na Mono o Nusunde Ikimashita.png;
#BACKGROUND:Marisa wa Taihen na Mono o Nusunde Ikimashita-bg.png;
#LYRICSPATH:;
#CDTITLE:./CDTitles/SOUND VOLTEX BOOTH.png;
#MUSIC:Marisa wa Taihen na Mono o Nusunde Ikimashita.ogg;
#OFFSET:0.000000;
#SAMPLESTART:103.057999;
#SAMPLELENGTH:15.000000;
#SELECTABLE:YES;
#DISPLAYBPM:170.000000;
#BPMS:0.000000=170.011002
;
#STOPS:
;
#KEYSOUNDS:;
#ATTACKS:;

//---------------dance-single - ----------------
#NOTES:
     dance-single:
     :
     Hard:
     12:
     0.600458,0.566365,0.072469,0.000000,0.012078,522.000000,513.000000,9.000000,0.000000,0.000000,0.000000,0.600458,0.566365,0.072469,0.000000,0.012078,522.000000,513.000000,9.000000,0.000000,0.000000,0.000000:
0000
0000
0000
0000
,
0000
0000
0000
0000
,
0000
0000
0000
0000
,
0000
0000
0000
0000
,
0000
0000
0000
0000
,
0001
0000
0000
1000
0000
0000
0010
0000
0100
0000
0001
0000
1000
0000
0000
0000
,
0001
0000
0000
1000
0000
0000
0010
0000
0100
0000
0010
0000
1000
0000
0000
0000
,
1000
0000
0000
0001
0000
0000
0010
0000
0100
0000
1000
0000
0001
0000
0000
0000
,
1000
0100
1000
0010
0100
0010
1000
0001
,
0001
0000
1000
0010
0100
0000
0010
1000
,
0100
0000
0010
0001
0100
0000
0101
0000
,
1000
0000
0001
0010
0100
0000
0010
0001
,
0100
0000
0010
1000
0100
0000
1100
0000
,
1000
0100
1000
0010
0100
0000
0010
1000
,
0100
0000
0010
0001
0100
0000
0001
0000
,
1000
0000
0001
0010
0100
0000
0010
0001
,
0100
0000
0010
1000
0100
0000
1000
0000
,
0001
1000
0010
1000
0001
0010
0001
1000
,
0010
1000
0001
0010
0001
1000
0100
0000
,
0010
0100
0000
0100
0000
0100
0000
0100
,
0000
0100
0000
0100
0000
0100
0000
0100
,
1000
0001
0010
0001
1000
0010
1000
0001
,
0010
0001
1000
0010
1000
0001
0100
0000
,
0010
0100
0000
0100
0000
0100
0000
0100
,
0000
0100
0000
0100
0000
0100
0000
0100
,
0001
0100
0001
0100
0001
0100
0001
0100
,
0010
1000
0010
1000
0010
1000
0010
1000
,
0100
1000
0100
1000
0100
1000
0100
1000
,
0001
0010
0001
0010
0001
0010
0001
0010
,
0001
0100
0001
0100
0001
0100
0001
0100
,
0010
1000
0010
1000
0010
1000
0010
1000
,
0100
1000
0100
1000
0100
1000
0100
1000
,
0001
0010
0001
0010
0001
0010
0001
0010
,
0001
1000
0010
0100
0001
0100
1000
0100
,
0001
1000
0010
0100
0001
0010
0100
0000
,
1000
0001
0010
0100
1000
0100
0010
0100
,
1000
0001
0010
0100
1000
0001
0010
0000
,
0001
0010
0100
0010
0001
0010
0100
0010
,
0001
1000
0100
0010
0001
0100
0010
0000
,
1000
0001
0100
0010
1000
0001
1000
0010
,
1000
0001
1000
0010
1000
0001
0010
0000
,
0001
0100
0010
1000
0100
1000
0001
0010
,
0001
0100
0010
1000
0100
1000
0001
0000
,
1000
0100
0010
0001
0100
0001
1000
0010
,
1000
0100
0010
0001
0100
0001
1000
0000
,
0001
0100
0010
1000
0100
1000
0001
0010
,
0001
0100
0010
1000
0100
1000
0001
0000
,
1000
0100
0010
0001
0100
0001
1000
0010
,
1000
0100
0010
0001
0100
0001
1000
0000
,
0010
0000
0100
0000
0001
1000
0000
0001
,
0100
0010
1000
0100
1000
0001
0010
0100
,
0010
0000
0100
0000
1000
0001
0000
1000
,
0100
0010
0001
0100
0001
1000
0010
0100
,
0001
0000
1000
0000
0010
0100
0001
0100
,
0010
1000
0100
1000
0001
0010
0100
0000
,
1000
0000
0001
0000
0010
0100
1000
0100
,
0010
0001
0100
0001
1000
0010
0100
0000
,
0010
0000
0110
0000
0001
1000
0000
0001
,
0100
0010
1000
0100
1000
0001
0010
0100
,
0010
0000
0100
0000
1000
0001
0000
1000
,
0100
0010
0001
0100
0001
1000
0010
0100
,
0001
0000
1000
0000
0010
0100
0001
0100
,
0010
1000
0100
1000
0001
0010
0100
0000
,
1100
0000
0011
0000
0010
0100
1000
0100
,
0010
0001
0100
0001
1000
0010
0100
0000
,
0001
0000
1000
0000
0010
0100
0000
0010
,
1000
0001
0100
0010
1000
0001
0100
0010
,
1000
0000
0001
0000
0010
0100
0000
0010
,
0001
0010
0100
0010
0001
1000
0100
1000
,
0001
0000
0010
0000
0100
1000
0000
0010
,
1000
0100
0010
0001
1000
0100
0010
0000
,
0001
0000
0010
0000
0100
1000
0000
0010
,
1000
0100
0010
0001
1000
0010
0100
0000
,
0001
0000
1000
0000
0010
0100
0000
0010
,
1000
0010
0100
0010
1000
0001
0100
0001
,
1000
0000
0010
0000
0100
0001
0000
0010
,
0001
0100
0010
1000
0001
0100
0010
0000
,
1000
0000
0010
0000
0100
0001
0000
1000
,
0001
0100
0010
0100
0001
0010
0100
0000
,
1100
0110
0110
0011
,
0001
0100
0010
1000
0001
0100
0010
0000
,
0001
0000
0010
0000
0100
1000
0000
0000
,
1000
0010
1000
0010
;

//---------------dance-double - ----------------
#NOTES:
     dance-double:
     :
     Hard:
     12:
     0.564798,0.566365,0.136886,0.080521,0.036235,491.000000,474.000000,17.000000,10.000000,0.000000,0.000000,0.564798,0.566365,0.136886,0.080521,0.036235,491.000000,474.000000,17.000000,10.000000,0.000000,0.000000:
00000000
00000000
00000000
00000000
,
00000000
00000000
00000000
00000000
,
00000000
00000000
00000000
00000000
,
00000000
00000000
00000000
00000000
,
00000000
00000000
00000000
00000000
,
01000000
00000000
00000000
10000000
00000000
00000000
00010000
00000000
10000000
00000000
01000000
00000000
00010000
00000000
00000000
00000000
,
00001000
00000000
00000000
00000100
00000000
00000000
00000001
00000000
00001000
00000000
00000001
00000000
00000100
00000000
00000000
00000000
,
00001000
00000000
00000000
00010000
00000000
00000000
01000000
00000000
10000000
00000000
00010000
00000000
10000000
00000000
00000000
00000000
,
01100000
00011000
00000110
00000000
,
00000010
00000001
00001000
00000010
00001000
00000001
00000010
00000001
,
00001000
00000010
00001000
00000001
00000100
00001000
00010000
00000000
,
00100000
10000000
00010000
00100000
00010000
10000000
00100000
10000000
,
00010000
00100000
00010000
10000000
01000000
00010000
00001000
00000000
,
00000100
00000001
00001000
00000100
00001000
00000001
00000100
00000001
,
00001000
00000100
00001000
00000001
00000010
00001000
00010000
00000000
,
00100000
00000000
10010000
00000000
00010000
01000000
10000000
00000000
,
01000000
00100000
00000000
00000000
00001000
00010000
00000000
00000000
00000100
00000000
00000010
00000000
00000100
00000000
00000010
00000000
,
00000001
00000100
00001000
00000001
00000010
00001000
00000001
00000100
,
00001000
00000001
00000010
00001000
00010000
00010000
01000000
00000000
,
10000000
01000000
00010000
10000000
00100000
00010000
10000000
01000000
,
00010000
10000000
00100000
00010000
00001000
00000100
00000100
00000000
,
00000010
00001000
00010000
00000010
00001000
00010000
00000010
00001000
,
00010000
00000010
00001000
00010000
00100000
00100000
01000000
00000000
,
10000000
01000000
00010000
01000000
10000000
00100000
00010000
00100000
,
01000000
00001000
00010000
00001000
00000100
00000010
00000001
00000000
,
00000200
00001000
00000001
00001000
,
00000001
00000000
00001000
00000000
00000301
00000100
00001000
00010000
,
00200000
01000000
10000000
01000000
,
10000000
00000000
01000000
00000000
10300000
01000000
00010000
00001000
,
00000020
00000100
00000001
00000100
,
00000001
00000000
00000100
00000000
00000031
00000100
00001000
00010000
,
00200000
10000000
00010000
10000000
,
00010000
00000000
10000000
00000000
00310000
00100000
10000000
01000000
,
00010000
00001000
00010000
00001000
00010000
00000100
00001000
00000100
,
00000010
00000001
00000010
00000001
00001000
00000100
00010000
00000000
,
00001000
00010000
00001000
00010000
00001000
01000000
00010000
01000000
,
00100000
10000000
00100000
10000000
00010000
01000000
00001000
00000000
,
00010000
00001000
00010000
00001000
00010000
00000010
00001000
00000010
,
00000100
00000001
00000100
00000001
00001000
00000010
00010000
00000000
,
00001000
00010000
00001000
00010000
00001000
00100000
00010000
00100000
,
01000000
10000000
01000000
10000000
00010000
00100000
00001000
00000000
,
00010000
00001000
00000100
00000010
00000100
00000001
00001000
00000100
,
00000010
00000001
00001000
00000010
00000100
00001000
00010000
00000000
,
01000000
10000000
00010000
00100000
01000000
10000000
00010000
10000000
,
00100000
01000000
00010000
00100000
01000000
00010000
00001000
00000000
,
00011000
00001010
00000011
00000101
,
00001100
00011000
00110000
10100000
,
00020000
02030000
03200000
20300000
,
31000000
00100000
00010000
00100000
01000000
00010000
00001000
00000000
,
00000010
00000000
00000000
00000000
00000100
00000000
00000000
00000000
00001000
00000000
00000000
00000001
00000000
00000000
00000100
00000000
,
00000010
00001000
00000001
00000100
00000001
00000100
00001000
00010000
,
00100000
00000000
01000000
00000000
00010000
10000000
00000000
01000000
,
00000000
10000000
01000000
00100000
00001000
00010000
00001000
00000100
,
00000010
00001001
00000010
00000001
,
00000100
00000001
00000010
00000001
00000010
00001000
00010000
00000000
,
01000000
00000000
00000000
00010000
00000000
00000000
00001000
00000000
,
00000100
00000000
00000000
00000000
00001000
00010000
00000000
00001000
,
00000010
00000000
00000000
00000000
00000100
00000000
00000000
00000000
00001000
00000000
00000000
00000001
00000000
00000000
00000100
00000000
,
00000010
00001000
00000001
00000100
00000001
00000100
00001000
00010000
,
00100000
00000000
01000000
00000000
00010000
10000000
00000000
01000000
,
00000000
00000000
10000000
00000000
01000000
00000000
00000000
00000000
00010000
00000000
00000000
00001000
00000000
00000000
00000010
00000000
,
00000100
00000000
00001000
00000000
00000010
00000100
00001000
00000100
,
00000010
00000001
00000010
00000100
00000010
00010000
00001000
00000000
,
00010000
01000000
01100000
10010000
,
00100000
10000000
01000000
10000000
01000000
00010000
00001000
00000000
,
00000010
00000000
00000001
00000000
00001000
00000100
00000000
00000010
,
00000100
00001000
00000100
00000010
00001000
00000000
00010000
00000000
,
00100000
00000000
10000000
00000000
00010000
01000000
00000000
00100000
,
10000000
00010000
01000000
00100000
10000000
01000000
00010000
00001000
,
00010000
00000000
00001100
00000000
00010000
00001000
00000000
00000010
,
00000000
00000100
00000000
00000010
00000001
00000100
00001000
00010000
,
00001000
00000000
00100000
00000000
00010000
01000000
00000000
00100000
,
00000000
10000000
00000000
00100000
10000000
01000000
00010000
01000000
,
00100000
00000000
10000000
00000000
00010000
01000000
00000000
00100000
,
01000000
00010000
01000000
00100000
00010000
00000000
00001000
00000000
,
00000010
00000000
00000001
00000000
00001000
00000100
00000000
00000010
,
00000001
00001000
00000100
00000010
00000001
00000100
00001000
00010000
,
00001000
00000000
01010000
00000000
00001000
00010000
00000000
00100000
,
00000000
01000000
00000000
00100000
10000000
01000000
00010000
00000000
,
00002000
00000000
00000000
00020000
00000000
00000000
00003000
00000000
,
00031000
00000000
00000000
00000000
00000000
00000000
00000010
00000000
00000001
00000000
00000000
00001000
00000000
00000000
00000010
00000000
,
00000100
00000000
00000000
00000001
00000000
00000010
00000000
00000001
,
00000000
00000100
00000010
00000100
00001000
00000000
00010000
00000000
;

//---------------dance-single - ----------------
#NOTES:
     dance-single:
     :
     Medium:
     9:
     0.421010,0.467123,0.064417,0.072469,0.000000,366.000000,358.000000,8.000000,9.000000,0.000000,0.000000,0.421010,0.467123,0.064417,0.072469,0.000000,366.000000,358.000000,8.000000,9.000000,0.000000,0.000000:
0000
0000
0000
0000
,
0000
0000
0000
0000
,
0000
0000
0000
0000
,
0000
0000
0000
0000
,
0000
0000
0000
0000
,
1000
0000
0100
0000
0001
1000
0001
0000
,
0001
0000
0100
0000
0001
0010
0001
0010
,
0001
0000
0100
0000
1000
0001
1000
0000
,
1000
0000
0100
0000
1000
0010
1000
0010
,
0001
0010
0100
1000
,
0010
0000
0100
0000
0001
1000
0100
0000
,
1000
0010
0100
0001
,
0010
0000
0100
0000
1000
0001
0100
0000
,
0001
0010
0100
1000
,
0010
0000
0100
0000
0001
1000
0100
0000
,
1000
0010
0100
0001
,
0010
0000
0100
0000
1000
0001
0100
0000
,
0001
0000
1000
0010
0000
0100
0001
0000
,
1000
0010
0000
0100
0001
0000
1001
0000
,
1000
0000
0010
1000
0000
0100
1000
0000
,
0010
1000
0000
0100
1000
0000
1000
0000
,
0001
0000
0010
0001
0000
0100
0001
0000
,
0010
0001
0000
0100
0001
0000
0001
0000
,
1000
0000
0001
0010
0000
0100
1000
0000
,
0001
0010
0000
0100
2000
0000
0000
0000
,
3001
0010
0100
1000
,
0010
0000
0100
0000
0001
1000
0010
0000
,
1000
0100
0010
0001
,
0100
0000
0010
0000
1000
0001
1000
0000
,
0001
0110
0100
1000
,
0010
0000
0100
0000
0001
1000
0010
0000
,
1000
0100
0010
0001
,
0100
0000
0010
0000
1000
0001
1000
0000
,
0000
0001
0000
1000
0000
0010
0000
0100
,
0000
0001
0000
1000
0000
0010
0100
0010
,
0000
1000
0000
0001
0000
0010
0000
0100
,
0000
1000
0000
0001
0000
0010
0100
0010
,
0000
0001
0000
1000
0000
0010
0000
0100
,
0000
0001
0000
1000
0000
0010
0100
0010
,
0000
1000
0000
0001
0000
0010
0000
0100
,
0000
1000
0000
0001
0000
0010
0100
0010
,
0000
0001
0100
0000
0010
1000
0000
0001
,
0000
0100
0001
0000
1000
0010
0100
0001
,
0000
1000
0100
0000
0010
0001
0000
1000
,
0000
0100
1000
0000
0001
0010
0100
1000
,
0000
0001
0100
0000
0010
1000
0000
0001
,
0000
0100
0001
0000
1000
0010
0100
0001
,
0000
1000
0100
0000
0010
0001
0000
1000
,
0000
0100
1000
0000
0001
0010
0001
1000
,
0000
0000
0001
0000
0010
0100
0000
1000
,
0000
0010
1000
0000
0001
1000
0001
0000
,
0000
0000
1000
0000
0010
0100
0000
0001
,
0000
0010
0001
0000
1000
0001
1000
0000
,
0010
0100
0001
1000
,
0020
0000
0000
2030
0000
0000
3100
0000
,
0010
0100
1000
0001
,
0020
0000
0000
0032
0000
0000
0103
0000
,
0000
0000
0001
0000
0010
0100
0000
1000
,
0000
0010
1000
0000
0001
1000
0001
0000
,
0000
0000
1000
0000
0010
0100
0000
0001
,
0000
0010
0001
0000
1000
0001
1000
0000
,
0010
0100
0001
1000
,
0020
0000
0000
2030
0000
0000
3100
0000
,
0010
0100
1000
0001
,
0020
0000
0000
0032
0000
0000
0103
0000
,
0001
0000
1000
0000
0010
0100
0000
0010
,
0000
1000
0001
0000
0100
0000
0001
0000
,
1000
0000
0001
0000
0010
0100
0000
0010
,
0000
0001
1000
0000
0100
0000
1000
0000
,
0001
0000
0010
0000
0100
1000
0000
0010
,
0000
1000
0001
0000
0100
0000
0001
0000
,
1000
0000
0010
0000
0100
0001
0000
0010
,
0000
0001
1000
0000
0101
0000
0101
0000
,
0001
0000
1000
0000
0010
0100
0000
0010
,
0000
1000
0001
0000
0100
0000
0001
0000
,
1000
0000
0001
0000
0010
0100
0000
0010
,
0000
0001
1000
0000
0100
0000
1000
0000
,
0001
0000
0010
0000
0100
1000
0000
0010
,
0000
1000
0001
0000
0100
0000
0001
0000
,
1000
0000
0010
0000
0100
0000
0001
0100
,
0000
0001
0000
1000
0100
0000
1000
0000
,
0011
0011
1100
1100
,
0000
0010
0100
0000
0010
0100
0000
0100
;

//---------------dance-single - ----------------
#NOTES:
     dance-single:
     :
     Beginner:
     3:
     0.162193,0.231096,0.000000,0.000000,0.000000,141.000000,141.000000,0.000000,0.000000,0.000000,0.000000,0.162193,0.231096,0.000000,0.000000,0.000000,141.000000,141.000000,0.000000,0.000000,0.000000,0.000000:
0000
0000
0000
0000
,
0000
0000
0000
0000
,
0000
0000
0000
0000
,
0000
0000
0000
0000
,
0000
0000
0000
0000
,
0000
0000
0000
0000
,
0000
0000
0000
0001
,
0000
0000
0000
0000
,
0000
0000
0000
1000
,
1000
0000
0001
0000
,
1000
0000
0000
0000
,
1000
0000
1000
0000
,
0001
0000
0000
0000
,
0001
0000
0001
0000
,
1000
0000
0000
0000
,
1000
0000
1000
0000
,
0001
0000
0000
0000
,
0001
0000
1000
0000
,
0100
0000
0000
0000
,
1000
0000
0001
0000
,
0100
0000
0000
0000
,
0001
0000
1000
0000
,
0010
0000
0000
0000
,
1000
0000
0001
0000
,
0010
0000
0000
0000
,
0001
0000
0000
0000
,
0010
0000
0000
0000
,
0100
0000
0000
0000
,
1000
0000
0000
0000
,
0001
0000
0001
0000
,
0010
0000
0010
0000
,
0100
0000
0100
0000
,
1000
0000
1000
0000
,
0001
0000
0010
0000
,
0100
0000
1000
0000
,
0100
0000
0010
0000
,
0001
0000
0000
0000
,
1000
0000
0010
0000
,
0100
0000
0001
0000
,
0100
0000
0010
0000
,
1000
0000
0000
0000
,
0001
0000
1000
0000
,
0010
0000
0100
0000
,
0001
0000
1000
0000
,
0010
0000
0010
0000
,
1000
0000
0001
0000
,
0010
0000
0100
0000
,
1000
0000
0001
0000
,
0010
0000
0010
0000
,
0000
0001
0000
0001
,
0000
1000
0000
1000
,
0000
0010
0000
0010
,
0000
0100
0000
0100
,
0000
0001
0000
1000
,
0000
0010
0000
0100
,
0000
0001
0000
1000
,
0000
0010
0000
0100
,
0000
0001
0000
0001
,
0000
1000
0000
1000
,
0000
0010
0000
0010
,
0000
0100
0000
0100
,
0000
0001
0000
1000
,
0000
0010
0000
0100
,
0000
0001
0000
1000
,
0000
0000
0000
0000
,
0001
0001
0001
0001
,
0001
0000
0001
0000
,
1000
1000
1000
1000
,
1000
0000
1000
0000
,
0010
0000
0100
0000
,
0001
0000
1000
0000
,
0010
0000
0100
0000
,
0001
0000
1000
0000
,
0001
0001
0001
0001
,
0001
0000
0001
0000
,
1000
1000
1000
1000
,
1000
0000
1000
0000
,
0010
0000
0100
0000
,
0001
0000
1000
0000
,
0010
0000
0100
0000
,
0001
0000
1000
0000
,
0001
0000
0001
0000
,
1000
0000
0000
0000
;

//---------------dance-single - ----------------
#NOTES:
     dance-single:
     :
     Easy:
     6:
     0.273772,0.299841,0.000000,0.016104,0.000000,238.000000,238.000000,0.000000,2.000000,0.000000,0.000000,0.273772,0.299841,0.000000,0.016104,0.000000,238.000000,238.000000,0.000000,2.000000,0.000000,0.000000:
0000
0000
0000
0000
,
0000
0000
0000
0000
,
0000
0000
0000
0000
,
0000
0000
0000
0000
,
0000
0000
0000
0000
,
0001
0000
0001
0000
,
0010
0000
0010
0000
,
0100
0000
0100
0000
,
1000
0000
1000
0000
,
0001
0010
0100
0000
,
1000
0010
0100
0000
,
0001
0100
0010
0000
,
1000
0100
0010
0000
,
0001
0100
0010
0000
,
1000
0100
0010
0000
,
0001
0001
0001
0001
,
1000
1000
1000
1000
,
0001
0010
0100
0100
,
1000
0010
0100
0100
,
0001
0010
0100
0100
,
1000
0010
0100
0100
,
0001
0100
0010
1000
,
1000
0100
0010
0001
,
0010
0001
0100
1000
,
0010
1000
0100
0001
,
0000
0000
0000
0000
,
0000
0000
0000
0000
,
0000
0001
0000
1000
,
0000
0200
0000
0000
,
0000
1300
0000
0001
,
0000
0010
0000
0100
,
0000
1000
0000
0001
,
0000
0200
0000
0000
,
0000
0301
1000
0010
,
0000
0100
0001
1000
,
0000
0001
1000
0010
,
0000
0100
0001
1000
,
0000
0010
0100
0001
,
0000
0010
0100
1000
,
0000
1000
0100
0001
,
0000
0001
0100
1000
,
0000
0001
1000
0010
,
0000
0100
0001
1000
,
0000
0001
1000
0010
,
0000
0100
0001
1000
,
0000
0010
0100
0001
,
0000
0010
0100
1000
,
0000
0010
0100
0001
,
0000
0010
0100
1000
,
0001
0001
0001
1000
,
0010
0100
0001
0000
,
1000
0010
0100
0001
,
0010
0100
1000
0000
,
0001
1000
0010
0100
,
0001
1000
0010
0000
,
1000
0001
0010
0100
,
1000
0000
0100
0000
,
1000
1000
1000
0000
,
0010
0100
1000
0000
,
0001
0010
0100
1000
,
0010
0100
0001
0000
,
1000
0001
0010
0100
,
1000
0001
0010
0000
,
1000
0000
0010
0000
,
0001
0100
1000
0000
,
0001
1000
0010
0010
,
0100
0000
1000
0100
,
1000
0001
0010
0010
,
0100
0000
0001
0000
,
0010
1000
0001
0100
,
0010
1000
0001
0001
,
0010
0001
1000
0100
,
0010
0001
1000
0000
,
1000
0001
0010
0010
,
0100
0000
0001
0100
,
0001
1000
0010
0010
,
0100
0000
1000
0000
,
0010
0001
1000
0100
,
0010
0001
1000
1000
,
0010
1000
0001
0000
,
0010
0000
1000
0000
,
0001
0010
0100
0100
,
1000
0010
0100
0100
;

//---------------dance-double - ----------------
#NOTES:
     dance-double:
     :
     Easy:
     6:
     0.251916,0.298935,0.000000,0.016104,0.000000,219.000000,219.000000,0.000000,2.000000,0.000000,0.000000,0.251916,0.298935,0.000000,0.016104,0.000000,219.000000,219.000000,0.000000,2.000000,0.000000,0.000000:
00000000
00000000
00000000
00000000
,
00000000
00000000
00000000
00000000
,
00000000
00000000
00000000
00000000
,
00000000
00000000
00000000
00000000
,
00000000
00000000
00000000
00000000
,
00000001
00000000
00000010
00001000
,
00010000
00000000
00010000
01000000
,
10000000
00000000
00000000
00100000
,
00010000
00000000
00001000
00000000
,
00000010
00000001
00000100
00000000
,
00001000
00010000
00000000
00000000
,
00100000
10000000
01000000
00000000
,
00010000
00001000
00000000
00000000
,
00000010
00000001
00000100
00000000
,
00001000
00010000
00000000
00000000
,
00100000
10000000
01000000
00000000
,
00010000
00001000
00000000
00000000
,
00000100
00000001
00000000
00000000
,
00000010
00001000
00010000
00000000
,
01000000
10000000
00000000
00000000
,
00100000
00010000
00001000
00000000
,
00000100
00000001
00000000
00000000
,
00000010
00001000
00010000
00000000
,
01000000
10000000
00000000
00000000
,
00100000
00010000
00001000
00000000
,
00000000
00000010
00000000
00000002
,
00000000
00001000
00000000
00000000
,
00000000
00000103
00000000
00001000
,
00000000
00010000
00000000
00000000
,
00000000
00100000
00000000
20000000
,
00000000
00010000
00000000
00000000
,
00000000
31000000
00000000
00010000
,
00000000
00001000
00000000
00000000
,
00000010
00000001
00000100
00000000
,
00000010
00000100
00001000
00010000
,
00100000
10000000
01000000
00000000
,
00100000
01000000
00010000
00001000
,
00000010
00000001
00000100
00000000
,
00000010
00000100
00001000
00010000
,
00100000
10000000
01000000
00000000
,
00100000
01000000
00010000
00001000
,
00000100
00000001
00001000
00000000
,
00000010
00000100
00001000
00010000
,
01000000
10000000
00010000
00000000
,
00100000
01000000
00010000
00001000
,
00000100
00000001
00001000
00000000
,
00000010
00000100
00001000
00010000
,
01000000
10000000
00010000
00000000
,
00100000
01000000
00010000
00001000
,
00000010
00000000
00000001
00000000
,
00000100
00000000
00001000
00010000
,
00100000
00000000
10000000
00000000
,
01000000
00000000
00010000
00001000
,
00000100
00000000
00000001
00000000
,
00000010
00000000
00001000
00010000
,
01000000
00000000
10000000
00000000
,
00100000
00000000
00010000
00001000
,
00000010
00000000
00000001
00000000
,
00000100
00000000
00001000
00010000
,
00100000
00000000
10000000
00000000
,
01000000
00000000
00010000
00001000
,
00000100
00000000
00000001
00000000
,
00000010
00000000
00001000
00010000
,
01000000
00000000
10000000
00000000
,
00100000
00000000
00010000
00001000
,
00000010
00000001
00001000
00000010
,
00000100
00001000
00010000
00000000
,
00100000
10000000
00010000
00100000
,
01000000
00010000
00001000
00000000
,
00000100
00000001
00001000
00000100
,
00000010
00001000
00010000
00000000
,
01000000
10000000
00010000
01000000
,
00100000
00010000
00001000
00000000
,
00000010
00000001
00001000
00000010
,
00000100
00001000
00010000
00000000
,
00100000
10000000
00010000
00100000
,
01000000
00010000
00001000
00000000
,
00000100
00000001
00001000
00000100
,
00000010
00001000
00010000
00000000
,
01000000
10000000
00010000
01000000
,
00100000
00010000
00001000
00000000
,
00000100
00000001
00000000
00000000
,
00000010
00001000
00010000
00000000
;

//---------------dance-double - ----------------
#NOTES:
     dance-double:
     :
     Medium:
     9:
     0.411808,0.533855,0.072469,0.008052,0.000000,358.000000,349.000000,9.000000,1.000000,0.000000,0.000000,0.411808,0.533855,0.072469,0.008052,0.000000,358.000000,349.000000,9.000000,1.000000,0.000000,0.000000:
  // measure 0
00000000
00000000
00000000
00000000
,  // measure 1
00000000
00000000
00000000
00000000
,  // measure 2
00000000
00000000
00000000
00000000
,  // measure 3
00000000
00000000
00000000
00000000
,  // measure 4
00000000
00000000
00000000
00000000
,  // measure 5
00001000
00000000
00000000
00000000
,  // measure 6
00000010
00000000
00000000
00000001
00000100
00000000
00001000
00000000
,  // measure 7
00010000
00000000
00000000
00000000
,  // measure 8
00100000
00000000
10000000
00000000
01000000
00010000
00001000
00000000
,  // measure 9
00000010
00000001
00000100
00001000
,  // measure 10
00000100
00000000
00000001
00000000
00000100
00001000
00010000
00000000
,  // measure 11
00100000
10000000
01000000
00010000
,  // measure 12
01000000
00000000
10000000
00000000
01000000
00010000
00001000
00000000
,  // measure 13
00000010
00000001
00001000
00000010
,  // measure 14
00000100
00000000
00000001
00000000
00000100
00001000
00010000
00000000
,  // measure 15
00100000
10000000
00010000
00100000
,  // measure 16
01000000
00000000
10000000
00000000
01000000
00010000
00001000
00000000
,  // measure 17
00000010
00000000
00000001
00001000
00000000
00000010
00000100
00000000
,  // measure 18
00000001
00001000
00000000
00000001
00000100
00001000
00010000
00000000
,  // measure 19
00100000
00000000
10000000
00010000
00000000
00100000
01000000
00000000
,  // measure 20
10000000
00010000
00000000
10000000
01000000
00010000
00001000
00000000
,  // measure 21
00000100
00000000
00000001
00001000
00000000
00000100
00000010
00000000
,  // measure 22
00000001
00001000
00000000
00000001
00000010
00001000
00010000
00000000
,  // measure 23
01000000
00000000
10000000
00010000
00000000
01000000
00100000
00000000
,  // measure 24
10000000
00010000
00000000
10000000
00100000
00010000
00000000
00001000
,  // measure 25
00000000
00000010
00000000
00000001
00000000
00000100
00000000
00001000
,  // measure 26
00000000
00010000
00000000
00100000
00000000
10000000
00000000
01000000
,  // measure 27
00000000
00010000
00000000
00001000
00000000
00000010
00000000
00000001
,  // measure 28
00000000
00000100
00000000
00001000
00000000
00010000
00000000
00100000
,  // measure 29
01000000
01000000
00010000
00001000
,  // measure 30
00000100
00000001
00000010
00001000
,  // measure 31
00010000
00001000
00010000
00100000
,  // measure 32
00010000
00021000
00000000
00031000
,  // measure 33
00000000
00000010
00000000
00000001
00000000
00001000
00000000
00000100
,  // measure 34
00000000
00000010
00000000
00000001
00000000
00000100
00001000
00010000
,  // measure 35
00000000
00100000
00000000
10000000
00000000
00010000
00000000
01000000
,  // measure 36
00000000
00100000
00000000
10000000
00000000
01000000
00010000
00001000
,  // measure 37
00000000
00000010
00000000
00000001
00000000
00001000
00000000
00000100
,  // measure 38
00000000
00000010
00000000
00000001
00000000
00000100
00001000
00010000
,  // measure 39
00000000
00100000
00000000
10000000
00000000
00010000
00000000
01000000
,  // measure 40
00000000
00100000
00000000
10000000
00000000
01000000
00010000
00001000
,  // measure 41
00000000
00000010
00000001
00000000
00001000
00000100
00000000
00000010
,  // measure 42
00000000
00000001
00001000
00000000
00001000
00000000
00001000
00010000
,  // measure 43
00000000
00100000
10000000
00000000
00010000
01000000
00000000
00100000
,  // measure 44
00000000
00100000
00010000
00000000
00001000
00000000
00010000
00001000
,  // measure 45
00011000
00001100
00011000
00001100
,  // measure 46
00001000
00000010
00001000
00000000
00000010
00000100
00001000
00010000
,  // measure 47
00100000
00010000
00100000
00000000
11000000
00000000
01010000
00000000
,  // measure 48
00011000
00010000
00000100
00001000
,  // measure 49
00000100
00000000
00000010
00000000
00000001
00001000
00000000
00000010
,  // measure 50
00000000
00000100
00000001
00000000
00000100
00001000
00010000
00000000
,  // measure 51
00000000
00000000
00100000
00000000
10000000
00010000
00000000
00100000
,  // measure 52
00000000
01000000
10000000
00000000
01000000
00000000
00010000
00000000
,  // measure 53
00001000
00000101
00001000
00000100
,  // measure 54
00000010
00000000
00000000
00000010
00000100
00001000
00010000
00000000
,  // measure 55
00100000
10000000
00010000
01000000
,  // measure 56
00100000
00000000
00000000
10000000
01000000
00010000
00001000
00000000
,  // measure 57
00000000
00000000
00000010
00000000
00000001
00001000
00000000
00000010
,  // measure 58
00000000
00000100
00000001
00000000
00000100
00001000
00010000
00000000
,  // measure 59
00000000
00000000
00100000
00000000
10000000
00010000
00000000
00100000
,  // measure 60
00000000
01000000
10000000
00000000
01000000
00010000
00001000
00000000
,  // measure 61
00000010
00000001
00001000
00000100
,  // measure 62
00000010
00000000
00000000
00000001
00000100
00001000
00010000
00000000
,  // measure 63
00100000
10000000
00010000
01000000
,  // measure 64
00100000
00000000
00000000
10000000
01000000
00010000
00001000
00000000
,  // measure 65
00000010
00000000
00000001
00000000
00001000
00000010
00000000
00000100
,  // measure 66
00000000
00000001
00000100
00000000
00001000
00000000
00010000
00000000
,  // measure 67
00100000
00000000
10000000
00000000
00010000
00100000
00000000
01000000
,  // measure 68
00000000
10000000
01000000
00000000
00010000
00000000
00001000
00000000
,  // measure 69
00000100
00000000
00000001
00000000
00001000
00000100
00000000
00000010
,  // measure 70
00000000
00000001
00000010
00000000
00001000
00000000
00010000
00000000
,  // measure 71
01000000
00000000
10000000
00000000
00010000
01000000
00000000
00100000
,  // measure 72
00000000
10000000
00100000
00000000
00010000
00000000
00001000
00000000
,  // measure 73
00000010
00000000
00000001
00000000
00001000
00000010
00000000
00000100
,  // measure 74
00000000
00000001
00000100
00000000
00001000
00000000
00010000
00000000
,  // measure 75
00100000
00000000
10000000
00000000
00010000
00100000
00000000
01000000
,  // measure 76
00000000
10000000
01000000
00000000
00010000
00000000
00001000
00000000
,  // measure 77
00000100
00000000
00000001
00000000
00001000
00000100
00000000
00000010
,  // measure 78
00000000
00000001
00000010
00000000
00001000
00000000
00010000
00000000
,  // measure 79
01000000
10000000
00010000
01000000
,  // measure 80
00100000
00000000
00000000
10000000
01000000
00010000
00000000
00000000
,  // measure 81
00000000
00001000
00000000
00000010
00000000
00000001
00000000
00001000
,  // measure 82
00000000
00000001
00000000
00000100
00000000
00001000
00000000
00010000
;
