#TITLE:별;
#SUBTITLE:;
#ARTIST:TEAM;
#TITLETRANSLIT:BYUL;
#SUBTITLETRANSLIT:;
#ARTISTTRANSLIT:;
#CREDIT:;
#BANNER:BYUL.png;
#BACKGROUND:BYUL-bg.png;
#LYRICSPATH:;
#CDTITLE:./CDTITLES/KOREAN DANCE MUSIC.png;
#MUSIC:BYUL.mp3;
#OFFSET:-0.066;
#SAMPLESTART:45.467;
#SAMPLELENGTH:15.000;
#SELECTABLE:YES;
#BPMS:0.000=105.030;
#STOPS:;
#BGCHANGES:;

//---------------dance-single - ----------------
#NOTES:
     dance-single:
     :
     Easy:
     1:
     0.174,0.188,0.000,0.000,0.000:
0000
0000
0000
0000
,
0000
0000
0000
0000
,
0000
0000
0000
0000
,
0000
0000
0000
0000
,
1000
1000
1000
1000
,
1000
1000
1000
1000
,
0001
0001
0001
0001
,
0001
0001
0001
0001
,
1000
1000
1000
1000
,
0001
0001
0001
0001
,
0100
0100
0100
0100
,
0010
0010
0010
0010
,
1000
0000
1000
0000
,
0001
0000
0001
0000
,
1000
0000
1000
0000
,
0001
0000
0001
0000
,
0100
0000
0100
0000
,
0010
0000
0010
0000
,
0100
0000
0100
0000
,
0010
0000
0000
0000
,
1000
1000
1000
1000
,
0001
0001
0001
0001
,
1000
1000
0001
0001
,
0100
0100
0100
0100
,
0001
1000
0001
1000
,
0001
1000
0001
1000
,
0100
0010
0100
0010
,
0100
0010
0100
0010
,
0001
1000
0001
1000
,
0001
1000
0001
1000
,
0100
0010
0001
1000
,
0100
0000
0000
0000
,
0001
0001
0001
0000
,
1000
1000
1000
0000
,
0001
0001
0001
0000
,
1000
1000
1000
0000
,
0100
0100
0100
0100
,
0010
0010
0010
0010
,
0100
0100
0100
0001
,
0010
0010
0010
1000
,
0100
0000
0000
0000
,
0010
0000
0000
0000
,
0100
0000
0000
0000
;

//---------------dance-single - ----------------
#NOTES:
     dance-single:
     :
     Medium:
     3:
     0.218,0.375,0.268,0.000,0.000:
0000
0000
0000
0000
,
0000
0000
0000
0000
,
0000
0000
0000
0000
,
0000
0000
0000
0000
,
1001
0100
0100
0100
,
0001
0001
0100
0100
,
1001
0100
0100
0100
,
1000
1000
0100
0100
,
1001
0100
0100
0100
,
0001
0001
0100
0100
,
1001
0100
0100
0100
,
1000
0100
1000
0100
,
0000
0010
0000
1001
,
0000
0010
0000
1001
,
0000
0100
0000
1001
,
0000
0100
0000
1001
,
0000
0010
0000
1001
,
0000
0100
0000
1001
,
0000
0010
0000
1001
,
0000
1001
0000
0000
,
0010
0010
0010
1001
,
0100
0100
0100
1001
,
0010
1001
0100
1001
,
0010
0100
0010
1001
,
0100
0001
0010
1000
,
0100
0001
0010
1000
,
0010
0100
0001
1000
,
0010
0100
0001
1000
,
0100
0010
0001
1000
,
0100
0010
0001
1000
,
0010
0001
1000
0100
,
0001
0000
0000
0000
,
0001
0010
0100
1000
,
1000
0010
0100
0001
,
0001
0010
0100
1000
,
1000
0010
0100
0001
,
1000
0100
0001
0100
,
1000
0010
0001
0010
,
1001
1001
1001
1001
,
0110
0110
0110
0110
,
1001
0000
0000
0000
,
1001
0000
0000
0000
,
0100
0000
0000
0000
;

//---------------dance-single - ----------------
#NOTES:
     dance-single:
     :
     Hard:
     6:
     0.311,0.500,0.228,0.000,0.000:
0000
0000
0000
0000
,
0000
0000
0000
0000
,
0000
0000
0000
0000
,
0000
0000
0000
0000
,
1001
0000
0000
0100
1000
0100
0010
0000
,
1001
0000
0000
0100
0001
0100
0010
0000
,
1001
0000
0000
0100
1000
0100
0010
0000
,
0001
0000
0100
0000
0010
1000
0100
0000
,
1001
0000
0000
0010
0100
0001
0010
0000
,
1001
0000
0000
0100
0010
0001
0100
0000
,
1001
0000
0000
0010
0100
0001
0010
0000
,
0100
0000
1000
0000
0001
0100
0001
0000
,
1000
1000
1000
0000
0100
0000
0100
0000
,
0010
0010
0010
0000
0001
0000
0001
0000
,
0100
0100
0100
0000
0010
0000
0010
0000
,
1000
1000
1000
0000
0001
0000
0001
0000
,
0010
0100
0010
0000
0001
0000
1000
0000
,
0100
0010
0100
0000
1000
0000
0001
0000
,
0100
0010
1000
0000
0001
0000
0001
0000
,
0001
0000
0000
0000
,
1001
0000
0010
0100
0010
0100
0001
0000
,
1001
0000
0100
0010
0100
0010
0001
0000
,
1001
0000
0100
0000
1001
0000
0010
0100
,
1000
0001
0100
0010
1000
0000
1001
0000
,
0100
0010
0100
0010
0000
1000
0001
0000
,
0100
0010
0100
0010
0000
1000
0001
0000
,
0010
0100
1000
0001
0000
0001
1000
0000
,
0010
0100
0001
1000
0000
1000
0001
0000
,
0001
1000
0010
0100
0000
0100
0010
0000
,
1000
0001
0100
0010
0000
0010
0100
0000
,
0001
1000
0100
0010
0000
0001
1000
0100
,
0010
0000
0000
0000
,
0001
0100
0001
1000
0000
1001
0000
0100
,
0010
0001
0100
0010
0000
1001
0000
0100
,
0010
0001
0010
0000
1000
0100
1000
0000
,
0001
0100
1000
0100
,
0001
0000
0100
0100
0000
0010
0010
0000
,
1000
0000
0100
0100
0000
0010
0010
0000
,
0001
0001
0001
0000
1000
1000
1000
0000
,
0110
0110
0110
0110
1001
1001
1001
1001
,
1001
0000
0000
0000
0000
0100
0000
0100
,
0100
0000
0010
0100
,
1001
0000
0000
0000
;

//---------------dance-double - ----------------
#NOTES:
     dance-double:
     :
     Easy:
     1:
     0.150,0.188,0.040,0.000,0.000:
00000000
00000000
00000000
00000000
,
00000000
00000000
00000000
00000000
,
00000000
00000000
00000000
00000000
,
00000000
00000000
00000000
00000000
,
00010000
00000000
00010000
00000000
,
00010000
00000000
00010000
00000000
,
00001000
00000000
00001000
00000000
,
00001000
00000000
00001000
00000000
,
00010000
00000000
00010000
00000000
,
00010000
00000000
00010000
00000000
,
00001000
00000000
00001000
00000000
,
00001000
00000000
00001000
00000000
,
00010000
00010000
00010000
00000000
,
00001000
00001000
00001000
00000000
,
00100000
00100000
00100000
00000000
,
00010000
00010000
00010000
00000000
,
10000000
10000000
10000000
00000000
,
01000000
01000000
01000000
00000000
,
00100000
00100000
00100000
00000000
,
00001000
00000000
00000000
00000000
,
00010000
00001000
00010000
00001000
,
00010000
00010000
00010000
00000000
,
00000100
00000010
00000100
00000010
,
00000100
00000100
00000100
00000000
,
00001000
00000000
00000100
00000000
,
00010000
00000000
00001000
00000000
,
00011000
00000000
00011000
00000000
,
01000000
00000000
00001000
00000000
,
00010000
00000000
00000010
00000000
,
00000100
00000000
00000110
00000000
,
00001000
00000000
00000100
00000000
,
00010000
00000000
00000000
00000000
,
00001000
00001000
00001000
00001000
,
00010000
00010000
00010000
00010000
,
00000100
00000100
00000100
00000100
,
00001000
00001000
00001000
00001000
,
00000010
00000010
00000010
00000010
,
00010000
00010000
00010000
00010000
,
00001000
00001000
00001000
00001000
,
00100000
00100000
00100000
00100000
,
00010000
00000000
00000000
00000000
,
10000000
00000000
00000000
00000000
,
10010000
00000000
00000000
00000000
;

//---------------dance-double - ----------------
#NOTES:
     dance-double:
     :
     Medium:
     4:
     0.231,0.375,0.338,0.000,0.000:
00000000
00000000
00000000
00000000
,
00000000
00000000
00000000
00000000
,
00000000
00000000
00000000
00000000
,
00000000
00000000
00000000
00000000
,
00010000
00001000
00011000
00000000
,
00001000
00010000
00011000
00000000
,
00000100
00000010
00001000
00000010
,
00010000
00000100
00000010
00000000
,
00000001
00001000
00000110
00000000
,
00010000
00001000
00011000
00000000
,
00100000
00010000
01000000
00001000
,
00010000
01000000
10000000
00000000
,
00100000
01100000
01100000
00000000
,
00010000
01010000
01010000
00000000
,
00001000
00011000
00011000
00000000
,
00000100
00001100
00001100
00000000
,
00000010
00000011
00000011
00000000
,
00000100
00001100
00001100
00000000
,
00010000
00011000
00011000
00011000
,
00011000
00000000
00000000
00000000
,
00100000
00100000
00010000
00010000
,
01000000
01000000
00001000
00001000
,
00010000
00000100
00000010
00000001
,
00000100
00000010
00010000
00001000
,
00100000
00010000
00100000
00010000
,
10000000
01000000
10000000
01000000
,
00100000
00001000
00100000
00001000
,
00010000
00000100
00010000
00000100
,
00001000
00000010
00001000
00000010
,
00000100
00000001
00000100
00000001
,
00001000
00000100
00001000
00000100
,
00010000
00000000
00000000
00000000
,
00011000
01000000
00100000
10000000
,
10010000
01000000
00001000
00010000
,
00010100
00000010
00000001
00000100
,
00000010
00001000
00000010
00001000
,
00000100
00010000
00001000
00100000
,
00010000
10000000
01000000
00100000
,
10010000
10010000
01001000
01001000
,
00101000
00101000
00101000
00101000
,
00010100
00000000
00000000
00000000
,
00011000
00000000
00000000
00000000
,
00011000
00000000
00000000
00000000
;

//---------------dance-double - ----------------
#NOTES:
     dance-double:
     :
     Hard:
     6:
     0.305,0.521,0.179,0.000,0.000:
00000000
00000000
00000000
00000000
,
00000000
00000000
00000000
00000000
,
00000000
00000000
00000000
00000000
,
00000000
00000000
00000000
00000000
,
10000000
00000000
10000000
00000000
10000000
00010000
00100000
00000000
,
00001000
00000000
00001000
00000000
00001000
00010000
00000100
00000000
,
00001000
00000000
00001000
00000000
00001000
00000001
00000010
00000000
,
00000001
00000000
00000001
00000000
00000001
00001000
00000100
00000000
,
00010000
00000000
00010000
00000000
00010000
00001000
00100000
00000000
,
00010000
00000000
00010000
00000000
00010000
10000000
01000000
00000000
,
10000000
00000000
10000000
00000000
10000000
00010000
00100000
00000000
,
00001000
00010000
00000100
00000000
00001000
00000001
00000010
00000000
,
00000000
00000100
00000100
00000000
00000000
00001000
00010000
00000000
,
00000000
00000010
00000010
00000000
00000000
00001000
00010000
00000000
,
00000000
00001000
00001000
00000000
00000000
00010000
00100000
00000000
,
00000000
00010000
00010000
00000000
00000000
10000000
00100000
00000000
,
00000000
00001000
00001000
00000000
00000000
00010000
00010000
00000000
,
00000000
00000100
00000010
00000000
00000000
00000001
00001000
00000000
,
00000000
00000100
00010000
00000000
00000000
00001000
00100000
00000000
,
00000000
00010000
00000100
00000000
00000000
00000000
00000000
00000000
,
00001000
00000001
00000010
00000100
00000010
00000000
00001001
00000000
,
00000100
00010000
00001000
00100000
00010000
00000000
00011000
00000000
,
00100000
00010000
01000000
00001000
00010000
00000100
00001000
00000000
,
00000001
00001000
00000010
00000100
00000010
00000000
00001001
00000000
,
00000100
00000100
00000100
00000000
00000010
00001000
00000010
00000000
,
00001000
00001000
00001000
00000000
00000100
00010000
00000100
00000000
,
00010000
00010000
00010000
00000000
00001000
00100000
00001000
00000000
,
00100000
00100000
00100000
00000000
00010000
10000000
00010000
00000000
,
10000000
10000000
10000000
00000000
01000000
00100000
01000000
00000000
,
00100000
00100000
00100000
00000000
00001000
00010000
00001000
00000000
,
00010000
00010000
00010000
00000000
00000100
00001000
00000100
00000000
,
00000010
00000001
00000010
00000000
00000000
00000000
00000000
00000000
,
00000100
00010000
00001000
00100000
00010000
00000000
10010000
00000000
,
01000000
00001000
00010000
00000010
00001000
00000000
00001001
00000000
,
00000100
00010000
00001000
00100000
00010000
00000000
10010000
00000000
,
01000000
00001000
00010000
00000010
00001000
00000000
00001001
00000000
,
00000100
00000010
00001000
00000000
00000100
00010000
00001000
00000000
,
00100000
00010000
10000000
00000000
01000000
00100000
00010000
00000000
,
01000000
00001000
00010000
00000010
00010000
00001000
01000000
00000000
,
00011000
00011000
00010010
00010010
00011000
00011000
01001000
01001000
,
00011000
00000000
00000000
00000000
,
00001001
00000000
00010000
00001000
,
10010000
00000000
00000000
00000000
;
