#TITLE:부담;
#SUBTITLE:;
#ARTIST:백지영;
#TITLETRANSLIT:BU DAM;
#SUBTITLETRANSLIT:;
#ARTISTTRANSLIT:BACK JI YOUNG;
#CREDIT:;
#BANNER:BU DAM.png;
#BACKGROUND:BU DAM-bg.png;
#LYRICSPATH:;
#CDTITLE:./CDTITLES/KOREAN DANCE MUSIC.png;
#MUSIC:BU DAM.mp3;
#OFFSET:-0.081;
#SAMPLESTART:19.336;
#SAMPLELENGTH:15.000;
#SELECTABLE:YES;
#BPMS:0.000=140.120;
#STOPS:;
#BGCHANGES:;

//---------------dance-single - ----------------
#NOTES:
     dance-single:
     :
     Easy:
     3:
     0.297,0.370,0.295,0.000,0.000:
0000
0000
0000
0000
,
0000
0000
0000
0000
,
0000
0000
0000
0000
,
0000
0000
0000
0000
,
1000
0001
0100
1001
,
0100
1001
0100
1001
,
0001
1000
0100
1001
,
0100
1001
0100
1001
,
1000
0100
0010
0001
,
1000
0010
0100
0001
,
0010
0010
0010
0010
,
1001
0000
0000
0000
,
1001
0100
1000
0100
,
0001
0010
0001
1000
,
0100
0010
0001
1000
,
0010
0100
0001
1000
,
0001
0000
1000
0000
,
0001
1000
0001
1000
,
0100
0100
0001
0100
,
1001
0000
0000
0000
,
0010
0000
1000
0000
,
0001
0000
0100
0000
,
1001
0100
1001
0100
,
0010
0010
0100
0100
,
1001
0100
1001
0100
,
1000
1000
0001
0001
,
1000
1000
0001
0001
,
0110
0000
0000
0000
,
1000
0100
0001
0100
,
1000
0100
0001
0100
,
1001
0100
0001
0100
,
1000
0100
0001
0100
,
1001
0100
0010
0001
,
0100
1000
0100
0001
,
1000
0100
0100
0100
,
0001
0000
0000
0000
,
1000
0100
0001
0100
,
1000
0100
0001
0100
,
1001
0000
0000
0000
,
1000
0100
0001
0100
,
1000
0000
0000
0000
,
0001
0000
0000
0000
,
0110
1001
0110
1001
,
0110
0000
0000
0000
,
0001
0100
1000
0100
,
0001
0100
1000
0100
,
1001
0100
1001
0100
,
1001
0100
1001
0100
,
0010
1000
0100
0001
,
0100
1000
0010
0001
,
0010
1000
0100
0001
,
0100
1000
0001
0100
,
1001
0000
0000
0000
;

//---------------dance-single - ----------------
#NOTES:
     dance-single:
     :
     Medium:
     4:
     0.313,0.370,0.131,0.000,0.000:
0000
0000
0000
0000
,
0000
0000
0000
0000
,
0000
0000
0000
0000
,
0000
0000
0000
0000
,
0010
0000
0010
0000
0001
0100
1000
0000
,
0100
0001
1000
1000
,
0010
0000
0010
0000
1000
0100
0001
0000
,
0100
1000
0001
0001
,
1000
1000
0001
0001
,
0010
1000
0100
0000
0010
0001
0100
0000
,
0010
1000
0001
0100
,
0010
0000
0000
0000
,
0010
1000
0001
0100
,
0010
1000
0001
0100
,
1000
0100
0010
0001
,
1000
0100
0010
0001
,
1000
0000
0001
0000
,
0010
1000
0100
0001
,
0100
1000
0010
1000
,
0001
0000
0000
0000
,
1000
0000
0001
0000
,
0010
1000
0100
0000
0010
0001
0100
0000
,
0001
0001
1000
0000
1000
1000
0001
0000
,
1000
1000
0001
0001
,
1000
0000
0001
0000
1000
0100
0001
0000
,
0100
0000
1000
0000
0001
0100
1000
0000
,
0001
0000
0001
0000
0010
0001
0100
0000
,
1001
0000
0000
0000
,
0010
1000
0001
0100
,
0010
1000
0001
0010
,
0001
1000
0100
0010
,
0001
1000
0010
1000
,
0001
0010
0001
1000
,
0001
0100
0010
1000
,
0001
0110
1001
0100
,
0010
0000
0000
0000
,
1001
0010
0100
1001
,
0010
1000
0100
1001
,
0010
0001
0100
1001
,
0010
1000
0100
1001
,
0010
1001
0100
1001
,
0010
1001
0100
1001
,
0010
0000
0010
0000
0010
0000
1000
0001
,
1000
0000
0000
0000
,
0010
1000
0001
0100
,
0010
1000
0001
0100
,
1000
0100
0010
0001
,
1000
0100
0010
0001
,
1000
0000
0001
0000
1000
0001
1000
0000
,
0010
1000
0100
0001
,
0100
1000
0010
1000
,
0001
0000
1000
0000
0001
0100
1000
0000
,
0100
0000
0000
0000
;

//---------------dance-single - ----------------
#NOTES:
     dance-single:
     :
     Hard:
     7:
     0.452,0.512,0.153,0.000,0.000:  // measure 1
0000
0000
0000
0000
,  // measure 2
0000
0000
0000
0000
,  // measure 3
0000
0000
0000
0000
,  // measure 4
0000
0000
0000
0000
,  // measure 5
0010
0000
0000
0000
0000
1000
0100
0001
,  // measure 6
0100
0000
0000
1000
,  // measure 7
0001
0000
0000
0000
0000
1000
0001
0100
,  // measure 8
0010
0000
0000
1000
,  // measure 9
0001
0000
1000
0100
0000
0000
0000
0000
,  // measure 10
1000
0000
0001
0100
0000
0000
0000
0000
,  // measure 11
0010
0000
0010
0000
1000
0001
0100
0010
,  // measure 12
1000
0000
0000
0000
,  // measure 13
1000
0100
0010
0001
1000
0100
0010
0001
,  // measure 14
0100
0010
1000
0001
0100
0010
1000
0001
,  // measure 15
0100
0001
1000
0010
0100
0001
1000
0010
,  // measure 16
1000
0100
0010
0001
1000
0100
0010
0001
,  // measure 17
1000
0100
0001
0000
1000
0100
0001
0000
,  // measure 18
1001
0100
0010
0000
0001
0100
1001
0000
,  // measure 19
1000
0100
0010
0001
0100
0001
1000
0010
,  // measure 20
0100
0000
0000
0000
,  // measure 21
1001
0000
0010
0000
1000
0100
0001
0000
,  // measure 22
1000
0100
0001
0000
1000
0100
0001
0000
,  // measure 23
1000
1000
0100
0000
0001
0001
0100
0000
,  // measure 24
1000
1000
0001
0001
1000
0001
0100
0000
,  // measure 25
0010
0000
0010
0000
1000
0001
0100
0000
,  // measure 26
0010
0000
0010
0000
0001
1000
0100
0000
,  // measure 27
1000
0000
0001
0000
1000
0001
0100
0000
,  // measure 28
0010
0000
0000
0000
,  // measure 29
1000
0100
0010
0001
1000
0100
0010
0001
,  // measure 30
0100
0010
1000
0001
0100
0010
1000
0001
,  // measure 31
0100
0001
1000
0010
0100
0001
1000
0010
,  // measure 32
1000
0100
0010
0001
1000
0100
0010
0001
,  // measure 33
1000
0100
0001
0000
1000
0100
0001
0000
,  // measure 34
1001
0100
0010
0000
0001
0100
1001
0000
,  // measure 35
1000
0100
0010
0001
0100
0001
1000
0010
,  // measure 36
0100
0000
0000
0000
,  // measure 37
0001
0100
0010
1000
0001
0100
0010
1000
,  // measure 38
0100
0010
0001
1000
0100
0010
0001
1000
,  // measure 39
0100
1000
0001
0010
0100
1000
0001
0010
,  // measure 40
0001
0100
0010
1000
0001
0100
0010
1000
,  // measure 41
0001
0100
1000
0000
0001
0100
1000
0000
,  // measure 42
1001
0100
0010
0000
1000
0100
1001
0000
,  // measure 43
0001
0100
0010
1000
0100
1000
0001
0010
,  // measure 44
0100
0000
0000
0000
,  // measure 45
1001
0100
1000
0100
0001
0100
1000
0000
,  // measure 46
1001
0100
0001
0100
1000
0100
0001
0000
,  // measure 47
1001
0100
0010
0001
0010
1000
0100
0000
,  // measure 48
1001
0100
0010
1000
0010
0001
0100
0000
,  // measure 49
0010
0000
0010
0000
1001
0100
1000
0000
,  // measure 50
0010
0000
0010
0000
1001
0100
0001
0000
,  // measure 51
1000
0000
1000
0001
0001
0000
0001
1000
,  // measure 52
0001
0000
0001
0100
1000
0000
1000
0100
,  // measure 53
1001
0000
0000
0000
;

//---------------dance-double - ----------------
#NOTES:
     dance-double:
     :
     Easy:
     3:
     0.269,0.284,0.044,0.000,0.000:
00000000
00000000
00000000
00000000
,
00000000
00000000
00000000
00000000
,
00000000
00000000
00000000
00000000
,
00000000
00000000
00000000
00000000
,
00011000
01000000
00010000
01000000
,
10000000
01000000
00010000
00001000
,
00010000
01000000
00010000
00001000
,
00000100
00001000
00000100
00000001
,
00001000
00000100
00001000
00000001
,
00000100
00001000
00010000
00001000
,
00001000
00010000
01000000
10000000
,
00100000
00000000
00000000
00000000
,
10000000
00010000
10000000
00010000
,
10000000
01000000
00010000
00001000
,
00010000
00001000
00010000
00001000
,
00000100
00000001
00001000
00000001
,
00001000
00000000
00000001
00000000
,
00001000
00000001
00001000
00000100
,
00010000
00001000
00010000
01000000
,
10000000
00000000
00000000
00000000
,
00010000
00000000
10000000
00000000
,
00010000
10000000
01000000
00010000
,
00001000
00010000
00001000
00000100
,
00001000
00010000
00001000
00010000
,
01000000
10000000
00010000
01000000
,
00001000
00000100
00000001
00001000
,
00000001
00000001
00001000
00001000
,
00011000
00000000
00000000
00000000
,
00011000
01000000
10000000
00010000
,
10000000
00010000
01000000
10000000
,
01000000
00010000
00100000
00010000
,
10000000
01000000
00010000
00001000
,
00000100
00000001
00001000
00000001
,
00000100
00001000
00000100
00000001
,
00001000
00000100
00000100
00000100
,
00010000
00000000
00000000
00000000
,
00001000
00010000
00001000
01000000
,
10000000
01000000
00010000
10000000
,
01000000
00010000
00001000
00000100
,
00000001
00001000
00000100
00010000
,
00001000
00000000
00000000
00000000
,
00010000
00000000
00000000
00000000
,
00001000
00010000
00001000
00000100
,
00000001
00000000
00000000
00000000
,
00010000
01000000
10000000
00010000
,
01000000
00100000
00010000
00001000
,
00000100
00000001
00000010
00001000
,
00010000
00100000
10000000
01000000
,
00010000
00001000
00000100
00000001
,
00001000
00000001
00001000
00000100
,
00010000
00001000
00010000
01000000
,
10000000
00100000
10000000
01000000
,
01100000
00000000
00000000
00000000
;

//---------------dance-double - ----------------
#NOTES:
     dance-double:
     :
     Medium:
     5:
     0.302,0.341,0.055,0.000,0.000:
00000000
00000000
00000000
00000000
,
00000000
00000000
00000000
00000000
,
00000000
00000000
00000000
00000000
,
00000000
00000000
00000000
00000000
,
00001001
00000000
00000000
00000000
00000000
00000000
00000001
00000100
,
00001000
00010000
01000000
10000000
00010000
00000000
00010000
00000000
,
01100000
00000000
00000000
00000000
00000000
00000000
10000000
01000000
,
00010000
00001000
00000100
00000001
00001000
00000000
00001000
00000000
,
00000001
00000000
00001000
00000001
00000000
00000000
00000000
00000000
,
00001000
00000000
00000100
00010000
00000000
00000000
00000000
00000000
,
00001000
00000000
00001000
00000000
00001000
00010000
00001000
00000100
,
00000001
00000000
00000000
00000000
,
10000000
01000000
00010000
00000000
00001000
00000100
00000001
00000000
,
00001000
00000000
00001000
00000000
00001000
00000001
00001000
00000000
,
00000001
00000100
00001000
00000000
00001000
00000100
00000001
00000000
,
00001000
00000000
00001000
00000000
00000001
00001000
00000001
00000000
,
00000100
00000000
00001000
00000000
,
00010000
00000000
00001000
00000000
00010000
01000000
10000000
00000000
,
00010000
00000000
10000000
00000000
00010000
01000000
10000000
00000000
,
01000000
00000000
00000000
00000000
,
00100000
00000000
10000000
00000000
,
00010000
10000000
01000000
00000000
00010000
00001000
00010000
00000000
,
00001000
00001000
00010000
00010000
,
00001000
00010000
00001000
00010000
,
00000100
00000100
00010000
00001000
,
01000000
01000000
00001000
00010000
,
00001000
00001000
00010000
00010000
,
10010000
00000000
00000000
00000000
,
10000000
00010000
10000000
00010000
,
10000000
00000000
00010000
00000000
10000000
00000000
00100000
00010000
,
00001000
00010000
00001000
00010000
,
00001000
00000100
00001000
00010000
,
01000000
00010000
00001000
00000100
,
00000001
00001000
00000100
00000001
,
00000100
00001000
00000010
00010000
,
00001000
00000000
00000000
00000000
,
00001000
00010000
00001000
01000000
,
00001000
00010000
00000100
00001000
,
00000001
00001000
00000001
00001000
,
00000100
00010000
01000000
00010000
,
00001000
00000100
00000001
00000010
,
00001000
00010000
01000000
10000000
,
00100000
00010000
00001000
00000010
,
00000001
00000000
00000000
00000000
,
00001000
00010000
00011000
00000100
,
00001000
00000000
00010000
00000000
00001000
00000000
00010000
01000000
,
10000000
00010000
10000000
00010000
,
00010000
00100000
00100000
00100000
,
00010000
10000000
00100000
00010000
,
00001000
00010000
00001000
00000100
,
00000001
00000010
00001000
00010000
,
00100000
10000000
00010000
01000000
,
10010000
00000000
00000000
00000000
;

//---------------dance-double - ----------------
#NOTES:
     dance-double:
     :
     Hard:
     8:
     0.455,0.484,0.044,0.000,0.000:
00000000
00000000
00000000
00000000
,
00000000
00000000
00000000
00000000
,
00000000
00000000
00000000
00000000
,
00000000
00000000
00000000
00000000
,
00010000
00000000
00001000
00000000
00010000
01000000
10000000
00010000
,
01000000
10000000
01000000
00010000
00100000
00001000
00010000
00000000
,
00001000
00000000
00010000
00000000
00001000
00000100
00000001
00001000
,
00000100
00000001
00000100
00001000
00000010
00010000
00001000
00000000
,
00010000
00100000
10000000
01000000
00010000
01000000
10000000
00000000
,
00100000
00010000
00001000
00000010
00001000
00010000
00100000
00000000
,
00010000
00001000
00000100
00001000
,
00000001
00000000
00000000
00000000
,
00000010
00001000
00000001
00001000
00000100
00000010
00000001
00001000
,
00000100
00001000
00100000
10000000
00010000
10000000
01000000
00010000
,
00001000
00010000
00001000
00000100
00000001
00001000
00000001
00001000
,
00000100
00000010
00000001
00001000
00000100
00001000
00000100
00000000
,
00010000
00001000
00010000
01000000
10000000
00010000
01000000
10000000
,
01000000
00010000
00100000
00010000
10000000
01000000
00010000
00001000
,
00010000
00000000
00001000
00000000
00001000
00000000
00010000
00001000
,
00000100
00000000
00000000
00000000
,
10010000
01000000
10000000
00000000
00010000
10000000
00010000
00000000
,
00100000
00010000
01000000
00000000
00100000
00010000
00001000
00000000
,
00010000
00001000
00000100
00000000
00000010
00001000
00000100
00000000
,
00000010
00000001
00000100
00000000
00001000
00000100
00000001
00000000
,
00001000
00000000
00001000
00000000
00000001
00000100
00001000
00000000
,
00010000
00000000
00010000
00000000
00001000
00010000
01000000
00000000
,
10000000
10000000
00010000
00010000
,
01100000
00000000
00000000
00000000
,
00100000
00010000
10000000
00010000
01000000
00100000
10000000
00010000
,
01000000
00010000
00000010
00000001
00001000
00000001
00000100
00001000
,
00010000
00001000
00010000
01000000
10000000
00010000
10000000
00010000
,
01000000
00100000
10000000
00010000
01000000
00010000
01000000
00000000
,
00001000
00010000
00001000
00000100
00000001
00001000
00000100
00000001
,
00000100
00001000
00000010
00001000
00000001
00000100
00001000
00010000
,
00001000
00000000
00010000
00000000
00010000
00000000
00001000
00010000
,
01000000
00000000
00000000
00000000
,
00010000
00000000
10000000
00000000
,
00010000
10000000
01000000
00010000
01000000
10000000
00010000
01000000
,
00100000
00000000
00000000
00000000
10000000
01000000
00010000
00001000
,
00000100
00000001
00001000
00000100
00001000
00000000
00001000
00000000
,
00000001
00001000
00000001
00000100
00000010
00000000
00000010
00000000
,
00001000
00000100
00010000
00001000
00010000
00000000
00010000
00000000
,
00001000
00001000
00010000
01000000
,
10010000
00000000
00000000
00000000
,
00000010
00001000
00000001
00001000
00000100
00000010
00000001
00001000
,
00000100
00001000
00100000
10000000
00010000
10000000
01000000
00010000
,
00001000
00010000
00001000
00000100
00000001
00001000
00000001
00001000
,
00000100
00000010
00000001
00001000
00000100
00001000
00000100
00000000
,
00010000
00001000
00010000
01000000
10000000
00010000
01000000
10000000
,
01000000
00010000
00100000
00010000
10000000
01000000
00010000
00001000
,
00010000
00000000
00001000
00000000
00001000
00000000
00010000
00001000
,
00000100
00000000
00001000
00000100
00000001
00000000
00000001
00000100
,
00011000
00000000
00000000
00000000
;
