#TITLE:아름다운21c;
#SUBTITLE:;
#ARTIST:2000 대한민국;
#TITLETRANSLIT:AROMDAON 21C;
#SUBTITLETRANSLIT:;
#ARTISTTRANSLIT:2000 DAIHANMINGUK;
#CREDIT:;
#BANNER:beautiful 21c.png;
#BACKGROUND:beautiful 21c-bg.png;
#LYRICSPATH:;
#CDTITLE:./CDTITLES/KOREAN DANCE MUSIC.png;
#MUSIC:beautiful 21c.mp3;
#OFFSET:-0.798;
#SAMPLESTART:54.124;
#SAMPLELENGTH:15.000;
#SELECTABLE:YES;
#BPMS:0.000=107.940;
#STOPS:;
#BGCHANGES:;

//---------------dance-single - ----------------
#NOTES:
     dance-single:
     :
     Easy:
     3:
     0.275,0.283,0.531,0.000,0.000:
0000
0000
0000
0000
,
0000
0000
0000
0000
,
0001
0001
1001
0000
,
0010
0010
1001
0000
,
1001
0000
1001
0000
,
1001
0000
0101
0101
,
1001
0100
0100
1001
,
0010
0010
1001
0100
,
0010
1000
0100
1001
,
0100
0100
0001
1001
,
1000
0001
0101
0000
,
0001
1000
1100
0000
,
1000
0001
1000
0100
,
0001
1000
0001
0100
,
1001
0010
0100
0000
,
1001
0010
0100
0000
,
0001
0001
1000
1000
,
0001
0100
1000
0100
,
0010
0100
1001
0000
,
1001
0100
0010
0000
,
0001
1000
0101
0000
,
0010
1000
0100
0000
,
1001
0000
1001
0000
,
1001
0000
0101
0101
,
1001
0100
0100
1001
,
0010
0010
1001
0100
,
0010
1000
0100
1001
,
0100
0100
0001
1001
,
1000
0001
0101
0000
,
0001
1000
1100
0000
,
1001
0100
0001
0001
,
1000
0100
1001
0000
,
0100
1001
0010
0000
,
1001
0100
1001
0000
,
0010
0010
0100
0100
,
1001
0001
0101
0000
,
1001
1000
1100
0100
,
1001
0010
0110
0001
,
1000
0100
1001
0101
,
1001
0000
1001
0000
,
1001
1000
0100
0000
,
0110
0000
1001
0000
,
1001
0001
0100
0000
,
1001
1001
1001
0000
;

//---------------dance-single - ----------------
#NOTES:
     dance-single:
     :
     Medium:
     5:
     0.376,0.329,0.731,0.000,0.000:
0000
0000
0000
0000
,
0000
0000
0000
0000
,
1001
1001
1001
0100
,
0010
0100
0000
1001
1001
0000
0000
0000
,
0100
1001
0100
1001
,
0100
1001
0100
1001
,
1001
1001
1001
0100
,
0010
0100
0000
1001
1001
0000
0000
0000
,
1001
1001
1001
0100
,
0010
0100
0000
1001
1001
0000
0000
0000
,
1001
0000
0100
0010
0100
0010
0000
0000
,
1001
0000
0010
0100
0010
0100
0000
0000
,
1001
0000
0100
0010
0100
0010
0000
0000
,
1001
0000
0010
0100
0010
0100
0000
0000
,
0010
0100
0001
1000
0000
1001
0000
0000
,
0100
0010
0001
1000
0000
1001
0000
0000
,
0010
0100
0001
1000
0000
1001
0000
0000
,
0100
0010
0001
1000
0000
1001
0000
0000
,
1001
0000
0100
0010
0100
0010
0000
0000
,
0100
0010
0001
1000
0000
1001
0000
0000
,
1001
0000
0010
0100
0010
0100
0000
0000
,
0010
0100
0001
1000
0000
1001
0000
0000
,
1001
0100
1001
0010
,
1001
0100
1001
0010
,
1001
1001
1001
0100
,
0010
0100
0000
1001
1001
0000
0000
0000
,
1001
1001
1001
0100
,
0010
0100
0000
1001
1001
0000
0000
0000
,
1001
0000
0100
0010
0001
1000
0000
0000
,
0010
0100
0001
1000
0000
1001
0000
0000
,
0110
0000
1000
0001
0100
0010
0000
0000
,
1000
0001
0010
0100
0000
0110
0000
0000
,
1001
0000
0100
0010
1000
0001
0000
0000
,
0010
0100
1000
0001
0000
0110
0000
0000
,
1001
0000
0100
0010
0001
1000
0000
0000
,
0010
0100
0001
1000
0000
0110
0000
0000
,
1001
1001
1001
0100
,
0010
0100
0000
1001
1001
0000
0000
0000
,
1001
1001
1001
0100
,
0010
0100
0000
1001
1001
0000
0000
0000
,
1001
0110
1001
0100
,
0010
0100
0000
1001
1001
0000
0000
0000
,
1001
0110
1001
0100
,
0010
0100
0010
0100
0000
1001
1001
0000
;

//---------------dance-single - ----------------
#NOTES:
     dance-single:
     :
     Hard:
     7:
     0.399,0.370,0.831,0.000,0.220:
0000
0000
0000
0000
,
0000
0000
0000
0000
,
0010
0100
0000
1001
0000
1001
0000
1001
,
0100
0010
0001
0101
0101
0000
0000
0000
,
1000
0100
0010
0001
0100
0010
1000
0000
,
0100
0010
0001
1000
0000
1001
1001
0000
,
0010
0000
1001
0000
0000
0000
1001
1001
,
0100
0000
1001
0000
0000
0000
1001
1001
,
0010
0000
1001
0000
0000
0000
1001
1001
,
0100
0000
1001
0000
0000
0000
1001
1001
,
0010
0000
0000
0100
0000
0010
0000
0100
0000
0010
0000
0000
0000
0000
0000
0000
,
0010
0000
0000
0001
0000
0100
0000
0000
0000
0000
0000
0000
0000
0000
0000
0000
,
0010
0000
0000
0100
0000
0010
0000
0100
0000
0010
0000
0000
0000
0000
0000
0000
,
0010
0000
0000
1000
0000
0100
0000
0000
0000
0000
0000
0000
0000
0000
0000
0000
,
0010
0100
0000
0010
0000
0001
0000
0010
0000
0001
0000
0000
0000
0000
0000
0000
,
0100
0010
0000
1000
0000
0010
0000
0000
0000
0000
0000
0000
0000
0000
0000
0000
,
0010
0100
0000
0010
0000
1000
0000
0010
0000
1000
0000
0000
0000
0000
0000
0000
,
0100
0010
0000
0001
0000
0010
0000
0000
0000
0000
0000
0000
0000
0000
0000
0000
,
0010
0100
0000
1000
0000
0001
0000
0110
0000
0110
0000
0000
0000
0000
0000
0000
,
0001
1000
0000
0001
0000
0100
0000
0000
0000
0000
0000
0000
0000
0000
0000
0000
,
0010
0100
0000
0001
0000
1000
0000
0110
0000
0110
0000
0000
0000
0000
0000
0000
,
0001
1000
0000
0100
0000
0010
0000
0000
0000
0000
0000
0000
0000
0000
0000
0000
,
0010
0001
0100
0010
1000
0100
0010
0000
,
0001
1000
0100
0010
0000
1001
1001
0000
,
0010
0000
1001
0000
0000
0000
0110
1001
,
0100
0000
1001
0000
0000
0000
0110
1001
,
0010
0000
1001
0000
0000
0000
0110
1001
,
0100
0000
1001
0000
0000
0000
1001
1001
,
0100
0000
0010
0000
1001
1001
0000
0110
,
1001
0110
0000
0000
0000
0000
0000
1000
,
0100
0010
0000
1001
0000
1001
0000
1001
,
0100
0010
1000
1100
1100
0000
0000
0000
,
0011
0000
0011
0000
0101
0101
0000
1001
,
1100
1001
0000
0000
0000
0000
0000
0100
,
0010
1000
0000
0101
0000
0101
0000
0101
,
0010
1000
0100
0110
0110
0000
0000
0000
,
1001
0000
0110
0000
1100
0101
0000
1001
,
0110
1001
0000
0000
0000
0000
0000
0100
,
0010
0001
0000
1100
0000
0101
0000
1100
,
0010
0001
0100
0110
1001
0000
0000
0000
,
0110
0000
1001
0000
0110
1001
0000
1100
,
0101
1100
0000
0000
0000
0000
0000
0010
,
0100
0001
0000
1010
0000
0101
0000
1010
,
0100
0010
0001
0101
1100
0000
0000
0000
;

//---------------dance-double - ----------------
#NOTES:
     dance-double:
     :
     Easy:
     3:
     0.286,0.305,0.811,0.000,0.000:
00000000
00000000
00000000
00000000
,
00000000
00000000
00000000
00000000
,
10010000
00000000
01000000
00100000
,
00011000
00011000
00000100
00000010
,
00001001
00000000
00011000
00000000
,
00011000
00000000
10010000
00000000
,
10010000
10010000
00100000
01000000
,
01010000
01010000
00011000
00000000
,
00011000
00011000
00000100
00001000
,
00001001
00001001
00000101
00000000
,
00000011
00000000
00001010
00000000
,
00001100
00000000
00011000
00000000
,
01010000
00000000
00110000
00000000
,
10100000
00000000
11000000
00000000
,
10100000
00000000
11000000
00000000
,
00110000
00000000
11000000
00000000
,
10010000
00000000
00011000
00000000
,
00001001
00000000
00000110
00000000
,
00001000
00000100
00011000
00000000
,
00100000
00010000
10010000
00000000
,
00010000
01000000
00011000
00000000
,
00000010
00001000
00001001
00000000
,
00001100
00000000
00011000
00000000
,
00110000
00000000
10010000
00000000
,
01000000
00100000
01010000
00000000
,
00011000
00011000
00001010
00000000
,
00001100
00001010
00001100
00000000
,
00011000
00110000
01100000
00000000
,
00010000
00100000
00001000
00011000
,
00000000
00000000
00011000
00011000
,
00000100
00001000
00000010
00001001
,
00000000
00000000
00001100
00001100
,
00010000
00001000
00100000
01100000
,
00000000
00000000
01100000
01100000
,
00010000
01000000
00001000
00011000
,
00000000
00000000
00011000
00011000
,
00001001
00000000
00000110
00001001
,
00000100
00010000
00011000
00011000
,
00110000
00000000
10010000
11000000
,
00010000
00100000
00011000
00000000
,
00001001
00000000
00000110
00001001
,
00000100
00010000
00011000
00011000
,
01010000
00000000
10100000
01010000
,
00100000
00001000
00011000
00000000
;

//---------------dance-double - ----------------
#NOTES:
     dance-double:
     :
     Medium:
     6:
     0.378,0.350,1.000,0.000,0.000:
00000000
00000000
00000000
00000000
,
00000000
00000000
00000000
00000000
,
11000000
00110000
00011000
00000000
,
00000010
00001000
00000001
00000010
00000000
00000000
00001100
00000000
,
00011000
00100000
00011000
01000000
,
00011000
00000010
00011000
00000100
,
00011000
00110000
11000000
00000000
,
00010000
01000000
00100000
10000000
00000000
00000000
01010000
00000000
,
00011000
00001100
00000011
00000000
,
00001000
00000100
00000010
00000001
00000000
00000000
00001100
00000000
,
00011000
00000000
00000000
00101000
00000000
00101000
00000000
00000000
,
00011000
00000000
00000000
00010010
00000000
00010010
00000000
00000000
,
00011000
00000000
00000000
01001000
00000000
01001000
00000000
00000000
,
00011000
00000000
00000000
00010100
00000000
00010100
00000000
00000000
,
00011000
00000000
00000000
00110000
00000000
00101000
00000000
00000000
,
00011000
00000000
00000000
00001010
00000000
00010010
00000000
00000000
,
00011000
00000000
00000000
01010000
00000000
01001000
00000000
00000000
,
00011000
00000000
00000000
00001100
00000000
00010100
00000000
00000000
,
00011000
00000000
00000000
00101000
00000000
00011000
00000100
00000000
,
00011000
00000000
00000000
00010100
00000000
00011000
00100000
00000000
,
00011000
00000000
00000000
01001000
00000000
00011000
00000010
00000000
,
00011000
00000000
00000000
00010010
00000000
00011000
01000000
00000000
,
00011000
00000010
00011000
01000000
,
00011000
00000100
00011000
00100000
,
00110000
11000000
01010000
00000000
,
00001000
00010000
00000010
00001000
00000000
00000000
00000101
00000000
,
00001100
00011000
00110000
00000000
,
10000000
01000000
00100000
00010000
00000000
00000000
11000000
00000000
,
00110000
00011000
00001100
00000000
,
00000011
00001001
00000011
00001001
,
00001100
00011000
00110000
00000000
,
10010000
11000000
10010000
11000000
,
00110000
00011000
00001010
00000000
,
00000101
00001001
00000101
00001001
,
00001010
00011000
00110000
00000000
,
11000000
10010000
11000000
10010000
,
01010000
00011000
00001100
00000000
,
00000010
00000001
00000100
00000010
00000000
00000000
00001001
00000000
,
00001100
00011000
01010000
00000000
,
00100000
10000000
01000000
00100000
00000000
00000000
10010000
00000000
,
00011000
00110000
00001010
00000000
,
00000100
00000001
00000010
00000100
00000000
00000000
00001001
00000000
,
00011000
00001100
01010000
00000000
,
00100000
10000000
01000000
00100000
00000000
00000000
10010000
00000000
;

//---------------dance-double - ----------------
#NOTES:
     dance-double:
     :
     Hard:
     7:
     0.413,0.394,0.871,0.000,0.000:
00000000
00000000
00000000
00000000
,
00000000
00000000
00000000
00000000
,
00100000
00001000
00010000
00000000
10010000
00000000
00000000
00000000
,
01000000
00100000
10000000
00010000
01010000
00000000
00000000
00000000
,
00001000
00010000
00000100
00000000
00001000
00000001
00000100
00000000
,
00000010
00001000
00000100
00000000
00010000
00001000
00100000
00000000
,
00010000
01000000
00001000
00000000
00011000
00000000
00000000
00000000
,
00000100
00000010
00000001
00001000
00001010
00000000
00000000
00000000
,
00010000
00001000
01000000
00000000
10010000
00000000
00000000
00000000
,
00001000
00010000
00000010
00001000
00001001
00000000
00000000
00000000
,
00011000
00000000
00101000
00101000
00010100
00010100
00000000
00000000
,
00101000
00000000
11000000
11000000
00000000
00000000
00000000
00000000
,
00011000
00000000
00010100
00010100
00101000
00101000
00000000
00000000
,
00010100
00000000
00000011
00000011
00000000
00000000
00000000
00000000
,
00001001
00000000
00001100
00000101
00001100
00000101
00000000
00000000
,
00011000
00000000
00110000
01010000
00000000
00000000
00000000
00000000
,
00011000
00000000
00001010
00000101
00000011
00001100
00000000
00000000
,
00011000
00000000
00110000
11000000
00000000
00000000
00000000
00000000
,
10010000
00000000
00110000
00101000
00011000
00010100
00000000
00000000
,
00001100
00000000
00010100
00101000
00000000
00000000
00000000
00000000
,
10010000
00000000
00110000
00101000
00011000
00010100
00000000
00000000
,
00001100
00000000
00000011
00010100
00000000
00000000
00000000
00000000
,
00000010
00000001
00001100
00000000
00010000
00001000
00110000
00000000
,
10000000
00100000
01010000
00000000
00001000
00100000
00010100
00000000
,
00001000
00000001
00000100
00000000
00001100
00000000
00000000
00000000
,
00000010
00010000
00001000
00100000
01010000
00000000
00000000
00000000
,
00100000
10000000
01000000
00000000
01010000
00000000
00000000
00000000
,
00001000
00010000
00000100
00000010
00001001
00000000
00000000
00000000
,
00010000
00000100
00000001
00000100
00001000
00000000
00010100
00000000
,
00001000
00100000
00010000
10000000
00000000
01100000
01100000
00000000
,
00001000
00010000
00000010
00001000
00000001
00000000
00000110
00000000
,
00010000
00001000
00100000
00010000
00000000
11000000
11000000
00000000
,
00010000
01000000
00001000
00100000
00010000
00000000
00011000
00000000
,
00000100
00001000
00000001
00000100
00000000
00001100
00010010
00000000
,
00001000
00100000
01000000
10000000
00010000
00000000
01100000
00000000
,
00010000
10000000
01000000
00100000
00000000
00011000
00001001
00000000
,
00000010
00000100
00001000
00000000
00010010
00000000
00000000
00000000
,
00001000
00100000
00010000
10000000
01100000
00000000
00000000
00000000
,
00010000
00100000
00001000
00000000
00010100
00000000
00000000
00000000
,
00001000
00000010
00000100
00000001
00001100
00000000
00000000
00000000
,
00010000
00001000
00110000
00000000
11000000
00000000
00000000
00000000
,
00100000
01000000
00001000
00010100
00001001
00000000
00000000
00000000
,
00000010
00000100
00001001
00000000
00011000
00000000
00000000
00000000
,
00100000
00010000
10000000
01100000
10010000
00000000
00011000
00000000
;
